# Created at Tue Mar 14 18:17:04 MST 2023
1678843025264 -0.109651 -0.031450 0.003061 0.519526 0.227243 0.517162 -0.641090
1678843025293 -0.119864 -0.030296 -0.003566 0.514436 0.228388 0.517758 -0.644299
1678843025335 -0.130134 -0.027834 -0.011004 0.511228 0.227893 0.519893 -0.645307
1678843025383 -0.140638 -0.026442 -0.018838 0.508857 0.230139 0.520255 -0.646092
1678843025405 -0.150582 -0.024683 -0.026461 0.503566 0.233808 0.520849 -0.648438
1678843025450 -0.157398 -0.023016 -0.035567 0.499395 0.234949 0.523786 -0.648885
1678843025487 -0.166241 -0.023016 -0.044278 0.496378 0.236950 0.525501 -0.649085
1678843025542 -0.182807 -0.021282 -0.060945 0.489090 0.241803 0.530527 -0.648739
1678843025605 -0.190582 -0.020825 -0.069433 0.486358 0.242643 0.533621 -0.647942
1678843025650 -0.203897 -0.021773 -0.087422 0.485385 0.249712 0.537699 -0.642592
1678843025717 -0.212318 -0.022835 -0.097248 0.485435 0.253261 0.541244 -0.638175
1678843025738 -0.222956 -0.030161 -0.119178 0.490763 0.266996 0.541057 -0.628588
1678843025823 -0.236406 -0.034991 -0.143921 0.488911 0.276178 0.538877 -0.627936
1678843025880 -0.247343 -0.042101 -0.174029 0.488851 0.283436 0.539297 -0.624377
1678843025928 -0.251347 -0.048528 -0.191613 0.490090 0.286999 0.540854 -0.620419
1678843025972 -0.260594 -0.058994 -0.233335 0.492330 0.289598 0.547598 -0.611458
1678843026035 -0.266346 -0.069475 -0.281922 0.498039 0.291379 0.551732 -0.602202
1678843026098 -0.270168 -0.072706 -0.309639 0.503620 0.292123 0.551668 -0.597238
1678843026129 -0.278472 -0.070518 -0.365697 0.509756 0.289806 0.548688 -0.595905
1678843026208 -0.282239 -0.066300 -0.394159 0.511621 0.287745 0.547011 -0.596847
1678843026230 -0.287306 -0.059278 -0.451886 0.511337 0.286792 0.553002 -0.592008
1678843026278 -0.288642 -0.056042 -0.480978 0.507265 0.286392 0.556992 -0.591964
1678843026322 -0.288803 -0.054738 -0.509452 0.507398 0.287421 0.557054 -0.591293
1678843026384 -0.291434 -0.054424 -0.569810 0.511934 0.296816 0.544031 -0.594857
1678843026430 -0.291386 -0.051952 -0.626578 0.508154 0.299429 0.539819 -0.600598
1678843026475 -0.290526 -0.048316 -0.653093 0.497824 0.300302 0.541804 -0.606991
1678843026526 -0.288882 -0.046576 -0.678456 0.489438 0.298560 0.545678 -0.611186
1678843026581 -0.287197 -0.048656 -0.734398 0.477843 0.305115 0.550498 -0.612799
1678843026634 -0.289042 -0.054335 -0.795605 0.466492 0.311962 0.558272 -0.611062
1678843026688 -0.289726 -0.057159 -0.827402 0.460860 0.318339 0.561399 -0.609180
1678843026729 -0.292048 -0.060910 -0.894574 0.446602 0.325100 0.573353 -0.605080
1678843026771 -0.294021 -0.060596 -0.928899 0.437893 0.327676 0.579251 -0.604439
1678843026813 -0.295497 -0.060384 -0.964590 0.431631 0.331975 0.584444 -0.601591
1678843026883 -0.295790 -0.057014 -1.036370 0.427979 0.342994 0.595174 -0.587330
1678843026927 -0.293703 -0.050081 -1.070846 0.416136 0.344207 0.603496 -0.586639
1678843026979 -0.281867 -0.048889 -1.137787 0.411378 0.356639 0.623313 -0.561300
1678843027042 -0.260211 -0.045892 -1.190451 0.388873 0.361843 0.649168 -0.544453
1678843027078 -0.247072 -0.046649 -1.218576 0.377326 0.366714 0.660136 -0.536065
1678843027116 -0.232352 -0.045866 -1.249166 0.369128 0.373833 0.666355 -0.529117
1678843027174 -0.196944 -0.053493 -1.306019 0.355984 0.380551 0.679515 -0.516445
1678843027240 -0.155137 -0.060024 -1.377444 0.344198 0.384036 0.687847 -0.510793
1678843027277 -0.131997 -0.062403 -1.407107 0.341900 0.385714 0.688208 -0.510587
1678843027367 -0.057681 -0.058966 -1.497522 0.333666 0.393294 0.683637 -0.516360
1678843027410 -0.032082 -0.054597 -1.526755 0.335175 0.398290 0.679388 -0.517161
1678843027437 -0.006712 -0.049469 -1.553033 0.330440 0.406876 0.674465 -0.519960
1678843027504 0.045757 -0.041941 -1.603522 0.315994 0.412440 0.679320 -0.518233
1678843027550 0.072431 -0.046668 -1.630407 0.316751 0.418957 0.679586 -0.512159
1678843027582 0.098572 -0.045546 -1.655243 0.315298 0.427233 0.677998 -0.508309
1678843027638 0.149683 -0.041033 -1.702526 0.300472 0.427979 0.681637 -0.511782
1678843027703 0.174340 -0.039184 -1.725974 0.292391 0.429665 0.680772 -0.516183
1678843027739 0.224795 -0.039046 -1.776206 0.279872 0.434142 0.678862 -0.521861
1678843027804 0.276821 -0.047975 -1.826026 0.269740 0.444278 0.677678 -0.520201
1678843027841 0.304043 -0.053057 -1.853271 0.264794 0.450372 0.678728 -0.516118
1678843027897 0.357117 -0.059502 -1.909571 0.253074 0.464949 0.676443 -0.512057
1678843027936 0.383590 -0.060309 -1.940617 0.257714 0.470750 0.675068 -0.506222
1678843027981 0.408009 -0.058624 -1.969083 0.256132 0.476085 0.674494 -0.502790
1678843028043 0.454670 -0.050641 -2.026486 0.242306 0.468123 0.685694 -0.501968
1678843028118 0.492114 -0.051566 -2.075478 0.248985 0.471580 0.693263 -0.484774
1678843028149 0.511347 -0.047736 -2.102741 0.243218 0.467922 0.698093 -0.484315
1678843028191 0.530020 -0.045206 -2.129636 0.237689 0.458980 0.706078 -0.484041
1678843028247 0.568641 -0.043448 -2.187735 0.239865 0.447109 0.713765 -0.482803
1678843028311 0.606316 -0.053505 -2.247135 0.255887 0.434310 0.713875 -0.486085
1678843028342 0.622291 -0.057225 -2.275569 0.262993 0.428046 0.710063 -0.493379
1678843028407 0.637237 -0.061015 -2.303749 0.272236 0.419844 0.705338 -0.502112
1678843028444 0.662162 -0.064681 -2.356107 0.295873 0.413911 0.684560 -0.522029
1678843028498 0.683813 -0.070868 -2.409521 0.346250 0.404170 0.658113 -0.532583
1678843028550 0.694904 -0.066536 -2.434477 0.349189 0.400738 0.647397 -0.546217
1678843028610 0.708613 -0.064727 -2.478621 0.368104 0.387669 0.636757 -0.555655
1678843028641 0.716054 -0.065149 -2.504332 0.379798 0.388849 0.625451 -0.559785
1678843028697 0.717024 -0.066302 -2.549259 0.395323 0.369315 0.616247 -0.572334
1678843028752 0.721280 -0.063969 -2.581290 0.404845 0.360793 0.608108 -0.579770
1678843028796 0.715624 -0.067147 -2.605479 0.414399 0.352461 0.598116 -0.588475
1678843028842 0.702991 -0.075409 -2.660858 0.434113 0.333380 0.583903 -0.599550
1678843028902 0.682003 -0.086403 -2.712045 0.449856 0.319767 0.570606 -0.608102
1678843028946 0.666071 -0.091364 -2.735135 0.454816 0.313733 0.562385 -0.615172
1678843029014 0.650945 -0.094721 -2.762799 0.465196 0.304663 0.553127 -0.620341
1678843029081 0.602841 -0.097113 -2.838372 0.498921 0.277597 0.524337 -0.631734
1678843029105 0.585508 -0.095767 -2.861556 0.504239 0.263811 0.524091 -0.633621
1678843029139 0.564088 -0.096822 -2.881506 0.518640 0.252843 0.521329 -0.628728
1678843029213 0.525506 -0.096495 -2.924301 0.544796 0.236963 0.502610 -0.628036
1678843029251 0.506672 -0.093069 -2.942112 0.550777 0.223467 0.500368 -0.629555
1678843029317 0.472972 -0.091884 -2.980642 0.564932 0.205581 0.488232 -0.632628
1678843029353 0.458079 -0.094583 -2.994533 0.573099 0.196087 0.481303 -0.633605
1678843029405 0.425905 -0.094238 -3.031111 0.577395 0.175450 0.471042 -0.643391
1678843029463 0.390809 -0.100232 -3.066331 0.594415 0.155599 0.453215 -0.645798
1678843029506 0.371795 -0.103737 -3.084168 0.605087 0.146888 0.440437 -0.646768
1678843029550 0.349257 -0.103183 -3.105624 0.614632 0.136240 0.428102 -0.648378
1678843029603 0.309608 -0.101837 -3.137935 0.638584 0.115881 0.398290 -0.648188
1678843029638 0.290883 -0.096963 -3.152175 0.640968 0.103737 0.390552 -0.652585
1678843029688 0.268717 -0.093081 -3.169628 0.643004 0.087160 0.388160 -0.654432
1678843029760 0.205922 -0.098167 -3.215095 0.671677 0.069360 0.349010 -0.649793
1678843029827 0.194562 -0.105779 -3.221946 0.680192 0.061141 0.337624 -0.647773
1678843029843 0.174829 -0.105244 -3.236447 0.683235 0.053759 0.330135 -0.649084
1678843029903 0.133914 -0.104956 -3.263011 0.685893 0.037863 0.326218 -0.649384
1678843029937 0.110857 -0.107064 -3.278521 0.689156 0.030648 0.323747 -0.647544
1678843029995 0.084398 -0.105121 -3.293855 0.691103 0.027038 0.318979 -0.647995
1678843030044 0.032649 -0.112254 -3.329486 0.693336 0.020923 0.316683 -0.646962
1678843030091 0.005400 -0.113534 -3.346514 0.693626 0.021511 0.314933 -0.647485
1678843030136 -0.047470 -0.114379 -3.387254 0.685882 0.023864 0.319864 -0.653210
1678843030185 -0.073720 -0.116976 -3.407135 0.682230 0.025743 0.325339 -0.654259
1678843030236 -0.127905 -0.117248 -3.452487 0.682919 0.040512 0.327137 -0.651890
1678843030284 -0.150739 -0.112830 -3.474328 0.677645 0.045269 0.337289 -0.651908
1678843030332 -0.174534 -0.111494 -3.498653 0.678472 0.048968 0.349725 -0.644182
1678843030379 -0.221260 -0.110256 -3.546780 0.682347 0.063450 0.358802 -0.633749
1678843030431 -0.262596 -0.104584 -3.596193 0.675440 0.067102 0.380043 -0.628367
1678843030479 -0.283401 -0.105087 -3.621855 0.673563 0.072641 0.383051 -0.627940
1678843030532 -0.304185 -0.106432 -3.648066 0.671204 0.075958 0.385223 -0.628744
1678843030578 -0.344051 -0.110834 -3.700377 0.670806 0.078978 0.388835 -0.626569
1678843030632 -0.382160 -0.114084 -3.752504 0.667209 0.078825 0.390359 -0.629475
1678843030673 -0.397311 -0.115204 -3.772763 0.666046 0.077657 0.388854 -0.631779
1678843030733 -0.416323 -0.113361 -3.795896 0.659945 0.073383 0.387860 -0.639259
1678843030758 -0.459267 -0.112543 -3.838832 0.664231 0.058410 0.370636 -0.646540
1678843030813 -0.484540 -0.112240 -3.858224 0.669650 0.054389 0.346221 -0.654783
1678843030864 -0.538019 -0.108848 -3.899195 0.672738 0.042849 0.315738 -0.667755
1678843030915 -0.561462 -0.107067 -3.914073 0.678174 0.037876 0.304856 -0.667614
1678843030960 -0.609135 -0.103113 -3.936911 0.681777 0.017575 0.290393 -0.671225
1678843031041 -0.635532 -0.101639 -3.944748 0.685313 0.003096 0.281937 -0.671452
1678843031069 -0.691456 -0.102107 -3.955809 0.688190 -0.022157 0.257596 -0.677899
1678843031120 -0.721262 -0.105824 -3.960117 0.690490 -0.034759 0.249004 -0.678242
1678843031171 -0.781294 -0.115810 -3.962041 0.695981 -0.053415 0.227710 -0.678900
1678843031234 -0.813890 -0.120543 -3.963271 0.699449 -0.062934 0.217745 -0.677789
1678843031275 -0.877249 -0.123103 -3.961069 0.700068 -0.081746 0.199707 -0.680691
1678843031333 -0.911081 -0.122707 -3.958664 0.708423 -0.094160 0.190114 -0.673147
1678843031382 -0.944372 -0.122578 -3.953801 0.718620 -0.104024 0.178104 -0.664111
1678843031438 -1.037210 -0.114460 -3.940459 0.727255 -0.124291 0.169476 -0.653399
1678843031474 -1.068694 -0.116538 -3.932873 0.735277 -0.124564 0.153723 -0.648244
1678843031512 -1.098850 -0.117729 -3.923499 0.738874 -0.126477 0.136249 -0.647692
1678843031566 -1.153108 -0.115288 -3.902820 0.743919 -0.147009 0.119651 -0.640825
1678843031632 -1.206748 -0.117439 -3.878451 0.748697 -0.169586 0.095303 -0.633728
1678843031676 -1.232903 -0.121578 -3.864877 0.753313 -0.180460 0.081578 -0.627135
1678843031735 -1.259366 -0.125649 -3.851385 0.757048 -0.190884 0.067996 -0.621143
1678843031770 -1.309829 -0.132436 -3.820912 0.762489 -0.212812 0.037078 -0.609874
1678843031839 -1.362881 -0.137023 -3.790341 0.766603 -0.231446 -0.001407 -0.598957
1678843031873 -1.389155 -0.138267 -3.776214 0.766231 -0.243691 -0.015160 -0.594370
1678843031919 -1.414750 -0.139485 -3.761491 0.767968 -0.253653 -0.036693 -0.586974
1678843031973 -1.459499 -0.138677 -3.729392 0.759323 -0.272457 -0.086945 -0.584497
1678843032018 -1.480568 -0.131443 -3.714488 0.756690 -0.290043 -0.096116 -0.577976
1678843032060 -1.519158 -0.118298 -3.681859 0.749567 -0.315510 -0.129709 -0.567254
1678843032116 -1.536759 -0.113937 -3.664216 0.743289 -0.327424 -0.149369 -0.563919
1678843032166 -1.567266 -0.103247 -3.630002 0.735910 -0.353507 -0.171779 -0.551327
1678843032216 -1.582518 -0.100941 -3.612587 0.734221 -0.364912 -0.180047 -0.543453
1678843032265 -1.624891 -0.102007 -3.567052 0.729139 -0.390925 -0.194071 -0.527134
1678843032315 -1.640317 -0.103047 -3.544296 0.727771 -0.407012 -0.198664 -0.514998
1678843032349 -1.657301 -0.104383 -3.521780 0.726881 -0.418735 -0.206715 -0.503561
1678843032437 -1.691288 -0.109767 -3.468567 0.713198 -0.435358 -0.223655 -0.501787
1678843032462 -1.704241 -0.117665 -3.442002 0.709980 -0.439547 -0.230348 -0.499667
1678843032501 -1.738508 -0.118385 -3.383195 0.699501 -0.449063 -0.243253 -0.499869
1678843032569 -1.769102 -0.115428 -3.327872 0.691559 -0.456248 -0.250602 -0.500781
1678843032624 -1.783928 -0.112318 -3.300072 0.692721 -0.460356 -0.248758 -0.496315
1678843032642 -1.797375 -0.114060 -3.271381 0.696386 -0.455546 -0.258817 -0.490447
1678843032707 -1.823019 -0.109744 -3.214087 0.690460 -0.461511 -0.273022 -0.485522
1678843032759 -1.834496 -0.101961 -3.185081 0.687844 -0.467425 -0.275693 -0.482056
1678843032809 -1.857602 -0.099998 -3.127803 0.683785 -0.477140 -0.285075 -0.472766
1678843032842 -1.868774 -0.101422 -3.098001 0.682372 -0.482190 -0.290603 -0.466274
1678843032900 -1.875307 -0.102677 -3.074428 0.681542 -0.486348 -0.297941 -0.458472
1678843032940 -1.894361 -0.109317 -3.011677 0.677856 -0.497660 -0.313658 -0.440981
1678843032994 -1.909982 -0.117826 -2.951272 0.675438 -0.506808 -0.333014 -0.419560
1678843033055 -1.916352 -0.120188 -2.921433 0.669692 -0.513568 -0.341795 -0.413445
1678843033086 -1.923009 -0.122881 -2.889389 0.664029 -0.517760 -0.357582 -0.403888
1678843033142 -1.933120 -0.124010 -2.826724 0.643787 -0.526041 -0.394775 -0.391116
1678843033220 -1.941038 -0.119058 -2.773728 0.629797 -0.535914 -0.412875 -0.381690
1678843033248 -1.944688 -0.118437 -2.745288 0.622780 -0.537192 -0.424166 -0.379015
1678843033282 -1.938404 -0.118269 -2.733046 0.615155 -0.541374 -0.432581 -0.375994
1678843033329 -1.939754 -0.117796 -2.705047 -0.610574 0.545578 0.439708 0.369055
1678843033386 -1.934491 -0.118640 -2.654697 -0.599549 0.556230 0.449622 0.359149
1678843033432 -1.932876 -0.121967 -2.624456 -0.595277 0.560190 0.454836 0.353493
1678843033469 -1.923365 -0.135260 -2.562185 -0.586432 0.568380 0.462638 0.344974
1678843033545 -1.905635 -0.144064 -2.499557 -0.579442 0.570636 0.472800 0.339236
1678843033576 -1.898116 -0.146332 -2.465846 -0.575781 0.572923 0.474707 0.338951
1678843033609 -1.888973 -0.147071 -2.431635 -0.571555 0.575682 0.477866 0.336986
1678843033680 -1.863075 -0.147548 -2.371979 -0.561478 0.574101 0.491425 0.337122
1678843033735 -1.852743 -0.143785 -2.339971 -0.560314 0.576087 0.491112 0.336126
1678843033763 -1.832005 -0.142325 -2.279219 -0.563960 0.565513 0.503032 0.330307
1678843033825 -1.821940 -0.139516 -2.247387 -0.564143 0.563903 0.506516 0.327409
1678843033871 -1.802103 -0.132015 -2.182603 -0.567450 0.565607 0.508566 0.315358
1678843033911 -1.791747 -0.130477 -2.150845 -0.567138 0.567293 0.510130 0.310324
1678843033969 -1.769142 -0.134060 -2.085300 -0.560398 0.568814 0.521788 0.300237
1678843034023 -1.758144 -0.136824 -2.045183 -0.557663 0.569806 0.526740 0.294752
1678843034070 -1.735734 -0.143568 -1.979317 -0.555420 0.572487 0.534026 0.280327
1678843034134 -1.724855 -0.147325 -1.945526 -0.554054 0.572245 0.539361 0.273221
1678843034171 -1.713771 -0.149738 -1.911040 -0.552274 0.574488 0.542440 0.265924
1678843034238 -1.689255 -0.153065 -1.843718 -0.530835 0.571637 0.572048 0.253390
1678843034282 -1.663164 -0.138119 -1.782857 -0.508499 0.595412 0.570255 0.248441
1678843034343 -1.638246 -0.127532 -1.723554 -0.495286 0.601231 0.579741 0.238984
1678843034372 -1.622920 -0.123928 -1.709818 -0.483199 0.610385 0.581283 0.236769
1678843034435 -1.607998 -0.119905 -1.682564 -0.475411 0.618152 0.581457 0.231907
1678843034466 -1.574290 -0.116321 -1.635057 -0.466608 0.630818 0.581223 0.215697
1678843034538 -1.534532 -0.121615 -1.583576 -0.457112 0.642587 0.580905 0.201693
1678843034568 -1.512154 -0.125906 -1.556657 -0.454477 0.644769 0.583287 0.193650
1678843034619 -1.488656 -0.130159 -1.529816 -0.452400 0.646704 0.584795 0.187412
1678843034664 -1.438741 -0.135158 -1.484100 -0.446623 0.649433 0.588057 0.181530
1678843034728 -1.384596 -0.132932 -1.433473 -0.443419 0.652076 0.589173 0.176214
1678843034769 -1.353743 -0.134174 -1.411114 -0.437943 0.649765 0.596358 0.174266
1678843034813 -1.325058 -0.128239 -1.387933 -0.434617 0.650126 0.599073 0.171915
1678843034871 -1.272511 -0.114533 -1.344919 -0.443431 0.654681 0.590836 0.160232
1678843034933 -1.218275 -0.111236 -1.299607 -0.446864 0.642748 0.602548 0.155316
1678843034976 -1.189224 -0.110262 -1.276411 -0.445188 0.640747 0.607267 0.149927
1678843035030 -1.135625 -0.110102 -1.232180 -0.439395 0.641365 0.612472 0.143042
1678843035079 -1.111097 -0.110652 -1.210426 -0.437713 0.641184 0.615021 0.137986
1678843035118 -1.085128 -0.113279 -1.187352 -0.435719 0.640754 0.617790 0.133858
1678843035182 -1.033011 -0.119720 -1.140426 -0.433229 0.640602 0.622035 0.122531
1678843035231 -1.006200 -0.124238 -1.116425 -0.429901 0.640542 0.625642 0.116030
1678843035276 -0.951955 -0.133208 -1.069530 -0.417542 0.644344 0.632235 0.103726
1678843035338 -0.925542 -0.135086 -1.046135 -0.413345 0.647218 0.633249 0.096179
1678843035365 -0.864176 -0.138745 -0.992654 -0.387667 0.643354 0.655658 0.076958
1678843035434 -0.836298 -0.135614 -0.973508 -0.372130 0.651365 0.657531 0.069974
1678843035469 -0.780658 -0.127381 -0.929988 -0.347464 0.661888 0.661530 0.059584
1678843035540 -0.730298 -0.119554 -0.898393 -0.335709 0.667403 0.663226 0.044773
1678843035574 -0.709005 -0.115760 -0.888871 -0.329658 0.668949 0.665214 0.036366
1678843035628 -0.681970 -0.115951 -0.874610 -0.322329 0.670712 0.667393 0.028909
1678843035671 -0.619577 -0.119805 -0.840957 -0.309513 0.674570 0.670107 0.010677
1678843035724 -0.588905 -0.123697 -0.828017 -0.303476 0.675953 0.671552 0.002830
1678843035763 -0.526422 -0.130651 -0.805630 -0.296002 0.676388 0.674326 -0.012917
1678843035827 -0.461123 -0.134495 -0.785344 -0.287170 0.681443 0.672562 -0.028802
1678843035868 -0.427872 -0.135281 -0.775303 -0.283216 0.683286 0.672037 -0.035695
1678843035905 -0.394603 -0.136508 -0.766107 -0.275336 0.679200 0.679089 -0.041412
1678843035982 -0.331132 -0.132404 -0.745146 -0.269083 0.678779 0.681245 -0.052522
1678843036039 -0.269854 -0.131160 -0.733072 -0.243809 0.677776 0.691620 -0.053284
1678843036075 -0.242465 -0.129017 -0.733831 -0.240467 0.678055 0.691693 -0.063069
1678843036134 -0.186888 -0.126055 -0.729060 -0.221394 0.674130 0.700258 -0.078555
1678843036170 -0.165770 -0.123204 -0.735161 -0.210076 0.673836 0.702591 -0.090439
1678843036237 -0.111858 -0.121337 -0.734982 -0.185921 0.667544 0.710953 -0.119851
1678843036276 -0.090284 -0.117132 -0.737667 -0.173408 0.664018 0.714422 -0.136418
1678843036328 -0.064988 -0.117278 -0.738201 -0.160714 0.657899 0.719326 -0.154626
1678843036365 -0.014315 -0.120201 -0.738412 -0.130610 0.649864 0.725192 -0.186318
1678843036451 0.036344 -0.125491 -0.740064 -0.086232 0.637645 0.735839 -0.210985
1678843036473 0.054852 -0.124952 -0.743645 -0.067327 0.636910 0.734345 -0.224835
1678843036547 0.087405 -0.122493 -0.752676 -0.031333 0.637644 0.728649 -0.247989
1678843036581 0.098942 -0.119646 -0.759630 -0.011458 0.637635 0.727944 -0.251769
1678843036618 0.112160 -0.116897 -0.766051 -0.000820 0.638791 0.724148 -0.259914
1678843036675 0.143313 -0.113209 -0.781975 0.013822 0.630026 0.724261 -0.279860
1678843036727 0.155402 -0.114683 -0.794920 0.027136 0.624766 0.725524 -0.287309
1678843036780 0.184654 -0.117674 -0.820741 0.046390 0.614544 0.724192 -0.309402
1678843036833 0.192250 -0.120465 -0.839839 0.060920 0.609450 0.722780 -0.320076
1678843036908 0.206051 -0.127761 -0.880894 0.090953 0.596510 0.720700 -0.341313
1678843036937 0.218606 -0.138021 -0.931650 0.123240 0.583422 0.717173 -0.360684
1678843036980 0.225637 -0.143638 -0.959672 0.137013 0.577311 0.714939 -0.369867
1678843037037 0.246642 -0.155146 -1.015146 0.161147 0.566138 0.712127 -0.382614
1678843037072 0.256475 -0.159375 -1.047169 0.170031 0.561484 0.710995 -0.387699
1678843037155 0.267560 -0.162094 -1.079287 0.175441 0.554281 0.714173 -0.389807
1678843037183 0.289510 -0.161150 -1.146489 0.191467 0.543696 0.718361 -0.389477
1678843037239 0.310392 -0.148942 -1.209158 0.193332 0.547629 0.712602 -0.393603
1678843037281 0.325186 -0.144650 -1.236378 0.190610 0.538672 0.722590 -0.389054
1678843037331 0.350316 -0.135178 -1.293556 0.191089 0.527171 0.733477 -0.384172
1678843037389 0.366494 -0.130862 -1.320630 0.192228 0.522814 0.734442 -0.387697
1678843037440 0.393899 -0.124651 -1.377553 0.200519 0.516106 0.731872 -0.397228
1678843037479 0.408375 -0.125279 -1.405731 0.202876 0.512211 0.732290 -0.400291
1678843037534 0.425746 -0.125742 -1.431402 0.203119 0.508548 0.733595 -0.402443
1678843037598 0.485395 -0.126960 -1.506780 0.202881 0.498501 0.738101 -0.406869
1678843037632 0.507526 -0.128392 -1.532691 0.202328 0.493160 0.740481 -0.409321
1678843037676 0.531591 -0.129826 -1.560558 0.204483 0.486923 0.742981 -0.411184
1678843037751 0.580926 -0.127827 -1.615495 0.212415 0.479728 0.742444 -0.416555
1678843037794 0.631073 -0.118967 -1.674559 0.227505 0.472926 0.735652 -0.428251
1678843037833 0.655859 -0.109264 -1.700579 0.222886 0.468891 0.734510 -0.436988
1678843037876 0.681739 -0.100670 -1.729518 0.221096 0.461987 0.736356 -0.442113
1678843037944 0.731182 -0.085009 -1.781019 0.219197 0.452546 0.735542 -0.454019
1678843037995 0.779397 -0.074153 -1.830723 0.217179 0.442168 0.736573 -0.463445
1678843038045 0.805213 -0.071115 -1.856377 0.216129 0.441242 0.735372 -0.466713
1678843038087 0.829981 -0.070397 -1.880923 0.211506 0.442448 0.733201 -0.471085
1678843038141 0.881677 -0.074742 -1.931467 0.206122 0.441643 0.732664 -0.475047
1678843038184 0.908754 -0.078746 -1.955195 0.201960 0.443826 0.732116 -0.475643
1678843038232 0.965791 -0.088213 -2.006490 0.195565 0.448588 0.733636 -0.471488
1678843038314 1.027432 -0.095051 -2.056111 0.186628 0.456702 0.737573 -0.461063
1678843038363 1.061146 -0.094349 -2.085491 0.186503 0.461885 0.740239 -0.451580
1678843038401 1.092402 -0.093998 -2.108670 0.179666 0.470840 0.740400 -0.444790
1678843038448 1.157874 -0.096140 -2.154242 0.177131 0.485663 0.745297 -0.421057
1678843038498 1.190920 -0.096705 -2.176705 0.177371 0.491608 0.749474 -0.406386
1678843038546 1.256324 -0.092058 -2.211419 0.152653 0.495308 0.758637 -0.394763
1678843038605 1.323318 -0.097374 -2.246716 0.138839 0.499246 0.765459 -0.381510
1678843038660 1.391786 -0.108964 -2.277954 0.131818 0.501770 0.770055 -0.371303
1678843038727 1.426768 -0.115037 -2.292722 0.128796 0.503984 0.770130 -0.369204
1678843038752 1.462017 -0.120614 -2.306718 0.126424 0.504590 0.770570 -0.368276
1678843038811 1.529429 -0.127602 -2.331865 0.122910 0.507014 0.767385 -0.372761
1678843038865 1.597911 -0.130646 -2.360472 0.145554 0.514426 0.756895 -0.375886
1678843038904 1.631515 -0.125174 -2.372227 0.145709 0.520079 0.750439 -0.380957
1678843038941 1.664148 -0.119384 -2.382720 0.136229 0.520621 0.748348 -0.387777
1678843039035 1.761080 -0.104344 -2.426018 0.138993 0.534507 0.736046 -0.391432
1678843039061 1.790341 -0.100815 -2.441411 0.138384 0.533545 0.735224 -0.394494
1678843039103 1.818704 -0.098830 -2.457988 0.138466 0.533197 0.733980 -0.397241
1678843039151 1.844780 -0.097508 -2.476377 0.134254 0.534876 0.730609 -0.402609
1678843039205 1.898495 -0.101734 -2.517393 0.134162 0.531502 0.727785 -0.412110
1678843039264 1.942521 -0.107766 -2.557988 0.135615 0.529269 0.724894 -0.419538
1678843039304 1.968868 -0.110700 -2.581516 0.131767 0.525459 0.726588 -0.422611
1678843039349 2.001623 -0.110653 -2.607562 0.129049 0.518221 0.730071 -0.426368
1678843039432 2.053644 -0.113079 -2.662118 0.137399 0.510111 0.731117 -0.431714
1678843039459 2.102715 -0.113761 -2.715360 0.148127 0.522816 0.717415 -0.435934
1678843039509 2.127718 -0.113652 -2.739308 0.148321 0.521272 0.720063 -0.433344
1678843039566 2.174551 -0.117912 -2.786519 0.160904 0.522078 0.722954 -0.422944
1678843039619 2.197912 -0.118528 -2.810960 0.164156 0.520825 0.722170 -0.424576
1678843039668 2.238593 -0.123116 -2.859494 0.172126 0.519310 0.717962 -0.430373
1678843039713 2.261525 -0.125694 -2.884388 0.175120 0.516907 0.715296 -0.436454
1678843039767 2.308969 -0.131585 -2.931283 0.182465 0.512429 0.714126 -0.440622
1678843039817 2.334559 -0.137279 -2.957304 0.184447 0.510211 0.714716 -0.441412
1678843039861 2.384145 -0.139793 -3.002736 0.183971 0.502373 0.722596 -0.437757
1678843039914 2.411771 -0.143857 -3.029510 0.186538 0.494982 0.729120 -0.434259
1678843039958 2.470904 -0.141656 -3.088357 0.198117 0.488350 0.732092 -0.431630
1678843040012 2.499130 -0.139535 -3.115533 0.204856 0.478922 0.738446 -0.428212
1678843040065 2.525271 -0.132483 -3.135823 0.199968 0.477893 0.738215 -0.432053
1678843040143 2.606314 -0.115625 -3.209867 0.199949 0.472947 0.737415 -0.438817
1678843040196 2.655999 -0.109127 -3.254213 0.201125 0.477298 0.730915 -0.444408
1678843040269 2.675124 -0.108254 -3.271072 0.199833 0.477521 0.730809 -0.444925
1678843040318 2.730908 -0.110864 -3.318532 0.190933 0.480383 0.730335 -0.446528
1678843040360 2.791705 -0.116602 -3.367352 0.180243 0.481447 0.734735 -0.442589
1678843040413 2.823037 -0.118311 -3.391428 0.170527 0.481380 0.737386 -0.442104
1678843040471 2.884033 -0.118896 -3.435998 0.149049 0.488081 0.738985 -0.439844
1678843040520 2.916245 -0.120088 -3.459802 0.149032 0.489150 0.742231 -0.433145
1678843040559 2.943543 -0.123582 -3.478327 0.148621 0.493945 0.742616 -0.427144
1678843040600 3.006020 -0.122495 -3.516326 0.136113 0.499820 0.750075 -0.411144
1678843040678 3.066779 -0.120021 -3.545291 0.125664 0.504951 0.760006 -0.389390
1678843040724 3.097583 -0.116379 -3.559050 0.115144 0.504742 0.763473 -0.386117
1678843040752 3.131093 -0.111701 -3.575627 0.110908 0.505509 0.765529 -0.382264
1678843040848 3.233865 -0.112313 -3.613753 0.107739 0.510980 0.763702 -0.379541
1678843040881 3.269771 -0.114571 -3.623387 0.106469 0.511346 0.762976 -0.380863
1678843040907 3.306946 -0.117222 -3.631650 0.105508 0.513010 0.761227 -0.382391
1678843040955 3.376824 -0.124393 -3.637925 0.102080 0.512993 0.760929 -0.383935
1678843041006 3.416571 -0.124709 -3.641470 0.096073 0.511658 0.761260 -0.386600
1678843041047 3.458946 -0.124983 -3.647771 0.094014 0.510748 0.761125 -0.388570
1678843041113 3.540312 -0.122836 -3.657444 0.115888 0.511738 0.758174 -0.387126
1678843041176 3.623228 -0.114634 -3.663286 0.107383 0.512097 0.760341 -0.384847
1678843041250 3.694946 -0.105003 -3.660884 0.095076 0.514250 0.763108 -0.379703
1678843041273 3.732102 -0.100450 -3.661903 0.090810 0.515059 0.763488 -0.378883
1678843041315 3.769390 -0.096493 -3.662962 0.085052 0.517346 0.762700 -0.378693
1678843041370 3.840093 -0.090839 -3.662507 0.071512 0.525513 0.756669 -0.382326
1678843041432 3.878198 -0.090064 -3.663526 0.063822 0.529644 0.754409 -0.382455
1678843041460 3.952455 -0.092807 -3.663547 0.044164 0.537308 0.751702 -0.379860
1678843041529 4.033373 -0.095627 -3.662294 0.019215 0.547671 0.749158 -0.372090
1678843041567 4.072163 -0.096200 -3.661217 0.003745 0.551600 0.747484 -0.370124
1678843041618 4.111989 -0.097982 -3.661315 0.001627 0.549999 0.750331 -0.366744
1678843041671 4.184050 -0.101251 -3.658185 -0.003659 0.571124 0.743001 -0.348933
1678843041736 4.255318 -0.107573 -3.648558 -0.016010 0.574249 0.752994 -0.320909
1678843041773 4.290193 -0.109360 -3.644222 -0.019070 0.580633 0.753905 -0.306804
1678843041826 4.355451 -0.109719 -3.636812 -0.031471 0.582526 0.756952 -0.294444
1678843041867 4.380886 -0.112680 -3.632185 -0.036539 0.584289 0.756983 -0.290255
1678843041917 4.410015 -0.117797 -3.631635 -0.037360 0.582648 0.758860 -0.288542
1678843041969 4.469754 -0.123497 -3.629836 -0.035583 0.580617 0.760032 -0.289774
1678843042013 4.496993 -0.124727 -3.630370 -0.036009 0.577800 0.759979 -0.295436
1678843042051 4.522760 -0.123836 -3.632430 -0.037510 0.576075 0.756570 -0.307137
1678843042109 4.571758 -0.123608 -3.645225 0.004752 0.572707 0.753165 -0.323614
1678843042160 4.613187 -0.118888 -3.658872 0.016242 0.559871 0.751473 -0.348666
1678843042216 4.631314 -0.118689 -3.666082 0.029084 0.554403 0.754604 -0.349806
1678843042248 4.632785 -0.123833 -3.676114 0.038672 0.555840 0.752148 -0.351881
1678843042317 4.664066 -0.124236 -3.695974 0.049264 0.543593 0.754975 -0.363445
1678843042348 4.697946 -0.107011 -3.704304 0.056264 0.542717 0.752367 -0.369101
1678843042387 4.713719 -0.108653 -3.716851 0.062937 0.538460 0.750503 -0.377947
1678843042440 4.735138 -0.106641 -3.741558 0.074766 0.534486 0.743609 -0.394691
1678843042477 4.747637 -0.108377 -3.754597 0.075636 0.532906 0.739254 -0.404716
1678843042550 4.775661 -0.110525 -3.781952 0.098556 0.517013 0.742125 -0.415011
1678843042580 4.784432 -0.111016 -3.796506 0.105462 0.518968 0.733633 -0.425831
1678843042639 4.801060 -0.117283 -3.825676 0.142852 0.513724 0.729205 -0.428884
1678843042700 4.814253 -0.116974 -3.853300 0.162848 0.505107 0.721400 -0.444893
1678843042777 4.821687 -0.118520 -3.883886 0.191706 0.491898 0.711377 -0.463926
1678843042809 4.824472 -0.118986 -3.901615 0.205598 0.481362 0.707326 -0.475089
1678843042871 4.825347 -0.119692 -3.918780 0.219667 0.468327 0.704541 -0.485837
1678843042915 4.830160 -0.123720 -3.959206 0.255347 0.441801 0.692829 -0.509508
1678843042957 4.837971 -0.129223 -3.999948 0.292762 0.409999 0.683374 -0.528385
1678843043012 4.843305 -0.132421 -4.017964 0.307618 0.393370 0.678809 -0.538377
1678843043064 4.857560 -0.141111 -4.052367 0.335788 0.366334 0.665510 -0.556904
1678843043104 4.865042 -0.146192 -4.069215 0.353132 0.354783 0.657513 -0.563119
1678843043164 4.880125 -0.154112 -4.097026 0.399344 0.342463 0.630046 -0.571214
1678843043230 4.899837 -0.149369 -4.122501 0.416453 0.342598 0.612671 -0.577778
1678843043270 4.910408 -0.145614 -4.131105 0.420144 0.341873 0.610685 -0.577638
1678843043302 4.919766 -0.140201 -4.138713 0.421047 0.334761 0.613232 -0.578447
1678843043374 4.931548 -0.131346 -4.159179 0.427195 0.322555 0.610829 -0.583395
1678843043409 4.935453 -0.127605 -4.167668 0.429113 0.318310 0.608846 -0.586384
1678843043458 4.937977 -0.125403 -4.176827 0.432707 0.308502 0.610540 -0.587224
1678843043514 4.936190 -0.120716 -4.188112 0.439494 0.301179 0.608777 -0.587816
1678843043545 4.933618 -0.120772 -4.209264 0.455224 0.288664 0.599380 -0.591766
1678843043609 4.923341 -0.122110 -4.232284 0.464193 0.272407 0.592401 -0.599484
1678843043631 4.918571 -0.122544 -4.243101 0.468391 0.263947 0.589480 -0.602872
1678843043695 4.912102 -0.126124 -4.269521 0.478717 0.248987 0.582315 -0.608066
1678843043751 4.903015 -0.129168 -4.282687 0.482900 0.244718 0.575431 -0.613025
1678843043773 4.893393 -0.131800 -4.297461 0.487502 0.237926 0.569708 -0.617387
1678843043836 4.870326 -0.137367 -4.329628 0.498842 0.228472 0.553961 -0.626167
1678843043882 4.860192 -0.139613 -4.345452 0.502486 0.219233 0.550638 -0.629478
1678843043934 4.830671 -0.143813 -4.381371 0.518220 0.197594 0.542123 -0.631275
1678843043972 4.815324 -0.146004 -4.397306 0.533876 0.197144 0.526396 -0.631679
1678843044041 4.780413 -0.141816 -4.427135 0.546437 0.188510 0.506480 -0.639804
1678843044080 4.766587 -0.138564 -4.440723 0.546708 0.183632 0.502473 -0.644135
1678843044144 4.732116 -0.134950 -4.464277 0.555243 0.167695 0.497425 -0.645098
1678843044170 4.712847 -0.134421 -4.474447 0.563589 0.156256 0.488937 -0.647219
1678843044248 4.672807 -0.131235 -4.490219 0.582123 0.130097 0.459985 -0.657740
1678843044276 4.650217 -0.130440 -4.498582 0.590170 0.118570 0.443971 -0.663724
1678843044345 4.613840 -0.131291 -4.510204 0.613450 0.086257 0.420882 -0.662644
1678843044378 4.593730 -0.131455 -4.520571 0.623787 0.068206 0.413926 -0.659471
1678843044455 4.556130 -0.133195 -4.532980 0.643021 0.035740 0.390907 -0.657600
1678843044507 4.517273 -0.137099 -4.547848 0.664467 0.005070 0.363642 -0.652857
1678843044535 4.498837 -0.137813 -4.556678 0.674476 -0.011017 0.354561 -0.647493
1678843044570 4.479559 -0.137293 -4.564948 0.682509 -0.027591 0.347829 -0.642211
1678843044632 4.444204 -0.136041 -4.586217 0.693160 -0.056827 0.334329 -0.636023
1678843044680 4.424146 -0.137036 -4.598991 0.704081 -0.063558 0.310277 -0.635578
1678843044738 4.390157 -0.135398 -4.620490 0.708674 -0.073122 0.271807 -0.646959
1678843044781 4.379371 -0.136544 -4.633502 0.710991 -0.077423 0.263527 -0.647341
1678843044831 4.365283 -0.136800 -4.646483 0.714771 -0.078066 0.256510 -0.645919
1678843044887 4.340724 -0.136156 -4.667174 0.718892 -0.080653 0.244443 -0.645706
1678843044933 4.308447 -0.135861 -4.684809 0.719300 -0.085072 0.234892 -0.648225
1678843044977 4.295498 -0.129306 -4.690221 0.719137 -0.087830 0.232577 -0.648873
1678843045018 4.275443 -0.131484 -4.696893 0.721066 -0.091049 0.228602 -0.647699
1678843045068 4.230560 -0.139141 -4.707695 0.721502 -0.095865 0.216268 -0.650748
1678843045155 4.182168 -0.145936 -4.716806 0.719684 -0.100138 0.208912 -0.654510
1678843045168 4.156567 -0.151283 -4.715370 0.717861 -0.101809 0.205640 -0.657284
1678843045234 4.103588 -0.156444 -4.722855 0.714384 -0.103815 0.205142 -0.660905
1678843045282 4.075751 -0.159710 -4.725399 0.712155 -0.105000 0.209952 -0.661612
1678843045339 4.017993 -0.163647 -4.729974 0.719608 -0.106718 0.214385 -0.651778
1678843045377 3.989680 -0.166410 -4.728415 0.728412 -0.108869 0.213990 -0.641694
1678843045412 3.962222 -0.163589 -4.726286 0.727042 -0.112775 0.216346 -0.641784
1678843045470 3.906586 -0.160029 -4.722436 0.725208 -0.116208 0.211843 -0.644741
1678843045537 3.849741 -0.161357 -4.716976 0.740098 -0.113559 0.201342 -0.631523
1678843045566 3.824468 -0.158771 -4.712592 0.741274 -0.118178 0.196383 -0.630857
1678843045614 3.800366 -0.154887 -4.708006 0.740265 -0.124350 0.193532 -0.631735
1678843045672 3.755438 -0.151436 -4.694205 0.740653 -0.138122 0.184580 -0.631099
1678843045733 3.705723 -0.155553 -4.681920 0.747217 -0.148486 0.169859 -0.625113
1678843045767 3.680922 -0.155089 -4.673454 0.750279 -0.156578 0.161438 -0.621693
1678843045805 3.654590 -0.158029 -4.666207 0.752437 -0.164989 0.151488 -0.619410
1678843045870 3.626449 -0.162870 -4.658978 0.754923 -0.174398 0.141315 -0.616204
1678843045920 3.574166 -0.166853 -4.645835 0.756544 -0.194394 0.123249 -0.612096
1678843045972 3.523239 -0.168129 -4.631535 0.765283 -0.210773 0.091496 -0.601287
1678843046029 3.475025 -0.160771 -4.617033 0.760384 -0.230147 0.060669 -0.604291
1678843046076 3.453943 -0.157362 -4.607589 0.755091 -0.239373 0.054288 -0.607940
1678843046136 3.411566 -0.155174 -4.593650 0.756406 -0.248874 0.036417 -0.603809
1678843046182 3.394998 -0.153487 -4.584225 0.755260 -0.254162 0.021058 -0.603771
1678843046235 3.358516 -0.154140 -4.562130 0.751163 -0.271335 -0.003918 -0.601761
1678843046282 3.341753 -0.154728 -4.547690 0.748776 -0.281294 -0.012232 -0.600049
1678843046335 3.303736 -0.164561 -4.518757 0.746138 -0.295454 -0.039429 -0.595340
1678843046391 3.285521 -0.170344 -4.501178 0.743964 -0.300757 -0.052140 -0.594428
1678843046434 3.249199 -0.178501 -4.462609 0.740485 -0.312044 -0.066906 -0.591468
1678843046479 3.231871 -0.183428 -4.441256 0.739430 -0.317333 -0.068429 -0.589797
1678843046531 3.193289 -0.186308 -4.397874 0.742256 -0.323631 -0.065776 -0.583088
1678843046569 3.174382 -0.186913 -4.374205 0.741832 -0.325798 -0.063449 -0.582679
1678843046636 3.132273 -0.186656 -4.326636 0.748260 -0.319985 -0.076291 -0.576104
1678843046669 3.111199 -0.182945 -4.305593 0.752619 -0.317887 -0.075237 -0.571709
1678843046740 3.076225 -0.170487 -4.262633 0.752247 -0.321929 -0.062139 -0.571511
1678843046781 3.058377 -0.168067 -4.241239 0.757700 -0.318224 -0.059095 -0.566685
1678843046826 3.022642 -0.167222 -4.200874 0.766740 -0.310684 -0.059480 -0.558612
1678843046880 3.005506 -0.166600 -4.179634 0.766827 -0.310978 -0.063630 -0.557872
1678843046930 2.971408 -0.167004 -4.137845 0.763730 -0.316215 -0.071627 -0.558206
1678843046981 2.952663 -0.169439 -4.114973 0.761903 -0.318345 -0.078114 -0.558622
1678843047038 2.916814 -0.177392 -4.070749 0.758075 -0.322865 -0.092383 -0.559058
1678843047089 2.879778 -0.186262 -4.026003 0.755925 -0.328070 -0.103068 -0.557068
1678843047168 2.842664 -0.194947 -3.978990 0.753954 -0.335040 -0.116667 -0.552892
1678843047195 2.823732 -0.198851 -3.953417 0.751524 -0.339233 -0.125512 -0.551706
1678843047233 2.804615 -0.201345 -3.928051 0.750808 -0.343368 -0.132311 -0.548525
1678843047328 2.767556 -0.202020 -3.874992 0.752585 -0.351414 -0.157686 -0.534096
1678843047345 2.750151 -0.198406 -3.847530 0.748880 -0.357534 -0.168438 -0.531955
1678843047399 2.717062 -0.190160 -3.796615 0.741546 -0.368385 -0.176474 -0.532220
1678843047437 2.702280 -0.189953 -3.772422 0.744915 -0.366311 -0.182085 -0.527031
1678843047477 2.688303 -0.188766 -3.747601 0.744428 -0.368124 -0.186310 -0.524976
1678843047545 2.665018 -0.186497 -3.694420 0.736630 -0.380462 -0.202145 -0.521308
1678843047594 2.654443 -0.186785 -3.666251 0.729328 -0.389065 -0.208407 -0.522757
1678843047639 2.633139 -0.192672 -3.607080 0.722852 -0.400615 -0.221467 -0.517635
1678843047693 2.612215 -0.200757 -3.543846 0.717824 -0.406707 -0.231802 -0.515350
1678843047749 2.603196 -0.200983 -3.513863 0.718332 -0.408999 -0.231091 -0.513143
1678843047775 2.592150 -0.201859 -3.481928 0.721884 -0.409635 -0.227253 -0.509352
1678843047842 2.570683 -0.198604 -3.415127 0.727193 -0.408241 -0.223787 -0.504429
1678843047910 2.553907 -0.185195 -3.347018 0.728977 -0.408561 -0.223947 -0.501516
1678843047937 2.547415 -0.178409 -3.315215 0.730534 -0.411055 -0.217017 -0.500257
1678843047972 2.538649 -0.172419 -3.283488 0.735868 -0.408000 -0.212276 -0.496964
1678843048042 2.518578 -0.167429 -3.218627 0.748439 -0.399734 -0.211469 -0.485110
1678843048082 2.509460 -0.162794 -3.186735 0.748552 -0.402843 -0.209847 -0.483064
1678843048130 2.487812 -0.159644 -3.122174 0.745425 -0.411392 -0.210648 -0.480339
1678843048198 2.463139 -0.162872 -3.059726 0.740982 -0.419004 -0.212521 -0.479809
1678843048258 2.442296 -0.168542 -3.014202 0.738778 -0.422101 -0.216247 -0.478827
1678843048279 2.426874 -0.172619 -2.982881 0.735150 -0.425714 -0.219270 -0.479836
1678843048336 2.389926 -0.179638 -2.917838 0.732026 -0.429676 -0.223661 -0.479053
1678843048404 2.351802 -0.184585 -2.858914 0.737094 -0.425584 -0.229949 -0.471906
1678843048445 2.332819 -0.183612 -2.829861 0.737492 -0.425929 -0.233049 -0.469445
1678843048471 2.309642 -0.176118 -2.790652 0.734960 -0.425959 -0.238061 -0.470871
1678843048540 2.268887 -0.170581 -2.735209 0.737579 -0.426683 -0.231016 -0.469627
1678843048591 2.247379 -0.168812 -2.708548 0.740297 -0.424492 -0.230822 -0.467427
1678843048649 2.201959 -0.169195 -2.655694 0.741536 -0.424656 -0.229251 -0.466085
1678843048674 2.177878 -0.166481 -2.631429 0.741833 -0.426523 -0.221228 -0.467782
1678843048733 2.126088 -0.165043 -2.583518 0.741405 -0.426544 -0.210003 -0.473579
1678843048777 2.097475 -0.164426 -2.559998 0.742078 -0.424957 -0.198483 -0.478890
1678843048824 2.067313 -0.164399 -2.536731 0.747959 -0.421924 -0.185964 -0.477445
1678843048872 2.003967 -0.164530 -2.490247 0.749312 -0.418070 -0.158207 -0.488589
1678843048934 1.937535 -0.168524 -2.450762 0.750478 -0.400892 -0.127144 -0.509807
1678843048982 1.906278 -0.170043 -2.442044 0.756500 -0.387421 -0.104317 -0.516460
1678843049028 1.837116 -0.176069 -2.410631 0.763803 -0.348757 -0.085554 -0.536334
1678843049073 1.804812 -0.174998 -2.401243 0.765829 -0.335282 -0.066071 -0.544726
1678843049155 1.735716 -0.181075 -2.381437 0.787229 -0.291819 -0.048636 -0.541061
1678843049171 1.706786 -0.182352 -2.381525 0.791445 -0.277223 -0.031270 -0.543860
1678843049219 1.674424 -0.184580 -2.377279 0.797526 -0.263569 -0.011032 -0.542552
1678843049270 1.611023 -0.195391 -2.379037 0.802992 -0.229241 0.017785 -0.549851
1678843049315 1.576141 -0.201934 -2.377870 0.801258 -0.215415 0.027100 -0.557537
1678843049364 1.490445 -0.210155 -2.365639 0.796844 -0.199436 0.043711 -0.568642
1678843049444 1.416749 -0.211991 -2.372369 0.792144 -0.198636 0.061739 -0.573795
1678843049472 1.379437 -0.211082 -2.375878 0.786604 -0.199903 0.064965 -0.580580
1678843049517 1.342153 -0.209544 -2.380519 0.782587 -0.199342 0.065982 -0.586060
1678843049569 1.268017 -0.197569 -2.393230 0.772339 -0.197916 0.065544 -0.600021
1678843049631 1.197131 -0.191286 -2.408000 0.765484 -0.195624 0.087799 -0.606677
1678843049670 1.161975 -0.189704 -2.417234 0.765062 -0.189440 0.093119 -0.608375
1678843049729 1.092266 -0.185383 -2.436225 0.758698 -0.183274 0.111877 -0.615038
1678843049776 1.059308 -0.184412 -2.447171 0.755556 -0.180503 0.123727 -0.617451
1678843049829 1.025566 -0.185408 -2.458122 0.751552 -0.176009 0.132330 -0.621836
1678843049869 0.955802 -0.190918 -2.482136 0.743798 -0.163536 0.147609 -0.631056
1678843049915 0.919877 -0.195585 -2.494970 0.740078 -0.155691 0.156135 -0.635348
1678843049966 0.850529 -0.202459 -2.525760 0.732177 -0.136616 0.182148 -0.641930
1678843050022 0.815379 -0.206233 -2.541889 0.731281 -0.127266 0.197342 -0.640380
1678843050059 0.746043 -0.209507 -2.574859 0.724115 -0.105080 0.232130 -0.640883
1678843050108 0.712671 -0.209985 -2.591493 0.721189 -0.087908 0.240104 -0.643824
1678843050161 0.651607 -0.208503 -2.626384 0.708372 -0.055225 0.271125 -0.649346
1678843050226 0.592718 -0.214917 -2.666742 0.718764 -0.011407 0.291640 -0.631026
1678843050277 0.565405 -0.215358 -2.686885 0.713875 0.003523 0.309165 -0.628321
1678843050299 0.538277 -0.216087 -2.707120 0.711749 0.012298 0.328100 -0.620977
1678843050363 0.478730 -0.219790 -2.749017 0.706830 0.033108 0.349555 -0.614090
1678843050441 0.449898 -0.223008 -2.771391 0.703805 0.038182 0.358572 -0.612068
1678843050459 0.399051 -0.227910 -2.819067 0.697565 0.047495 0.373821 -0.609430
1678843050511 0.372114 -0.230239 -2.845143 0.694242 0.049856 0.380598 -0.608841
1678843050547 0.342716 -0.228279 -2.876056 0.691106 0.050101 0.386420 -0.608721
1678843050593 0.292983 -0.223979 -2.929907 0.683133 0.051563 0.391596 -0.614266
1678843050659 0.266523 -0.222989 -2.954727 0.683473 0.052490 0.391089 -0.614133
1678843050691 0.242529 -0.218015 -2.980716 0.681354 0.055085 0.389084 -0.617523
1678843050748 0.199947 -0.207505 -3.030618 0.671684 0.054214 0.396770 -0.623277
1678843050866 0.131981 -0.201435 -3.108127 0.669401 0.059906 0.398216 -0.624289
1678843050878 0.111406 -0.193562 -3.136412 0.664503 0.061632 0.400017 -0.628191
1678843050928 0.089420 -0.193357 -3.162945 0.660757 0.062065 0.402603 -0.630443
1678843051006 0.043951 -0.203974 -3.232296 0.652476 0.071420 0.406484 -0.635567
1678843051036 0.020401 -0.209526 -3.261637 0.650131 0.075788 0.407991 -0.636498
1678843051064 -0.013990 -0.215736 -3.298077 0.645763 0.081244 0.411863 -0.637776
1678843051139 -0.060802 -0.224649 -3.360180 0.639951 0.093162 0.420250 -0.636533
1678843051172 -0.073267 -0.226829 -3.387409 0.631072 0.100531 0.426666 -0.639998
1678843051234 -0.119115 -0.229204 -3.452232 0.629279 0.114570 0.436449 -0.632766
1678843051264 -0.122974 -0.232173 -3.478099 0.621631 0.128044 0.440870 -0.634675
1678843051314 -0.142106 -0.232298 -3.510655 0.615019 0.139417 0.449196 -0.632880
1678843051364 -0.159255 -0.241901 -3.565725 0.617251 0.168764 0.467982 -0.609519
1678843051430 -0.188975 -0.242547 -3.627773 0.601929 0.184332 0.493463 -0.600165
1678843051467 -0.204863 -0.246005 -3.661689 0.596392 0.191972 0.502687 -0.595624
1678843051500 -0.220564 -0.251624 -3.695754 0.593721 0.199490 0.508303 -0.591039
1678843051572 -0.252354 -0.263527 -3.767922 0.591679 0.209922 0.511262 -0.586908
1678843051632 -0.278363 -0.272145 -3.839500 0.588291 0.212476 0.514568 -0.586504
1678843051685 -0.292954 -0.275936 -3.879383 0.585870 0.214098 0.514849 -0.588090
1678843051719 -0.315223 -0.273890 -3.949793 0.587164 0.214523 0.509878 -0.590967
1678843051770 -0.327334 -0.268377 -3.983518 0.588176 0.216950 0.501053 -0.596597
1678843051833 -0.348423 -0.252079 -4.049087 0.569753 0.214420 0.504573 -0.612218
1678843051873 -0.353889 -0.249862 -4.077915 0.568124 0.214735 0.507874 -0.610891
1678843051907 -0.366073 -0.247997 -4.110979 0.570336 0.215925 0.505292 -0.610552
1678843051973 -0.390353 -0.242843 -4.179926 0.563606 0.214363 0.505334 -0.617280
1678843052016 -0.402517 -0.242353 -4.212161 0.560595 0.213211 0.504531 -0.621065
1678843052077 -0.426183 -0.243578 -4.276437 0.553684 0.214191 0.502007 -0.628923
1678843052116 -0.438451 -0.247282 -4.310015 0.549891 0.215103 0.503987 -0.630355
1678843052165 -0.451198 -0.250384 -4.347059 0.546315 0.218972 0.505812 -0.630670
1678843052222 -0.471958 -0.261822 -4.417833 0.539928 0.235559 0.514041 -0.623499
1678843052264 -0.485477 -0.267711 -4.485487 0.530234 0.257599 0.529423 -0.610087
1678843052333 -0.499192 -0.263112 -4.555405 0.520028 0.289427 0.537160 -0.597714
1678843052370 -0.491435 -0.265126 -4.574950 0.503890 0.301042 0.552283 -0.591990
1678843052431 -0.495003 -0.263527 -4.642219 0.493381 0.323865 0.584275 -0.557054
1678843052480 -0.494953 -0.263238 -4.667411 0.481994 0.332686 0.597863 -0.547322
1678843052509 -0.496802 -0.259821 -4.699751 0.464569 0.338475 0.612229 -0.542942
1678843052560 -0.494989 -0.259304 -4.755022 0.446879 0.346090 0.627012 -0.536075
1678843052606 -0.497368 -0.262007 -4.791861 0.441356 0.351044 0.627675 -0.536654
1678843052659 -0.502139 -0.268510 -4.868091 0.433765 0.350769 0.631134 -0.538961
1678843052700 -0.502490 -0.270326 -4.905623 0.428543 0.351881 0.629858 -0.543884
1678843052745 -0.500132 -0.271940 -4.944438 0.424983 0.349667 0.629658 -0.548318
1678843052815 -0.500228 -0.273605 -5.017620 0.429847 0.348442 0.623321 -0.552531
1678843052866 -0.498175 -0.268968 -5.085054 0.436727 0.353896 0.614414 -0.553644
1678843052918 -0.499135 -0.262498 -5.116292 0.429485 0.355097 0.614252 -0.558698
1678843052949 -0.498389 -0.259523 -5.144098 0.421233 0.353556 0.619145 -0.560554
1678843053010 -0.503176 -0.259465 -5.208339 0.431011 0.353684 0.615143 -0.557436
1678843053059 -0.506717 -0.260200 -5.240275 0.434520 0.356000 0.607559 -0.561541
1678843053093 -0.510952 -0.259988 -5.302405 0.436343 0.354105 0.600795 -0.568559
1678843053157 -0.513195 -0.264935 -5.361176 0.435311 0.353842 0.595287 -0.575267
1678843053211 -0.514928 -0.270413 -5.395723 0.436390 0.350006 0.596353 -0.575693
1678843053257 -0.514341 -0.275360 -5.426848 0.435983 0.350168 0.594650 -0.577662
1678843053294 -0.515536 -0.283111 -5.497995 0.433841 0.353872 0.596108 -0.575510
1678843053347 -0.514950 -0.283688 -5.530446 0.425238 0.356122 0.602424 -0.573965
1678843053381 -0.514963 -0.281496 -5.564256 0.419129 0.356051 0.609572 -0.570947
1678843053437 -0.516294 -0.273172 -5.630969 0.411944 0.363001 0.616700 -0.564104
1678843053516 -0.516886 -0.266107 -5.689119 0.393198 0.367871 0.631452 -0.557974
1678843053540 -0.512280 -0.264787 -5.706532 0.397214 0.369151 0.641654 -0.542428
1678843053564 -0.511847 -0.265562 -5.737194 0.402287 0.372980 0.646597 -0.530060
1678843053606 -0.512052 -0.263177 -5.766223 0.397062 0.376486 0.649256 -0.528268
1678843053662 -0.509671 -0.259651 -5.823481 0.383013 0.377791 0.659878 -0.524534
1678843053712 -0.509800 -0.261856 -5.854680 0.381210 0.378986 0.660357 -0.524382
1678843053752 -0.512807 -0.267396 -5.885021 0.382576 0.379772 0.658868 -0.524692
1678843053835 -0.514066 -0.284625 -5.991422 0.397512 0.373862 0.649440 -0.529565
1678843053868 -0.513853 -0.289249 -6.027539 0.405696 0.372278 0.643454 -0.531777
1678843053900 -0.513537 -0.290972 -6.062914 0.411651 0.370617 0.637223 -0.535848
1678843053955 -0.512992 -0.286918 -6.129320 0.423651 0.362422 0.625763 -0.545518
1678843054013 -0.514033 -0.281637 -6.162093 0.430362 0.359190 0.618256 -0.550936
1678843054046 -0.520217 -0.274239 -6.208361 0.431478 0.357615 0.611890 -0.558147
1678843054122 -0.521068 -0.266260 -6.266874 0.432129 0.349879 0.610272 -0.564285
1678843054155 -0.523816 -0.264276 -6.317574 0.446145 0.344942 0.600118 -0.567299
1678843054200 -0.527193 -0.262210 -6.344413 0.446974 0.339079 0.596169 -0.574301
1678843054245 -0.532295 -0.259875 -6.382889 0.450009 0.333219 0.591733 -0.579921
1678843054299 -0.543672 -0.262907 -6.439721 0.453581 0.323806 0.582539 -0.591660
1678843054342 -0.552878 -0.267018 -6.477356 0.458540 0.319616 0.577869 -0.594689
1678843054401 -0.568070 -0.273625 -6.539564 0.466107 0.311731 0.570578 -0.600007
1678843054454 -0.576571 -0.275160 -6.574440 0.466957 0.307426 0.570710 -0.601440
1678843054494 -0.594912 -0.269646 -6.643709 0.471450 0.296858 0.571991 -0.602027
1678843054537 -0.605117 -0.265357 -6.679460 0.472459 0.292939 0.571991 -0.603154
1678843054642 -0.630138 -0.248442 -6.761494 0.461990 0.293876 0.575618 -0.607343
1678843054666 -0.636402 -0.248211 -6.790918 0.463651 0.293633 0.583121 -0.598980
1678843054718 -0.642569 -0.250269 -6.820394 0.468876 0.294019 0.589520 -0.588366
1678843054752 -0.656012 -0.256556 -6.872850 0.475568 0.293489 0.590844 -0.581896
1678843054797 -0.664385 -0.260592 -6.902286 0.480175 0.289573 0.590390 -0.580534
1678843054852 -0.672670 -0.266985 -6.939777 0.485122 0.286713 0.586421 -0.581861
1678843054903 -0.692297 -0.282454 -7.001245 0.495074 0.280371 0.575830 -0.587123
1678843054962 -0.713194 -0.300711 -7.065686 0.503307 0.263708 0.568116 -0.595302
1678843055012 -0.724844 -0.310398 -7.097744 0.509489 0.253346 0.562501 -0.599857
1678843055059 -0.745232 -0.327864 -7.161663 0.514712 0.232959 0.550797 -0.614348
1678843055107 -0.758186 -0.335153 -7.193786 0.528507 0.224201 0.539590 -0.615838
1678843055152 -0.769950 -0.338005 -7.222307 0.542453 0.220066 0.525167 -0.617670
1678843055207 -0.783443 -0.335440 -7.249239 0.546283 0.212256 0.515314 -0.625278
1678843055242 -0.809643 -0.325952 -7.297983 0.549255 0.203532 0.502599 -0.635836
1678843055303 -0.831490 -0.320309 -7.340956 0.555040 0.202641 0.507074 -0.627489
1678843055349 -0.845222 -0.318194 -7.363805 0.557800 0.199015 0.507483 -0.625871
1678843055390 -0.880068 -0.321122 -7.418030 0.557778 0.196585 0.501786 -0.631228
1678843055432 -0.895656 -0.323006 -7.440951 0.555515 0.197458 0.499609 -0.634669
1678843055469 -0.913976 -0.326643 -7.471370 0.550009 0.197753 0.500587 -0.638590
1678843055552 -0.954527 -0.334628 -7.535185 0.534638 0.196205 0.511736 -0.643267
1678843055576 -0.972410 -0.335174 -7.570205 0.529908 0.200097 0.517433 -0.641422
1678843055636 -1.011195 -0.333233 -7.642112 0.537310 0.205422 0.519654 -0.631711
1678843055681 -1.029727 -0.325671 -7.670466 0.528368 0.206710 0.522130 -0.636771
1678843055735 -1.064231 -0.314652 -7.721585 0.520418 0.210251 0.532375 -0.633669
1678843055780 -1.083503 -0.312895 -7.741371 0.513754 0.216378 0.535062 -0.634780
1678843055829 -1.117216 -0.312266 -7.781858 0.506365 0.220967 0.540484 -0.634543
1678843055877 -1.136713 -0.318097 -7.807054 0.509782 0.220977 0.542649 -0.629939
1678843055923 -1.156895 -0.325094 -7.832498 0.512026 0.221240 0.541197 -0.629276
1678843055968 -1.196741 -0.342393 -7.881421 0.516094 0.223968 0.529791 -0.634670
1678843056014 -1.216066 -0.351302 -7.907933 0.518613 0.224980 0.526252 -0.635203
1678843056066 -1.249906 -0.365689 -7.958674 0.524699 0.224688 0.529181 -0.627832
1678843056119 -1.267996 -0.371603 -7.984813 0.530896 0.225694 0.530198 -0.621371
1678843056145 -1.288255 -0.375573 -8.010462 0.547732 0.220266 0.526933 -0.611403
1678843056212 -1.326909 -0.367731 -8.063673 0.556867 0.211682 0.523950 -0.608741
1678843056244 -1.346030 -0.361031 -8.083585 0.551193 0.208717 0.524764 -0.614204
1678843056302 -1.385417 -0.354470 -8.131330 0.558739 0.209271 0.514693 -0.615717
1678843056337 -1.406549 -0.351342 -8.154595 0.561153 0.200317 0.514236 -0.616880
1678843056378 -1.425917 -0.347712 -8.179292 0.563730 0.192148 0.510369 -0.620332
1678843056432 -1.463460 -0.343684 -8.233132 0.560395 0.185711 0.497726 -0.635404
1678843056491 -1.479511 -0.343311 -8.259705 0.556863 0.182212 0.499491 -0.638131
1678843056534 -1.511080 -0.348956 -8.319309 0.549625 0.179017 0.511654 -0.635669
1678843056576 -1.522402 -0.353273 -8.350144 0.542094 0.186586 0.518679 -0.634264
1678843056629 -1.533405 -0.361998 -8.413610 0.519431 0.209775 0.549088 -0.620233
1678843056676 -1.535288 -0.366023 -8.446116 0.504642 0.226722 0.568296 -0.609076
1678843056711 -1.535488 -0.368855 -8.478573 0.495869 0.243943 0.585482 -0.593141
1678843056774 -1.542157 -0.367262 -8.556980 0.457662 0.282767 0.615564 -0.575908
1678843056816 -1.536336 -0.366741 -8.585602 0.447372 0.299688 0.629641 -0.559997
1678843056860 -1.527408 -0.365339 -8.657689 0.419098 0.329360 0.657727 -0.532235
1678843056932 -1.500731 -0.365842 -8.704038 0.380097 0.351571 0.686919 -0.509967
1678843056965 -1.486498 -0.369870 -8.728755 0.368061 0.365138 0.694298 -0.499155
1678843057012 -1.469734 -0.375734 -8.753313 0.356267 0.378422 0.701248 -0.487978
1678843057065 -1.429127 -0.387083 -8.799057 0.325569 0.397526 0.720914 -0.465038
1678843057130 -1.411566 -0.391513 -8.826729 0.310490 0.406618 0.727485 -0.457191
1678843057154 -1.386237 -0.392005 -8.847133 0.295167 0.419517 0.729707 -0.452117
1678843057205 -1.333259 -0.380126 -8.883556 0.267246 0.453904 0.714868 -0.459908
1678843057253 -1.283231 -0.362908 -8.917497 0.228381 0.489847 0.698072 -0.469667
1678843057310 -1.256202 -0.357833 -8.928262 0.204246 0.502088 0.699137 -0.466260
1678843057337 -1.228982 -0.358310 -8.939625 0.189201 0.510120 0.705023 -0.454888
1678843057400 -1.174881 -0.366018 -8.962016 0.176216 0.516165 0.722758 -0.424432
1678843057439 -1.147285 -0.366162 -8.969412 0.167850 0.522044 0.727188 -0.412909
1678843057472 -1.123378 -0.367787 -8.977532 0.152978 0.531844 0.728212 -0.404286
1678843057534 -1.073721 -0.373805 -8.992741 0.124299 0.546694 0.731129 -0.388749
1678843057575 -1.047006 -0.378329 -8.998778 0.110737 0.557073 0.731224 -0.377782
1678843057612 -1.019111 -0.382963 -9.004769 0.100250 0.565985 0.731945 -0.365879
1678843057662 -0.961823 -0.382356 -9.011496 0.073039 0.578532 0.733659 -0.348870
1678843057722 -0.931632 -0.383019 -9.014959 0.053491 0.584062 0.734826 -0.340648
1678843057748 -0.894934 -0.376514 -9.017207 0.032279 0.583443 0.740548 -0.331875
1678843057806 -0.833280 -0.372230 -9.022554 -0.012653 0.590732 0.742143 -0.316385
1678843057838 -0.802437 -0.370430 -9.026162 -0.024227 0.602311 0.738630 -0.301760
1678843057876 -0.769864 -0.368643 -9.028228 -0.029824 0.604209 0.743097 -0.286093
1678843057938 -0.714303 -0.359302 -9.022884 -0.083332 0.627719 0.730235 -0.256478
1678843057981 -0.686031 -0.359934 -9.017384 -0.105788 0.637841 0.726664 -0.232223
1678843058016 -0.656840 -0.365687 -9.009110 -0.116555 0.637170 0.735522 -0.198587
1678843058070 -0.603051 -0.370218 -8.989047 -0.159507 0.640459 0.736546 -0.147883
1678843058164 -0.587122 -0.369377 -8.976511 -0.179640 0.640731 0.734182 -0.134791
1678843058189 -0.519794 -0.373946 -8.948769 -0.206512 0.661368 0.713541 -0.103944
1678843058253 -0.475702 -0.374051 -8.941951 -0.208960 0.664125 0.711105 -0.097996
1678843058269 -0.450100 -0.379010 -8.933898 -0.211239 0.667489 0.707836 -0.093838
1678843058330 -0.396840 -0.387356 -8.920862 -0.216334 0.669269 0.704466 -0.094896
1678843058369 -0.361198 -0.387176 -8.918044 -0.218395 0.668284 0.704148 -0.099376
1678843058420 -0.333919 -0.387649 -8.913993 -0.222195 0.669159 0.701495 -0.103733
1678843058469 -0.273247 -0.384680 -8.907053 -0.212002 0.667287 0.707063 -0.099229
1678843058527 -0.219622 -0.376363 -8.895630 -0.211646 0.666219 0.709465 -0.089542
1678843058558 -0.190263 -0.370580 -8.889668 -0.222593 0.666873 0.705597 -0.088688
1678843058595 -0.165140 -0.365527 -8.883140 -0.231517 0.663104 0.706404 -0.087671
1678843058657 -0.109415 -0.355877 -8.875274 -0.233798 0.655221 0.712569 -0.090939
1678843058706 -0.083490 -0.351230 -8.873377 -0.229801 0.654386 0.713604 -0.098687
1678843058755 -0.035276 -0.343117 -8.873059 -0.227688 0.657623 0.708683 -0.116015
1678843058809 -0.010388 -0.340884 -8.873360 -0.226016 0.658842 0.706970 -0.122627
1678843058859 0.015875 -0.341409 -8.873472 -0.222768 0.659190 0.707049 -0.126194
1678843058902 0.068962 -0.346926 -8.874043 -0.220223 0.656265 0.709616 -0.131386
1678843058952 0.126796 -0.355437 -8.873847 -0.212779 0.653643 0.714088 -0.132491
1678843059009 0.155874 -0.359517 -8.874681 -0.210026 0.654495 0.713682 -0.134848
1678843059063 0.213268 -0.368138 -8.874594 -0.212036 0.655427 0.711324 -0.139549
1678843059124 0.275328 -0.374550 -8.870121 -0.219968 0.651509 0.713633 -0.133707
1678843059160 0.307506 -0.376982 -8.865543 -0.220102 0.643453 0.722262 -0.125944
1678843059198 0.337894 -0.375834 -8.859229 -0.215634 0.636078 0.732140 -0.113478
1678843059299 0.383615 -0.358541 -8.841679 -0.257936 0.645766 0.711718 -0.099560
1678843059336 0.426012 -0.353561 -8.818865 -0.287073 0.639272 0.710056 -0.068851
1678843059364 0.453125 -0.354622 -8.806715 -0.291677 0.633719 0.714735 -0.049783
1678843059425 0.492364 -0.351740 -8.782824 -0.307557 0.636487 0.706617 -0.031393
1678843059464 0.507412 -0.349401 -8.769494 -0.316271 0.639493 0.700293 -0.024711
1678843059527 0.527551 -0.346609 -8.742059 -0.330769 0.647620 0.686157 -0.019193
1678843059556 0.539637 -0.345915 -8.728412 -0.335050 0.651623 0.680345 -0.016085
1678843059625 0.551636 -0.346628 -8.714509 -0.337676 0.654110 0.676706 -0.013566
1678843059643 0.565998 -0.347776 -8.701812 -0.337334 0.657841 0.673273 -0.012422
1678843059682 0.590976 -0.353784 -8.671834 -0.336848 0.664292 0.667246 -0.005732
1678843059743 0.608269 -0.358718 -8.653851 -0.339616 0.664063 0.666093 0.000189
1678843059797 0.621744 -0.363725 -8.635755 -0.343570 0.661835 0.666266 0.004839
1678843059824 0.651239 -0.372871 -8.596621 -0.354715 0.657049 0.665057 0.012801
1678843059874 0.665679 -0.371903 -8.577035 -0.359410 0.655849 0.663705 0.013481
1678843059909 0.683568 -0.373749 -8.555199 -0.361378 0.656348 0.662161 0.012493
1678843059967 0.720994 -0.374575 -8.509293 -0.364854 0.664834 0.651762 0.009144
1678843060010 0.740373 -0.375573 -8.484268 -0.365459 0.668265 0.647919 0.007823
1678843060057 0.762740 -0.377323 -8.457844 -0.361078 0.668011 0.650578 0.011496
1678843060103 0.803140 -0.378686 -8.406682 -0.337694 0.669878 0.660981 0.018201
1678843060162 0.835917 -0.374635 -8.361203 -0.329643 0.676781 0.657688 0.027375
1678843060216 0.849514 -0.371146 -8.342443 -0.332325 0.674348 0.658848 0.027117
1678843060258 0.876450 -0.367283 -8.311466 -0.339412 0.667817 0.662162 0.018980
1678843060305 0.891224 -0.365727 -8.299213 -0.337567 0.669026 0.661913 0.018000
1678843060357 0.922151 -0.368070 -8.276595 -0.333453 0.668705 0.664446 0.012421
1678843060404 0.939147 -0.372802 -8.264167 -0.326724 0.667598 0.668810 0.016077
1678843060435 0.962230 -0.377760 -8.246619 -0.323241 0.665903 0.672141 0.017765
1678843060496 0.980096 -0.382534 -8.233701 -0.322735 0.665523 0.672724 0.019054
1678843060530 1.011524 -0.388852 -8.212971 -0.320929 0.667628 0.671398 0.022427
1678843060605 1.056327 -0.396347 -8.192053 -0.320701 0.674308 0.664672 0.025893
1678843060644 1.082199 -0.400562 -8.179388 -0.321659 0.675868 0.662495 0.028967
1678843060690 1.107713 -0.404680 -8.169221 -0.326322 0.675499 0.660372 0.033511
1678843060727 1.159716 -0.410647 -8.149175 -0.339190 0.679698 0.648464 0.049540
1678843060771 1.186292 -0.413508 -8.138239 -0.345371 0.667766 0.656927 0.057048
1678843060804 1.213431 -0.416225 -8.127593 -0.345986 0.650920 0.672616 0.064684
1678843060869 1.262694 -0.410414 -8.110662 -0.352572 0.653709 0.665310 0.075635
1678843060919 1.284907 -0.406801 -8.100032 -0.367697 0.645262 0.665485 0.074597
1678843060961 1.327306 -0.404045 -8.073750 -0.380714 0.636404 0.665524 0.084413
1678843061008 1.346731 -0.401884 -8.059106 -0.386256 0.636486 0.661864 0.087338
1678843061072 1.380447 -0.402395 -8.023640 -0.391915 0.636344 0.657709 0.094269
1678843061096 1.394510 -0.402414 -8.004037 -0.393711 0.637586 0.654889 0.097961
1678843061156 1.403408 -0.398516 -7.987850 -0.395284 0.642879 0.648309 0.100758
1678843061185 1.422448 -0.400421 -7.939860 -0.404328 0.641132 0.641773 0.116600
1678843061248 1.429239 -0.399234 -7.914268 -0.420218 0.639222 0.631388 0.127130
1678843061301 1.439820 -0.398549 -7.858120 -0.460435 0.619535 0.620928 0.136469
1678843061345 1.446667 -0.397790 -7.829137 -0.472168 0.613741 0.617099 0.139886
1678843061388 1.454630 -0.393306 -7.800597 -0.476999 0.614180 0.612879 0.140121
1678843061438 1.470275 -0.382327 -7.742448 -0.485554 0.616046 0.605159 0.136039
1678843061497 1.479289 -0.373705 -7.683659 -0.506254 0.614292 0.591108 0.130171
1678843061541 1.484670 -0.374783 -7.652339 -0.507424 0.604087 0.599744 0.133820
1678843061574 1.485603 -0.375133 -7.620957 -0.509567 0.603382 0.595619 0.146660
1678843061632 1.476972 -0.374937 -7.557738 -0.524106 0.594900 0.582079 0.180528
1678843061669 1.469855 -0.376040 -7.526636 -0.532010 0.586774 0.577829 0.196914
1678843061711 1.461123 -0.373040 -7.497386 -0.542530 0.587231 0.563158 0.208983
1678843061763 1.441325 -0.365768 -7.440507 -0.561379 0.592821 0.531594 0.225442
1678843061814 1.431685 -0.364092 -7.412392 -0.569027 0.595553 0.514791 0.237728
1678843061855 1.411266 -0.367053 -7.355381 -0.585967 0.590263 0.489934 0.261145
1678843061931 1.389246 -0.370611 -7.297939 -0.606040 0.583008 0.460158 0.284731
1678843061969 1.376661 -0.373354 -7.270020 -0.618318 0.576774 0.445042 0.294877
1678843062029 1.348744 -0.382266 -7.216479 -0.640622 0.566707 0.407553 0.319917
1678843062055 1.332718 -0.383078 -7.190760 0.652109 -0.560978 -0.387131 -0.331944
1678843062099 1.315271 -0.382978 -7.166464 0.662859 -0.555680 -0.362656 -0.346871
1678843062166 1.278319 -0.387744 -7.119601 0.685748 -0.533196 -0.321930 -0.376580
1678843062200 1.258292 -0.386452 -7.101945 0.694871 -0.523915 -0.294909 -0.394584
1678843062239 1.236558 -0.385272 -7.087824 0.704659 -0.511616 -0.268986 -0.411522
1678843062321 1.192425 -0.383473 -7.060224 0.723641 -0.473543 -0.243069 -0.439339
1678843062364 1.156447 -0.374204 -7.044994 0.730106 -0.462816 -0.197080 -0.462499
1678843062425 1.139775 -0.370290 -7.038522 0.730757 -0.460290 -0.177640 -0.471774
1678843062469 1.102888 -0.366462 -7.019849 0.726068 -0.453587 -0.155255 -0.492930
1678843062523 1.068429 -0.373625 -7.011093 0.722534 -0.440386 -0.142377 -0.513550
1678843062571 1.050511 -0.379170 -7.008952 0.722649 -0.430324 -0.138107 -0.522998
1678843062621 1.032274 -0.384938 -7.008632 0.723490 -0.419568 -0.130884 -0.532348
1678843062658 1.013101 -0.391308 -7.009654 0.726347 -0.406775 -0.122381 -0.540348
1678843062727 0.974016 -0.405595 -7.018348 0.736062 -0.378070 -0.104475 -0.551689
1678843062764 0.924988 -0.419409 -7.019553 0.746355 -0.350537 -0.095122 -0.557701
1678843062824 0.872307 -0.424884 -7.027638 0.752704 -0.333104 -0.078169 -0.562467
1678843062854 0.841220 -0.425242 -7.026876 0.752617 -0.329926 -0.067327 -0.565848
1678843062909 0.808264 -0.425068 -7.025050 0.750706 -0.328819 -0.057688 -0.570079
1678843062946 0.769348 -0.419771 -7.021832 0.750503 -0.326330 -0.058332 -0.571710
1678843063005 0.698149 -0.419814 -7.012678 0.750662 -0.316278 -0.074953 -0.575202
1678843063042 0.664151 -0.406639 -7.012682 0.744831 -0.315430 -0.070216 -0.583782
1678843063111 0.602392 -0.396386 -7.009414 0.744744 -0.310879 -0.052667 -0.588164
1678843063137 0.576158 -0.400999 -7.004891 0.748730 -0.308398 -0.047938 -0.584804
1678843063179 0.549524 -0.397560 -7.000305 0.748275 -0.308387 -0.046851 -0.585480
1678843063243 0.501541 -0.393252 -6.987980 0.748019 -0.310021 -0.046017 -0.585010
1678843063297 0.451861 -0.393607 -6.975570 0.750351 -0.308198 -0.036331 -0.583667
1678843063354 0.421623 -0.402937 -6.964656 0.754793 -0.306449 -0.030053 -0.579201
1678843063386 0.395194 -0.405965 -6.956355 0.758203 -0.306036 -0.024331 -0.575220
1678843063454 0.336459 -0.413619 -6.936224 0.755757 -0.306683 -0.015762 -0.578384
1678843063506 0.279134 -0.416245 -6.918502 0.751860 -0.309018 0.000458 -0.582421
1678843063563 0.220100 -0.415392 -6.901122 0.752839 -0.298181 -0.011338 -0.586679
1678843063590 0.193119 -0.411435 -6.894303 0.749210 -0.298739 -0.001544 -0.591132
1678843063629 0.164038 -0.407497 -6.888030 0.749092 -0.295227 0.008514 -0.592984
1678843063706 0.109622 -0.411434 -6.874415 0.764590 -0.275578 0.006179 -0.582598
1678843063743 0.082184 -0.415535 -6.864512 0.763017 -0.273492 0.001613 -0.585665
1678843063806 0.034300 -0.416723 -6.848465 0.759101 -0.275259 0.002082 -0.589909
1678843063834 0.010400 -0.419787 -6.840062 0.757449 -0.275707 -0.002758 -0.591818
1678843063897 -0.013182 -0.424721 -6.830914 0.757230 -0.277037 -0.009906 -0.591401
1678843063943 -0.057747 -0.427547 -6.812909 0.756543 -0.283783 -0.025309 -0.588616
1678843063969 -0.081835 -0.431747 -6.801934 0.755519 -0.289436 -0.033932 -0.586742
1678843064038 -0.125247 -0.440374 -6.777723 0.755356 -0.307164 -0.053448 -0.576394
1678843064096 -0.173054 -0.444331 -6.747202 0.751689 -0.334506 -0.076804 -0.563180
1678843064157 -0.199974 -0.443506 -6.732663 0.750437 -0.341583 -0.102343 -0.556499
1678843064177 -0.223828 -0.445929 -6.714528 0.746937 -0.344045 -0.137818 -0.552018
1678843064241 -0.255616 -0.434663 -6.688875 0.733315 -0.369414 -0.156962 -0.548768
1678843064289 -0.275067 -0.428372 -6.677858 0.737644 -0.373871 -0.159574 -0.539108
1678843064344 -0.293173 -0.421015 -6.665391 0.735923 -0.380281 -0.164255 -0.535560
1678843064377 -0.324028 -0.405358 -6.632917 0.727136 -0.407631 -0.176098 -0.523546
1678843064448 -0.362911 -0.391486 -6.593799 0.715887 -0.434014 -0.192008 -0.512123
1678843064487 -0.387244 -0.384698 -6.552653 0.707208 -0.458615 -0.206118 -0.497036
1678843064525 -0.398135 -0.383354 -6.529843 0.701242 -0.470184 -0.215733 -0.490556
1678843064575 -0.414203 -0.382901 -6.505194 0.695983 -0.481819 -0.227070 -0.481557
1678843064626 -0.431331 -0.384461 -6.455277 0.684876 -0.501760 -0.243887 -0.468723
1678843064676 -0.440321 -0.387580 -6.428601 0.681447 -0.508180 -0.252073 -0.462431
1678843064726 -0.456381 -0.397249 -6.373274 0.675868 -0.511636 -0.270329 -0.456458
1678843064769 -0.456814 -0.404412 -6.346448 0.673769 -0.508951 -0.281223 -0.455980
1678843064834 -0.473189 -0.413718 -6.284441 0.671277 -0.488770 -0.315601 -0.459225
1678843064866 -0.478539 -0.412417 -6.252934 0.664268 -0.486937 -0.324039 -0.465444
1678843064911 -0.484359 -0.407072 -6.223857 0.661397 -0.486591 -0.323417 -0.470303
1678843064961 -0.501532 -0.398340 -6.166355 0.665581 -0.476674 -0.320377 -0.476595
1678843065016 -0.509411 -0.394868 -6.139427 0.673801 -0.467562 -0.321849 -0.473066
1678843065052 -0.518693 -0.392576 -6.112357 0.679439 -0.463295 -0.325280 -0.466812
1678843065103 -0.528350 -0.373799 -6.063221 0.676586 -0.473045 -0.326050 -0.460598
1678843065165 -0.539411 -0.351430 -6.012863 0.674603 -0.487400 -0.325166 -0.449021
1678843065196 -0.542062 -0.344052 -5.990994 0.674809 -0.492479 -0.326792 -0.441933
1678843065247 -0.543886 -0.338544 -5.969133 0.675589 -0.496605 -0.329832 -0.433790
1678843065289 -0.540716 -0.334841 -5.952246 0.675398 -0.501173 -0.333590 -0.425887
1678843065343 -0.539875 -0.331646 -5.908828 0.675841 -0.505410 -0.345442 -0.410450
1678843065388 -0.536251 -0.332065 -5.891309 0.675809 -0.505742 -0.353546 -0.403127
1678843065448 -0.530538 -0.330902 -5.847813 0.675870 -0.509676 -0.371489 -0.381347
1678843065476 -0.525393 -0.328780 -5.824122 0.667701 -0.510238 -0.394107 -0.372171
1678843065537 -0.511902 -0.318612 -5.782949 0.645215 -0.533162 -0.408519 -0.364072
1678843065570 -0.505861 -0.314733 -5.763509 0.646115 -0.539494 -0.409748 -0.351550
1678843065643 -0.490827 -0.314436 -5.720508 -0.638342 0.547007 0.425868 0.334572
1678843065675 -0.482373 -0.315923 -5.699405 -0.627463 0.553332 0.437020 0.330344
1678843065727 -0.463076 -0.317301 -5.653469 -0.618058 0.564709 0.446026 0.316495
1678843065766 -0.456354 -0.317793 -5.628464 -0.618065 0.567564 0.446559 0.310566
1678843065839 -0.437894 -0.324478 -5.577573 -0.628895 0.564175 0.445075 0.296825
1678843065871 -0.427953 -0.327447 -5.550475 -0.636258 0.560513 0.442048 0.292566
1678843065908 -0.420033 -0.330571 -5.524336 -0.645119 0.558142 0.432115 0.292533
1678843065974 -0.412350 -0.334497 -5.494618 -0.657245 0.549124 0.425883 0.291746
1678843066024 -0.393570 -0.340043 -5.412799 0.651241 -0.532008 -0.431504 -0.326583
1678843066075 -0.391466 -0.340261 -5.388116 0.659351 -0.525747 -0.420258 -0.335008
1678843066127 -0.396246 -0.341108 -5.341099 0.680310 -0.505652 -0.400672 -0.347788
1678843066199 -0.400298 -0.339869 -5.285609 0.685758 -0.502980 -0.387365 -0.355944
1678843066242 -0.403510 -0.340290 -5.256016 0.685833 -0.504610 -0.382166 -0.359098
1678843066334 -0.413974 -0.347363 -5.192196 0.687342 -0.502041 -0.376647 -0.365586
1678843066347 -0.419632 -0.351555 -5.161732 0.688050 -0.501253 -0.373567 -0.368483
1678843066383 -0.430341 -0.354217 -5.094652 0.695781 -0.499924 -0.364497 -0.364838
1678843066456 -0.435766 -0.354534 -5.060072 0.700696 -0.498771 -0.361179 -0.360281
1678843066497 -0.446597 -0.350175 -4.992868 0.704576 -0.500908 -0.359717 -0.351095
1678843066540 -0.452550 -0.347140 -4.958080 0.703684 -0.503009 -0.361215 -0.348331
1678843066576 -0.458096 -0.343170 -4.922798 0.698627 -0.503428 -0.371518 -0.347065
1678843066630 -0.473971 -0.331580 -4.860503 0.686323 -0.513712 -0.369415 -0.358599
1678843066669 -0.481296 -0.324639 -4.832500 0.686009 -0.516116 -0.366594 -0.358643
1678843066728 -0.489893 -0.322458 -4.803124 0.684173 -0.517172 -0.366834 -0.360379
1678843066771 -0.504785 -0.322142 -4.744595 0.672121 -0.524629 -0.371721 -0.367207
1678843066835 -0.520599 -0.326491 -4.686645 0.665408 -0.530178 -0.375243 -0.367881
1678843066871 -0.529599 -0.330454 -4.651855 0.661286 -0.533741 -0.375087 -0.370313
1678843066911 -0.538164 -0.334705 -4.621207 0.659558 -0.536103 -0.373834 -0.371247
1678843066968 -0.557400 -0.344709 -4.554278 0.655408 -0.536806 -0.376157 -0.375213
1678843067033 -0.577123 -0.352543 -4.484870 0.654595 -0.536036 -0.372480 -0.381351
1678843067070 -0.584849 -0.356034 -4.451899 0.654234 -0.536813 -0.367754 -0.385442
1678843067104 -0.594886 -0.354711 -4.416217 0.653981 -0.539910 -0.358712 -0.390040
1678843067167 -0.614451 -0.350137 -4.342782 0.654527 -0.535572 -0.356306 -0.397245
1678843067230 -0.638725 -0.340010 -4.272834 0.661012 -0.534137 -0.335045 -0.406823
1678843067267 -0.651450 -0.337413 -4.237978 0.669660 -0.523514 -0.333841 -0.407479
1678843067329 -0.680514 -0.333498 -4.172668 0.684532 -0.504658 -0.326634 -0.412367
1678843067364 -0.694303 -0.331813 -4.139284 0.692165 -0.501649 -0.315033 -0.412323
1678843067400 -0.708808 -0.330462 -4.108418 0.698977 -0.497214 -0.307134 -0.412163
1678843067461 -0.737909 -0.332821 -4.044466 0.707189 -0.494621 -0.296678 -0.408920
1678843067512 -0.753178 -0.336281 -4.010819 0.707023 -0.495391 -0.296424 -0.408459
1678843067555 -0.783162 -0.341764 -3.947308 0.703105 -0.502881 -0.294596 -0.407391
1678843067596 -0.800247 -0.346386 -3.914163 0.699610 -0.507534 -0.295947 -0.406657
1678843067642 -0.818247 -0.350604 -3.882824 0.695763 -0.509451 -0.302002 -0.406408
1678843067711 -0.858176 -0.362168 -3.817943 0.685405 -0.498958 -0.336746 -0.409712
1678843067769 -0.897404 -0.357364 -3.779738 0.684753 -0.501199 -0.321611 -0.420094
1678843067828 -0.940918 -0.354741 -3.730090 0.699835 -0.484554 -0.311255 -0.422562
1678843067866 -0.960138 -0.364150 -3.712511 0.700723 -0.475281 -0.318200 -0.426432
1678843067928 -0.999142 -0.365659 -3.663768 0.695525 -0.474292 -0.313075 -0.439632
1678843067973 -1.019233 -0.366482 -3.639690 0.697121 -0.473939 -0.307897 -0.441139
1678843068040 -1.039346 -0.368479 -3.615120 0.696438 -0.475943 -0.301465 -0.444490
1678843068067 -1.080207 -0.378748 -3.557247 0.692433 -0.476435 -0.298343 -0.452259
1678843068137 -1.123324 -0.391795 -3.500337 0.689294 -0.471871 -0.296534 -0.462903
1678843068175 -1.146909 -0.398058 -3.471694 0.692706 -0.464810 -0.293013 -0.467176
1678843068267 -1.195449 -0.402906 -3.414466 0.705185 -0.446622 -0.277181 -0.475830
1678843068279 -1.221424 -0.400895 -3.382161 0.708114 -0.438116 -0.274883 -0.480696
1678843068343 -1.266137 -0.384996 -3.326115 0.707466 -0.436180 -0.247383 -0.498037
1678843068390 -1.289896 -0.375030 -3.298378 0.712988 -0.434105 -0.224972 -0.502582
1678843068441 -1.334000 -0.371963 -3.247822 0.734059 -0.404248 -0.210983 -0.503218
1678843068496 -1.376697 -0.371847 -3.195651 0.746036 -0.388938 -0.192178 -0.505198
1678843068555 -1.396564 -0.371783 -3.170512 0.753575 -0.384871 -0.180077 -0.501570
1678843068596 -1.436591 -0.377798 -3.114052 0.767409 -0.380086 -0.161289 -0.490514
1678843068643 -1.452732 -0.380878 -3.087124 0.768710 -0.380642 -0.159733 -0.488551
1678843068695 -1.489299 -0.393765 -3.023391 0.762761 -0.386613 -0.169336 -0.489950
1678843068741 -1.512747 -0.399203 -2.985344 0.760193 -0.390458 -0.181193 -0.486639
1678843068785 -1.549291 -0.410514 -2.923588 0.746862 -0.390310 -0.208629 -0.496315
1678843068862 -1.606544 -0.406776 -2.847162 0.738424 -0.391366 -0.230638 -0.498367
1678843068900 -1.625347 -0.399547 -2.822860 0.733348 -0.396258 -0.222378 -0.505695
1678843068936 -1.644475 -0.394339 -2.799425 0.734266 -0.395662 -0.212947 -0.508880
1678843068997 -1.680472 -0.397078 -2.746953 0.735488 -0.393496 -0.225970 -0.503145
1678843069044 -1.699032 -0.396155 -2.717957 0.727282 -0.400771 -0.231155 -0.506962
1678843069082 -1.715462 -0.396031 -2.688736 0.720689 -0.408973 -0.236003 -0.507593
1678843069131 -1.746824 -0.399605 -2.626564 0.711593 -0.428458 -0.246241 -0.499423
1678843069195 -1.769972 -0.403594 -2.573241 0.701971 -0.442508 -0.256463 -0.495631
1678843069243 -1.780782 -0.408934 -2.546646 0.698171 -0.446282 -0.261994 -0.494721
1678843069286 -1.796977 -0.415145 -2.513582 0.696932 -0.446670 -0.264365 -0.494856
1678843069333 -1.820689 -0.422281 -2.458389 0.703290 -0.439183 -0.265478 -0.491958
1678843069390 -1.848406 -0.413345 -2.389024 0.707178 -0.441576 -0.273178 -0.479879
1678843069462 -1.876470 -0.401652 -2.313020 0.695142 -0.450995 -0.267352 -0.491837
1678843069499 -1.890242 -0.400732 -2.279389 0.698367 -0.440148 -0.278523 -0.490894
1678843069552 -1.899621 -0.398367 -2.249638 0.704646 -0.431649 -0.283741 -0.486461
1678843069611 -1.924068 -0.388886 -2.189825 0.718339 -0.430138 -0.273281 -0.473591
1678843069654 -1.945188 -0.387004 -2.127319 0.722527 -0.435954 -0.279771 -0.457851
1678843069698 -1.950204 -0.388527 -2.101489 0.720563 -0.439680 -0.293541 -0.448669
1678843069740 -1.959756 -0.392096 -2.070195 0.716203 -0.444681 -0.308378 -0.440698
1678843069799 -1.983875 -0.398938 -2.005059 0.706180 -0.462713 -0.328519 -0.423417
1678843069855 -1.994776 -0.403786 -1.978697 0.699610 -0.470358 -0.339593 -0.417116
1678843069894 -2.016512 -0.414855 -1.934132 0.684581 -0.471345 -0.390750 -0.395599
1678843069936 -2.028790 -0.414239 -1.914191 0.667672 -0.483231 -0.397830 -0.403029
1678843069990 -2.041299 -0.411354 -1.901766 0.656345 -0.492349 -0.392114 -0.415992
1678843070029 -2.074774 -0.416505 -1.868220 0.669124 -0.470336 -0.403586 -0.410092
1678843070088 -2.085248 -0.413603 -1.861129 0.666115 -0.470889 -0.402342 -0.415541
1678843070129 -2.110543 -0.406928 -1.826045 0.661325 -0.480596 -0.395493 -0.418642
1678843070203 -2.132758 -0.407798 -1.788038 0.655652 -0.485844 -0.394712 -0.422232
1678843070241 -2.143795 -0.410159 -1.767858 0.653698 -0.486531 -0.397040 -0.422287
1678843070286 -2.161798 -0.412886 -1.736308 0.649142 -0.488576 -0.395926 -0.427960
1678843070333 -2.172393 -0.416196 -1.715311 0.649406 -0.488936 -0.394095 -0.428839
1678843070395 -2.189622 -0.428070 -1.667520 0.645570 -0.488034 -0.396541 -0.433378
1678843070436 -2.198411 -0.433392 -1.641775 0.645968 -0.484748 -0.399869 -0.433415
1678843070497 -2.204384 -0.438931 -1.614737 0.647479 -0.478358 -0.404432 -0.434026
1678843070532 -2.226894 -0.436865 -1.561526 0.654776 -0.473821 -0.394877 -0.436845
1678843070588 -2.234302 -0.432595 -1.536094 0.655020 -0.475703 -0.395488 -0.433872
1678843070630 -2.248814 -0.417338 -1.484513 0.632213 -0.500578 -0.383661 -0.450037
1678843070679 -2.252198 -0.413460 -1.461031 0.627089 -0.502334 -0.387982 -0.451541
1678843070741 -2.257010 -0.404886 -1.418541 0.621451 -0.507639 -0.393809 -0.448347
1678843070776 -2.256876 -0.399570 -1.397098 0.619869 -0.515735 -0.389441 -0.445102
1678843070824 -2.248929 -0.398574 -1.359445 0.614022 -0.513282 -0.413301 -0.434397
1678843070871 -2.242984 -0.397596 -1.341072 0.609970 -0.520041 -0.419191 -0.426348
1678843070906 -2.233841 -0.395177 -1.322665 0.606315 -0.528271 -0.425818 -0.414717
1678843070963 -2.210178 -0.396093 -1.282758 -0.582935 0.548180 0.454789 0.390963
1678843071002 -2.199023 -0.400004 -1.254550 -0.565014 0.556174 0.474213 0.382820
1678843071100 -2.176634 -0.408289 -1.213251 -0.538280 0.566937 0.507493 0.362337
1678843071123 -2.165461 -0.412515 -1.192351 -0.530588 0.573767 0.516001 0.350729
1678843071164 -2.143161 -0.419124 -1.150688 -0.521256 0.582440 0.533514 0.323139
1678843071216 -2.133575 -0.416968 -1.132524 -0.515636 0.591290 0.536501 0.310904
1678843071297 -2.109291 -0.408702 -1.090357 -0.498161 0.615624 0.543639 0.278027
1678843071311 -2.094681 -0.406284 -1.066404 -0.478552 0.616641 0.568005 0.260983
1678843071360 -2.072225 -0.387044 -1.028705 -0.459638 0.633871 0.576006 0.234857
1678843071418 -2.054348 -0.367459 -0.998729 -0.481934 0.628314 0.573493 0.209922
1678843071459 -2.041773 -0.361014 -0.984172 -0.484240 0.622524 0.585106 0.188750
1678843071502 -2.026097 -0.356107 -0.972471 -0.475233 0.621888 0.599756 0.166440
1678843071570 -1.993572 -0.344786 -0.950166 -0.448527 0.636309 0.613247 0.133651
1678843071671 -1.960936 -0.337638 -0.924798 -0.433012 0.641671 0.623815 0.107769
1678843071685 -1.944585 -0.333345 -0.900880 -0.426288 0.641326 0.630341 0.098229
1678843071740 -1.909740 -0.328992 -0.868131 -0.412645 0.644584 0.637865 0.085809
1678843071778 -1.891792 -0.327471 -0.855437 -0.411185 0.647502 0.636878 0.077809
1678843071861 -1.853055 -0.325119 -0.823241 -0.408553 0.661377 0.625287 0.068420
1678843071890 -1.810395 -0.336699 -0.785967 -0.402828 0.669297 0.619097 0.080558
1678843071940 -1.791311 -0.339521 -0.765024 -0.407215 0.676420 0.607019 0.090329
1678843071990 -1.772117 -0.340572 -0.743954 -0.417501 0.684476 0.589702 0.097145
1678843072035 -1.724578 -0.340083 -0.703669 -0.435209 0.701274 0.552709 0.115414
1678843072080 -1.700950 -0.345490 -0.688464 -0.441157 0.707299 0.538541 0.122809
1678843072147 -1.634325 -0.354078 -0.653209 -0.423248 0.695519 0.564461 0.136006
1678843072204 -1.566549 -0.346630 -0.640921 -0.408534 0.707086 0.560240 0.138783
1678843072269 -1.502718 -0.340325 -0.638090 -0.411420 0.700383 0.571600 0.116061
1678843072297 -1.469194 -0.340194 -0.639207 -0.401452 0.698872 0.582027 0.107977
1678843072354 -1.401298 -0.338978 -0.640298 -0.381647 0.693844 0.605383 0.080234
1678843072404 -1.368255 -0.339003 -0.644745 -0.368018 0.693859 0.615909 0.061466
1678843072436 -1.335700 -0.339445 -0.650315 -0.355061 0.693019 0.626010 0.042037
1678843072495 -1.262369 -0.342852 -0.657390 -0.325915 0.685343 0.651217 0.000377
1678843072570 -1.181733 -0.347522 -0.665983 -0.287289 0.670823 0.682432 -0.041816
1678843072599 -1.145885 -0.350618 -0.676111 -0.270088 0.662656 0.695374 -0.066290
1678843072639 -1.110347 -0.353252 -0.686900 -0.252566 0.654656 0.706698 -0.090633
1678843072695 -1.040381 -0.356311 -0.707286 -0.214515 0.643385 0.723364 -0.129547
1678843072742 -1.008266 -0.358274 -0.716670 -0.197560 0.639874 0.728167 -0.145958
1678843072794 -0.956171 -0.355393 -0.737370 -0.174976 0.637319 0.728508 -0.180235
1678843072836 -0.929432 -0.354440 -0.742974 -0.167311 0.641743 0.723528 -0.191522
1678843072906 -0.903917 -0.358034 -0.749669 -0.143762 0.637956 0.729857 -0.199134
1678843072951 -0.858035 -0.352493 -0.765612 -0.093086 0.646978 0.724590 -0.218457
1678843072996 -0.822666 -0.329598 -0.784097 -0.084210 0.643579 0.721064 -0.242450
1678843073057 -0.803575 -0.328353 -0.792958 -0.072825 0.638471 0.723940 -0.250922
1678843073084 -0.780973 -0.327652 -0.800516 -0.057898 0.634439 0.724500 -0.263124
1678843073139 -0.737498 -0.329252 -0.825566 -0.018246 0.627882 0.722989 -0.287607
1678843073228 -0.648557 -0.334414 -0.857075 0.011921 0.625882 0.712901 -0.316073
1678843073267 -0.623199 -0.336329 -0.870212 0.017369 0.622923 0.712804 -0.321830
1678843073332 -0.574202 -0.341244 -0.894789 0.018626 0.616636 0.716143 -0.326424
1678843073363 -0.548759 -0.340692 -0.908496 0.010120 0.615910 0.715151 -0.330321
1678843073408 -0.517134 -0.337723 -0.925043 0.004537 0.614684 0.715317 -0.332362
1678843073464 -0.463413 -0.342912 -0.955697 0.022799 0.617882 0.721189 -0.312392
1678843073508 -0.441388 -0.342820 -0.967899 0.019043 0.622903 0.716810 -0.312750
1678843073555 -0.394922 -0.343269 -0.999318 0.022505 0.611540 0.727969 -0.309151
1678843073608 -0.381339 -0.343490 -1.013027 0.029195 0.613471 0.727766 -0.305216
1678843073671 -0.341967 -0.337728 -1.054260 0.030284 0.603722 0.729695 -0.319605
1678843073703 -0.321926 -0.338084 -1.074889 0.035711 0.601579 0.729389 -0.323758
1678843073737 -0.301940 -0.339653 -1.095954 0.041340 0.597750 0.730508 -0.327634
1678843073802 -0.260413 -0.343920 -1.139447 0.060808 0.586751 0.735169 -0.333993
1678843073871 -0.220208 -0.351767 -1.187477 0.076656 0.575097 0.737173 -0.346357
1678843073899 -0.194358 -0.356953 -1.216083 0.086088 0.567260 0.738860 -0.353398
1678843073966 -0.153118 -0.362248 -1.268227 0.103963 0.553811 0.738630 -0.370013
1678843074005 -0.132793 -0.363815 -1.295224 0.114747 0.547387 0.736182 -0.381100
1678843074045 -0.113619 -0.364788 -1.323078 0.138820 0.541598 0.732846 -0.387734
1678843074102 -0.076333 -0.358295 -1.380935 0.180174 0.535013 0.716970 -0.408965
1678843074158 -0.054085 -0.350753 -1.437803 0.212691 0.516257 0.706963 -0.434101
1678843074195 -0.045589 -0.347824 -1.466062 0.230513 0.511043 0.697190 -0.446794
1678843074248 -0.039059 -0.345566 -1.495167 0.244839 0.503069 0.688327 -0.461715
1678843074312 -0.040594 -0.345594 -1.539942 0.271135 0.486625 0.673132 -0.486391
1678843074351 -0.031038 -0.351070 -1.599482 0.290159 0.472758 0.658951 -0.508027
1678843074407 -0.020295 -0.355531 -1.637031 0.300416 0.467607 0.651872 -0.515905
1678843074462 -0.010976 -0.363468 -1.700537 0.317605 0.462323 0.641213 -0.523671
1678843074506 0.004439 -0.365773 -1.741091 0.319128 0.459923 0.640270 -0.526006
1678843074558 0.015995 -0.369591 -1.807837 0.325471 0.451530 0.647585 -0.520407
1678843074607 0.022230 -0.364345 -1.840735 0.332496 0.452587 0.647828 -0.514714
1678843074643 0.027941 -0.359894 -1.870900 0.330594 0.454596 0.646859 -0.515387
1678843074703 0.040235 -0.359497 -1.928176 0.335945 0.450491 0.652981 -0.507754
1678843074756 0.053911 -0.355947 -1.983937 0.346205 0.446777 0.660750 -0.493905
1678843074806 0.061679 -0.353972 -2.016371 0.341569 0.445254 0.663597 -0.494690
1678843074840 0.067674 -0.351439 -2.043445 0.336988 0.440730 0.668319 -0.495526
1678843074912 0.084252 -0.345523 -2.104494 0.333757 0.433538 0.670116 -0.501592
1678843074948 0.090686 -0.344120 -2.132674 0.335459 0.430737 0.668471 -0.505054
1678843075013 0.104625 -0.346382 -2.195689 0.340072 0.420218 0.666209 -0.513745
1678843075045 0.110660 -0.348600 -2.225905 0.342643 0.415124 0.664585 -0.518260
1678843075100 0.121435 -0.352258 -2.290480 0.347298 0.399606 0.661264 -0.531441
1678843075153 0.123607 -0.351520 -2.321348 0.348373 0.389399 0.658146 -0.542078
1678843075189 0.125246 -0.351582 -2.353185 0.361770 0.377690 0.654735 -0.545705
1678843075235 0.127779 -0.352426 -2.417723 0.396976 0.369244 0.636158 -0.548973
1678843075297 0.124430 -0.347040 -2.472800 0.407562 0.356637 0.622816 -0.564627
1678843075349 0.119262 -0.349224 -2.496863 0.418196 0.348803 0.619138 -0.565789
1678843075392 0.116280 -0.350214 -2.524951 0.429960 0.338676 0.613256 -0.569517
1678843075435 0.106963 -0.350151 -2.575246 0.456263 0.324670 0.590709 -0.580927
1678843075513 0.093579 -0.354411 -2.628251 0.472329 0.319200 0.567432 -0.594169
1678843075533 0.087572 -0.359041 -2.657988 0.476948 0.317285 0.559465 -0.599040
1678843075597 0.075773 -0.368990 -2.720476 0.479337 0.317055 0.550420 -0.605599
1678843075637 0.068706 -0.371863 -2.747589 0.477271 0.316834 0.549413 -0.608254
1678843075696 0.057350 -0.378253 -2.812470 0.468592 0.326300 0.548317 -0.610981
1678843075751 0.056408 -0.372729 -2.847816 0.469474 0.331967 0.551863 -0.604019
1678843075771 0.053280 -0.370505 -2.879376 0.467787 0.336267 0.558358 -0.596940
1678843075832 0.048901 -0.360812 -2.945905 0.444496 0.349355 0.567410 -0.598682
1678843075889 0.045852 -0.359622 -3.002838 0.435012 0.357043 0.587088 -0.581904
1678843075934 0.042181 -0.360784 -3.031718 0.433502 0.363118 0.595127 -0.571003
1678843075970 0.040509 -0.360058 -3.059248 0.431322 0.364554 0.602183 -0.564303
1678843076029 0.037885 -0.358887 -3.114990 0.420632 0.366911 0.613389 -0.558747
1678843076087 0.035061 -0.365298 -3.175242 0.420569 0.360138 0.625744 -0.549424
1678843076140 0.033036 -0.368777 -3.203817 0.421768 0.361034 0.626906 -0.546585
1678843076189 0.031322 -0.373545 -3.236629 0.424047 0.360576 0.628465 -0.543324
1678843076251 0.026506 -0.382006 -3.305616 0.430363 0.354041 0.630110 -0.540744
1678843076287 0.019484 -0.385569 -3.372678 0.437453 0.346204 0.631575 -0.538414
1678843076338 0.015348 -0.385028 -3.408218 0.443343 0.344945 0.630454 -0.535712
1678843076381 0.011710 -0.383202 -3.439812 0.450221 0.345929 0.626082 -0.534467
1678843076429 0.004550 -0.376715 -3.495660 0.448871 0.344040 0.621349 -0.542288
1678843076498 -0.002451 -0.372885 -3.554257 0.449558 0.343288 0.616130 -0.548118
1678843076538 -0.004496 -0.371704 -3.577955 0.449049 0.344003 0.611057 -0.553738
1678843076574 -0.007593 -0.369592 -3.606064 0.446613 0.345543 0.607543 -0.558595
1678843076638 -0.012978 -0.366994 -3.645163 0.438874 0.350680 0.602472 -0.566957
1678843076695 -0.017167 -0.371146 -3.701943 0.425738 0.359401 0.604617 -0.569224
1678843076733 -0.016343 -0.373552 -3.729309 0.417754 0.365005 0.609083 -0.566807
1678843076784 -0.016757 -0.375816 -3.756687 0.405545 0.371721 0.614859 -0.565071
1678843076827 -0.015133 -0.381969 -3.811894 0.383924 0.387875 0.631457 -0.550834
1678843076867 -0.013925 -0.383614 -3.837874 0.378718 0.398627 0.637650 -0.539511
1678843076909 -0.012203 -0.380458 -3.860457 0.367908 0.410961 0.643065 -0.531246
1678843076946 -0.008533 -0.375479 -3.904114 0.343445 0.432287 0.658557 -0.511347
1678843077027 -0.005823 -0.379030 -3.951385 0.323718 0.442429 0.679467 -0.487635
1678843077060 -0.003980 -0.381816 -3.974213 0.321558 0.447369 0.687343 -0.473308
1678843077120 -0.000366 -0.382865 -4.016596 0.303602 0.458858 0.698418 -0.457698
1678843077176 0.002547 -0.382943 -4.036924 0.294164 0.466000 0.701244 -0.452293
1678843077255 0.008851 -0.385815 -4.077344 0.281440 0.475513 0.705867 -0.443206
1678843077279 0.012941 -0.389644 -4.098855 0.277918 0.477103 0.709009 -0.438680
1678843077308 0.016708 -0.390835 -4.117134 0.275476 0.475418 0.713335 -0.435021
1678843077358 0.024393 -0.394270 -4.160127 0.267354 0.469785 0.720810 -0.433886
1678843077429 0.031061 -0.391878 -4.202028 0.279938 0.474539 0.715357 -0.429781
1678843077457 0.034473 -0.385199 -4.219162 0.274121 0.479804 0.711519 -0.434035
1678843077516 0.042355 -0.380613 -4.245313 0.257677 0.482732 0.716104 -0.433321
1678843077566 0.047329 -0.381694 -4.261939 0.255597 0.485581 0.718521 -0.427327
1678843077600 0.050872 -0.383895 -4.270595 0.254790 0.488028 0.720658 -0.421381
1678843077669 0.059633 -0.381977 -4.298913 0.241390 0.501273 0.719604 -0.415484
1678843077718 0.071075 -0.381719 -4.323573 0.217596 0.518179 0.720447 -0.406324
1678843077768 0.077773 -0.382962 -4.334800 0.204589 0.525973 0.722815 -0.398792
1678843077828 0.091367 -0.388501 -4.362180 0.178356 0.543429 0.727184 -0.379575
1678843077867 0.097222 -0.388194 -4.370857 0.161779 0.550907 0.730428 -0.369870
1678843077913 0.107305 -0.387817 -4.379958 0.126296 0.564193 0.741176 -0.341165
1678843077973 0.110091 -0.385915 -4.384429 0.103976 0.572002 0.743736 -0.329938
1678843078027 0.119625 -0.382014 -4.399612 0.068666 0.573503 0.755713 -0.308670
1678843078062 0.123406 -0.379812 -4.403393 0.063399 0.578593 0.756074 -0.299269
1678843078100 0.125118 -0.379068 -4.404574 0.059022 0.586869 0.753714 -0.289856
1678843078157 0.128366 -0.375532 -4.405381 0.039279 0.594904 0.751619 -0.282162
1678843078216 0.132897 -0.376970 -4.408370 0.018433 0.602241 0.748925 -0.275823
1678843078268 0.134990 -0.378676 -4.408063 0.014714 0.603240 0.749890 -0.271202
1678843078304 0.138732 -0.378634 -4.411125 0.015045 0.606016 0.749883 -0.264940
1678843078364 0.138848 -0.379185 -4.409845 0.010738 0.610577 0.749024 -0.256988
1678843078397 0.139094 -0.377195 -4.407266 0.005306 0.611875 0.748999 -0.254130
1678843078437 0.138833 -0.378135 -4.406450 -0.001728 0.612754 0.749268 -0.251251
1678843078488 0.139167 -0.379361 -4.406113 -0.006872 0.612088 0.750616 -0.248750
1678843078532 0.140405 -0.376000 -4.411260 -0.009157 0.614029 0.750801 -0.243275
1678843078570 0.141582 -0.376075 -4.411857 -0.009356 0.614468 0.750837 -0.242042
1678843078614 0.143060 -0.374017 -4.413713 -0.013775 0.615290 0.750455 -0.240927
1678843078661 0.143446 -0.373138 -4.414023 -0.016150 0.616382 0.749148 -0.242053
1678843078722 0.144071 -0.373100 -4.422433 -0.014631 0.619322 0.746652 -0.242357
1678843078752 0.144289 -0.373588 -4.423120 -0.013761 0.620228 0.745817 -0.242661
1678843078792 0.144686 -0.373796 -4.425618 -0.014119 0.620251 0.745448 -0.243713
1678843078842 0.144960 -0.374519 -4.426301 -0.013719 0.620420 0.745090 -0.244401
1678843078890 0.145815 -0.376283 -4.427790 -0.010500 0.621236 0.744390 -0.244620
1678843078928 0.146679 -0.376841 -4.428891 -0.009179 0.621487 0.744291 -0.244336
1678843078998 0.147087 -0.377494 -4.430079 -0.007424 0.621795 0.744045 -0.244362
1678843079023 0.148043 -0.378402 -4.431070 -0.004117 0.621657 0.743982 -0.244981
1678843079064 0.149025 -0.378915 -4.431170 -0.002363 0.621299 0.744573 -0.244118
1678843079106 0.150464 -0.379730 -4.431699 0.001078 0.620455 0.745483 -0.243495
1678843079159 0.150657 -0.379605 -4.432493 -0.001049 0.620437 0.744640 -0.246106
