1678842246580 -0.37 0.17 -1.07
1678842246594 -0.36 0.17 -1.09
1678842246601 -0.35 0.17 -1.10
1678842246610 -0.33 0.18 -1.08
1678842246620 -0.29 0.19 -1.07
1678842246630 -0.25 0.19 -1.06
1678842246640 -0.21 0.20 -1.06
1678842246651 -0.19 0.21 -1.09
1678842246660 -0.19 0.21 -1.12
1678842246670 -0.20 0.21 -1.13
1678842246679 -0.20 0.21 -1.13
1678842246683 -0.20 0.22 -1.12
1678842246689 -0.19 0.21 -1.10
1678842246698 -0.19 0.21 -1.06
1678842246708 -0.18 0.21 -1.03
1678842246714 -0.18 0.21 -1.02
1678842246718 -0.18 0.20 -1.00
1678842246729 -0.18 0.19 -0.97
1678842246744 -0.18 0.18 -0.96
1678842246748 -0.19 0.19 -0.94
1678842246762 -0.19 0.20 -0.93
1678842246772 -0.20 0.21 -0.91
1678842246782 -0.21 0.22 -0.89
1678842246789 -0.22 0.22 -0.88
1678842246805 -0.22 0.23 -0.87
1678842246811 -0.22 0.22 -0.89
1678842246819 -0.21 0.22 -0.90
1678842246828 -0.20 0.22 -0.93
1678842246845 -0.19 0.22 -0.95
1678842246848 -0.18 0.22 -0.96
1678842246863 -0.18 0.22 -0.96
1678842246869 -0.18 0.20 -0.95
1678842246878 -0.18 0.20 -0.93
1678842246890 -0.19 0.19 -0.91
1678842246902 -0.21 0.19 -0.89
1678842246914 -0.23 0.18 -0.87
1678842246919 -0.25 0.19 -0.86
1678842246930 -0.27 0.18 -0.87
1678842246938 -0.27 0.18 -0.88
1678842246948 -0.28 0.17 -0.90
1678842246958 -0.28 0.17 -0.92
1678842246970 -0.28 0.16 -0.94
1678842246978 -0.28 0.16 -0.96
1678842246983 -0.28 0.16 -0.98
1678842246993 -0.28 0.16 -1.00
1678842247009 -0.28 0.17 -1.01
1678842247013 -0.28 0.18 -1.01
1678842247025 -0.29 0.18 -1.00
1678842247046 -0.30 0.18 -0.99
1678842247046 -0.31 0.17 -0.98
1678842247061 -0.32 0.16 -0.96
1678842247064 -0.32 0.15 -0.95
1678842247075 -0.32 0.14 -0.95
1678842247083 -0.31 0.12 -0.96
1678842247094 -0.31 0.11 -0.97
1678842247105 -0.31 0.10 -0.99
1678842247113 -0.30 0.09 -1.00
1678842247124 -0.30 0.08 -1.02
1678842247135 -0.30 0.08 -1.03
1678842247147 -0.31 0.09 -1.04
1678842247155 -0.32 0.10 -1.05
1678842247165 -0.34 0.11 -1.06
1678842247173 -0.35 0.12 -1.06
1678842247184 -0.37 0.14 -1.06
1678842247194 -0.38 0.14 -1.04
1678842247204 -0.40 0.16 -1.02
1678842247215 -0.40 0.17 -0.99
1678842247224 -0.41 0.19 -0.95
1678842247232 -0.41 0.20 -0.94
1678842247240 -0.41 0.20 -0.93
1678842247249 -0.41 0.21 -0.92
1678842247256 -0.40 0.21 -0.92
1678842247258 -0.39 0.21 -0.91
1678842247263 -0.38 0.21 -0.92
1678842247274 -0.34 0.21 -0.92
1678842247284 -0.31 0.19 -0.91
1678842247300 -0.28 0.16 -0.91
1678842247305 -0.24 0.13 -0.90
1678842247321 -0.22 0.10 -0.88
1678842247321 -0.21 0.08 -0.87
1678842247323 -0.21 0.07 -0.86
1678842247339 -0.20 0.05 -0.85
1678842247344 -0.19 0.04 -0.87
1678842247358 -0.19 0.06 -0.92
1678842247364 -0.20 0.09 -0.99
1678842247377 -0.24 0.12 -1.05
1678842247379 -0.26 0.13 -1.08
1678842247397 -0.28 0.14 -1.11
1678842247410 -0.30 0.17 -1.14
1678842247410 -0.30 0.17 -1.12
1678842247418 -0.29 0.16 -1.07
1678842247429 -0.29 0.16 -1.05
1678842247438 -0.27 0.16 -1.03
1678842247438 -0.26 0.16 -1.03
1678842247455 -0.25 0.15 -1.04
1678842247470 -0.24 0.15 -1.11
1678842247470 -0.25 0.16 -1.12
1678842247474 -0.25 0.16 -1.13
1678842247491 -0.25 0.16 -1.13
1678842247494 -0.26 0.17 -1.10
1678842247504 -0.26 0.16 -1.03
1678842247509 -0.27 0.15 -1.00
1678842247521 -0.27 0.14 -0.92
1678842247525 -0.27 0.13 -0.89
1678842247529 -0.26 0.11 -0.87
1678842247539 -0.26 0.08 -0.83
1678842247544 -0.27 0.07 -0.82
1678842247559 -0.27 0.06 -0.81
1678842247565 -0.28 0.03 -0.82
1678842247586 -0.30 0.03 -0.85
1678842247586 -0.32 0.04 -0.88
1678842247593 -0.33 0.05 -0.89
1678842247598 -0.35 0.06 -0.91
1678842247609 -0.36 0.06 -0.92
1678842247619 -0.37 0.09 -1.00
1678842247630 -0.37 0.11 -1.04
1678842247635 -0.37 0.11 -1.06
1678842247639 -0.37 0.12 -1.08
1678842247654 -0.37 0.12 -1.10
1678842247673 -0.35 0.13 -1.17
1678842247674 -0.34 0.13 -1.19
1678842247701 -0.34 0.13 -1.19
1678842247701 -0.32 0.14 -1.15
1678842247701 -0.32 0.14 -1.11
1678842247701 -0.32 0.14 -1.07
1678842247709 -0.32 0.13 -0.98
1678842247715 -0.32 0.13 -0.94
1678842247726 -0.33 0.13 -0.86
1678842247732 -0.33 0.12 -0.83
1678842247741 -0.33 0.11 -0.79
1678842247754 -0.32 0.11 -0.78
1678842247754 -0.32 0.11 -0.78
1678842247770 -0.31 0.11 -0.79
1678842247779 -0.29 0.12 -0.85
1678842247789 -0.28 0.15 -0.88
1678842247795 -0.29 0.17 -0.88
1678842247805 -0.30 0.20 -0.89
1678842247808 -0.30 0.22 -0.89
1678842247815 -0.29 0.24 -0.90
1678842247828 -0.28 0.25 -0.92
1678842247848 -0.28 0.25 -0.96
1678842247848 -0.28 0.24 -0.98
1678842247852 -0.29 0.23 -1.00
1678842247855 -0.29 0.24 -1.00
1678842247865 -0.31 0.25 -0.98
1678842247876 -0.32 0.25 -0.97
1678842247879 -0.34 0.26 -0.96
1678842247889 -0.37 0.27 -0.95
1678842247899 -0.41 0.29 -0.93
1678842247909 -0.44 0.32 -0.93
1678842247920 -0.45 0.35 -0.92
1678842247930 -0.45 0.36 -0.92
1678842247942 -0.48 0.31 -0.90
1678842247946 -0.51 0.26 -0.90
1678842247959 -0.53 0.22 -0.88
1678842247964 -0.54 0.10 -0.86
1678842247974 -0.52 0.04 -0.88
1678842247984 -0.51 0.02 -0.89
1678842247989 -0.49 0.00 -0.94
1678842247999 -0.46 -0.01 -1.00
1678842248010 -0.41 -0.03 -1.06
1678842248019 -0.37 -0.06 -1.11
1678842248029 -0.35 -0.10 -1.14
1678842248040 -0.31 -0.14 -1.16
1678842248049 -0.27 -0.17 -1.17
1678842248054 -0.25 -0.18 -1.18
1678842248065 -0.22 -0.19 -1.19
1678842248075 -0.20 -0.20 -1.18
1678842248084 -0.19 -0.20 -1.16
1678842248099 -0.19 -0.19 -1.15
1678842248110 -0.19 -0.17 -1.14
1678842248116 -0.19 -0.13 -1.14
1678842248128 -0.19 -0.08 -1.15
1678842248136 -0.18 -0.03 -1.18
1678842248148 -0.20 0.02 -1.22
1678842248158 -0.22 0.07 -1.24
1678842248176 -0.24 0.10 -1.22
1678842248176 -0.26 0.12 -1.18
1678842248185 -0.26 0.13 -1.13
1678842248196 -0.26 0.14 -1.06
1678842248204 -0.26 0.16 -0.98
1678842248216 -0.27 0.18 -0.91
1678842248226 -0.28 0.18 -0.84
1678842248234 -0.29 0.19 -0.79
1678842248246 -0.28 0.17 -0.77
1678842248257 -0.27 0.16 -0.78
1678842248267 -0.24 0.15 -0.82
1678842248278 -0.23 0.13 -0.85
1678842248284 -0.22 0.12 -0.86
1678842248297 -0.21 0.12 -0.87
1678842248309 -0.21 0.11 -0.86
1678842248316 -0.22 0.10 -0.86
1678842248326 -0.24 0.10 -0.86
1678842248336 -0.26 0.11 -0.88
1678842248346 -0.26 0.13 -0.90
1678842248354 -0.26 0.16 -0.91
1678842248366 -0.26 0.18 -0.92
1678842248375 -0.26 0.20 -0.94
1678842248389 -0.26 0.21 -0.95
1678842248389 -0.26 0.22 -0.96
1678842248399 -0.25 0.22 -0.94
1678842248416 -0.25 0.23 -0.92
1678842248416 -0.25 0.22 -0.90
1678842248430 -0.26 0.20 -0.86
1678842248436 -0.28 0.19 -0.84
1678842248447 -0.30 0.18 -0.82
1678842248454 -0.31 0.16 -0.84
1678842248466 -0.31 0.14 -0.87
1678842248474 -0.31 0.13 -0.92
1678842248485 -0.30 0.14 -0.94
1678842248496 -0.31 0.16 -0.95
1678842248505 -0.32 0.17 -0.96
1678842248515 -0.34 0.19 -0.96
1678842248525 -0.37 0.20 -0.95
1678842248531 -0.37 0.20 -0.94
1678842248539 -0.38 0.19 -0.94
1678842248550 -0.38 0.19 -0.94
1678842248560 -0.39 0.18 -0.93
1678842248570 -0.38 0.17 -0.93
1678842248576 -0.38 0.17 -0.94
1678842248586 -0.37 0.16 -0.94
1678842248590 -0.36 0.16 -0.94
1678842248600 -0.36 0.15 -0.95
1678842248620 -0.36 0.15 -0.96
1678842248620 -0.36 0.16 -0.98
1678842248624 -0.36 0.17 -1.00
1678842248630 -0.36 0.17 -1.02
1678842248648 -0.36 0.17 -1.07
1678842248648 -0.36 0.17 -1.10
1678842248650 -0.35 0.16 -1.13
1678842248667 -0.36 0.15 -1.16
1678842248670 -0.39 0.11 -1.15
1678842248679 -0.38 0.11 -1.12
1678842248701 -0.37 0.11 -1.11
1678842248701 -0.37 0.09 -1.09
1678842248701 -0.37 0.08 -1.09
1678842248716 -0.38 0.06 -1.10
1678842248721 -0.38 0.05 -1.10
1678842248730 -0.33 0.07 -1.17
1678842248734 -0.30 0.08 -1.20
1678842248744 -0.27 0.12 -1.27
1678842248750 -0.27 0.13 -1.29
1678842248760 -0.26 0.16 -1.33
1678842248768 -0.26 0.17 -1.34
1678842248819 -0.25 0.18 -1.34
1678842248819 -0.26 0.15 -1.21
1678842248819 -0.26 0.14 -1.15
1678842248820 -0.26 0.11 -1.10
1678842248820 -0.26 0.06 -0.95
1678842248825 -0.25 0.03 -0.87
1678842248831 -0.25 0.01 -0.84
1678842248835 -0.25 -0.01 -0.82
1678842248850 -0.25 -0.02 -0.80
1678842248861 -0.24 -0.01 -0.82
1678842248864 -0.24 0.01 -0.85
1678842248870 -0.23 0.03 -0.89
1678842248880 -0.23 0.08 -0.96
1678842248885 -0.23 0.10 -1.00
1678842248900 -0.23 0.12 -1.04
1678842248912 -0.24 0.14 -1.11
1678842248916 -0.23 0.14 -1.12
1678842248921 -0.23 0.14 -1.11
1678842248930 -0.23 0.13 -1.06
1678842248943 -0.23 0.12 -1.03
1678842248950 -0.23 0.12 -1.00
1678842248955 -0.24 0.10 -0.90
1678842248967 -0.25 0.09 -0.84
1678842248970 -0.26 0.09 -0.82
1678842248982 -0.27 0.09 -0.79
1678842248995 -0.28 0.10 -0.77
1678842248995 -0.29 0.11 -0.76
1678842249005 -0.31 0.11 -0.75
1678842249010 -0.31 0.12 -0.75
1678842249024 -0.33 0.13 -0.75
1678842249027 -0.34 0.13 -0.75
1678842249040 -0.35 0.13 -0.76
1678842249048 -0.35 0.12 -0.78
1678842249056 -0.35 0.12 -0.81
1678842249066 -0.35 0.12 -0.82
1678842249069 -0.34 0.12 -0.83
1678842249076 -0.34 0.11 -0.86
1678842249086 -0.34 0.11 -0.89
1678842249093 -0.34 0.11 -0.89
1678842249099 -0.34 0.11 -0.90
1678842249107 -0.34 0.12 -0.91
1678842249117 -0.35 0.13 -0.92
1678842249134 -0.36 0.13 -0.94
1678842249147 -0.37 0.13 -0.96
1678842249147 -0.37 0.14 -0.98
1678842249156 -0.38 0.14 -1.00
1678842249168 -0.38 0.15 -1.02
1678842249181 -0.38 0.15 -1.04
1678842249186 -0.38 0.16 -1.04
1678842249195 -0.39 0.16 -1.05
1678842249205 -0.39 0.17 -1.07
1678842249219 -0.37 0.18 -1.09
1678842249228 -0.37 0.19 -1.10
1678842249236 -0.36 0.19 -1.11
1678842249245 -0.36 0.21 -1.15
1678842249258 -0.36 0.19 -1.16
1678842249269 -0.38 0.16 -1.12
1678842249277 -0.37 0.17 -1.06
1678842249285 -0.36 0.18 -1.00
1678842249303 -0.37 0.18 -0.98
1678842249307 -0.38 0.18 -0.98
1678842249321 -0.39 0.19 -1.00
1678842249333 -0.38 0.22 -1.05
1678842249336 -0.36 0.24 -1.12
1678842249345 -0.32 0.25 -1.18
1678842249355 -0.28 0.26 -1.24
1678842249365 -0.25 0.25 -1.27
1678842249375 -0.23 0.24 -1.25
1678842249386 -0.22 0.23 -1.18
1678842249397 -0.22 0.20 -1.09
1678842249405 -0.23 0.19 -0.98
1678842249415 -0.23 0.19 -0.88
1678842249433 -0.25 0.18 -0.81
1678842249435 -0.26 0.17 -0.77
1678842249448 -0.27 0.16 -0.77
1678842249455 -0.27 0.17 -0.80
1678842249466 -0.26 0.18 -0.85
1678842249480 -0.27 0.19 -0.89
1678842249487 -0.27 0.19 -0.92
1678842249496 -0.27 0.19 -0.94
1678842249510 -0.27 0.19 -0.94
1678842249517 -0.27 0.17 -0.92
1678842249526 -0.27 0.16 -0.89
1678842249542 -0.27 0.15 -0.86
1678842249542 -0.28 0.14 -0.82
1678842249552 -0.29 0.14 -0.80
1678842249564 -0.30 0.14 -0.79
1678842249573 -0.31 0.14 -0.79
1678842249582 -0.33 0.14 -0.80
1678842249592 -0.34 0.15 -0.80
1678842249602 -0.35 0.15 -0.79
1678842249611 -0.36 0.16 -0.77
1678842249622 -0.37 0.17 -0.76
1678842249630 -0.39 0.16 -0.77
1678842249643 -0.41 0.16 -0.80
1678842249652 -0.42 0.15 -0.82
1678842249666 -0.43 0.16 -0.85
1678842249671 -0.43 0.16 -0.87
1678842249681 -0.43 0.16 -0.88
1678842249694 -0.43 0.16 -0.89
1678842249701 -0.42 0.15 -0.91
1678842249708 -0.42 0.15 -0.92
1678842249725 -0.42 0.15 -0.94
1678842249730 -0.41 0.12 -0.98
1678842249746 -0.40 0.10 -1.00
1678842249746 -0.40 0.09 -1.02
1678842249757 -0.39 0.08 -1.02
1678842249764 -0.39 0.07 -1.05
1678842249774 -0.40 0.08 -1.06
1678842249781 -0.40 0.08 -1.07
1678842249783 -0.41 0.08 -1.08
1678842249796 -0.42 0.09 -1.09
1678842249802 -0.43 0.11 -1.14
1678842249816 -0.42 0.12 -1.15
1678842249816 -0.41 0.11 -1.16
1678842249821 -0.42 0.10 -1.16
1678842249839 -0.44 0.06 -1.13
1678842249839 -0.44 0.06 -1.11
1678842249855 -0.44 0.06 -1.08
1678842249880 -0.43 0.06 -1.03
1678842249880 -0.44 0.06 -1.03
1678842249885 -0.45 0.05 -1.04
1678842249895 -0.45 0.07 -1.06
1678842249903 -0.43 0.08 -1.07
1678842249913 -0.39 0.10 -1.10
1678842249919 -0.37 0.11 -1.13
1678842249924 -0.33 0.11 -1.17
1678842249937 -0.32 0.11 -1.18
1678842249951 -0.31 0.10 -1.19
1678842249951 -0.29 0.08 -1.13
1678842249962 -0.28 0.05 -1.04
1678842249968 -0.30 0.02 -0.95
1678842249976 -0.31 0.01 -0.91
1678842249990 -0.32 -0.03 -0.85
1678842249991 -0.31 -0.04 -0.83
1678842250005 -0.32 -0.05 -0.82
1678842250014 -0.31 -0.04 -0.89
1678842250028 -0.30 -0.00 -0.96
1678842250029 -0.29 0.02 -1.00
1678842250043 -0.29 0.05 -1.05
1678842250049 -0.29 0.10 -1.15
1678842250058 -0.29 0.12 -1.19
1678842250063 -0.29 0.13 -1.19
1678842250078 -0.29 0.13 -1.18
1678842250083 -0.30 0.11 -1.09
1678842250091 -0.29 0.10 -0.99
1678842250099 -0.29 0.10 -0.94
1678842250113 -0.29 0.10 -0.89
1678842250124 -0.31 0.11 -0.78
1678842250124 -0.32 0.11 -0.75
1678842250131 -0.35 0.10 -0.72
1678842250139 -0.36 0.10 -0.72
1678842250143 -0.37 0.10 -0.72
1678842250167 -0.38 0.11 -0.72
1678842250168 -0.38 0.11 -0.74
1678842250182 -0.39 0.11 -0.76
1678842250187 -0.39 0.10 -0.77
1678842250198 -0.39 0.10 -0.78
1678842250198 -0.39 0.10 -0.79
1678842250258 -0.38 0.09 -0.79
1678842250262 -0.36 0.08 -0.81
1678842250262 -0.35 0.07 -0.81
1678842250262 -0.35 0.07 -0.81
1678842250262 -0.35 0.07 -0.81
1678842250281 -0.37 0.07 -0.83
1678842250287 -0.42 0.12 -0.91
1678842250297 -0.43 0.13 -0.91
1678842250300 -0.44 0.13 -0.92
1678842250314 -0.45 0.13 -0.92
1678842250322 -0.45 0.13 -0.89
1678842250332 -0.45 0.12 -0.88
1678842250339 -0.45 0.12 -0.87
1678842250346 -0.45 0.11 -0.86
1678842250355 -0.43 0.12 -0.87
1678842250365 -0.42 0.13 -0.89
1678842250369 -0.42 0.13 -0.91
1678842250379 -0.42 0.14 -0.94
1678842250395 -0.42 0.15 -0.99
1678842250397 -0.42 0.16 -1.04
1678842250403 -0.43 0.16 -1.06
1678842250408 -0.44 0.16 -1.07
1678842250419 -0.46 0.15 -1.06
1678842250433 -0.44 0.17 -1.02
1678842250448 -0.42 0.20 -1.01
1678842250449 -0.41 0.21 -1.01
1678842250458 -0.41 0.21 -1.05
1678842250466 -0.42 0.20 -1.09
1678842250477 -0.40 0.20 -1.12
1678842250489 -0.38 0.20 -1.17
1678842250503 -0.36 0.20 -1.20
1678842250508 -0.35 0.19 -1.21
1678842250529 -0.33 0.19 -1.22
1678842250529 -0.31 0.18 -1.19
1678842250537 -0.29 0.17 -1.13
1678842250548 -0.29 0.15 -1.05
1678842250555 -0.29 0.14 -1.00
1678842250568 -0.29 0.13 -0.92
1678842250584 -0.29 0.12 -0.86
1678842250584 -0.30 0.11 -0.81
1678842250600 -0.31 0.10 -0.79
1678842250649 -0.31 0.10 -0.79
1678842250654 -0.30 0.11 -0.81
1678842250670 -0.30 0.12 -0.84
1678842250678 -0.29 0.13 -0.88
1678842250678 -0.29 0.14 -0.92
1678842250683 -0.28 0.14 -0.95
1678842250686 -0.28 0.15 -0.98
1678842250686 -0.28 0.15 -1.00
1678842250695 -0.29 0.15 -1.01
1678842250698 -0.30 0.16 -1.00
1678842250718 -0.31 0.15 -0.98
1678842250720 -0.31 0.15 -0.94
1678842250727 -0.32 0.14 -0.89
1678842250738 -0.32 0.13 -0.84
1678842250745 -0.33 0.11 -0.82
1678842250756 -0.35 0.10 -0.80
1678842250765 -0.36 0.10 -0.78
1678842250774 -0.37 0.10 -0.76
1678842250784 -0.38 0.09 -0.75
1678842250796 -0.40 0.09 -0.75
1678842250803 -0.40 0.08 -0.75
1678842250816 -0.40 0.08 -0.77
1678842250832 -0.40 0.07 -0.78
1678842250868 -0.41 0.06 -0.80
1678842250878 -0.42 0.05 -0.82
1678842250883 -0.41 0.05 -0.84
1678842250888 -0.41 0.05 -0.88
1678842250893 -0.40 0.05 -0.91
1678842250894 -0.40 0.05 -0.93
1678842250896 -0.41 0.05 -0.94
1678842250933 -0.42 0.04 -0.96
1678842250944 -0.42 0.05 -0.98
1678842250948 -0.42 0.05 -0.99
1678842250952 -0.41 0.06 -1.00
1678842250955 -0.41 0.07 -1.03
1678842250961 -0.41 0.07 -1.07
1678842250963 -0.41 0.07 -1.12
1678842250963 -0.41 0.08 -1.16
1678842250975 -0.41 0.09 -1.17
1678842250976 -0.42 0.10 -1.19
1678842250996 -0.42 0.10 -1.20
1678842250999 -0.46 0.08 -1.22
1678842251011 -0.49 0.10 -1.19
1678842251017 -0.49 0.11 -1.18
1678842251018 -0.48 0.13 -1.16
1678842251031 -0.48 0.13 -1.15
1678842251033 -0.49 0.11 -1.17
1678842251047 -0.48 0.08 -1.18
1678842251047 -0.47 0.07 -1.18
1678842251057 -0.43 0.08 -1.18
1678842251066 -0.40 0.08 -1.17
1678842251073 -0.38 0.08 -1.17
1678842251077 -0.34 0.08 -1.16
1678842251083 -0.33 0.08 -1.15
1678842251100 -0.32 0.08 -1.14
1678842251112 -0.29 0.05 -1.06
1678842251112 -0.28 0.03 -1.02
1678842251118 -0.28 0.02 -0.98
1678842251151 -0.29 -0.00 -0.93
1678842251151 -0.30 -0.05 -0.80
1678842251152 -0.31 -0.07 -0.77
1678842251186 -0.31 -0.08 -0.74
1678842251186 -0.35 -0.12 -0.69
1678842251186 -0.36 -0.11 -0.69
1678842251190 -0.35 -0.10 -0.71
1678842251198 -0.33 0.02 -0.88
1678842251216 -0.32 0.04 -0.95
1678842251238 -0.32 0.07 -1.02
1678842251238 -0.35 0.14 -1.24
1678842251260 -0.36 0.14 -1.26
1678842251267 -0.35 0.14 -1.27
1678842251276 -0.31 0.12 -1.18
1678842251278 -0.30 0.12 -1.15
1678842251282 -0.29 0.11 -1.11
1678842251282 -0.29 0.11 -1.07
1678842251300 -0.28 0.07 -0.90
1678842251304 -0.29 0.06 -0.87
1678842251308 -0.29 0.06 -0.84
1678842251318 -0.30 0.06 -0.78
1678842251318 -0.30 0.06 -0.75
1678842251387 -0.30 0.06 -0.73
1678842251389 -0.32 0.05 -0.69
1678842251390 -0.32 0.05 -0.68
1678842251392 -0.33 0.06 -0.68
1678842251395 -0.34 0.06 -0.68
1678842251398 -0.36 0.07 -0.73
1678842251404 -0.36 0.07 -0.76
1678842251404 -0.36 0.08 -0.78
1678842251404 -0.36 0.09 -0.81
1678842251408 -0.37 0.11 -0.88
1678842251417 -0.38 0.11 -0.89
1678842251424 -0.39 0.11 -0.88
1678842251432 -0.39 0.11 -0.89
1678842251439 -0.39 0.11 -0.90
1678842251457 -0.40 0.11 -0.90
1678842251458 -0.40 0.11 -0.92
1678842251466 -0.40 0.12 -0.95
1678842251476 -0.41 0.11 -0.97
1678842251498 -0.41 0.11 -0.98
1678842251506 -0.41 0.11 -0.98
1678842251512 -0.40 0.11 -0.98
1678842251521 -0.39 0.11 -0.98
1678842251522 -0.39 0.11 -0.99
1678842251528 -0.39 0.11 -0.99
1678842251543 -0.39 0.12 -1.00
1678842251551 -0.42 0.12 -1.04
1678842251559 -0.43 0.11 -1.04
1678842251570 -0.46 0.11 -1.02
1678842251591 -0.44 0.14 -0.99
1678842251594 -0.44 0.15 -0.98
1678842251594 -0.43 0.16 -0.98
1678842251599 -0.44 0.17 -1.02
1678842251609 -0.44 0.16 -1.06
1678842251617 -0.42 0.17 -1.09
1678842251626 -0.41 0.18 -1.10
1678842251634 -0.38 0.19 -1.12
1678842251645 -0.35 0.20 -1.14
1678842251658 -0.34 0.21 -1.16
1678842251658 -0.33 0.21 -1.17
1678842251674 -0.34 0.21 -1.17
1678842251679 -0.34 0.22 -1.14
1678842251688 -0.35 0.22 -1.06
1678842251694 -0.35 0.22 -1.02
1678842251716 -0.36 0.22 -0.93
1678842251719 -0.36 0.22 -0.87
1678842251725 -0.36 0.22 -0.82
1678842251737 -0.37 0.21 -0.80
1678842251747 -0.36 0.21 -0.79
1678842251753 -0.35 0.21 -0.79
1678842251764 -0.34 0.21 -0.81
1678842251775 -0.33 0.21 -0.83
1678842251783 -0.32 0.21 -0.85
1678842251791 -0.31 0.20 -0.85
1678842251811 -0.31 0.18 -0.85
1678842251815 -0.29 0.17 -0.85
1678842251817 -0.29 0.16 -0.85
1678842251824 -0.29 0.15 -0.83
1678842251835 -0.29 0.14 -0.81
1678842251845 -0.29 0.13 -0.80
1678842251858 -0.30 0.13 -0.79
1678842251867 -0.31 0.14 -0.79
1678842251877 -0.33 0.14 -0.79
1678842251885 -0.34 0.14 -0.79
1678842251896 -0.35 0.14 -0.79
1678842251908 -0.36 0.13 -0.79
1678842251915 -0.37 0.12 -0.79
1678842251937 -0.38 0.12 -0.79
1678842251939 -0.39 0.11 -0.80
1678842251943 -0.39 0.11 -0.82
1678842251953 -0.40 0.11 -0.85
1678842251966 -0.40 0.12 -0.89
1678842251974 -0.41 0.12 -0.93
1678842251986 -0.42 0.11 -0.95
1678842251996 -0.43 0.10 -0.95
1678842252012 -0.44 0.10 -0.94
1678842252020 -0.45 0.09 -0.94
1678842252029 -0.45 0.07 -0.94
1678842252035 -0.46 0.06 -0.96
1678842252039 -0.46 0.05 -0.98
1678842252051 -0.46 0.05 -1.01
1678842252063 -0.45 0.05 -1.04
1678842252067 -0.45 0.05 -1.06
1678842252082 -0.45 0.06 -1.08
1678842252090 -0.47 0.07 -1.12
1678842252101 -0.49 0.07 -1.14
1678842252107 -0.50 0.07 -1.15
1678842252127 -0.53 0.06 -1.15
1678842252132 -0.54 0.08 -1.15
1678842252133 -0.52 0.10 -1.16
1678842252142 -0.50 0.11 -1.20
1678842252144 -0.49 0.11 -1.23
1678842252154 -0.48 0.11 -1.28
1678842252163 -0.46 0.11 -1.31
1678842252174 -0.42 0.12 -1.36
1678842252189 -0.37 0.13 -1.40
1678842252193 -0.32 0.14 -1.41
1678842252210 -0.29 0.13 -1.40
1678842252215 -0.27 0.12 -1.33
1678842252220 -0.27 0.10 -1.21
1678842252224 -0.27 0.08 -1.13
1678842252249 -0.28 0.08 -1.06
1678842252254 -0.31 0.06 -0.85
1678842252267 -0.32 0.04 -0.79
1678842252284 -0.34 0.01 -0.70
1678842252284 -0.35 -0.01 -0.67
1678842252290 -0.36 -0.02 -0.65
1678842252300 -0.37 -0.06 -0.63
1678842252301 -0.37 -0.06 -0.64
1678842252315 -0.36 -0.06 -0.66
1678842252324 -0.34 -0.02 -0.76
1678842252330 -0.33 0.02 -0.85
1678842252338 -0.32 0.03 -0.89
1678842252345 -0.32 0.06 -0.97
1678842252352 -0.33 0.08 -1.01
1678842252354 -0.33 0.09 -1.04
1678842252361 -0.34 0.12 -1.09
1678842252369 -0.34 0.12 -1.07
1678842252376 -0.33 0.12 -1.05
1678842252395 -0.33 0.11 -1.03
1678842252410 -0.31 0.07 -0.90
1678842252414 -0.31 0.06 -0.88
1678842252414 -0.31 0.06 -0.85
1678842252426 -0.30 0.05 -0.83
1678842252431 -0.32 0.05 -0.76
1678842252445 -0.34 0.06 -0.72
1678842252448 -0.35 0.07 -0.70
1678842252456 -0.35 0.07 -0.69
1678842252468 -0.36 0.07 -0.68
1678842252481 -0.37 0.08 -0.66
1678842252487 -0.36 0.08 -0.66
1678842252498 -0.36 0.07 -0.67
1678842252498 -0.34 0.07 -0.72
1678842252510 -0.34 0.07 -0.74
1678842252514 -0.34 0.07 -0.76
1678842252532 -0.34 0.08 -0.77
1678842252537 -0.34 0.08 -0.82
1678842252543 -0.35 0.09 -0.84
1678842252548 -0.36 0.10 -0.85
1678842252557 -0.37 0.11 -0.87
1678842252560 -0.38 0.11 -0.87
1678842252565 -0.39 0.11 -0.87
1678842252582 -0.40 0.11 -0.88
1678842252584 -0.42 0.12 -0.89
1678842252594 -0.43 0.13 -0.91
1678842252601 -0.43 0.13 -0.92
1678842252615 -0.43 0.14 -0.93
1678842252629 -0.43 0.15 -0.99
1678842252630 -0.43 0.15 -1.01
1678842252645 -0.43 0.15 -1.03
1678842252663 -0.44 0.16 -1.13
1678842252699 -0.46 0.15 -1.14
1678842252706 -0.47 0.15 -1.15
1678842252715 -0.48 0.20 -1.12
1678842252718 -0.48 0.21 -1.13
1678842252720 -0.48 0.22 -1.14
1678842252723 -0.48 0.21 -1.21
1678842252728 -0.44 0.22 -1.24
1678842252730 -0.42 0.23 -1.25
1678842252740 -0.38 0.24 -1.26
1678842252749 -0.36 0.24 -1.25
1678842252754 -0.35 0.24 -1.25
1678842252773 -0.35 0.24 -1.25
1678842252790 -0.33 0.23 -1.16
1678842252796 -0.33 0.23 -1.11
1678842252806 -0.32 0.20 -1.01
1678842252815 -0.32 0.18 -0.92
1678842252818 -0.30 0.16 -0.85
1678842252821 -0.29 0.15 -0.83
1678842252831 -0.29 0.15 -0.80
1678842252836 -0.29 0.15 -0.78
1678842252845 -0.30 0.16 -0.80
1678842252856 -0.31 0.18 -0.84
1678842252861 -0.31 0.19 -0.86
1678842252877 -0.31 0.20 -0.89
1678842252890 -0.31 0.24 -0.96
1678842252892 -0.31 0.25 -0.99
1678842252896 -0.31 0.25 -0.99
1678842252906 -0.31 0.25 -0.98
1678842252921 -0.31 0.23 -0.94
1678842252924 -0.31 0.21 -0.88
1678842252934 -0.30 0.19 -0.82
1678842252948 -0.29 0.17 -0.76
1678842252957 -0.29 0.16 -0.73
1678842252970 -0.29 0.15 -0.71
1678842252974 -0.30 0.14 -0.70
1678842252981 -0.31 0.15 -0.71
1678842252989 -0.33 0.15 -0.73
1678842253000 -0.34 0.15 -0.75
1678842253005 -0.35 0.15 -0.77
1678842253018 -0.36 0.14 -0.79
1678842253026 -0.36 0.13 -0.81
1678842253039 -0.36 0.12 -0.82
1678842253050 -0.36 0.11 -0.84
1678842253052 -0.36 0.10 -0.86
1678842253064 -0.37 0.10 -0.89
1678842253072 -0.38 0.11 -0.91
1678842253084 -0.40 0.11 -0.93
1678842253120 -0.41 0.11 -0.96
1678842253120 -0.42 0.12 -0.99
1678842253128 -0.43 0.12 -1.01
1678842253143 -0.43 0.12 -1.02
1678842253143 -0.43 0.12 -1.02
1678842253146 -0.44 0.12 -1.02
1678842253148 -0.45 0.13 -1.04
1678842253155 -0.45 0.13 -1.05
1678842253162 -0.46 0.13 -1.05
1678842253172 -0.47 0.14 -1.06
1678842253193 -0.47 0.14 -1.07
1678842253203 -0.47 0.15 -1.09
1678842253207 -0.46 0.15 -1.11
1678842253214 -0.48 0.13 -1.13
1678842253225 -0.51 0.10 -1.10
1678842253229 -0.49 0.12 -1.04
1678842253241 -0.47 0.12 -1.02
1678842253250 -0.48 0.10 -1.02
1678842253264 -0.49 0.06 -1.02
1678842253273 -0.47 0.06 -1.02
1678842253290 -0.43 0.07 -1.02
1678842253299 -0.38 0.09 -1.05
1678842253348 -0.35 0.11 -1.10
1678842253348 -0.33 0.12 -1.14
1678842253352 -0.33 0.11 -1.13
1678842253352 -0.33 0.10 -1.08
1678842253356 -0.34 0.07 -1.00
1678842253360 -0.35 0.04 -0.90
1678842253362 -0.34 -0.01 -0.83
1678842253370 -0.33 -0.05 -0.79
1678842253376 -0.32 -0.07 -0.79
1678842253402 -0.31 -0.08 -0.81
1678842253402 -0.29 -0.09 -0.88
1678842253404 -0.28 -0.08 -0.91
1678842253411 -0.27 -0.03 -1.00
1678842253419 -0.28 0.04 -1.08
1678842253428 -0.30 0.10 -1.16
1678842253440 -0.33 0.16 -1.22
1678842253449 -0.35 0.20 -1.23
1678842253459 -0.36 0.23 -1.20
1678842253465 -0.36 0.24 -1.17
1678842253474 -0.36 0.23 -1.12
1678842253487 -0.36 0.22 -1.07
1678842253491 -0.35 0.18 -0.93
1678842253507 -0.34 0.15 -0.85
1678842253515 -0.33 0.14 -0.79
1678842253526 -0.33 0.14 -0.76
1678842253533 -0.34 0.14 -0.72
1678842253536 -0.35 0.13 -0.70
1678842253543 -0.39 0.14 -0.65
1678842253550 -0.40 0.14 -0.63
1678842253558 -0.40 0.14 -0.63
1678842253567 -0.40 0.15 -0.63
1678842253570 -0.40 0.15 -0.64
1678842253576 -0.40 0.15 -0.66
1678842253598 -0.40 0.14 -0.68
1678842253610 -0.39 0.13 -0.75
1678842253613 -0.39 0.13 -0.78
1678842253623 -0.38 0.12 -0.80
1678842253626 -0.36 0.13 -0.89
1678842253636 -0.36 0.14 -0.90
1678842253642 -0.36 0.14 -0.92
1678842253671 -0.37 0.15 -0.93
1678842253674 -0.39 0.19 -0.96
1678842253699 -0.39 0.20 -0.96
1678842253712 -0.40 0.20 -0.96
1678842253715 -0.41 0.21 -0.94
1678842253719 -0.41 0.21 -0.93
1678842253724 -0.41 0.20 -0.92
1678842253737 -0.40 0.20 -0.90
1678842253737 -0.40 0.20 -0.90
1678842253737 -0.39 0.20 -0.90
1678842253738 -0.40 0.20 -0.92
1678842253747 -0.40 0.20 -0.93
1678842253757 -0.41 0.21 -0.94
1678842253762 -0.43 0.23 -0.97
1678842253775 -0.46 0.21 -1.01
1678842253775 -0.48 0.20 -1.01
1678842253817 -0.50 0.19 -1.00
1678842253819 -0.49 0.24 -0.98
1678842253822 -0.49 0.25 -1.00
1678842253828 -0.49 0.25 -1.02
1678842253830 -0.49 0.24 -1.15
1678842253838 -0.48 0.25 -1.18
1678842253847 -0.44 0.27 -1.24
1678842253861 -0.41 0.28 -1.29
1678842253866 -0.39 0.28 -1.30
1678842253873 -0.36 0.28 -1.32
1678842253885 -0.34 0.27 -1.29
1678842253889 -0.33 0.26 -1.26
1678842253902 -0.32 0.24 -1.18
1678842253903 -0.32 0.23 -1.12
1678842253910 -0.32 0.22 -1.01
1678842253919 -0.31 0.20 -0.92
1678842253925 -0.32 0.19 -0.88
1678842253941 -0.32 0.19 -0.85
1678842253946 -0.33 0.20 -0.81
1678842253958 -0.35 0.21 -0.80
1678842253968 -0.35 0.23 -0.81
1678842253974 -0.35 0.25 -0.85
1678842253981 -0.35 0.25 -0.86
1678842253994 -0.35 0.26 -0.87
1678842254004 -0.35 0.25 -0.87
1678842254018 -0.36 0.24 -0.86
1678842254019 -0.36 0.23 -0.83
1678842254031 -0.36 0.21 -0.80
1678842254044 -0.36 0.20 -0.77
1678842254050 -0.36 0.18 -0.76
1678842254054 -0.37 0.18 -0.76
1678842254071 -0.38 0.18 -0.76
1678842254077 -0.39 0.17 -0.79
1678842254088 -0.40 0.18 -0.81
1678842254091 -0.40 0.18 -0.81
1678842254102 -0.40 0.19 -0.82
1678842254111 -0.41 0.19 -0.81
1678842254119 -0.41 0.18 -0.81
1678842254129 -0.41 0.18 -0.80
1678842254144 -0.41 0.16 -0.80
1678842254154 -0.40 0.15 -0.80
1678842254160 -0.39 0.15 -0.80
1678842254173 -0.39 0.14 -0.80
1678842254181 -0.40 0.14 -0.80
1678842254193 -0.41 0.14 -0.81
1678842254205 -0.42 0.14 -0.83
1678842254240 -0.42 0.14 -0.85
1678842254240 -0.42 0.15 -0.89
1678842254247 -0.41 0.15 -0.94
1678842254254 -0.40 0.16 -0.99
1678842254254 -0.39 0.16 -1.03
1678842254260 -0.39 0.17 -1.06
1678842254273 -0.39 0.17 -1.06
1678842254280 -0.39 0.16 -1.06
1678842254291 -0.40 0.15 -1.05
1678842254300 -0.41 0.15 -1.05
1678842254316 -0.42 0.14 -1.06
1678842254322 -0.44 0.14 -1.07
1678842254331 -0.46 0.16 -1.07
1678842254343 -0.46 0.21 -1.09
1678842254351 -0.44 0.25 -1.16
1678842254371 -0.40 0.27 -1.24
1678842254385 -0.35 0.27 -1.29
1678842254387 -0.30 0.25 -1.30
1678842254391 -0.26 0.22 -1.26
1678842254402 -0.24 0.17 -1.16
1678842254406 -0.24 0.15 -1.10
1678842254417 -0.24 0.12 -0.96
1678842254432 -0.25 0.09 -0.84
1678842254457 -0.26 0.07 -0.80
1678842254460 -0.29 0.04 -0.75
1678842254462 -0.31 0.03 -0.75
1678842254463 -0.31 0.07 -0.79
1678842254474 -0.30 0.12 -0.88
1678842254479 -0.31 0.16 -0.93
1678842254486 -0.31 0.22 -1.05
1678842254498 -0.32 0.26 -1.17
1678842254506 -0.32 0.29 -1.26
1678842254527 -0.31 0.29 -1.30
1678842254531 -0.28 0.28 -1.28
1678842254535 -0.26 0.25 -1.21
1678842254546 -0.25 0.22 -1.12
1678842254556 -0.25 0.20 -1.03
1678842254565 -0.24 0.18 -0.99
1678842254577 -0.24 0.17 -0.96
1678842254586 -0.25 0.15 -0.88
1678842254599 -0.27 0.16 -0.85
1678842254607 -0.29 0.17 -0.83
1678842254610 -0.29 0.17 -0.82
1678842254629 -0.30 0.18 -0.81
1678842254637 -0.32 0.19 -0.78
1678842254647 -0.32 0.19 -0.77
1678842254657 -0.32 0.20 -0.78
1678842254657 -0.31 0.20 -0.79
1678842254673 -0.30 0.20 -0.82
1678842254684 -0.29 0.20 -0.84
1678842254696 -0.27 0.20 -0.91
1678842254698 -0.27 0.20 -0.93
1678842254709 -0.26 0.19 -0.94
1678842254716 -0.26 0.18 -0.98
1678842254724 -0.26 0.17 -0.98
1678842254738 -0.26 0.16 -0.97
1678842254741 -0.26 0.15 -0.97
1678842254750 -0.26 0.15 -0.97
1678842254770 -0.25 0.15 -0.96
1678842254774 -0.25 0.13 -0.96
1678842254779 -0.25 0.13 -0.96
1678842254794 -0.25 0.12 -0.96
1678842254804 -0.26 0.10 -0.95
1678842254808 -0.26 0.10 -0.94
1678842254822 -0.27 0.10 -0.94
1678842254836 -0.28 0.11 -0.92
1678842254839 -0.29 0.12 -0.92
1678842254845 -0.29 0.12 -0.92
1678842254888 -0.28 0.13 -0.95
1678842254893 -0.28 0.15 -0.98
1678842254907 -0.28 0.15 -0.99
1678842254909 -0.28 0.16 -1.00
1678842254914 -0.29 0.16 -1.03
1678842254922 -0.30 0.16 -1.02
1678842254924 -0.30 0.16 -1.01
1678842254927 -0.29 0.17 -0.98
1678842254929 -0.29 0.18 -0.97
1678842254931 -0.28 0.21 -0.96
1678842254937 -0.27 0.23 -0.98
1678842254941 -0.26 0.24 -1.00
1678842254953 -0.25 0.25 -1.05
1678842254963 -0.25 0.26 -1.07
1678842254971 -0.24 0.26 -1.10
1678842254976 -0.22 0.26 -1.14
1678842254993 -0.22 0.25 -1.14
1678842254998 -0.21 0.24 -1.11
1678842255001 -0.22 0.24 -1.09
1678842255026 -0.22 0.23 -1.06
1678842255029 -0.25 0.21 -0.96
1678842255037 -0.26 0.21 -0.93
1678842255052 -0.28 0.21 -0.91
1678842255057 -0.32 0.20 -0.86
1678842255068 -0.34 0.20 -0.85
1678842255073 -0.35 0.20 -0.85
1678842255084 -0.36 0.20 -0.85
1678842255094 -0.38 0.21 -0.90
1678842255097 -0.39 0.22 -0.92
1678842255103 -0.39 0.22 -0.93
1678842255112 -0.40 0.23 -0.94
1678842255122 -0.41 0.24 -0.95
1678842255126 -0.42 0.24 -0.95
1678842255144 -0.42 0.24 -0.95
1678842255149 -0.42 0.23 -0.97
1678842255155 -0.41 0.22 -0.98
1678842255160 -0.40 0.22 -0.99
1678842255174 -0.39 0.21 -1.00
1678842255181 -0.38 0.20 -1.00
1678842255191 -0.37 0.19 -1.01
1678842255200 -0.36 0.18 -1.01
1678842255215 -0.36 0.16 -1.01
1678842255216 -0.36 0.15 -1.00
1678842255232 -0.36 0.15 -0.99
1678842255242 -0.35 0.13 -0.95
1678842255249 -0.36 0.13 -0.92
1678842255251 -0.36 0.13 -0.91
1678842255272 -0.37 0.13 -0.89
1678842255273 -0.38 0.14 -0.88
1678842255275 -0.39 0.14 -0.88
1678842255281 -0.39 0.15 -0.89
1678842255290 -0.40 0.17 -0.90
1678842255296 -0.41 0.18 -0.91
1678842255305 -0.41 0.19 -0.92
1678842255322 -0.41 0.19 -0.92
1678842255322 -0.41 0.20 -0.93
1678842255326 -0.41 0.20 -0.93
1678842255347 -0.42 0.21 -0.93
1678842255349 -0.41 0.21 -0.91
1678842255361 -0.42 0.20 -0.90
1678842255366 -0.42 0.20 -0.90
1678842255373 -0.42 0.20 -0.90
1678842255384 -0.43 0.20 -0.90
1678842255391 -0.43 0.20 -0.91
1678842255400 -0.44 0.20 -0.92
1678842255417 -0.44 0.21 -0.93
1678842255433 -0.43 0.21 -0.95
1678842255433 -0.43 0.20 -0.96
1678842255440 -0.41 0.20 -0.97
1678842255445 -0.41 0.20 -0.98
1678842255455 -0.41 0.20 -0.99
1678842255466 -0.41 0.19 -1.01
1678842255477 -0.41 0.19 -1.02
1678842255485 -0.42 0.18 -1.03
1678842255495 -0.44 0.17 -1.04
1678842255505 -0.46 0.15 -1.02
1678842255515 -0.46 0.16 -0.99
1678842255526 -0.46 0.18 -0.97
1678842255544 -0.45 0.19 -0.98
1678842255558 -0.45 0.20 -1.01
1678842255577 -0.44 0.19 -1.04
1678842256218 -0.43 0.18 -1.08
1678842257525 -0.42 0.16 -1.10
1678842257525 -0.40 0.15 -1.10
1678842257525 -0.38 0.13 -1.07
1678842257525 -0.38 0.13 -1.06
1678842257525 -0.36 0.12 -1.02
1678842257525 -0.35 0.11 -1.01
1678842257525 -0.33 0.10 -0.99
1678842257525 -0.31 0.07 -0.97
1678842257579 -0.47 -0.01 -1.05
1678842257581 -0.32 0.10 -0.91
1678842257584 -0.33 0.11 -0.90
1678842257585 -0.34 0.10 -0.89
1678842257599 -0.34 0.09 -0.87
1678842257602 -0.34 0.09 -0.86
1678842257606 -0.34 0.08 -0.84
1678842257610 -0.33 0.09 -0.82
1678842257612 -0.33 0.09 -0.82
1678842257627 -0.33 0.10 -0.84
1678842257637 -0.34 0.10 -0.88
1678842257646 -0.34 0.10 -0.91
1678842257651 -0.35 0.11 -0.91
1678842257662 -0.37 0.11 -0.89
1678842257673 -0.37 0.11 -0.86
1678842257679 -0.38 0.11 -0.84
1678842257689 -0.37 0.11 -0.84
1678842257699 -0.37 0.12 -0.86
1678842257709 -0.36 0.12 -0.89
1678842257720 -0.36 0.12 -0.92
1678842257728 -0.36 0.12 -0.94
1678842257738 -0.36 0.12 -0.93
1678842257747 -0.36 0.13 -0.92
1678842257758 -0.37 0.13 -0.92
1678842257770 -0.39 0.13 -0.94
1678842257779 -0.38 0.15 -0.96
1678842257789 -0.37 0.16 -1.00
1678842257802 -0.36 0.17 -1.05
1678842257802 -0.35 0.17 -1.07
1678842257816 -0.34 0.17 -1.09
1678842257824 -0.33 0.17 -1.09
1678842257836 -0.34 0.15 -1.07
1678842257846 -0.38 0.12 -1.02
1678842257855 -0.38 0.13 -0.96
1678842257866 -0.38 0.15 -0.93
1678842257910 -0.38 0.16 -0.95
1678842257915 -0.39 0.18 -0.99
1678842257921 -0.39 0.19 -1.05
1678842257926 -0.38 0.21 -1.10
1678842257935 -0.37 0.23 -1.13
1678842257970 -0.37 0.24 -1.13
1678842257981 -0.37 0.25 -1.11
1678842257984 -0.37 0.26 -1.07
1678842257989 -0.37 0.25 -1.03
1678842257989 -0.37 0.24 -0.97
1678842257989 -0.36 0.24 -0.92
1678842257989 -0.36 0.24 -0.89
1678842257994 -0.36 0.23 -0.88
1678842258002 -0.37 0.22 -0.89
1678842258013 -0.36 0.23 -0.91
1678842258024 -0.35 0.25 -0.93
1678842258035 -0.34 0.25 -0.95
1678842258047 -0.33 0.25 -0.98
1678842258053 -0.31 0.26 -0.99
1678842258063 -0.31 0.25 -0.99
1678842258072 -0.30 0.25 -0.98
1678842258081 -0.30 0.26 -0.97
1678842258084 -0.30 0.26 -0.97
1678842258097 -0.30 0.25 -0.95
1678842258099 -0.30 0.25 -0.94
1678842258118 -0.30 0.24 -0.92
1678842258122 -0.28 0.23 -0.89
1678842258131 -0.26 0.21 -0.88
1678842258140 -0.26 0.21 -0.89
1678842258144 -0.27 0.21 -0.89
1678842258154 -0.27 0.21 -0.90
1678842258168 -0.27 0.19 -0.92
1678842258171 -0.28 0.19 -0.92
1678842258176 -0.28 0.19 -0.91
1678842258183 -0.29 0.19 -0.90
1678842258191 -0.30 0.19 -0.88
1678842258194 -0.31 0.19 -0.87
1678842258205 -0.31 0.19 -0.84
1678842258216 -0.32 0.19 -0.83
1678842258216 -0.32 0.19 -0.82
1678842258230 -0.33 0.19 -0.81
1678842258234 -0.35 0.19 -0.81
1678842258252 -0.37 0.19 -0.82
1678842258256 -0.37 0.19 -0.83
1678842258258 -0.37 0.19 -0.85
1678842258269 -0.38 0.19 -0.86
1678842258274 -0.38 0.18 -0.92
1678842258284 -0.39 0.18 -0.95
1678842258289 -0.38 0.17 -0.95
1678842258293 -0.39 0.17 -0.95
1678842258314 -0.39 0.18 -0.95
1678842258319 -0.39 0.17 -0.95
1678842258323 -0.39 0.17 -0.95
1678842258328 -0.39 0.16 -0.95
1678842258334 -0.38 0.16 -0.96
1678842258348 -0.38 0.16 -0.96
1678842258358 -0.39 0.15 -0.97
1678842258364 -0.40 0.15 -0.96
1678842258374 -0.41 0.16 -0.96
1678842258384 -0.43 0.18 -0.95
1678842258395 -0.44 0.19 -0.94
1678842258398 -0.45 0.20 -0.94
1678842258412 -0.46 0.21 -0.95
1678842258420 -0.46 0.21 -1.00
1678842258436 -0.45 0.19 -1.03
1678842258436 -0.45 0.17 -1.04
1678842258445 -0.45 0.14 -1.05
1678842258456 -0.40 0.13 -0.98
1678842258461 -0.38 0.14 -0.97
1678842258467 -0.37 0.14 -0.97
1678842258477 -0.36 0.15 -1.02
1678842258484 -0.36 0.14 -1.10
1678842258494 -0.35 0.14 -1.14
1678842258494 -0.34 0.15 -1.18
1678842258511 -0.33 0.15 -1.20
1678842258534 -0.28 0.19 -1.22
1678842258534 -0.26 0.21 -1.20
1678842258539 -0.25 0.22 -1.18
1678842258549 -0.25 0.22 -1.15
1678842258556 -0.23 0.21 -1.09
1678842260566 -0.19 0.19 -1.04
1678842260566 -0.19 0.17 -1.03
1678842260566 -0.19 0.15 -1.01
1678842260566 -0.19 0.13 -1.00
1678842260566 -0.22 0.11 -0.91
1678842260566 -0.22 0.11 -0.89
1678842260566 -0.23 0.12 -0.88
1678842260566 -0.24 0.12 -0.88
1678842260678 -0.24 0.13 -0.91
1678842260679 -0.28 0.20 -0.96
1678842260679 -0.28 0.20 -0.95
1678842260680 -0.28 0.19 -0.94
1678842260680 -0.28 0.19 -0.94
1678842260680 -0.27 0.19 -0.94
1678842260680 -0.27 0.20 -0.95
1678842260682 -0.27 0.19 -0.95
1678842260689 -0.27 0.19 -0.96
1678842260691 -0.27 0.20 -0.99
1678842260700 -0.28 0.21 -0.99
1678842260705 -0.28 0.21 -0.98
1678842260711 -0.28 0.21 -0.97
1678842260725 -0.29 0.21 -0.96
1678842260734 -0.30 0.22 -0.95
1678842260740 -0.29 0.22 -0.95
1678842260745 -0.30 0.22 -0.95
1678842260762 -0.30 0.22 -0.95
1678842260767 -0.29 0.21 -0.95
1678842260774 -0.29 0.21 -0.95
1678842260780 -0.29 0.21 -0.95
1678842260786 -0.29 0.20 -0.95
1678842260792 -0.29 0.20 -0.95
1678842260807 -0.29 0.20 -0.96
1678842260816 -0.28 0.19 -0.98
1678842260820 -0.28 0.19 -0.98
1678842260837 -0.28 0.19 -0.99
1678842260848 -0.28 0.19 -0.97
1678842260853 -0.28 0.19 -0.97
1678842260856 -0.28 0.19 -0.96
1678842260865 -0.28 0.20 -0.95
1678842260881 -0.27 0.19 -0.94
1678842260885 -0.28 0.19 -0.94
1678842260896 -0.28 0.18 -0.95
1678842260900 -0.27 0.18 -0.96
1678842260913 -0.27 0.18 -0.96
1678842260916 -0.27 0.18 -0.97
1678842260922 -0.27 0.18 -0.98
1678842260930 -0.27 0.18 -0.99
1678842260940 -0.27 0.18 -0.99
1678842260947 -0.27 0.18 -0.99
1678842260955 -0.27 0.18 -0.98
1678842260960 -0.28 0.18 -0.98
1678842260970 -0.28 0.18 -0.98
1678842260977 -0.27 0.18 -0.98
1678842260986 -0.27 0.18 -0.98
1678842260995 -0.27 0.18 -0.99
1678842261001 -0.27 0.18 -1.00
1678842261005 -0.27 0.18 -1.00
1678842261025 -0.27 0.19 -1.00
1678842261025 -0.27 0.19 -0.99
1678842261035 -0.26 0.20 -0.98
1678842261045 -0.27 0.20 -0.98
1678842261057 -0.27 0.21 -0.97
1678842261060 -0.27 0.21 -0.97
1678842261066 -0.27 0.21 -0.97
1678842261076 -0.28 0.22 -0.97
