1678842246580 -0.140 -0.620 -0.780
1678842246594 -0.140 -0.610 -0.790
1678842246601 -0.130 -0.600 -0.800
1678842246610 -0.130 -0.590 -0.790
1678842246620 -0.130 -0.580 -0.800
1678842246630 -0.120 -0.580 -0.810
1678842246640 -0.120 -0.570 -0.810
1678842246651 -0.130 -0.560 -0.820
1678842246660 -0.130 -0.550 -0.830
1678842246670 -0.130 -0.550 -0.820
1678842246679 -0.130 -0.540 -0.840
1678842246683 -0.130 -0.530 -0.840
1678842246689 -0.130 -0.530 -0.840
1678842246698 -0.130 -0.520 -0.840
1678842246708 -0.120 -0.510 -0.850
1678842246714 -0.120 -0.500 -0.860
1678842246718 -0.120 -0.500 -0.860
1678842246729 -0.120 -0.490 -0.860
1678842246744 -0.110 -0.490 -0.870
1678842246748 -0.120 -0.480 -0.860
1678842246762 -0.110 -0.480 -0.870
1678842246772 -0.120 -0.480 -0.870
1678842246782 -0.120 -0.470 -0.870
1678842246789 -0.130 -0.470 -0.880
1678842246805 -0.130 -0.460 -0.870
1678842246811 -0.130 -0.470 -0.880
1678842246819 -0.130 -0.460 -0.880
1678842246828 -0.140 -0.450 -0.880
1678842246845 -0.140 -0.440 -0.880
1678842246848 -0.140 -0.430 -0.890
1678842246863 -0.140 -0.420 -0.900
1678842246869 -0.140 -0.420 -0.900
1678842246878 -0.140 -0.410 -0.900
1678842246890 -0.140 -0.400 -0.900
1678842246902 -0.150 -0.400 -0.910
1678842246914 -0.150 -0.400 -0.900
1678842246919 -0.150 -0.390 -0.900
1678842246930 -0.160 -0.390 -0.910
1678842246938 -0.150 -0.390 -0.910
1678842246948 -0.160 -0.380 -0.910
1678842246958 -0.160 -0.370 -0.920
1678842246970 -0.160 -0.370 -0.920
1678842246978 -0.160 -0.360 -0.920
1678842246983 -0.160 -0.360 -0.920
1678842246993 -0.170 -0.360 -0.920
1678842247009 -0.170 -0.360 -0.920
1678842247013 -0.170 -0.350 -0.920
1678842247025 -0.170 -0.340 -0.920
1678842247046 -0.170 -0.340 -0.920
1678842247046 -0.170 -0.350 -0.930
1678842247061 -0.180 -0.350 -0.920
1678842247064 -0.180 -0.350 -0.920
1678842247075 -0.180 -0.350 -0.930
1678842247083 -0.170 -0.350 -0.930
1678842247094 -0.160 -0.340 -0.920
1678842247105 -0.160 -0.340 -0.930
1678842247113 -0.160 -0.330 -0.930
1678842247124 -0.160 -0.330 -0.930
1678842247135 -0.150 -0.330 -0.930
1678842247147 -0.150 -0.330 -0.930
1678842247155 -0.140 -0.330 -0.930
1678842247165 -0.150 -0.330 -0.930
1678842247173 -0.140 -0.330 -0.930
1678842247184 -0.150 -0.320 -0.940
1678842247194 -0.140 -0.330 -0.930
1678842247204 -0.150 -0.330 -0.930
1678842247215 -0.140 -0.340 -0.930
1678842247224 -0.150 -0.340 -0.920
1678842247232 -0.150 -0.340 -0.920
1678842247240 -0.150 -0.350 -0.920
1678842247249 -0.150 -0.350 -0.920
1678842247256 -0.160 -0.360 -0.920
1678842247258 -0.160 -0.360 -0.920
1678842247263 -0.160 -0.360 -0.920
1678842247274 -0.150 -0.360 -0.920
1678842247284 -0.160 -0.360 -0.920
1678842247300 -0.160 -0.360 -0.920
1678842247305 -0.160 -0.350 -0.920
1678842247321 -0.150 -0.350 -0.920
1678842247321 -0.150 -0.350 -0.930
1678842247323 -0.150 -0.340 -0.930
1678842247339 -0.140 -0.340 -0.930
1678842247344 -0.140 -0.340 -0.930
1678842247358 -0.140 -0.330 -0.940
1678842247364 -0.140 -0.320 -0.940
1678842247377 -0.140 -0.310 -0.940
1678842247379 -0.150 -0.310 -0.940
1678842247397 -0.150 -0.310 -0.940
1678842247410 -0.160 -0.300 -0.950
1678842247410 -0.160 -0.290 -0.950
1678842247418 -0.160 -0.290 -0.940
1678842247429 -0.160 -0.290 -0.940
1678842247438 -0.160 -0.290 -0.950
1678842247438 -0.160 -0.290 -0.940
1678842247455 -0.160 -0.290 -0.940
1678842247470 -0.160 -0.290 -0.940
1678842247470 -0.170 -0.280 -0.940
1678842247474 -0.170 -0.280 -0.940
1678842247491 -0.170 -0.280 -0.940
1678842247494 -0.180 -0.270 -0.950
1678842247504 -0.170 -0.280 -0.940
1678842247509 -0.180 -0.280 -0.950
1678842247521 -0.170 -0.280 -0.950
1678842247525 -0.170 -0.280 -0.940
1678842247529 -0.160 -0.290 -0.950
1678842247539 -0.160 -0.300 -0.940
1678842247544 -0.170 -0.300 -0.950
1678842247559 -0.170 -0.300 -0.940
1678842247565 -0.160 -0.310 -0.930
1678842247586 -0.150 -0.310 -0.930
1678842247586 -0.150 -0.320 -0.930
1678842247593 -0.150 -0.320 -0.930
1678842247598 -0.160 -0.320 -0.940
1678842247609 -0.160 -0.320 -0.930
1678842247619 -0.160 -0.320 -0.930
1678842247630 -0.160 -0.320 -0.930
1678842247635 -0.160 -0.320 -0.930
1678842247639 -0.160 -0.310 -0.930
1678842247654 -0.160 -0.310 -0.930
1678842247673 -0.160 -0.300 -0.940
1678842247674 -0.160 -0.300 -0.940
1678842247701 -0.160 -0.300 -0.940
1678842247701 -0.150 -0.300 -0.940
1678842247701 -0.160 -0.300 -0.940
1678842247701 -0.150 -0.300 -0.940
1678842247709 -0.150 -0.310 -0.940
1678842247715 -0.140 -0.300 -0.940
1678842247726 -0.140 -0.310 -0.940
1678842247732 -0.140 -0.310 -0.940
1678842247741 -0.140 -0.320 -0.930
1678842247754 -0.140 -0.330 -0.930
1678842247754 -0.140 -0.330 -0.930
1678842247770 -0.130 -0.330 -0.930
1678842247779 -0.140 -0.340 -0.930
1678842247789 -0.130 -0.330 -0.940
1678842247795 -0.140 -0.330 -0.930
1678842247805 -0.140 -0.330 -0.930
1678842247808 -0.140 -0.320 -0.940
1678842247815 -0.130 -0.320 -0.940
1678842247828 -0.130 -0.320 -0.940
1678842247848 -0.130 -0.310 -0.940
1678842247848 -0.130 -0.310 -0.950
1678842247852 -0.130 -0.310 -0.940
1678842247855 -0.130 -0.300 -0.950
1678842247865 -0.140 -0.300 -0.940
1678842247876 -0.140 -0.300 -0.940
1678842247879 -0.140 -0.300 -0.940
1678842247889 -0.140 -0.310 -0.940
1678842247899 -0.150 -0.330 -0.930
1678842247909 -0.160 -0.330 -0.930
1678842247920 -0.180 -0.350 -0.920
1678842247930 -0.190 -0.360 -0.920
1678842247942 -0.190 -0.370 -0.900
1678842247946 -0.200 -0.380 -0.910
1678842247959 -0.200 -0.380 -0.900
1678842247964 -0.190 -0.410 -0.900
1678842247974 -0.190 -0.410 -0.890
1678842247984 -0.190 -0.410 -0.890
1678842247989 -0.180 -0.420 -0.900
1678842247999 -0.170 -0.420 -0.890
1678842248010 -0.160 -0.410 -0.890
1678842248019 -0.150 -0.410 -0.900
1678842248029 -0.140 -0.410 -0.900
1678842248040 -0.130 -0.400 -0.910
1678842248049 -0.120 -0.390 -0.910
1678842248054 -0.110 -0.390 -0.920
1678842248065 -0.100 -0.380 -0.920
1678842248075 -0.090 -0.380 -0.920
1678842248084 -0.070 -0.370 -0.920
1678842248099 -0.060 -0.360 -0.930
1678842248110 -0.050 -0.360 -0.930
1678842248116 -0.050 -0.350 -0.940
1678842248128 -0.050 -0.340 -0.940
1678842248136 -0.040 -0.340 -0.940
1678842248148 -0.060 -0.330 -0.950
1678842248158 -0.060 -0.320 -0.940
1678842248176 -0.070 -0.330 -0.940
1678842248176 -0.080 -0.330 -0.940
1678842248185 -0.080 -0.340 -0.940
1678842248196 -0.080 -0.340 -0.930
1678842248204 -0.080 -0.340 -0.930
1678842248216 -0.080 -0.350 -0.940
1678842248226 -0.080 -0.350 -0.930
1678842248234 -0.070 -0.340 -0.940
1678842248246 -0.060 -0.330 -0.940
1678842248257 -0.070 -0.320 -0.940
1678842248267 -0.060 -0.320 -0.940
1678842248278 -0.070 -0.320 -0.940
1678842248284 -0.070 -0.310 -0.940
1678842248297 -0.070 -0.310 -0.950
1678842248309 -0.080 -0.310 -0.950
1678842248316 -0.080 -0.320 -0.950
1678842248326 -0.090 -0.320 -0.940
1678842248336 -0.100 -0.330 -0.940
1678842248346 -0.100 -0.330 -0.940
1678842248354 -0.110 -0.320 -0.940
1678842248366 -0.120 -0.320 -0.940
1678842248375 -0.120 -0.320 -0.940
1678842248389 -0.130 -0.320 -0.940
1678842248389 -0.130 -0.310 -0.940
1678842248399 -0.130 -0.320 -0.940
1678842248416 -0.130 -0.310 -0.940
1678842248416 -0.140 -0.320 -0.940
1678842248430 -0.140 -0.320 -0.930
1678842248436 -0.140 -0.320 -0.930
1678842248447 -0.150 -0.330 -0.930
1678842248454 -0.150 -0.330 -0.930
1678842248466 -0.150 -0.330 -0.930
1678842248474 -0.160 -0.340 -0.930
1678842248485 -0.150 -0.340 -0.930
1678842248496 -0.160 -0.340 -0.920
1678842248505 -0.160 -0.350 -0.930
1678842248515 -0.160 -0.340 -0.930
1678842248525 -0.160 -0.340 -0.930
1678842248531 -0.160 -0.350 -0.920
1678842248539 -0.170 -0.360 -0.920
1678842248550 -0.160 -0.350 -0.920
1678842248560 -0.160 -0.350 -0.920
1678842248570 -0.160 -0.360 -0.920
1678842248576 -0.160 -0.360 -0.920
1678842248586 -0.150 -0.370 -0.920
1678842248590 -0.150 -0.360 -0.920
1678842248600 -0.150 -0.370 -0.920
1678842248620 -0.150 -0.360 -0.920
1678842248620 -0.140 -0.360 -0.920
1678842248624 -0.150 -0.360 -0.920
1678842248630 -0.150 -0.360 -0.920
1678842248648 -0.150 -0.360 -0.920
1678842248648 -0.150 -0.360 -0.920
1678842248650 -0.140 -0.360 -0.930
1678842248667 -0.150 -0.350 -0.930
1678842248670 -0.150 -0.350 -0.930
1678842248679 -0.140 -0.350 -0.930
1678842248701 -0.140 -0.350 -0.930
1678842248701 -0.140 -0.350 -0.930
1678842248701 -0.130 -0.350 -0.930
1678842248716 -0.130 -0.350 -0.930
1678842248721 -0.130 -0.340 -0.930
1678842248730 -0.120 -0.330 -0.930
1678842248734 -0.120 -0.330 -0.930
1678842248744 -0.130 -0.320 -0.940
1678842248750 -0.140 -0.320 -0.940
1678842248760 -0.140 -0.310 -0.940
1678842248768 -0.150 -0.310 -0.950
1678842248819 -0.140 -0.300 -0.950
1678842248819 -0.150 -0.300 -0.940
1678842248819 -0.150 -0.290 -0.940
1678842248820 -0.150 -0.300 -0.950
1678842248820 -0.140 -0.300 -0.950
1678842248825 -0.130 -0.300 -0.940
1678842248831 -0.130 -0.300 -0.940
1678842248835 -0.130 -0.310 -0.950
1678842248850 -0.120 -0.310 -0.940
1678842248861 -0.110 -0.310 -0.950
1678842248864 -0.120 -0.300 -0.950
1678842248870 -0.120 -0.300 -0.950
1678842248880 -0.130 -0.290 -0.950
1678842248885 -0.130 -0.290 -0.950
1678842248900 -0.130 -0.280 -0.950
1678842248912 -0.150 -0.270 -0.950
1678842248916 -0.140 -0.280 -0.950
1678842248921 -0.140 -0.270 -0.950
1678842248930 -0.150 -0.270 -0.950
1678842248943 -0.150 -0.270 -0.950
1678842248950 -0.140 -0.260 -0.960
1678842248955 -0.140 -0.270 -0.960
1678842248967 -0.140 -0.280 -0.950
1678842248970 -0.140 -0.280 -0.950
1678842248982 -0.140 -0.290 -0.950
1678842248995 -0.130 -0.290 -0.950
1678842248995 -0.140 -0.290 -0.950
1678842249005 -0.140 -0.300 -0.950
1678842249010 -0.140 -0.300 -0.950
1678842249024 -0.140 -0.300 -0.950
1678842249027 -0.140 -0.310 -0.940
1678842249040 -0.140 -0.320 -0.940
1678842249048 -0.140 -0.330 -0.940
1678842249056 -0.140 -0.320 -0.940
1678842249066 -0.150 -0.320 -0.930
1678842249069 -0.140 -0.320 -0.930
1678842249076 -0.140 -0.330 -0.930
1678842249086 -0.140 -0.330 -0.940
1678842249093 -0.140 -0.330 -0.940
1678842249099 -0.140 -0.330 -0.940
1678842249107 -0.140 -0.330 -0.940
1678842249117 -0.140 -0.320 -0.930
1678842249134 -0.140 -0.320 -0.930
1678842249147 -0.140 -0.330 -0.940
1678842249147 -0.140 -0.320 -0.940
1678842249156 -0.140 -0.330 -0.930
1678842249168 -0.140 -0.330 -0.930
1678842249181 -0.140 -0.330 -0.940
1678842249186 -0.140 -0.330 -0.930
1678842249195 -0.150 -0.330 -0.930
1678842249205 -0.150 -0.330 -0.930
1678842249219 -0.140 -0.330 -0.930
1678842249228 -0.150 -0.330 -0.930
1678842249236 -0.140 -0.330 -0.930
1678842249245 -0.160 -0.320 -0.940
1678842249258 -0.150 -0.330 -0.940
1678842249269 -0.150 -0.330 -0.940
1678842249277 -0.150 -0.330 -0.940
1678842249285 -0.140 -0.330 -0.930
1678842249303 -0.140 -0.330 -0.940
1678842249307 -0.140 -0.330 -0.930
1678842249321 -0.140 -0.330 -0.930
1678842249333 -0.150 -0.330 -0.930
1678842249336 -0.150 -0.320 -0.930
1678842249345 -0.160 -0.320 -0.930
1678842249355 -0.160 -0.310 -0.940
1678842249365 -0.160 -0.300 -0.940
1678842249375 -0.160 -0.290 -0.940
1678842249386 -0.160 -0.280 -0.940
1678842249397 -0.150 -0.280 -0.950
1678842249405 -0.150 -0.280 -0.950
1678842249415 -0.150 -0.280 -0.950
1678842249433 -0.150 -0.290 -0.950
1678842249435 -0.150 -0.290 -0.940
1678842249448 -0.150 -0.300 -0.940
1678842249455 -0.160 -0.300 -0.940
1678842249466 -0.150 -0.300 -0.940
1678842249480 -0.160 -0.300 -0.940
1678842249487 -0.170 -0.300 -0.930
1678842249496 -0.170 -0.300 -0.940
1678842249510 -0.170 -0.290 -0.940
1678842249517 -0.170 -0.290 -0.940
1678842249526 -0.160 -0.290 -0.940
1678842249542 -0.160 -0.290 -0.940
1678842249542 -0.160 -0.300 -0.940
1678842249552 -0.160 -0.300 -0.940
1678842249564 -0.160 -0.310 -0.940
1678842249573 -0.160 -0.320 -0.940
1678842249582 -0.160 -0.320 -0.940
1678842249592 -0.160 -0.320 -0.930
1678842249602 -0.160 -0.330 -0.930
1678842249611 -0.160 -0.340 -0.930
1678842249622 -0.160 -0.340 -0.930
1678842249630 -0.160 -0.360 -0.920
1678842249643 -0.160 -0.360 -0.920
1678842249652 -0.160 -0.370 -0.910
1678842249666 -0.160 -0.370 -0.910
1678842249671 -0.160 -0.380 -0.910
1678842249681 -0.160 -0.380 -0.910
1678842249694 -0.160 -0.380 -0.900
1678842249701 -0.150 -0.390 -0.900
1678842249708 -0.160 -0.390 -0.910
1678842249725 -0.160 -0.390 -0.910
1678842249730 -0.160 -0.400 -0.910
1678842249746 -0.150 -0.390 -0.900
1678842249746 -0.150 -0.400 -0.910
1678842249757 -0.140 -0.400 -0.910
1678842249764 -0.140 -0.390 -0.910
1678842249774 -0.140 -0.390 -0.910
1678842249781 -0.130 -0.400 -0.910
1678842249783 -0.140 -0.400 -0.900
1678842249796 -0.140 -0.390 -0.900
1678842249802 -0.130 -0.390 -0.910
1678842249816 -0.130 -0.390 -0.910
1678842249816 -0.120 -0.400 -0.910
1678842249821 -0.130 -0.390 -0.910
1678842249839 -0.120 -0.390 -0.910
1678842249839 -0.120 -0.390 -0.910
1678842249855 -0.120 -0.400 -0.910
1678842249880 -0.100 -0.400 -0.910
1678842249880 -0.100 -0.400 -0.910
1678842249885 -0.100 -0.400 -0.910
1678842249895 -0.100 -0.400 -0.910
1678842249903 -0.100 -0.400 -0.910
1678842249913 -0.100 -0.400 -0.910
1678842249919 -0.110 -0.390 -0.920
1678842249924 -0.100 -0.390 -0.920
1678842249937 -0.100 -0.380 -0.920
1678842249951 -0.100 -0.380 -0.920
1678842249951 -0.110 -0.370 -0.920
1678842249962 -0.100 -0.370 -0.920
1678842249968 -0.100 -0.370 -0.920
1678842249976 -0.100 -0.360 -0.930
1678842249990 -0.100 -0.370 -0.920
1678842249991 -0.090 -0.370 -0.920
1678842250005 -0.090 -0.370 -0.920
1678842250014 -0.080 -0.370 -0.930
1678842250028 -0.100 -0.370 -0.920
1678842250029 -0.090 -0.370 -0.920
1678842250043 -0.100 -0.360 -0.930
1678842250049 -0.110 -0.350 -0.930
1678842250058 -0.120 -0.350 -0.930
1678842250063 -0.120 -0.340 -0.930
1678842250078 -0.130 -0.340 -0.930
1678842250083 -0.130 -0.340 -0.940
1678842250091 -0.120 -0.330 -0.930
1678842250099 -0.120 -0.330 -0.930
1678842250113 -0.130 -0.340 -0.930
1678842250124 -0.130 -0.350 -0.930
1678842250124 -0.120 -0.350 -0.920
1678842250131 -0.130 -0.360 -0.920
1678842250139 -0.130 -0.360 -0.930
1678842250143 -0.130 -0.370 -0.930
1678842250167 -0.130 -0.370 -0.920
1678842250168 -0.130 -0.390 -0.910
1678842250182 -0.140 -0.390 -0.920
1678842250187 -0.140 -0.400 -0.910
1678842250198 -0.130 -0.400 -0.910
1678842250198 -0.140 -0.390 -0.910
1678842250258 -0.130 -0.400 -0.900
1678842250262 -0.130 -0.390 -0.910
1678842250262 -0.120 -0.400 -0.910
1678842250262 -0.110 -0.390 -0.910
1678842250262 -0.110 -0.390 -0.910
1678842250281 -0.110 -0.390 -0.910
1678842250287 -0.110 -0.400 -0.910
1678842250297 -0.110 -0.400 -0.910
1678842250300 -0.110 -0.400 -0.910
1678842250314 -0.110 -0.400 -0.910
1678842250322 -0.110 -0.410 -0.900
1678842250332 -0.110 -0.420 -0.900
1678842250339 -0.110 -0.410 -0.900
1678842250346 -0.110 -0.420 -0.900
1678842250355 -0.100 -0.420 -0.900
1678842250365 -0.110 -0.420 -0.900
1678842250369 -0.110 -0.420 -0.900
1678842250379 -0.110 -0.420 -0.900
1678842250395 -0.110 -0.420 -0.900
1678842250397 -0.120 -0.420 -0.900
1678842250403 -0.120 -0.410 -0.900
1678842250408 -0.120 -0.400 -0.910
1678842250419 -0.120 -0.410 -0.910
1678842250433 -0.120 -0.400 -0.900
1678842250448 -0.120 -0.400 -0.910
1678842250449 -0.130 -0.400 -0.910
1678842250458 -0.130 -0.390 -0.910
1678842250466 -0.140 -0.380 -0.910
1678842250477 -0.130 -0.370 -0.910
1678842250489 -0.140 -0.370 -0.920
1678842250503 -0.130 -0.360 -0.930
1678842250508 -0.140 -0.350 -0.920
1678842250529 -0.140 -0.330 -0.930
1678842250529 -0.140 -0.330 -0.940
1678842250537 -0.120 -0.310 -0.940
1678842250548 -0.130 -0.310 -0.940
1678842250555 -0.120 -0.310 -0.940
1678842250568 -0.120 -0.310 -0.940
1678842250584 -0.110 -0.310 -0.940
1678842250584 -0.120 -0.320 -0.940
1678842250600 -0.120 -0.330 -0.940
1678842250649 -0.120 -0.330 -0.930
1678842250654 -0.110 -0.330 -0.940
1678842250670 -0.120 -0.340 -0.930
1678842250678 -0.120 -0.330 -0.940
1678842250678 -0.120 -0.330 -0.940
1678842250683 -0.120 -0.330 -0.930
1678842250686 -0.130 -0.310 -0.940
1678842250686 -0.130 -0.310 -0.940
1678842250695 -0.130 -0.310 -0.940
1678842250698 -0.130 -0.300 -0.940
1678842250718 -0.130 -0.310 -0.950
1678842250720 -0.120 -0.310 -0.940
1678842250727 -0.130 -0.320 -0.940
1678842250738 -0.120 -0.320 -0.930
1678842250745 -0.120 -0.330 -0.940
1678842250756 -0.130 -0.340 -0.930
1678842250765 -0.120 -0.340 -0.930
1678842250774 -0.120 -0.350 -0.930
1678842250784 -0.110 -0.360 -0.930
1678842250796 -0.120 -0.360 -0.930
1678842250803 -0.110 -0.370 -0.920
1678842250816 -0.110 -0.370 -0.920
1678842250832 -0.100 -0.380 -0.920
1678842250868 -0.100 -0.390 -0.920
1678842250878 -0.100 -0.400 -0.910
1678842250883 -0.100 -0.400 -0.910
1678842250888 -0.100 -0.400 -0.910
1678842250893 -0.090 -0.400 -0.910
1678842250894 -0.090 -0.400 -0.920
1678842250896 -0.090 -0.390 -0.910
1678842250933 -0.090 -0.400 -0.910
1678842250944 -0.090 -0.390 -0.910
1678842250948 -0.090 -0.400 -0.910
1678842250952 -0.070 -0.390 -0.910
1678842250955 -0.080 -0.390 -0.920
1678842250961 -0.080 -0.400 -0.920
1678842250963 -0.080 -0.400 -0.910
1678842250963 -0.080 -0.400 -0.920
1678842250975 -0.080 -0.390 -0.910
1678842250976 -0.090 -0.390 -0.920
1678842250996 -0.090 -0.400 -0.910
1678842250999 -0.080 -0.390 -0.910
1678842251011 -0.090 -0.390 -0.910
1678842251017 -0.090 -0.400 -0.920
1678842251018 -0.090 -0.390 -0.920
1678842251031 -0.090 -0.400 -0.910
1678842251033 -0.090 -0.390 -0.920
1678842251047 -0.080 -0.390 -0.910
1678842251047 -0.080 -0.390 -0.910
1678842251057 -0.080 -0.380 -0.920
1678842251066 -0.080 -0.390 -0.910
1678842251073 -0.080 -0.390 -0.920
1678842251077 -0.070 -0.380 -0.920
1678842251083 -0.070 -0.380 -0.920
1678842251100 -0.080 -0.370 -0.920
1678842251112 -0.080 -0.370 -0.930
1678842251112 -0.070 -0.370 -0.930
1678842251118 -0.070 -0.370 -0.930
1678842251151 -0.070 -0.370 -0.920
1678842251151 -0.050 -0.370 -0.930
1678842251152 -0.050 -0.380 -0.930
1678842251186 -0.040 -0.380 -0.930
1678842251186 -0.030 -0.400 -0.920
1678842251186 -0.030 -0.390 -0.920
1678842251190 -0.030 -0.400 -0.920
1678842251198 -0.040 -0.390 -0.920
1678842251216 -0.040 -0.400 -0.920
1678842251238 -0.050 -0.390 -0.920
1678842251238 -0.080 -0.370 -0.920
1678842251260 -0.090 -0.360 -0.930
1678842251267 -0.090 -0.360 -0.930
1678842251276 -0.100 -0.340 -0.930
1678842251278 -0.100 -0.340 -0.940
1678842251282 -0.100 -0.340 -0.940
1678842251282 -0.110 -0.340 -0.940
1678842251300 -0.100 -0.350 -0.930
1678842251304 -0.100 -0.360 -0.930
1678842251308 -0.100 -0.360 -0.930
1678842251318 -0.100 -0.360 -0.930
1678842251318 -0.100 -0.370 -0.930
1678842251387 -0.090 -0.370 -0.920
1678842251389 -0.100 -0.390 -0.920
1678842251390 -0.090 -0.390 -0.910
1678842251392 -0.090 -0.390 -0.920
1678842251395 -0.090 -0.390 -0.910
1678842251398 -0.090 -0.390 -0.920
1678842251404 -0.090 -0.400 -0.920
1678842251404 -0.090 -0.400 -0.910
1678842251404 -0.090 -0.390 -0.910
1678842251408 -0.100 -0.400 -0.910
1678842251417 -0.090 -0.400 -0.920
1678842251424 -0.100 -0.400 -0.910
1678842251432 -0.090 -0.400 -0.910
1678842251439 -0.090 -0.400 -0.910
1678842251457 -0.100 -0.410 -0.910
1678842251458 -0.100 -0.410 -0.910
1678842251466 -0.100 -0.410 -0.910
1678842251476 -0.100 -0.420 -0.910
1678842251498 -0.100 -0.420 -0.910
1678842251506 -0.110 -0.420 -0.910
1678842251512 -0.100 -0.410 -0.900
1678842251521 -0.100 -0.410 -0.900
1678842251522 -0.100 -0.420 -0.900
1678842251528 -0.100 -0.420 -0.900
1678842251543 -0.100 -0.410 -0.900
1678842251551 -0.110 -0.420 -0.900
1678842251559 -0.100 -0.420 -0.900
1678842251570 -0.110 -0.420 -0.910
1678842251591 -0.100 -0.420 -0.910
1678842251594 -0.110 -0.420 -0.900
1678842251594 -0.100 -0.420 -0.900
1678842251599 -0.110 -0.420 -0.900
1678842251609 -0.120 -0.420 -0.910
1678842251617 -0.120 -0.410 -0.910
1678842251626 -0.120 -0.400 -0.910
1678842251634 -0.110 -0.390 -0.910
1678842251645 -0.110 -0.380 -0.920
1678842251658 -0.120 -0.370 -0.920
1678842251658 -0.110 -0.370 -0.920
1678842251674 -0.120 -0.360 -0.920
1678842251679 -0.120 -0.350 -0.930
1678842251688 -0.120 -0.350 -0.930
1678842251694 -0.120 -0.350 -0.930
1678842251716 -0.120 -0.350 -0.930
1678842251719 -0.130 -0.360 -0.930
1678842251725 -0.130 -0.360 -0.920
1678842251737 -0.140 -0.370 -0.920
1678842251747 -0.140 -0.370 -0.920
1678842251753 -0.140 -0.380 -0.910
1678842251764 -0.150 -0.380 -0.920
1678842251775 -0.160 -0.380 -0.910
1678842251783 -0.160 -0.370 -0.920
1678842251791 -0.150 -0.360 -0.920
1678842251811 -0.160 -0.370 -0.920
1678842251815 -0.150 -0.360 -0.920
1678842251817 -0.160 -0.360 -0.920
1678842251824 -0.160 -0.350 -0.920
1678842251835 -0.160 -0.350 -0.920
1678842251845 -0.150 -0.360 -0.920
1678842251858 -0.150 -0.360 -0.920
1678842251867 -0.150 -0.360 -0.920
1678842251877 -0.160 -0.360 -0.920
1678842251885 -0.150 -0.370 -0.920
1678842251896 -0.150 -0.370 -0.920
1678842251908 -0.150 -0.380 -0.910
1678842251915 -0.150 -0.380 -0.910
1678842251937 -0.150 -0.380 -0.910
1678842251939 -0.150 -0.390 -0.910
1678842251943 -0.140 -0.390 -0.910
1678842251953 -0.150 -0.400 -0.910
1678842251966 -0.150 -0.400 -0.900
1678842251974 -0.150 -0.410 -0.900
1678842251986 -0.150 -0.410 -0.900
1678842251996 -0.140 -0.420 -0.900
1678842252012 -0.140 -0.410 -0.900
1678842252020 -0.140 -0.420 -0.900
1678842252029 -0.130 -0.420 -0.890
1678842252035 -0.130 -0.420 -0.890
1678842252039 -0.130 -0.430 -0.900
1678842252051 -0.130 -0.420 -0.900
1678842252063 -0.120 -0.430 -0.890
1678842252067 -0.120 -0.430 -0.890
1678842252082 -0.110 -0.420 -0.900
1678842252090 -0.110 -0.420 -0.900
1678842252101 -0.120 -0.420 -0.900
1678842252107 -0.110 -0.420 -0.900
1678842252127 -0.110 -0.420 -0.900
1678842252132 -0.120 -0.420 -0.900
1678842252133 -0.120 -0.420 -0.900
1678842252142 -0.110 -0.420 -0.900
1678842252144 -0.110 -0.420 -0.900
1678842252154 -0.120 -0.420 -0.900
1678842252163 -0.120 -0.410 -0.900
1678842252174 -0.130 -0.410 -0.910
1678842252189 -0.130 -0.400 -0.910
1678842252193 -0.130 -0.390 -0.910
1678842252210 -0.140 -0.380 -0.920
1678842252215 -0.140 -0.370 -0.920
1678842252220 -0.140 -0.370 -0.920
1678842252224 -0.130 -0.380 -0.920
1678842252249 -0.130 -0.370 -0.920
1678842252254 -0.130 -0.380 -0.910
1678842252267 -0.120 -0.390 -0.910
1678842252284 -0.120 -0.390 -0.910
1678842252284 -0.110 -0.400 -0.910
1678842252290 -0.110 -0.410 -0.910
1678842252300 -0.100 -0.430 -0.900
1678842252301 -0.100 -0.430 -0.900
1678842252315 -0.100 -0.440 -0.900
1678842252324 -0.100 -0.440 -0.890
1678842252330 -0.110 -0.420 -0.900
1678842252338 -0.100 -0.430 -0.900
1678842252345 -0.120 -0.420 -0.900
1678842252352 -0.120 -0.410 -0.900
1678842252354 -0.120 -0.410 -0.900
1678842252361 -0.130 -0.400 -0.910
1678842252369 -0.140 -0.400 -0.900
1678842252376 -0.130 -0.400 -0.900
1678842252395 -0.130 -0.400 -0.910
1678842252410 -0.130 -0.400 -0.900
1678842252414 -0.130 -0.400 -0.910
1678842252414 -0.130 -0.400 -0.900
1678842252426 -0.120 -0.410 -0.910
1678842252431 -0.120 -0.420 -0.900
1678842252445 -0.120 -0.420 -0.900
1678842252448 -0.120 -0.420 -0.900
1678842252456 -0.110 -0.430 -0.900
1678842252468 -0.120 -0.430 -0.900
1678842252481 -0.120 -0.440 -0.890
1678842252487 -0.110 -0.440 -0.890
1678842252498 -0.110 -0.450 -0.890
1678842252498 -0.110 -0.450 -0.890
1678842252510 -0.110 -0.450 -0.890
1678842252514 -0.110 -0.450 -0.890
1678842252532 -0.110 -0.440 -0.890
1678842252537 -0.100 -0.450 -0.890
1678842252543 -0.100 -0.440 -0.890
1678842252548 -0.110 -0.440 -0.890
1678842252557 -0.110 -0.430 -0.900
1678842252560 -0.110 -0.430 -0.890
1678842252565 -0.110 -0.440 -0.890
1678842252582 -0.110 -0.440 -0.890
1678842252584 -0.110 -0.440 -0.890
1678842252594 -0.110 -0.440 -0.900
1678842252601 -0.110 -0.440 -0.900
1678842252615 -0.110 -0.430 -0.890
1678842252629 -0.110 -0.430 -0.890
1678842252630 -0.120 -0.430 -0.900
1678842252645 -0.120 -0.440 -0.900
1678842252663 -0.130 -0.430 -0.900
1678842252699 -0.130 -0.420 -0.900
1678842252706 -0.120 -0.420 -0.900
1678842252715 -0.130 -0.420 -0.900
1678842252718 -0.130 -0.420 -0.900
1678842252720 -0.130 -0.410 -0.900
1678842252723 -0.140 -0.410 -0.910
1678842252728 -0.140 -0.400 -0.910
1678842252730 -0.140 -0.390 -0.910
1678842252740 -0.140 -0.390 -0.910
1678842252749 -0.150 -0.380 -0.910
1678842252754 -0.150 -0.380 -0.910
1678842252773 -0.150 -0.380 -0.910
1678842252790 -0.140 -0.370 -0.920
1678842252796 -0.150 -0.360 -0.920
1678842252806 -0.140 -0.370 -0.920
1678842252815 -0.140 -0.360 -0.920
1678842252818 -0.130 -0.370 -0.920
1678842252821 -0.130 -0.370 -0.920
1678842252831 -0.130 -0.370 -0.920
1678842252836 -0.130 -0.370 -0.920
1678842252845 -0.130 -0.370 -0.920
1678842252856 -0.140 -0.370 -0.920
1678842252861 -0.140 -0.370 -0.910
1678842252877 -0.140 -0.370 -0.910
1678842252890 -0.160 -0.360 -0.910
1678842252892 -0.160 -0.360 -0.910
1678842252896 -0.170 -0.370 -0.920
1678842252906 -0.170 -0.360 -0.920
1678842252921 -0.170 -0.360 -0.920
1678842252924 -0.170 -0.360 -0.920
1678842252934 -0.170 -0.360 -0.920
1678842252948 -0.160 -0.370 -0.910
1678842252957 -0.170 -0.370 -0.910
1678842252970 -0.160 -0.380 -0.910
1678842252974 -0.160 -0.390 -0.900
1678842252981 -0.160 -0.380 -0.910
1678842252989 -0.170 -0.390 -0.910
1678842253000 -0.170 -0.400 -0.900
1678842253005 -0.170 -0.400 -0.900
1678842253018 -0.170 -0.400 -0.900
1678842253026 -0.160 -0.400 -0.900
1678842253039 -0.160 -0.410 -0.900
1678842253050 -0.160 -0.410 -0.890
1678842253052 -0.150 -0.410 -0.890
1678842253064 -0.150 -0.420 -0.900
1678842253072 -0.150 -0.410 -0.900
1678842253084 -0.160 -0.410 -0.900
1678842253120 -0.150 -0.420 -0.890
1678842253120 -0.150 -0.420 -0.900
1678842253128 -0.160 -0.430 -0.900
1678842253143 -0.150 -0.430 -0.890
1678842253143 -0.150 -0.430 -0.890
1678842253146 -0.160 -0.440 -0.880
1678842253148 -0.150 -0.440 -0.890
1678842253155 -0.150 -0.440 -0.890
1678842253162 -0.150 -0.440 -0.880
1678842253172 -0.150 -0.440 -0.880
1678842253193 -0.150 -0.450 -0.880
1678842253203 -0.150 -0.440 -0.890
1678842253207 -0.150 -0.450 -0.880
1678842253214 -0.150 -0.440 -0.880
1678842253225 -0.150 -0.450 -0.880
1678842253229 -0.150 -0.450 -0.880
1678842253241 -0.150 -0.460 -0.880
1678842253250 -0.150 -0.460 -0.870
1678842253264 -0.140 -0.470 -0.870
1678842253273 -0.140 -0.460 -0.870
1678842253290 -0.140 -0.460 -0.870
1678842253299 -0.140 -0.460 -0.870
1678842253348 -0.140 -0.450 -0.890
1678842253348 -0.140 -0.440 -0.890
1678842253352 -0.140 -0.440 -0.890
1678842253352 -0.140 -0.430 -0.890
1678842253356 -0.130 -0.430 -0.900
1678842253360 -0.130 -0.430 -0.900
1678842253362 -0.120 -0.430 -0.900
1678842253370 -0.120 -0.430 -0.890
1678842253376 -0.110 -0.440 -0.890
1678842253402 -0.100 -0.430 -0.900
1678842253402 -0.100 -0.440 -0.890
1678842253404 -0.100 -0.440 -0.890
1678842253411 -0.110 -0.430 -0.900
1678842253419 -0.120 -0.420 -0.900
1678842253428 -0.130 -0.410 -0.900
1678842253440 -0.130 -0.400 -0.910
1678842253449 -0.140 -0.390 -0.910
1678842253459 -0.140 -0.390 -0.910
1678842253465 -0.150 -0.380 -0.910
1678842253474 -0.150 -0.390 -0.910
1678842253487 -0.150 -0.390 -0.910
1678842253491 -0.160 -0.400 -0.900
1678842253507 -0.160 -0.410 -0.900
1678842253515 -0.160 -0.420 -0.900
1678842253526 -0.150 -0.420 -0.900
1678842253533 -0.160 -0.420 -0.890
1678842253536 -0.150 -0.430 -0.890
1678842253543 -0.160 -0.440 -0.880
1678842253550 -0.160 -0.450 -0.880
1678842253558 -0.160 -0.460 -0.870
1678842253567 -0.160 -0.460 -0.870
1678842253570 -0.160 -0.470 -0.860
1678842253576 -0.160 -0.470 -0.870
1678842253598 -0.160 -0.470 -0.870
1678842253610 -0.160 -0.480 -0.860
1678842253613 -0.170 -0.470 -0.870
1678842253623 -0.160 -0.480 -0.870
1678842253626 -0.170 -0.470 -0.870
1678842253636 -0.170 -0.460 -0.870
1678842253642 -0.160 -0.470 -0.870
1678842253671 -0.170 -0.470 -0.870
1678842253674 -0.170 -0.460 -0.870
1678842253699 -0.160 -0.460 -0.870
1678842253712 -0.170 -0.470 -0.870
1678842253715 -0.170 -0.460 -0.870
1678842253719 -0.170 -0.460 -0.870
1678842253724 -0.170 -0.470 -0.870
1678842253737 -0.170 -0.470 -0.870
1678842253737 -0.180 -0.470 -0.870
1678842253737 -0.170 -0.470 -0.860
1678842253738 -0.180 -0.480 -0.860
1678842253747 -0.170 -0.480 -0.870
1678842253757 -0.180 -0.470 -0.860
1678842253762 -0.190 -0.470 -0.860
1678842253775 -0.190 -0.470 -0.870
1678842253775 -0.190 -0.470 -0.860
1678842253817 -0.190 -0.480 -0.860
1678842253819 -0.200 -0.470 -0.860
1678842253822 -0.200 -0.470 -0.860
1678842253828 -0.200 -0.470 -0.860
1678842253830 -0.210 -0.470 -0.860
1678842253838 -0.210 -0.460 -0.870
1678842253847 -0.200 -0.450 -0.870
1678842253861 -0.210 -0.440 -0.870
1678842253866 -0.200 -0.440 -0.870
1678842253873 -0.200 -0.430 -0.880
1678842253885 -0.210 -0.420 -0.890
1678842253889 -0.200 -0.420 -0.880
1678842253902 -0.200 -0.420 -0.890
1678842253903 -0.200 -0.420 -0.890
1678842253910 -0.190 -0.410 -0.890
1678842253919 -0.180 -0.420 -0.890
1678842253925 -0.180 -0.420 -0.890
1678842253941 -0.180 -0.430 -0.890
1678842253946 -0.180 -0.420 -0.890
1678842253958 -0.190 -0.430 -0.890
1678842253968 -0.190 -0.430 -0.880
1678842253974 -0.190 -0.430 -0.890
1678842253981 -0.190 -0.430 -0.890
1678842253994 -0.190 -0.430 -0.880
1678842254004 -0.190 -0.420 -0.880
1678842254018 -0.200 -0.420 -0.890
1678842254019 -0.190 -0.420 -0.890
1678842254031 -0.190 -0.420 -0.890
1678842254044 -0.190 -0.430 -0.880
1678842254050 -0.190 -0.440 -0.880
1678842254054 -0.190 -0.440 -0.880
1678842254071 -0.190 -0.440 -0.880
1678842254077 -0.190 -0.450 -0.880
1678842254088 -0.200 -0.450 -0.880
1678842254091 -0.190 -0.460 -0.870
1678842254102 -0.190 -0.450 -0.870
1678842254111 -0.190 -0.460 -0.870
1678842254119 -0.190 -0.470 -0.870
1678842254129 -0.190 -0.470 -0.860
1678842254144 -0.190 -0.480 -0.860
1678842254154 -0.180 -0.480 -0.860
1678842254160 -0.180 -0.470 -0.860
1678842254173 -0.170 -0.480 -0.860
1678842254181 -0.180 -0.480 -0.850
1678842254193 -0.170 -0.490 -0.850
1678842254205 -0.180 -0.490 -0.850
1678842254240 -0.180 -0.500 -0.850
1678842254240 -0.170 -0.490 -0.850
1678842254247 -0.170 -0.500 -0.850
1678842254254 -0.170 -0.490 -0.850
1678842254254 -0.160 -0.500 -0.850
1678842254260 -0.170 -0.490 -0.860
1678842254273 -0.170 -0.490 -0.850
1678842254280 -0.160 -0.490 -0.860
1678842254291 -0.160 -0.490 -0.860
1678842254300 -0.160 -0.490 -0.860
1678842254316 -0.160 -0.490 -0.860
1678842254322 -0.150 -0.490 -0.860
1678842254331 -0.150 -0.490 -0.860
1678842254343 -0.150 -0.490 -0.860
1678842254351 -0.160 -0.490 -0.860
1678842254371 -0.170 -0.480 -0.870
1678842254385 -0.170 -0.480 -0.860
1678842254387 -0.170 -0.470 -0.870
1678842254391 -0.170 -0.460 -0.870
1678842254402 -0.170 -0.460 -0.870
1678842254406 -0.160 -0.460 -0.880
1678842254417 -0.160 -0.460 -0.880
1678842254432 -0.150 -0.460 -0.870
1678842254457 -0.140 -0.460 -0.870
1678842254460 -0.140 -0.460 -0.870
1678842254462 -0.130 -0.480 -0.870
1678842254463 -0.140 -0.470 -0.870
1678842254474 -0.140 -0.480 -0.870
1678842254479 -0.150 -0.470 -0.870
1678842254486 -0.150 -0.470 -0.870
1678842254498 -0.170 -0.460 -0.880
1678842254506 -0.180 -0.450 -0.880
1678842254527 -0.190 -0.440 -0.880
1678842254531 -0.190 -0.440 -0.880
1678842254535 -0.190 -0.440 -0.880
1678842254546 -0.180 -0.440 -0.890
1678842254556 -0.180 -0.440 -0.890
1678842254565 -0.170 -0.440 -0.880
1678842254577 -0.170 -0.440 -0.880
1678842254586 -0.170 -0.450 -0.880
1678842254599 -0.170 -0.440 -0.880
1678842254607 -0.180 -0.450 -0.880
1678842254610 -0.170 -0.460 -0.870
1678842254629 -0.180 -0.460 -0.870
1678842254637 -0.180 -0.480 -0.860
1678842254647 -0.180 -0.480 -0.850
1678842254657 -0.180 -0.480 -0.860
1678842254657 -0.180 -0.480 -0.850
1678842254673 -0.190 -0.480 -0.850
1678842254684 -0.190 -0.480 -0.850
1678842254696 -0.190 -0.480 -0.850
1678842254698 -0.190 -0.480 -0.860
1678842254709 -0.180 -0.480 -0.850
1678842254716 -0.180 -0.470 -0.860
1678842254724 -0.180 -0.470 -0.860
1678842254738 -0.180 -0.480 -0.860
1678842254741 -0.180 -0.480 -0.860
1678842254750 -0.180 -0.480 -0.860
1678842254770 -0.170 -0.480 -0.860
1678842254774 -0.170 -0.480 -0.860
1678842254779 -0.170 -0.480 -0.860
1678842254794 -0.170 -0.480 -0.860
1678842254804 -0.170 -0.490 -0.860
1678842254808 -0.160 -0.490 -0.860
1678842254822 -0.160 -0.490 -0.860
1678842254836 -0.150 -0.500 -0.850
1678842254839 -0.160 -0.500 -0.850
1678842254845 -0.160 -0.500 -0.850
1678842254888 -0.150 -0.510 -0.850
1678842254893 -0.150 -0.500 -0.850
1678842254907 -0.150 -0.510 -0.850
1678842254909 -0.150 -0.500 -0.850
1678842254914 -0.140 -0.500 -0.850
1678842254922 -0.150 -0.500 -0.850
1678842254924 -0.150 -0.510 -0.850
1678842254927 -0.130 -0.510 -0.850
1678842254929 -0.140 -0.510 -0.850
1678842254931 -0.140 -0.500 -0.850
1678842254937 -0.140 -0.500 -0.850
1678842254941 -0.140 -0.500 -0.850
1678842254953 -0.140 -0.500 -0.860
1678842254963 -0.150 -0.500 -0.850
1678842254971 -0.150 -0.500 -0.860
1678842254976 -0.150 -0.490 -0.860
1678842254993 -0.150 -0.490 -0.860
1678842254998 -0.150 -0.490 -0.860
1678842255001 -0.150 -0.480 -0.860
1678842255026 -0.150 -0.490 -0.860
1678842255029 -0.140 -0.490 -0.860
1678842255037 -0.140 -0.490 -0.860
1678842255052 -0.150 -0.490 -0.860
1678842255057 -0.150 -0.510 -0.850
1678842255068 -0.150 -0.510 -0.850
1678842255073 -0.150 -0.520 -0.840
1678842255084 -0.160 -0.520 -0.840
1678842255094 -0.160 -0.530 -0.830
1678842255097 -0.160 -0.540 -0.820
1678842255103 -0.160 -0.550 -0.820
1678842255112 -0.150 -0.550 -0.820
1678842255122 -0.160 -0.560 -0.810
1678842255126 -0.160 -0.560 -0.810
1678842255144 -0.160 -0.570 -0.810
1678842255149 -0.150 -0.570 -0.800
1678842255155 -0.150 -0.580 -0.800
1678842255160 -0.150 -0.580 -0.800
1678842255174 -0.140 -0.580 -0.800
1678842255181 -0.140 -0.590 -0.800
1678842255191 -0.130 -0.590 -0.800
1678842255200 -0.120 -0.590 -0.800
1678842255215 -0.110 -0.600 -0.800
1678842255216 -0.110 -0.600 -0.790
1678842255232 -0.100 -0.590 -0.790
1678842255242 -0.080 -0.600 -0.790
1678842255249 -0.080 -0.600 -0.790
1678842255251 -0.070 -0.610 -0.790
1678842255272 -0.070 -0.610 -0.780
1678842255273 -0.060 -0.620 -0.780
1678842255275 -0.070 -0.630 -0.770
1678842255281 -0.060 -0.630 -0.780
1678842255290 -0.050 -0.630 -0.780
1678842255296 -0.060 -0.630 -0.770
1678842255305 -0.050 -0.640 -0.770
1678842255322 -0.050 -0.640 -0.760
1678842255322 -0.050 -0.650 -0.760
1678842255326 -0.050 -0.650 -0.760
1678842255347 -0.060 -0.640 -0.760
1678842255349 -0.050 -0.650 -0.750
1678842255361 -0.050 -0.660 -0.750
1678842255366 -0.050 -0.660 -0.750
1678842255373 -0.050 -0.660 -0.750
1678842255384 -0.050 -0.660 -0.750
1678842255391 -0.040 -0.670 -0.740
1678842255400 -0.050 -0.670 -0.740
1678842255417 -0.050 -0.670 -0.730
1678842255433 -0.040 -0.670 -0.740
1678842255433 -0.040 -0.680 -0.740
1678842255440 -0.030 -0.680 -0.730
1678842255445 -0.030 -0.680 -0.740
1678842255455 -0.040 -0.670 -0.740
1678842255466 -0.030 -0.670 -0.740
1678842255477 -0.030 -0.670 -0.740
1678842255485 -0.030 -0.680 -0.740
1678842255495 -0.030 -0.680 -0.740
1678842255505 -0.020 -0.690 -0.740
1678842255515 -0.020 -0.690 -0.730
1678842255526 -0.020 -0.690 -0.720
1678842255544 -0.020 -0.700 -0.720
1678842255558 -0.030 -0.690 -0.720
1678842255577 -0.020 -0.690 -0.720
1678842256218 -0.020 -0.690 -0.720
1678842257525 -0.020 -0.690 -0.720
1678842257525 -0.010 -0.680 -0.730
1678842257525 0.000 -0.680 -0.730
1678842257525 0.000 -0.670 -0.740
1678842257525 0.010 -0.670 -0.740
1678842257525 0.010 -0.670 -0.740
1678842257525 0.020 -0.660 -0.750
1678842257525 0.020 -0.660 -0.760
1678842257579 0.160 -0.870 -0.460
1678842257581 -0.400 -0.310 -0.870
1678842257584 -0.390 -0.310 -0.870
1678842257585 -0.380 -0.320 -0.870
1678842257599 -0.370 -0.330 -0.870
1678842257602 -0.370 -0.330 -0.870
1678842257606 -0.370 -0.340 -0.870
1678842257610 -0.360 -0.340 -0.860
1678842257612 -0.360 -0.350 -0.860
1678842257627 -0.340 -0.350 -0.860
1678842257637 -0.340 -0.360 -0.860
1678842257646 -0.330 -0.370 -0.870
1678842257651 -0.330 -0.380 -0.870
1678842257662 -0.330 -0.390 -0.870
1678842257673 -0.310 -0.390 -0.870
1678842257679 -0.310 -0.400 -0.860
1678842257689 -0.300 -0.400 -0.860
1678842257699 -0.300 -0.400 -0.860
1678842257709 -0.290 -0.410 -0.860
1678842257720 -0.290 -0.420 -0.860
1678842257728 -0.290 -0.430 -0.860
1678842257738 -0.280 -0.430 -0.860
1678842257747 -0.270 -0.430 -0.850
1678842257758 -0.270 -0.440 -0.860
1678842257770 -0.270 -0.450 -0.860
1678842257779 -0.260 -0.440 -0.850
1678842257789 -0.260 -0.450 -0.850
1678842257802 -0.260 -0.450 -0.860
1678842257802 -0.260 -0.450 -0.860
1678842257816 -0.260 -0.450 -0.860
1678842257824 -0.260 -0.440 -0.860
1678842257836 -0.250 -0.440 -0.860
1678842257846 -0.250 -0.440 -0.860
1678842257855 -0.240 -0.450 -0.860
1678842257866 -0.230 -0.450 -0.860
1678842257910 -0.230 -0.450 -0.870
1678842257915 -0.230 -0.450 -0.860
1678842257921 -0.230 -0.450 -0.860
1678842257926 -0.230 -0.440 -0.860
1678842257935 -0.230 -0.430 -0.870
1678842257970 -0.230 -0.430 -0.870
1678842257981 -0.230 -0.420 -0.880
1678842257984 -0.230 -0.420 -0.880
1678842257989 -0.230 -0.420 -0.880
1678842257989 -0.230 -0.420 -0.870
1678842257989 -0.230 -0.420 -0.870
1678842257989 -0.230 -0.420 -0.870
1678842257994 -0.240 -0.430 -0.870
1678842258002 -0.240 -0.440 -0.870
1678842258013 -0.250 -0.440 -0.870
1678842258024 -0.250 -0.430 -0.870
1678842258035 -0.250 -0.430 -0.870
1678842258047 -0.250 -0.420 -0.880
1678842258053 -0.250 -0.410 -0.880
1678842258063 -0.260 -0.410 -0.880
1678842258072 -0.250 -0.410 -0.880
1678842258081 -0.260 -0.400 -0.870
1678842258084 -0.250 -0.400 -0.880
1678842258097 -0.260 -0.400 -0.880
1678842258099 -0.260 -0.400 -0.880
1678842258118 -0.260 -0.400 -0.880
1678842258122 -0.260 -0.400 -0.880
1678842258131 -0.260 -0.400 -0.870
1678842258140 -0.260 -0.400 -0.880
1678842258144 -0.270 -0.390 -0.870
1678842258154 -0.270 -0.390 -0.880
1678842258168 -0.260 -0.400 -0.880
1678842258171 -0.260 -0.390 -0.880
1678842258176 -0.260 -0.390 -0.880
1678842258183 -0.260 -0.390 -0.880
1678842258191 -0.260 -0.380 -0.890
1678842258194 -0.260 -0.380 -0.890
1678842258205 -0.250 -0.390 -0.880
1678842258216 -0.260 -0.390 -0.880
1678842258216 -0.250 -0.390 -0.880
1678842258230 -0.250 -0.390 -0.880
1678842258234 -0.250 -0.400 -0.880
1678842258252 -0.260 -0.410 -0.870
1678842258256 -0.260 -0.410 -0.870
1678842258258 -0.250 -0.410 -0.870
1678842258269 -0.260 -0.410 -0.870
1678842258274 -0.250 -0.420 -0.870
1678842258284 -0.260 -0.410 -0.870
1678842258289 -0.250 -0.420 -0.870
1678842258293 -0.250 -0.420 -0.870
1678842258314 -0.250 -0.410 -0.880
1678842258319 -0.250 -0.420 -0.870
1678842258323 -0.250 -0.420 -0.870
1678842258328 -0.250 -0.430 -0.870
1678842258334 -0.240 -0.430 -0.880
1678842258348 -0.240 -0.420 -0.880
1678842258358 -0.240 -0.430 -0.880
1678842258364 -0.240 -0.430 -0.870
1678842258374 -0.230 -0.440 -0.870
1678842258384 -0.230 -0.440 -0.870
1678842258395 -0.230 -0.440 -0.870
1678842258398 -0.230 -0.440 -0.870
1678842258412 -0.240 -0.440 -0.870
1678842258420 -0.230 -0.450 -0.870
1678842258436 -0.240 -0.450 -0.860
1678842258436 -0.250 -0.450 -0.860
1678842258445 -0.240 -0.460 -0.860
1678842258456 -0.230 -0.460 -0.860
1678842258461 -0.230 -0.460 -0.850
1678842258467 -0.230 -0.460 -0.850
1678842258477 -0.230 -0.450 -0.860
1678842258484 -0.230 -0.450 -0.870
1678842258494 -0.230 -0.440 -0.870
1678842258494 -0.220 -0.440 -0.870
1678842258511 -0.230 -0.440 -0.880
1678842258534 -0.230 -0.410 -0.880
1678842258534 -0.230 -0.400 -0.890
1678842258539 -0.230 -0.400 -0.890
1678842258549 -0.230 -0.400 -0.890
1678842258556 -0.230 -0.390 -0.900
1678842260566 -0.220 -0.380 -0.890
1678842260566 -0.230 -0.380 -0.900
1678842260566 -0.230 -0.370 -0.900
1678842260566 -0.220 -0.370 -0.910
1678842260566 -0.220 -0.360 -0.910
1678842260566 -0.220 -0.360 -0.910
1678842260566 -0.220 -0.350 -0.910
1678842260566 -0.220 -0.360 -0.910
1678842260678 -0.210 -0.340 -0.920
1678842260679 -0.330 -0.260 -0.910
1678842260679 -0.320 -0.260 -0.910
1678842260680 -0.310 -0.270 -0.910
1678842260680 -0.310 -0.270 -0.910
1678842260680 -0.300 -0.270 -0.910
1678842260680 -0.300 -0.260 -0.920
1678842260682 -0.290 -0.270 -0.910
1678842260689 -0.290 -0.270 -0.920
1678842260691 -0.250 -0.270 -0.930
1678842260700 -0.250 -0.270 -0.930
1678842260705 -0.250 -0.270 -0.930
1678842260711 -0.240 -0.270 -0.930
1678842260725 -0.250 -0.270 -0.930
1678842260734 -0.250 -0.270 -0.930
1678842260740 -0.230 -0.270 -0.930
1678842260745 -0.240 -0.270 -0.930
1678842260762 -0.240 -0.270 -0.930
1678842260767 -0.230 -0.280 -0.930
1678842260774 -0.230 -0.280 -0.930
1678842260780 -0.230 -0.280 -0.930
1678842260786 -0.230 -0.290 -0.930
1678842260792 -0.230 -0.290 -0.930
1678842260807 -0.230 -0.290 -0.930
1678842260816 -0.220 -0.290 -0.930
1678842260820 -0.220 -0.290 -0.930
1678842260837 -0.220 -0.290 -0.930
1678842260848 -0.220 -0.280 -0.930
1678842260853 -0.220 -0.280 -0.940
1678842260856 -0.210 -0.280 -0.940
1678842260865 -0.210 -0.280 -0.940
1678842260881 -0.210 -0.290 -0.930
1678842260885 -0.210 -0.280 -0.940
1678842260896 -0.210 -0.290 -0.940
1678842260900 -0.200 -0.280 -0.940
1678842260913 -0.200 -0.280 -0.930
1678842260916 -0.200 -0.280 -0.940
1678842260922 -0.200 -0.280 -0.940
1678842260930 -0.200 -0.280 -0.940
1678842260940 -0.200 -0.280 -0.950
1678842260947 -0.200 -0.280 -0.940
1678842260955 -0.190 -0.280 -0.940
1678842260960 -0.200 -0.270 -0.940
1678842260970 -0.200 -0.270 -0.950
1678842260977 -0.190 -0.270 -0.940
1678842260986 -0.190 -0.270 -0.940
1678842260995 -0.190 -0.270 -0.940
1678842261001 -0.190 -0.270 -0.950
1678842261005 -0.190 -0.270 -0.950
1678842261025 -0.190 -0.270 -0.950
1678842261025 -0.190 -0.270 -0.940
1678842261035 -0.190 -0.260 -0.940
1678842261045 -0.200 -0.270 -0.950
1678842261057 -0.200 -0.270 -0.940
1678842261060 -0.190 -0.270 -0.940
1678842261066 -0.190 -0.270 -0.940
1678842261076 -0.200 -0.270 -0.940
