1678842246580 -1.22 2.81 -14.47
1678842246594 0.49 6.65 -17.40
1678842246601 5.13 7.81 -21.36
1678842246610 7.93 7.08 -25.70
1678842246620 5.98 4.70 -29.05
1678842246630 0.85 1.46 -29.72
1678842246640 -6.16 -0.98 -28.02
1678842246651 -12.70 -0.55 -24.90
1678842246660 -14.71 3.23 -21.61
1678842246670 -10.62 7.81 -19.90
1678842246679 -1.28 10.80 -20.39
1678842246683 4.27 11.54 -21.18
1678842246689 9.34 11.78 -21.79
1678842246698 15.87 11.11 -22.64
1678842246708 18.13 8.42 -22.28
1678842246714 17.88 6.47 -21.55
1678842246718 16.78 4.03 -20.63
1678842246729 13.06 -2.20 -18.31
1678842246744 8.85 -9.09 -15.87
1678842246748 5.55 -15.14 -12.70
1678842246762 4.03 -19.84 -10.07
1678842246772 3.11 -22.34 -8.42
1678842246782 2.62 -22.52 -8.48
1678842246789 1.16 -20.26 -10.25
1678842246805 -0.85 -14.83 -13.37
1678842246811 -2.93 -7.20 -17.52
1678842246819 -3.85 1.46 -22.16
1678842246828 -3.97 9.34 -25.63
1678842246845 -2.99 14.22 -27.34
1678842246848 -0.49 15.08 -27.34
1678842246863 1.04 12.27 -26.12
1678842246869 0.43 7.69 -24.23
1678842246878 -0.92 3.23 -21.55
1678842246890 -2.69 -0.24 -18.55
1678842246902 -4.58 -1.77 -15.44
1678842246914 -5.98 -0.98 -13.06
1678842246919 -7.81 2.01 -11.96
1678842246930 -9.52 6.41 -12.63
1678842246938 -11.11 11.41 -14.04
1678842246948 -12.27 16.05 -15.44
1678842246958 -13.31 19.17 -16.54
1678842246970 -14.65 20.94 -17.21
1678842246978 -15.87 21.06 -16.91
1678842246983 -16.11 20.45 -16.24
1678842246993 -15.50 18.01 -14.53
1678842247009 -13.37 14.71 -12.45
1678842247013 -11.35 11.47 -10.50
1678842247025 -10.01 7.26 -9.03
1678842247046 -8.73 3.11 -8.24
1678842247046 -7.69 -0.43 -8.48
1678842247061 -6.77 -1.59 -9.58
1678842247064 -5.80 0.55 -10.86
1678842247075 -4.82 5.62 -12.33
1678842247083 -3.91 12.15 -13.31
1678842247094 -2.01 18.07 -14.28
1678842247105 -0.06 21.85 -14.10
1678842247113 0.43 23.13 -12.51
1678842247124 -0.43 21.30 -9.34
1678842247135 -2.20 17.52 -5.31
1678842247147 -3.36 13.00 -0.79
1678842247155 -3.85 9.28 3.17
1678842247165 -4.52 6.71 5.68
1678842247173 -3.91 4.39 7.08
1678842247184 -1.83 1.83 7.69
1678842247194 0.79 -1.53 7.81
1678842247204 3.54 -4.70 7.75
1678842247215 5.19 -7.20 7.26
1678842247224 5.00 -8.79 6.16
1678842247232 4.33 -9.03 5.37
1678842247240 3.60 -8.85 4.46
1678842247249 2.87 -8.36 3.48
1678842247256 1.71 -5.07 -0.98
1678842247258 2.08 -3.60 -2.99
1678842247263 2.75 -1.83 -5.07
1678842247274 5.25 1.65 -9.46
1678842247284 7.69 5.86 -13.61
1678842247300 9.28 9.77 -16.72
1678842247305 11.29 12.33 -17.94
1678842247321 12.15 13.06 -16.78
1678842247321 11.29 12.63 -15.14
1678842247323 9.40 11.41 -12.82
1678842247339 6.41 10.07 -9.83
1678842247344 -5.92 9.52 1.10
1678842247358 -15.44 15.93 9.83
1678842247364 -23.07 24.96 17.70
1678842247377 -25.76 31.49 22.46
1678842247379 -24.96 33.02 23.32
1678842247397 -22.83 33.45 23.19
1678842247410 -7.81 23.07 18.19
1678842247410 -3.78 17.33 16.85
1678842247418 0.61 4.70 14.47
1678842247429 -0.12 -0.55 13.85
1678842247438 -7.63 -7.32 13.43
1678842247438 -13.12 -8.18 13.61
1678842247455 -18.25 -7.51 13.73
1678842247470 -23.99 1.65 15.87
1678842247470 -22.64 3.54 16.48
1678842247474 -20.02 4.52 16.66
1678842247491 -16.36 4.52 16.48
1678842247494 -1.71 -0.67 14.59
1678842247504 7.39 -7.39 13.12
1678842247509 10.31 -11.29 12.39
1678842247521 11.72 -19.59 11.47
1678842247525 10.25 -23.38 11.17
1678842247529 7.51 -26.31 10.86
1678842247539 0.06 -30.03 10.68
1678842247544 -4.27 -30.52 11.11
1678842247559 -8.61 -30.33 11.84
1678842247565 -19.47 -25.02 15.08
1678842247586 -23.01 -17.94 17.09
1678842247586 -23.01 -9.95 18.01
1678842247593 -22.34 -5.92 17.58
1678842247598 -21.30 -1.83 16.66
1678842247609 -20.20 2.14 15.44
1678842247619 -15.93 17.76 8.36
1678842247630 -15.50 23.99 4.88
1678842247635 -15.69 26.25 3.17
1678842247639 -15.75 27.77 1.28
1678842247654 -15.87 28.38 -0.31
1678842247673 -13.85 23.80 -4.15
1678842247674 -11.78 20.81 -4.39
1678842247701 -8.61 17.27 -4.46
1678842247701 5.98 4.03 -3.30
1678842247701 10.93 -0.61 -2.69
1678842247701 14.95 -5.19 -2.26
1678842247709 19.29 -13.92 -2.14
1678842247715 19.53 -17.52 -2.26
1678842247726 15.69 -23.50 -3.11
1678842247732 12.76 -25.70 -3.85
1678842247741 6.23 -27.10 -5.86
1678842247754 -0.49 -22.89 -9.09
1678842247754 -3.36 -18.43 -10.93
1678842247770 -5.19 -12.63 -12.88
1678842247779 4.09 13.37 -18.25
1678842247789 14.83 25.02 -19.96
1678842247795 18.80 29.97 -21.18
1678842247805 21.61 37.23 -25.70
1678842247808 20.69 39.06 -28.99
1678842247815 18.07 39.61 -32.84
1678842247828 11.72 38.51 -41.32
1678842247848 6.77 34.85 -47.91
1678842247848 5.68 32.29 -49.56
1678842247852 6.65 25.88 -49.13
1678842247855 8.67 21.73 -47.18
1678842247865 11.11 10.80 -41.20
1678842247876 10.31 4.27 -37.72
1678842247879 5.43 -9.70 -30.33
1678842247889 -3.05 -23.19 -22.40
1678842247899 -15.32 -34.67 -15.38
1678842247909 -25.39 -42.91 -11.05
1678842247920 -31.80 -46.81 -9.52
1678842247930 -34.73 -46.88 -10.99
1678842247942 -30.09 -42.97 -17.82
1678842247946 -25.27 -39.31 -23.32
1678842247959 -20.02 -34.55 -29.66
1678842247964 -12.94 -13.92 -47.97
1678842247974 -15.44 0.85 -56.82
1678842247984 -16.11 7.26 -59.57
1678842247989 -16.91 17.27 -62.74
1678842247999 -19.47 23.62 -65.98
1678842248010 -18.31 26.37 -69.58
1678842248019 -14.47 26.43 -71.04
1678842248029 -11.84 23.93 -69.52
1678842248040 -8.73 19.78 -66.16
1678842248049 -4.88 16.78 -62.01
1678842248054 -2.69 16.60 -59.51
1678842248065 3.05 19.65 -52.92
1678842248075 8.73 24.66 -44.49
1678842248084 12.70 29.54 -34.97
1678842248099 13.12 32.35 -24.90
1678842248110 7.87 31.19 -14.34
1678842248116 -2.14 25.27 -2.99
1678842248128 -14.89 14.71 8.91
1678842248136 -28.14 2.26 20.69
1678842248148 -38.02 -10.38 30.46
1678842248158 -39.73 -22.34 36.99
1678842248176 -32.29 -34.00 40.04
1678842248176 -19.10 -43.95 39.25
1678842248185 -1.46 -48.40 35.64
1678842248196 19.96 -44.13 30.09
1678842248204 42.48 -29.30 22.95
1678842248216 62.44 -6.71 15.56
1678842248226 73.55 18.80 7.81
1678842248234 72.33 39.67 -0.31
1678842248246 59.63 50.66 -6.23
1678842248257 40.65 50.90 -9.52
1678842248267 21.67 41.63 -10.50
1678842248278 7.02 25.76 -9.03
1678842248284 -3.66 6.47 -6.23
1678842248297 -11.47 -11.17 -2.26
1678842248309 -17.09 -23.74 1.89
1678842248316 -20.39 -28.87 5.37
1678842248326 -22.89 -26.86 6.90
1678842248336 -23.62 -19.41 6.71
1678842248346 -22.64 -8.97 5.00
1678842248354 -20.26 1.46 2.50
1678842248366 -16.36 9.22 -0.61
1678842248375 -12.02 13.06 -3.72
1678842248389 -8.30 12.02 -6.90
1678842248389 -5.86 9.58 -8.42
1678842248399 1.22 1.95 -11.11
1678842248416 4.58 -2.75 -12.02
1678842248416 8.36 -10.74 -13.49
1678842248430 7.51 -14.40 -14.40
1678842248436 4.03 -13.85 -14.28
1678842248447 -2.87 -11.11 -13.43
1678842248454 -11.90 -9.28 -12.08
1678842248466 -18.55 -9.40 -10.31
1678842248474 -19.23 -11.60 -7.02
1678842248485 -14.40 -14.22 -2.99
1678842248496 -7.14 -15.50 1.34
1678842248505 0.79 -14.83 5.25
1678842248515 8.00 -12.51 8.06
1678842248525 13.00 -9.52 9.40
1678842248531 14.71 -8.00 9.46
1678842248539 16.11 -6.59 9.28
1678842248550 17.64 -5.49 9.28
1678842248560 20.69 -3.78 9.40
1678842248570 20.08 -4.46 10.74
1678842248576 19.65 -5.25 11.54
1678842248586 19.23 -5.86 12.57
1678842248590 18.19 -6.77 15.26
1678842248600 17.64 -6.84 16.72
1678842248620 17.33 -6.47 18.13
1678842248620 17.33 -2.87 21.79
1678842248624 15.44 2.01 23.25
1678842248630 13.37 4.88 23.74
1678842248648 8.79 9.09 24.90
1678842248648 7.51 9.58 25.76
1678842248650 7.32 9.16 26.98
1678842248667 8.79 7.63 28.50
1678842248670 22.40 -0.79 32.90
1678842248679 26.92 -5.80 34.97
1678842248701 26.31 -6.77 35.83
1678842248701 22.83 -5.49 37.35
1678842248701 20.51 -3.30 37.84
1678842248716 17.64 -0.12 37.96
1678842248721 14.34 3.85 37.90
1678842248730 -5.86 21.48 39.00
1678842248734 -12.33 24.78 40.41
1678842248744 -22.40 28.38 44.43
1678842248750 -25.70 28.32 46.69
1678842248760 -28.08 22.64 51.39
1678842248768 -26.61 17.46 53.28
1678842248819 -23.19 10.99 54.69
1678842248819 4.88 -20.32 53.41
1678842248819 12.39 -26.86 51.88
1678842248820 18.49 -31.86 50.17
1678842248820 27.59 -35.77 45.47
1678842248825 28.38 -31.13 43.09
1678842248831 27.34 -27.34 42.36
1678842248835 24.90 -22.89 41.99
1678842248850 21.00 -17.88 42.05
1678842248861 -7.69 2.75 44.62
1678842248864 -15.81 7.14 45.53
1678842248870 -22.64 10.80 46.45
1678842248880 -31.92 15.69 47.49
1678842248885 -34.73 16.66 47.36
1678842248900 -35.83 16.54 46.63
1678842248912 -22.22 5.74 39.18
1678842248916 -16.60 1.46 37.05
1678842248921 -11.11 -3.23 35.16
1678842248930 -0.61 -13.37 32.23
1678842248943 3.48 -18.13 30.88
1678842248950 6.71 -22.46 29.97
1678842248955 10.01 -30.82 29.11
1678842248967 8.85 -32.71 28.99
1678842248970 8.12 -32.53 28.63
1678842248982 5.80 -30.94 27.65
1678842248995 3.60 -28.02 26.49
1678842248995 2.81 -26.31 25.94
1678842249005 1.53 -22.22 23.99
1678842249010 1.04 -20.08 22.71
1678842249024 -0.06 -16.17 18.92
1678842249027 -0.85 -14.28 16.66
1678842249040 -3.11 -10.62 11.41
1678842249048 -5.07 -7.69 5.80
1678842249056 -5.55 -4.39 0.85
1678842249066 -5.19 -2.62 -0.92
1678842249069 -4.39 -0.55 -2.32
1678842249076 -2.14 3.78 -4.09
1678842249086 0.67 7.08 -4.82
1678842249093 1.77 8.00 -4.82
1678842249099 2.26 8.54 -4.70
1678842249107 1.34 8.61 -3.66
1678842249117 -2.20 7.20 -2.44
1678842249134 -6.53 4.09 -1.83
1678842249147 -10.68 0.12 -1.71
1678842249147 -13.73 -4.52 -1.65
1678842249156 -15.50 -8.36 -1.83
1678842249168 -15.26 -10.44 -2.32
1678842249181 -13.67 -11.05 -3.54
1678842249186 -11.90 -10.19 -5.13
1678842249195 -11.23 -8.18 -6.71
1678842249205 -12.02 -5.74 -8.91
1678842249219 -13.06 -3.30 -11.11
1678842249228 -13.24 -2.01 -12.08
1678842249236 -13.37 -1.10 -13.06
1678842249245 -11.23 0.06 -17.21
1678842249258 -6.16 -2.01 -19.29
1678842249269 5.62 -5.00 -20.26
1678842249277 16.05 -7.32 -20.39
1678842249285 13.98 -6.10 -20.08
1678842249303 4.21 -1.77 -20.02
1678842249307 -5.62 3.23 -20.39
1678842249321 -14.47 9.46 -23.01
1678842249333 -24.29 17.64 -28.20
1678842249336 -32.10 26.49 -34.06
1678842249345 -34.18 33.26 -38.82
1678842249355 -30.33 37.29 -41.81
1678842249365 -20.32 37.41 -42.85
1678842249375 -4.33 31.31 -41.50
1678842249386 12.63 18.68 -37.78
1678842249397 25.88 2.69 -33.26
1678842249405 32.10 -10.99 -28.93
1678842249415 29.11 -19.59 -24.72
1678842249433 19.04 -23.32 -21.61
1678842249435 5.55 -22.95 -20.45
1678842249448 -7.45 -18.43 -21.61
1678842249455 -16.66 -10.62 -23.93
1678842249466 -21.06 0.24 -26.55
1678842249480 -21.30 11.23 -29.24
1678842249487 -17.58 18.80 -32.17
1678842249496 -11.29 21.67 -34.48
1678842249510 -3.91 19.04 -35.64
1678842249517 3.54 12.57 -35.46
1678842249526 8.67 4.46 -34.55
1678842249542 9.40 0.37 -33.69
1678842249542 7.08 -7.26 -31.68
1678842249552 1.65 -12.15 -29.24
1678842249564 -4.46 -13.24 -26.49
1678842249573 -8.30 -11.78 -24.66
1678842249582 -8.00 -9.22 -23.80
1678842249592 -3.91 -6.96 -23.68
1678842249602 1.71 -5.19 -24.17
1678842249611 5.00 -3.91 -24.54
1678842249622 4.64 -2.75 -23.99
1678842249630 1.40 -2.14 -22.64
1678842249643 -2.75 -2.69 -21.55
1678842249652 -6.10 -4.39 -20.63
1678842249666 -7.69 -6.47 -20.02
1678842249671 -7.32 -7.87 -19.78
1678842249681 -6.47 -8.12 -19.90
1678842249694 -5.25 -7.93 -20.20
1678842249701 -3.23 -6.96 -20.45
1678842249708 -2.20 -6.16 -20.57
1678842249725 -1.53 -5.07 -20.39
1678842249730 -2.26 -3.11 -18.98
1678842249746 -1.40 -4.33 -16.72
1678842249746 -0.61 -5.55 -15.14
1678842249757 0.43 -6.96 -13.31
1678842249764 3.05 -9.89 -6.47
1678842249774 3.72 -8.79 -1.46
1678842249781 3.36 -7.08 0.61
1678842249783 2.93 -5.07 2.26
1678842249796 2.69 -2.87 3.48
1678842249802 3.91 1.34 4.70
1678842249816 7.45 -0.24 4.76
1678842249816 9.77 -2.32 5.25
1678842249821 12.57 -5.00 6.23
1678842249839 21.36 -11.60 9.34
1678842249839 25.70 -14.77 10.99
1678842249855 28.08 -17.03 12.88
1678842249880 16.78 -15.75 19.35
1678842249880 13.06 -13.49 20.45
1678842249885 10.07 -10.44 21.30
1678842249895 1.53 6.23 18.07
1678842249903 -2.20 10.50 16.54
1678842249913 -10.86 16.91 14.71
1678842249919 -14.59 18.74 14.47
1678842249924 -18.25 18.98 15.32
1678842249937 -17.33 17.64 16.24
1678842249951 -14.28 15.20 17.33
1678842249951 5.80 2.01 21.91
1678842249962 19.10 -8.61 25.33
1678842249968 24.11 -17.33 28.50
1678842249976 22.95 -20.39 29.91
1678842249990 16.36 -23.80 32.04
1678842249991 11.05 -23.68 32.96
1678842250005 4.39 -21.97 33.63
1678842250014 -26.25 -3.11 36.74
1678842250028 -38.45 8.61 38.45
1678842250029 -42.79 13.61 39.25
1678842250043 -45.90 17.58 39.67
1678842250049 -44.37 21.18 38.45
1678842250058 -33.75 16.66 35.64
1678842250063 -26.37 12.76 34.18
1678842250078 -18.07 7.93 32.78
1678842250083 5.49 -10.50 28.02
1678842250091 15.26 -23.13 26.37
1678842250099 17.82 -28.81 26.37
1678842250113 18.86 -33.51 27.04
1678842250124 11.17 -41.81 30.40
1678842250124 6.96 -42.72 31.01
1678842250131 -0.85 -42.11 30.21
1678842250139 -4.27 -40.71 28.81
1678842250143 -6.96 -38.57 26.86
1678842250167 -9.09 -35.64 24.35
1678842250168 -10.50 -23.44 15.20
1678842250182 -7.45 -14.71 9.22
1678842250187 -2.32 -7.63 3.23
1678842250198 0.00 -4.88 0.18
1678842250198 2.32 -2.50 -2.69
1678842250258 5.31 -0.61 -5.49
1678842250262 16.78 6.23 -11.78
1678842250262 17.46 7.39 -11.96
1678842250262 16.91 8.18 -11.72
1678842250262 15.32 8.36 -10.99
1678842250281 7.69 5.07 -7.14
1678842250287 -2.93 -12.51 1.16
1678842250297 -2.32 -13.49 1.10
1678842250300 -1.10 -14.22 0.61
1678842250314 0.79 -14.95 -0.31
1678842250322 8.18 -15.63 -5.37
1678842250332 9.09 -13.92 -7.69
1678842250339 8.73 -12.51 -8.67
1678842250346 7.57 -10.80 -9.46
1678842250355 2.87 -6.35 -10.19
1678842250365 -3.78 -0.73 -9.70
1678842250369 -7.45 2.32 -9.34
1678842250379 -13.43 8.48 -8.24
1678842250395 -16.85 13.55 -7.32
1678842250397 -17.27 16.36 -6.41
1678842250403 -16.05 16.66 -6.10
1678842250408 -13.31 15.99 -5.98
1678842250419 -3.78 12.76 -7.08
1678842250433 0.73 9.77 -9.70
1678842250448 -3.11 10.07 -12.51
1678842250449 -10.56 14.83 -14.34
1678842250458 -17.27 23.25 -16.72
1678842250466 -19.29 33.39 -21.00
1678842250477 -18.68 42.97 -26.12
1678842250489 -17.09 50.78 -29.85
1678842250503 -12.39 55.48 -31.74
1678842250508 -5.62 57.07 -32.29
1678842250529 2.26 54.69 -32.10
1678842250529 11.84 46.81 -30.70
1678842250537 20.69 33.75 -28.08
1678842250548 26.37 17.82 -24.72
1678842250555 27.16 9.83 -22.89
1678842250568 23.62 -3.78 -19.71
1678842250584 15.44 -13.00 -16.97
1678842250584 5.55 -17.70 -15.01
1678842250600 -3.48 -18.37 -14.77
1678842250649 -10.50 -14.16 -16.91
1678842250654 -15.26 -5.00 -20.69
1678842250670 -18.07 7.20 -25.39
1678842250678 -18.74 19.10 -29.97
1678842250678 -18.01 27.65 -34.67
1678842250683 -16.24 31.49 -38.51
1678842250686 -14.77 31.19 -39.98
1678842250686 -13.18 27.16 -39.12
1678842250695 -10.13 20.20 -37.48
1678842250698 -7.08 12.02 -36.56
1678842250718 -3.78 4.21 -36.50
1678842250720 -0.31 -2.14 -36.74
1678842250727 1.95 -6.71 -36.32
1678842250738 2.20 -9.77 -35.22
1678842250745 1.59 -10.86 -33.81
1678842250756 1.22 -10.68 -32.29
1678842250765 2.50 -9.70 -30.58
1678842250774 4.03 -8.42 -28.99
1678842250784 3.36 -6.59 -27.89
1678842250796 1.53 -4.70 -27.34
1678842250803 0.00 -3.23 -26.43
1678842250816 -1.34 -1.89 -25.15
1678842250832 -2.08 -0.98 -23.44
1678842250868 -2.26 -0.12 -21.61
1678842250878 -1.65 1.04 -20.08
1678842250883 -1.10 3.23 -18.74
1678842250888 -0.61 6.71 -16.78
1678842250893 1.16 10.50 -14.22
1678842250894 2.14 12.02 -12.76
1678842250896 3.23 12.94 -11.35
1678842250933 5.55 13.31 -8.61
1678842250944 6.84 11.72 -6.47
1678842250948 5.74 8.67 -4.15
1678842250952 2.50 4.33 -1.71
1678842250955 -2.38 -0.18 0.73
1678842250961 -8.48 -3.23 3.23
1678842250963 -11.54 -5.07 5.86
1678842250963 -11.35 -5.37 8.48
1678842250975 -10.56 -5.43 9.95
1678842250976 -9.70 -5.49 11.35
1678842250996 -8.67 -5.80 12.76
1678842250999 1.28 -8.67 16.05
1678842251011 13.55 -9.40 16.17
1678842251017 15.75 -7.93 15.50
1678842251018 15.08 -5.43 14.40
1678842251031 12.63 -2.20 12.88
1678842251033 6.29 6.10 7.81
1678842251047 7.26 9.16 3.66
1678842251047 8.67 10.38 1.53
1678842251057 9.77 12.27 -1.59
1678842251066 8.97 12.70 -2.14
1678842251073 7.81 12.33 -2.08
1678842251077 5.62 9.40 -0.43
1678842251083 5.07 6.84 0.92
1678842251100 5.07 3.54 2.44
1678842251112 15.14 -12.21 8.61
1678842251112 18.68 -16.42 9.95
1678842251118 22.28 -20.63 11.29
1678842251151 25.57 -24.41 12.70
1678842251151 29.91 -31.74 17.52
1678842251152 28.32 -32.10 19.59
1678842251186 25.33 -31.43 21.85
1678842251186 1.34 -17.09 30.82
1678842251186 -6.90 -11.47 32.29
1678842251190 -15.50 -5.62 33.51
1678842251198 -54.50 21.48 36.13
1678842251216 -61.77 28.20 36.07
1678842251238 -66.47 34.42 35.46
1678842251238 -58.90 46.14 27.65
1678842251260 -50.35 44.01 23.38
1678842251267 -40.89 39.67 18.62
1678842251276 -9.64 8.67 4.70
1678842251278 -5.25 -0.18 3.54
1678842251282 -2.69 -8.91 3.17
1678842251282 -1.34 -17.52 3.54
1678842251300 1.46 -45.59 6.96
1678842251304 1.83 -49.62 7.75
1678842251308 2.44 -51.88 8.42
1678842251318 4.88 -52.00 9.28
1678842251318 6.35 -50.11 9.22
1678842251387 7.51 -46.81 8.73
1678842251389 10.44 -31.19 5.62
1678842251390 10.19 -24.54 4.33
1678842251392 9.16 -17.88 3.17
1678842251395 7.32 -11.60 2.20
1678842251398 -0.18 1.28 -0.12
1678842251404 -2.50 2.93 -0.79
1678842251404 -4.15 3.48 -1.40
1678842251404 -4.76 2.93 -1.95
1678842251408 1.65 -6.10 -2.01
1678842251417 2.32 -10.07 -2.08
1678842251424 1.89 -11.90 -2.26
1678842251432 0.85 -13.61 -2.62
1678842251439 -3.05 -16.30 -3.42
1678842251457 -5.19 -17.52 -3.85
1678842251458 -6.96 -18.62 -4.09
1678842251466 -9.22 -20.26 -5.43
1678842251476 -8.18 -19.29 -6.96
1678842251498 -7.02 -18.25 -7.75
1678842251506 -5.62 -17.15 -8.48
1678842251512 -2.20 -13.73 -10.93
1678842251521 -1.95 -11.96 -11.60
1678842251522 -4.52 -10.44 -11.41
1678842251528 -6.29 -9.89 -11.05
1678842251543 -8.24 -9.64 -10.50
1678842251551 -14.65 -9.16 -9.34
1678842251559 -13.18 -9.70 -9.34
1678842251570 -6.04 -11.60 -9.77
1678842251591 -3.78 -11.47 -11.47
1678842251594 -5.62 -9.52 -12.70
1678842251594 -8.24 -6.59 -14.04
1678842251599 -14.95 8.97 -18.62
1678842251609 -13.85 21.73 -23.38
1678842251617 -10.07 34.06 -29.72
1678842251626 -8.30 39.49 -32.59
1678842251634 -5.68 48.03 -36.25
1678842251645 -5.13 52.55 -36.93
1678842251658 -5.98 52.00 -34.67
1678842251658 -6.23 49.44 -32.59
1678842251674 -5.86 45.41 -29.85
1678842251679 1.89 24.35 -21.91
1678842251688 9.34 7.26 -17.82
1678842251694 11.54 -0.79 -16.24
1678842251716 11.17 -13.79 -14.16
1678842251719 5.37 -19.65 -13.61
1678842251725 -1.40 -18.98 -14.53
1678842251737 -6.29 -12.57 -17.21
1678842251747 -8.97 -2.75 -21.67
1678842251753 -10.44 9.28 -27.10
1678842251764 -10.68 21.18 -33.08
1678842251775 -9.58 30.33 -38.39
1678842251783 -7.81 34.85 -42.91
1678842251791 -7.26 35.03 -44.80
1678842251811 -6.71 31.86 -47.67
1678842251815 -6.41 25.09 -48.77
1678842251817 -6.23 21.18 -48.58
1678842251824 -6.59 13.24 -47.24
1678842251835 -7.93 6.65 -45.17
1678842251845 -9.83 2.81 -42.91
1678842251858 -11.54 1.95 -41.02
1678842251867 -12.27 3.11 -39.43
1678842251877 -10.99 4.76 -38.70
1678842251885 -8.91 6.16 -38.88
1678842251896 -7.45 6.77 -39.18
1678842251908 -6.35 6.29 -39.00
1678842251915 -5.92 4.76 -38.33
1678842251937 -6.53 2.56 -36.99
1678842251939 -8.91 0.55 -34.85
1678842251943 -12.45 -1.04 -32.29
1678842251953 -16.42 -2.20 -29.54
1678842251966 -18.86 -3.66 -26.55
1678842251974 -18.01 -5.49 -23.68
1678842251986 -14.16 -7.39 -21.61
1678842251996 -8.79 -8.85 -20.57
1678842252012 -4.39 -8.73 -20.14
1678842252020 -2.56 -5.92 -19.96
1678842252029 -2.14 -1.28 -20.08
1678842252035 -1.83 4.21 -19.65
1678842252039 -1.95 6.90 -18.98
1678842252051 -2.93 11.23 -16.48
1678842252063 -4.03 13.24 -12.76
1678842252067 -4.58 13.49 -10.44
1678842252082 -5.00 13.24 -7.93
1678842252090 -5.98 10.31 -0.61
1678842252101 -7.57 7.32 3.66
1678842252107 -7.51 6.04 5.25
1678842252127 -5.43 4.27 7.14
1678842252132 -6.04 4.46 6.77
1678842252133 -11.54 8.00 5.00
1678842252142 -19.65 14.28 2.69
1678842252144 -23.86 18.13 1.53
1678842252154 -31.13 25.09 -1.53
1678842252163 -33.87 27.65 -3.23
1678842252174 -37.66 30.64 -5.86
1678842252189 -38.94 28.99 -5.74
1678842252193 -35.64 21.55 -2.87
1678842252210 -25.02 9.77 1.89
1678842252215 -9.28 -4.33 6.90
1678842252220 9.64 -19.47 12.33
1678842252224 18.01 -26.98 15.14
1678842252249 24.60 -33.81 17.88
1678842252254 31.19 -48.58 24.35
1678842252267 29.85 -51.15 25.45
1678842252284 23.32 -52.67 26.61
1678842252284 18.49 -51.33 26.73
1678842252290 13.06 -48.83 26.67
1678842252300 -4.94 -33.14 26.31
1678842252301 -10.93 -25.45 26.18
1678842252315 -17.03 -17.09 26.25
1678842252324 -34.67 9.03 26.79
1678842252330 -41.81 21.79 27.47
1678842252338 -43.03 25.57 27.59
1678842252345 -41.38 28.08 26.73
1678842252352 -39.55 27.16 25.94
1678842252354 -37.35 25.33 24.66
1678842252361 -25.70 12.02 18.80
1678842252369 -15.20 -1.65 13.31
1678842252376 -10.62 -8.85 10.74
1678842252395 -6.77 -16.11 8.36
1678842252410 2.08 -36.25 2.99
1678842252414 3.11 -38.51 2.56
1678842252414 3.72 -39.43 2.62
1678842252426 4.39 -39.25 3.05
1678842252431 7.45 -34.61 4.33
1678842252445 9.58 -29.85 3.60
1678842252448 9.95 -27.34 2.69
1678842252456 9.70 -24.90 1.28
1678842252468 8.85 -22.58 -0.55
1678842252481 4.33 -15.69 -7.39
1678842252487 2.32 -13.06 -9.89
1678842252498 0.24 -10.38 -12.08
1678842252498 -7.26 1.16 -16.97
1678842252510 -7.87 3.72 -17.27
1678842252514 -7.81 5.98 -17.15
1678842252532 -7.26 7.63 -16.48
1678842252537 -4.03 9.70 -14.22
1678842252543 -2.26 8.73 -12.76
1678842252548 -1.59 8.06 -11.96
1678842252557 -1.46 6.71 -10.74
1678842252560 -2.14 5.86 -10.13
1678842252565 -3.05 4.88 -9.64
1678842252582 -4.03 3.60 -9.40
1678842252584 -7.63 -0.18 -9.22
1678842252594 -10.86 -1.22 -9.95
1678842252601 -12.88 -1.10 -10.38
1678842252615 -14.77 -0.49 -10.99
1678842252629 -17.94 5.37 -13.98
1678842252630 -18.74 7.75 -14.59
1678842252645 -19.65 10.38 -15.14
1678842252663 -20.87 18.43 -15.87
1678842252699 -17.27 18.86 -15.81
1678842252706 -11.84 18.92 -15.99
1678842252715 -3.78 22.22 -20.02
1678842252718 -7.51 24.60 -21.67
1678842252720 -12.21 27.10 -23.56
1678842252723 -25.45 31.43 -32.65
1678842252728 -26.67 29.91 -37.72
1678842252730 -26.49 28.69 -39.49
1678842252740 -24.72 25.76 -40.34
1678842252749 -21.61 22.40 -38.21
1678842252754 -19.23 21.18 -36.99
1678842252773 -15.93 20.39 -36.13
1678842252790 7.75 17.09 -35.64
1678842252796 14.47 14.65 -36.07
1678842252806 24.78 8.00 -37.05
1678842252815 27.53 1.95 -37.35
1678842252818 23.19 -1.10 -37.05
1678842252821 19.78 -1.34 -36.44
1678842252831 15.38 -0.79 -35.52
1678842252836 3.48 2.69 -32.84
1678842252845 -11.35 8.06 -30.27
1678842252856 -25.45 13.43 -28.56
1678842252861 -30.52 15.63 -28.20
1678842252877 -33.69 17.09 -28.38
1678842252890 -32.04 18.13 -31.31
1678842252892 -24.60 16.97 -34.85
1678842252896 -19.78 15.93 -36.68
1678842252906 -9.40 12.94 -40.65
1678842252921 0.18 8.30 -44.19
1678842252924 6.10 2.56 -46.94
1678842252934 7.32 -2.75 -47.97
1678842252948 4.33 -7.14 -47.42
1678842252957 -1.04 -10.25 -45.65
1678842252970 -6.41 -11.17 -43.58
1678842252974 -10.80 -9.89 -41.75
1678842252981 -12.51 -8.54 -40.95
1678842252989 -14.34 -4.88 -40.59
1678842253000 -13.98 -0.12 -40.77
1678842253005 -13.24 2.26 -41.26
1678842253018 -11.35 6.96 -42.36
1678842253026 -9.34 10.07 -42.79
1678842253039 -8.73 10.74 -42.42
1678842253050 -8.91 10.68 -40.59
1678842253052 -10.50 8.67 -37.41
1678842253064 -13.43 5.80 -32.65
1678842253072 -16.42 1.95 -27.59
1678842253084 -19.47 -2.38 -23.19
1678842253120 -21.00 -6.71 -19.78
1678842253120 -21.06 -10.38 -17.27
1678842253128 -18.92 -12.39 -15.26
1678842253143 -15.56 -13.06 -13.92
1678842253143 -13.67 -12.82 -13.18
1678842253146 -11.84 -11.96 -12.45
1678842253148 -8.30 -7.75 -10.56
1678842253155 -6.35 -4.33 -9.03
1678842253162 -5.62 -2.75 -8.06
1678842253172 -5.31 -0.31 -6.53
1678842253193 -7.02 -0.43 -5.00
1678842253203 -9.77 -3.48 -2.99
1678842253207 -12.76 -8.54 -0.12
1678842253214 -12.33 -15.14 2.93
1678842253225 -3.60 -22.52 4.76
1678842253229 0.55 -26.73 5.31
1678842253241 -4.76 -24.54 5.37
1678842253250 -9.28 -17.88 5.25
1678842253264 -7.69 -8.18 2.87
1678842253273 -4.03 4.46 -1.77
1678842253290 -3.97 17.70 -5.92
1678842253299 -7.93 28.38 -6.29
1678842253348 -11.78 33.81 -2.50
1678842253348 -11.72 33.08 2.56
1678842253352 -3.36 25.45 6.47
1678842253352 10.01 11.72 9.09
1678842253356 20.57 -3.72 10.38
1678842253360 22.52 -16.30 10.38
1678842253362 16.66 -24.11 10.62
1678842253370 5.55 -25.09 12.51
1678842253376 -1.71 -22.83 14.10
1678842253402 -8.85 -18.86 16.36
1678842253402 -25.76 -0.37 25.21
1678842253404 -29.48 7.08 28.63
1678842253411 -34.73 21.42 36.01
1678842253419 -37.41 33.02 42.72
1678842253428 -36.01 36.99 47.12
1678842253440 -30.82 32.71 47.79
1678842253449 -20.51 19.96 44.37
1678842253459 -8.42 0.61 38.33
1678842253465 -3.30 -10.38 34.79
1678842253474 1.10 -21.36 31.25
1678842253487 4.58 -31.49 27.77
1678842253491 8.12 -52.31 20.87
1678842253507 7.20 -56.46 19.41
1678842253515 7.75 -54.87 19.59
1678842253526 8.61 -52.55 19.84
1678842253533 9.28 -49.50 19.96
1678842253536 9.52 -46.33 19.65
1678842253543 7.75 -35.77 15.63
1678842253550 5.80 -28.26 10.56
1678842253558 4.64 -24.35 7.45
1678842253567 1.59 -15.87 1.16
1678842253570 -0.24 -11.54 -1.89
1678842253576 -2.08 -7.51 -4.82
1678842253598 -3.72 -3.85 -7.57
1678842253610 -8.42 4.82 -14.71
1678842253613 -9.83 6.77 -16.54
1678842253623 -10.93 8.24 -17.70
1678842253626 -10.25 7.51 -16.42
1678842253636 -9.89 5.86 -14.95
1678842253642 -9.83 3.91 -13.31
1678842253671 -10.07 1.59 -11.78
1678842253674 -8.79 -10.99 -7.39
1678842253699 -8.24 -14.16 -7.26
1678842253712 -7.39 -17.15 -7.63
1678842253715 -4.09 -23.13 -10.62
1678842253719 -3.48 -23.86 -11.96
1678842253724 -3.42 -23.99 -13.43
1678842253737 -6.71 -20.51 -15.50
1678842253737 -8.67 -18.80 -15.69
1678842253737 -12.63 -15.50 -14.89
1678842253738 -15.56 -12.21 -13.67
1678842253747 -17.03 -10.68 -13.00
1678842253757 -18.31 -9.28 -12.51
1678842253762 -21.18 -6.16 -11.11
1678842253775 -20.94 -4.64 -10.56
1678842253775 -18.74 -3.97 -10.74
1678842253817 -15.63 -3.36 -11.66
1678842253819 -18.98 1.40 -18.86
1678842253822 -24.48 4.94 -20.94
1678842253828 -30.40 9.58 -23.01
1678842253830 -38.76 34.18 -35.46
1678842253838 -37.54 39.18 -39.31
1678842253847 -34.73 46.69 -46.69
1678842253861 -30.27 50.54 -51.64
1678842253866 -27.04 50.66 -52.98
1678842253873 -18.92 45.72 -53.77
1678842253885 -6.71 33.57 -52.00
1678842253889 0.37 25.57 -50.17
1678842253902 15.01 8.06 -46.02
1678842253903 20.45 -0.55 -43.95
1678842253910 24.66 -14.40 -40.04
1678842253919 21.12 -22.77 -36.13
1678842253925 17.52 -24.54 -34.48
1678842253941 13.55 -24.54 -33.02
1678842253946 1.40 -15.38 -30.82
1678842253958 -5.31 -3.78 -31.68
1678842253968 -9.95 8.85 -34.00
1678842253974 -12.27 19.96 -37.05
1678842253981 -12.21 24.05 -38.70
1678842253994 -11.29 26.98 -40.53
1678842254004 -3.23 24.84 -46.88
1678842254018 -1.28 21.61 -47.79
1678842254019 0.61 13.24 -48.58
1678842254031 0.00 5.31 -48.77
1678842254044 -3.66 -0.37 -47.97
1678842254050 -10.07 -3.17 -45.72
1678842254054 -13.43 -3.60 -44.62
1678842254071 -16.48 -3.17 -43.82
1678842254077 -21.12 0.31 -43.15
1678842254088 -20.02 3.42 -43.76
1678842254091 -18.62 4.58 -44.19
1678842254102 -15.32 6.16 -44.74
1678842254111 -11.66 5.92 -45.59
1678842254119 -9.09 4.21 -46.33
1678842254129 -8.79 1.53 -46.63
1678842254144 -9.16 -2.20 -46.45
1678842254154 -9.95 -5.68 -45.29
1678842254160 -11.96 -8.24 -43.21
1678842254173 -14.04 -9.16 -40.71
1678842254181 -15.44 -8.73 -38.57
1678842254193 -16.66 -7.45 -37.05
1678842254205 -17.27 -5.92 -36.44
1678842254240 -17.33 -3.60 -36.44
1678842254240 -17.46 0.00 -36.99
1678842254247 -18.86 4.58 -37.96
1678842254254 -19.23 7.69 -38.02
1678842254254 -17.40 7.45 -36.80
1678842254260 -13.49 3.60 -35.22
1678842254273 -9.22 -2.56 -33.20
1678842254280 -6.04 -9.22 -31.25
1678842254291 -4.58 -14.53 -29.72
1678842254300 -6.29 -15.87 -28.32
1678842254316 -8.85 -12.88 -27.53
1678842254322 -9.83 -7.26 -27.28
1678842254331 -12.08 -0.18 -28.87
1678842254343 -21.91 8.30 -32.47
1678842254351 -38.02 17.40 -37.23
1678842254371 -49.13 23.86 -42.91
1678842254385 -49.44 24.72 -48.89
1678842254387 -39.55 18.98 -52.80
1678842254391 -22.34 7.63 -53.96
1678842254402 -1.83 -6.77 -52.61
1678842254406 7.02 -13.79 -51.39
1678842254417 17.09 -24.11 -48.10
1678842254432 14.53 -27.95 -44.37
1678842254457 9.64 -27.89 -42.66
1678842254460 -4.76 -24.23 -39.67
1678842254462 -24.23 -16.60 -36.68
1678842254463 -46.20 -5.25 -34.61
1678842254474 -64.76 8.36 -33.81
1678842254479 -71.84 15.26 -33.87
1678842254486 -82.28 27.95 -36.25
1678842254498 -85.51 35.77 -42.60
1678842254506 -78.67 37.23 -52.73
1678842254527 -62.38 31.68 -63.54
1678842254531 -40.47 21.79 -72.57
1678842254535 -19.17 9.95 -79.04
1678842254546 -5.31 -0.31 -83.19
1678842254556 -4.58 -5.62 -85.27
1678842254565 -8.12 -6.77 -85.63
1678842254577 -12.63 -7.51 -85.57
1678842254586 -29.36 -12.02 -80.99
1678842254599 -35.71 -15.63 -78.92
1678842254607 -39.98 -18.19 -78.67
1678842254610 -41.26 -18.68 -79.28
1678842254629 -42.24 -18.31 -80.57
1678842254637 -45.17 -10.50 -89.54
1678842254647 -49.38 -3.54 -96.01
1678842254657 -52.55 0.55 -99.43
1678842254657 -56.09 4.82 -102.54
1678842254673 -62.50 12.94 -108.15
1678842254684 -65.25 16.24 -110.47
1678842254696 -68.73 22.52 -116.09
1678842254698 -68.66 23.50 -117.68
1678842254709 -68.18 23.99 -119.08
1678842254716 -64.82 22.77 -122.01
1678842254724 -62.81 20.26 -122.92
1678842254738 -62.26 18.68 -123.29
1678842254741 -62.07 15.50 -123.72
1678842254750 -62.56 14.10 -123.96
1678842254770 -63.72 13.00 -124.02
1678842254774 -70.07 9.46 -123.84
1678842254779 -71.53 8.48 -123.72
1678842254794 -72.94 7.45 -123.60
1678842254804 -74.71 4.39 -122.92
1678842254808 -74.52 4.27 -122.62
1678842254822 -74.46 4.39 -122.38
1678842254836 -76.23 7.57 -121.95
1678842254839 -77.33 9.40 -122.31
1678842254845 -78.67 11.41 -122.92
1678842254888 -82.03 19.41 -125.85
1678842254893 -81.97 25.76 -127.75
1678842254907 -81.60 28.81 -128.60
1678842254909 -80.63 31.43 -129.21
1678842254914 -72.14 36.13 -131.35
1678842254922 -67.69 36.80 -132.02
1678842254924 -63.48 37.05 -132.63
1678842254927 -56.40 37.54 -133.36
1678842254929 -57.01 39.18 -133.24
1678842254931 -60.79 41.93 -132.45
1678842254937 -66.35 45.65 -131.71
1678842254941 -69.27 47.73 -131.59
1678842254953 -73.43 51.82 -131.59
1678842254963 -73.97 53.53 -131.47
1678842254971 -73.43 54.75 -131.16
1678842254976 -65.80 54.50 -128.97
1678842254993 -57.07 50.48 -125.61
1678842254998 -49.01 44.19 -120.91
1678842255001 -46.14 40.77 -118.35
1678842255026 -44.07 37.41 -115.54
1678842255029 -42.66 23.68 -102.66
1678842255037 -43.40 20.69 -99.61
1678842255052 -44.98 18.01 -97.05
1678842255057 -53.83 13.31 -91.43
1678842255068 -60.55 13.12 -89.60
1678842255073 -63.96 13.67 -89.23
1678842255084 -67.32 14.77 -88.99
1678842255094 -73.18 18.86 -89.23
1678842255097 -72.63 20.69 -89.78
1678842255103 -71.29 21.12 -90.03
1678842255112 -67.57 21.73 -91.00
1678842255122 -63.78 22.40 -92.65
1678842255126 -62.44 23.07 -93.69
1678842255144 -61.95 23.68 -95.09
1678842255149 -61.83 26.00 -100.40
1678842255155 -60.67 27.59 -104.13
1678842255160 -59.69 28.56 -105.53
1678842255174 -56.70 30.58 -107.48
1678842255181 -52.98 32.41 -108.28
1678842255191 -49.62 33.33 -108.28
1678842255200 -46.51 32.65 -107.67
1678842255215 -43.64 29.66 -106.14
1678842255216 -41.99 27.16 -105.04
1678842255232 -40.28 24.17 -103.58
1678842255242 -37.72 13.61 -97.35
1678842255249 -38.88 7.26 -92.83
1678842255251 -39.86 4.94 -90.58
1678842255272 -41.99 2.32 -86.43
1678842255273 -43.70 2.69 -83.37
1678842255275 -44.25 3.66 -82.21
1678842255281 -44.43 5.07 -81.30
1678842255290 -43.95 8.73 -80.14
1678842255296 -43.33 10.50 -80.08
1678842255305 -41.14 13.43 -80.44
1678842255322 -39.49 14.53 -80.57
1678842255322 -35.52 14.89 -80.99
1678842255326 -33.33 14.28 -81.05
1678842255347 -31.25 13.43 -80.87
1678842255349 -26.31 9.70 -80.20
1678842255361 -25.15 6.29 -79.16
1678842255366 -25.09 3.42 -77.88
1678842255373 -25.70 2.50 -77.21
1678842255384 -26.98 1.53 -76.29
1678842255391 -27.59 1.46 -75.50
1678842255400 -26.79 2.26 -75.07
1678842255417 -25.88 3.60 -74.83
1678842255433 -24.72 4.94 -75.01
1678842255433 -23.80 5.19 -74.95
1678842255440 -22.77 4.21 -73.61
1678842255445 -22.28 3.23 -72.33
1678842255455 -22.52 0.85 -69.40
1678842255466 -24.48 -2.62 -66.28
1678842255477 -27.04 -7.32 -62.56
1678842255485 -28.26 -12.82 -58.65
1678842255495 -27.16 -18.01 -55.30
1678842255505 -23.93 -22.64 -53.41
1678842255515 -22.58 -24.66 -52.73
1678842255526 -26.25 -22.40 -52.92
1678842255544 -32.23 -16.24 -53.59
1678842255558 -36.25 -8.24 -55.48
1678842255577 -36.13 0.06 -58.90
1678842256218 -32.23 6.71 -63.42
1678842257525 -24.90 11.17 -66.47
1678842257525 -15.20 13.37 -67.57
1678842257525 -6.65 14.10 -66.41
1678842257525 -4.03 14.34 -65.19
1678842257525 -2.38 13.92 -62.13
1678842257525 -3.66 13.24 -60.73
1678842257525 -8.42 9.89 -57.50
1678842257525 -12.88 3.36 -53.28
1678842257579 -6.77 -6.23 22.28
1678842257581 7.87 -7.02 37.90
1678842257584 10.31 -7.14 36.50
1678842257585 12.76 -9.22 33.94
1678842257599 15.44 -12.15 30.58
1678842257602 15.99 -13.37 29.24
1678842257606 15.69 -14.89 27.04
1678842257610 13.92 -14.65 25.88
1678842257612 10.01 -11.96 25.09
1678842257627 4.94 -7.93 24.23
1678842257637 3.30 -4.82 23.32
1678842257646 6.90 -3.42 21.85
1678842257651 13.98 -3.11 20.20
1678842257662 20.08 -3.11 18.01
1678842257673 22.16 -2.01 15.26
1678842257679 19.41 -0.49 12.57
1678842257689 12.82 -0.24 11.11
1678842257699 5.55 -1.16 10.56
1678842257709 0.24 -3.30 10.99
1678842257720 -1.89 -6.35 11.84
1678842257728 0.79 -9.77 12.70
1678842257738 5.00 -11.90 13.31
1678842257747 6.71 -10.86 13.55
1678842257758 5.74 -6.65 13.67
1678842257770 2.08 -0.61 12.33
1678842257779 -2.69 4.76 10.56
1678842257789 -6.10 8.91 8.42
1678842257802 -6.71 10.80 6.71
1678842257802 -6.23 10.56 6.04
1678842257816 -2.08 7.20 5.49
1678842257824 4.76 1.28 5.31
1678842257836 12.27 -5.19 6.71
1678842257846 21.73 -10.86 8.61
1678842257855 25.51 -10.86 8.42
1678842257866 19.29 -3.30 6.71
1678842257910 10.13 8.54 3.66
1678842257915 2.93 22.16 -0.55
1678842257921 0.06 34.67 -5.19
1678842257926 1.16 43.40 -9.16
1678842257935 5.07 45.96 -11.29
1678842257970 9.83 41.93 -11.23
1678842257981 12.15 33.14 -10.13
1678842257984 11.05 20.87 -8.73
1678842257989 9.34 6.41 -7.39
1678842257989 7.87 -6.10 -6.47
1678842257989 5.49 -12.70 -5.74
1678842257989 3.11 -12.02 -5.31
1678842257994 0.85 -5.68 -5.49
1678842258002 -0.98 4.64 -6.84
1678842258013 -1.10 15.75 -8.36
1678842258024 0.18 24.29 -9.64
1678842258035 1.89 28.81 -10.50
1678842258047 2.62 29.30 -10.86
1678842258053 3.66 27.28 -10.44
1678842258063 4.09 23.25 -9.58
1678842258072 3.54 18.19 -8.79
1678842258081 3.23 15.56 -8.54
1678842258084 2.38 12.39 -8.30
1678842258097 0.49 5.49 -8.85
1678842258099 0.12 1.83 -9.28
1678842258118 -0.18 -1.77 -9.83
1678842258122 -4.21 -8.00 -10.99
1678842258131 -7.87 -6.65 -11.05
1678842258140 -8.73 -4.76 -10.74
1678842258144 -8.67 -2.20 -10.38
1678842258154 -8.18 0.85 -10.01
1678842258168 -3.36 8.91 -9.28
1678842258171 2.62 10.86 -8.73
1678842258176 5.68 10.74 -8.30
1678842258183 8.06 9.89 -7.75
1678842258191 10.31 6.53 -6.71
1678842258194 10.38 4.15 -6.16
1678842258205 9.34 -1.16 -4.82
1678842258216 8.24 -3.66 -4.15
1678842258216 6.65 -5.68 -3.30
1678842258230 4.52 -7.14 -2.62
1678842258234 -2.87 -7.63 -0.85
1678842258252 -7.20 -5.31 -0.55
1678842258256 -9.16 -3.85 -0.55
1678842258258 -10.56 -2.38 -0.67
1678842258269 -11.66 -1.04 -0.79
1678842258274 -10.01 1.71 -1.40
1678842258284 -5.86 1.89 -1.59
1678842258289 -2.99 1.65 -1.71
1678842258293 -0.06 1.16 -1.77
1678842258314 2.14 0.67 -1.89
1678842258319 1.71 -2.26 -2.32
1678842258323 0.12 -5.92 -1.95
1678842258328 -0.24 -7.87 -1.22
1678842258334 -0.61 -9.70 -0.18
1678842258348 -0.85 -11.35 1.10
1678842258358 -0.06 -15.44 6.90
1678842258364 0.24 -16.24 8.48
1678842258374 0.61 -17.27 11.41
1678842258384 -0.73 -17.76 13.49
1678842258395 -2.93 -17.94 14.16
1678842258398 -6.35 -18.01 14.59
1678842258412 -10.44 -18.25 14.34
1678842258420 -21.36 -20.51 10.56
1678842258436 -23.01 -23.07 6.77
1678842258436 -21.00 -24.11 5.25
1678842258445 -16.30 -24.78 4.03
1678842258456 1.65 -16.78 1.34
1678842258461 0.92 -11.72 1.46
1678842258467 -1.28 -5.62 1.77
1678842258477 -8.91 9.34 2.69
1678842258484 -15.01 24.29 2.44
1678842258494 -15.32 30.27 1.83
1678842258494 -13.79 34.67 0.92
1678842258511 -10.93 37.17 0.12
1678842258534 -1.04 30.76 0.73
1678842258534 0.31 25.57 1.89
1678842258539 0.31 19.84 2.87
1678842258549 -0.43 14.10 3.36
1678842258556 -1.04 0.49 3.97
1678842260566 -2.69 -0.49 4.15
1678842260566 -3.11 0.55 4.58
1678842260566 -2.75 1.95 5.43
1678842260566 -0.92 2.93 6.47
1678842260566 6.53 4.27 9.22
1678842260566 6.65 5.19 9.52
1678842260566 6.16 6.16 9.64
1678842260566 5.00 7.14 9.89
1678842260678 -7.63 8.12 9.46
1678842260679 1.40 -6.29 -5.31
1678842260679 1.28 -6.29 -5.80
1678842260680 0.55 -5.92 -6.71
1678842260680 -0.49 -5.19 -7.51
1678842260680 -3.17 -1.16 -8.79
1678842260680 -4.15 0.43 -8.97
1678842260682 -4.70 1.34 -9.03
1678842260689 -4.70 2.01 -8.91
1678842260691 -3.54 -3.85 -2.50
1678842260700 -1.77 -4.33 -2.32
1678842260705 -1.16 -4.15 -2.32
1678842260711 -0.92 -3.72 -2.32
1678842260725 -0.92 -3.11 -2.50
1678842260734 -2.26 -1.59 -3.72
1678842260740 -4.09 -1.16 -4.88
1678842260745 -4.76 -1.22 -5.62
1678842260762 -5.13 -1.53 -6.16
1678842260767 -5.13 -2.32 -7.75
1678842260774 -5.07 -2.44 -8.24
1678842260780 -5.07 -2.08 -8.97
1678842260786 -4.82 -1.53 -9.28
1678842260792 -4.52 -1.16 -9.70
1678842260807 -4.21 -0.55 -10.13
1678842260816 -4.21 1.77 -11.05
1678842260820 -3.66 1.95 -11.11
1678842260837 -2.87 1.77 -11.05
1678842260848 0.18 -0.55 -10.93
1678842260853 0.61 -1.04 -10.93
1678842260856 0.73 -1.46 -10.80
1678842260865 0.12 -1.34 -10.68
1678842260881 -0.55 -0.67 -10.74
1678842260885 -1.22 0.06 -10.86
1678842260896 -3.05 4.27 -11.35
1678842260900 -3.05 5.37 -11.41
1678842260913 -2.87 6.29 -11.29
1678842260916 -2.75 7.45 -10.86
1678842260922 -2.87 7.63 -10.50
1678842260930 -2.75 7.08 -9.58
1678842260940 -1.59 5.62 -8.48
1678842260947 -0.92 4.88 -8.00
1678842260955 0.00 3.72 -7.45
1678842260960 0.24 3.36 -7.51
1678842260970 0.37 3.23 -8.00
1678842260977 0.12 3.54 -8.18
1678842260986 -0.92 4.70 -8.36
1678842260995 -1.46 5.49 -8.18
1678842261001 -1.46 5.43 -8.00
1678842261005 -1.28 5.13 -7.69
1678842261025 -0.43 3.42 -7.02
1678842261025 0.49 1.04 -6.29
1678842261035 0.55 -1.34 -5.55
1678842261045 -0.37 -2.93 -4.88
1678842261057 -0.92 -3.36 -4.58
1678842261060 -1.22 -3.17 -4.70
1678842261066 -1.40 -2.93 -4.88
1678842261076 -1.28 -2.32 -5.37
