1678842246580 -0.23 0.79 -0.29
1678842246594 -0.22 0.78 -0.30
1678842246601 -0.22 0.77 -0.30
1678842246610 -0.20 0.77 -0.29
1678842246620 -0.16 0.77 -0.27
1678842246630 -0.13 0.77 -0.25
1678842246640 -0.09 0.77 -0.25
1678842246651 -0.06 0.77 -0.27
1678842246660 -0.06 0.76 -0.29
1678842246670 -0.07 0.76 -0.31
1678842246679 -0.07 0.75 -0.29
1678842246683 -0.07 0.75 -0.28
1678842246689 -0.06 0.74 -0.26
1678842246698 -0.06 0.73 -0.22
1678842246708 -0.06 0.72 -0.18
1678842246714 -0.06 0.71 -0.16
1678842246718 -0.06 0.70 -0.14
1678842246729 -0.06 0.68 -0.11
1678842246744 -0.07 0.67 -0.09
1678842246748 -0.07 0.67 -0.08
1678842246762 -0.08 0.68 -0.06
1678842246772 -0.08 0.69 -0.04
1678842246782 -0.09 0.69 -0.02
1678842246789 -0.09 0.69 -0.00
1678842246805 -0.09 0.69 0.00
1678842246811 -0.09 0.69 -0.01
1678842246819 -0.08 0.68 -0.02
1678842246828 -0.06 0.67 -0.05
1678842246845 -0.05 0.66 -0.07
1678842246848 -0.04 0.65 -0.07
1678842246863 -0.04 0.64 -0.06
1678842246869 -0.04 0.62 -0.05
1678842246878 -0.04 0.61 -0.03
1678842246890 -0.05 0.59 -0.01
1678842246902 -0.06 0.59 0.02
1678842246914 -0.08 0.58 0.03
1678842246919 -0.10 0.58 0.04
1678842246930 -0.11 0.57 0.04
1678842246938 -0.12 0.57 0.03
1678842246948 -0.12 0.55 0.01
1678842246958 -0.12 0.54 -0.00
1678842246970 -0.12 0.53 -0.02
1678842246978 -0.12 0.52 -0.04
1678842246983 -0.12 0.52 -0.06
1678842246993 -0.11 0.52 -0.08
1678842247009 -0.11 0.53 -0.09
1678842247013 -0.11 0.53 -0.09
1678842247025 -0.12 0.52 -0.08
1678842247046 -0.13 0.52 -0.07
1678842247046 -0.14 0.52 -0.05
1678842247061 -0.14 0.51 -0.04
1678842247064 -0.14 0.50 -0.03
1678842247075 -0.14 0.49 -0.02
1678842247083 -0.14 0.47 -0.03
1678842247094 -0.15 0.45 -0.05
1678842247105 -0.15 0.44 -0.06
1678842247113 -0.14 0.42 -0.07
1678842247124 -0.14 0.41 -0.09
1678842247135 -0.15 0.41 -0.10
1678842247147 -0.16 0.42 -0.11
1678842247155 -0.18 0.43 -0.12
1678842247165 -0.19 0.44 -0.13
1678842247173 -0.21 0.45 -0.13
1678842247184 -0.22 0.46 -0.12
1678842247194 -0.24 0.47 -0.11
1678842247204 -0.25 0.49 -0.09
1678842247215 -0.26 0.51 -0.06
1678842247224 -0.26 0.53 -0.03
1678842247232 -0.26 0.54 -0.02
1678842247240 -0.26 0.55 -0.01
1678842247249 -0.26 0.56 -0.00
1678842247256 -0.24 0.57 0.00
1678842247258 -0.23 0.57 0.01
1678842247263 -0.22 0.57 0.00
1678842247274 -0.19 0.57 0.00
1678842247284 -0.15 0.55 0.01
1678842247300 -0.12 0.52 0.01
1678842247305 -0.08 0.48 0.02
1678842247321 -0.07 0.45 0.04
1678842247321 -0.06 0.43 0.06
1678842247323 -0.06 0.41 0.07
1678842247339 -0.06 0.39 0.08
1678842247344 -0.05 0.38 0.06
1678842247358 -0.05 0.39 0.02
1678842247364 -0.06 0.41 -0.05
1678842247377 -0.10 0.43 -0.11
1678842247379 -0.11 0.44 -0.14
1678842247397 -0.13 0.45 -0.17
1678842247410 -0.14 0.47 -0.19
1678842247410 -0.14 0.46 -0.17
1678842247418 -0.13 0.45 -0.13
1678842247429 -0.13 0.45 -0.11
1678842247438 -0.11 0.45 -0.08
1678842247438 -0.10 0.45 -0.09
1678842247455 -0.09 0.44 -0.10
1678842247470 -0.08 0.44 -0.17
1678842247470 -0.08 0.44 -0.18
1678842247474 -0.08 0.44 -0.19
1678842247491 -0.08 0.44 -0.19
1678842247494 -0.08 0.44 -0.15
1678842247504 -0.09 0.44 -0.09
1678842247509 -0.09 0.43 -0.05
1678842247521 -0.10 0.42 0.03
1678842247525 -0.10 0.41 0.05
1678842247529 -0.10 0.40 0.08
1678842247539 -0.10 0.38 0.11
1678842247544 -0.10 0.37 0.13
1678842247559 -0.10 0.36 0.13
1678842247565 -0.12 0.34 0.11
1678842247586 -0.15 0.34 0.08
1678842247586 -0.17 0.36 0.05
1678842247593 -0.18 0.37 0.04
1678842247598 -0.19 0.38 0.03
1678842247609 -0.20 0.38 0.01
1678842247619 -0.21 0.41 -0.07
1678842247630 -0.21 0.43 -0.11
1678842247635 -0.21 0.43 -0.13
1678842247639 -0.21 0.43 -0.15
1678842247654 -0.21 0.43 -0.17
1678842247673 -0.19 0.43 -0.23
1678842247674 -0.18 0.43 -0.25
1678842247701 -0.18 0.43 -0.25
1678842247701 -0.17 0.44 -0.21
1678842247701 -0.16 0.44 -0.17
1678842247701 -0.17 0.44 -0.13
1678842247709 -0.17 0.44 -0.04
1678842247715 -0.18 0.43 0.00
1678842247726 -0.19 0.44 0.08
1678842247732 -0.19 0.43 0.11
1678842247741 -0.19 0.43 0.14
1678842247754 -0.18 0.44 0.15
1678842247754 -0.18 0.44 0.15
1678842247770 -0.18 0.44 0.14
1678842247779 -0.15 0.46 0.08
1678842247789 -0.15 0.48 0.06
1678842247795 -0.15 0.50 0.05
1678842247805 -0.16 0.53 0.04
1678842247808 -0.16 0.54 0.05
1678842247815 -0.16 0.56 0.04
1678842247828 -0.15 0.57 0.02
1678842247848 -0.15 0.56 -0.02
1678842247848 -0.15 0.55 -0.03
1678842247852 -0.16 0.54 -0.06
1678842247855 -0.16 0.54 -0.05
1678842247865 -0.17 0.55 -0.04
1678842247876 -0.18 0.55 -0.03
1678842247879 -0.20 0.56 -0.02
1678842247889 -0.23 0.58 -0.01
1678842247899 -0.26 0.62 0.00
1678842247909 -0.28 0.65 -0.00
1678842247920 -0.27 0.70 -0.00
1678842247930 -0.26 0.72 -0.00
1678842247942 -0.29 0.68 0.00
1678842247946 -0.31 0.64 0.01
1678842247959 -0.33 0.60 0.02
1678842247964 -0.35 0.51 0.04
1678842247974 -0.33 0.45 0.01
1678842247984 -0.32 0.43 -0.00
1678842247989 -0.31 0.42 -0.04
1678842247999 -0.29 0.41 -0.11
1678842248010 -0.25 0.38 -0.17
1678842248019 -0.22 0.35 -0.21
1678842248029 -0.21 0.31 -0.24
1678842248040 -0.18 0.26 -0.25
1678842248049 -0.15 0.22 -0.26
1678842248054 -0.14 0.21 -0.26
1678842248065 -0.12 0.19 -0.27
1678842248075 -0.11 0.18 -0.26
1678842248084 -0.12 0.17 -0.24
1678842248099 -0.13 0.17 -0.22
1678842248110 -0.14 0.19 -0.21
1678842248116 -0.14 0.22 -0.20
1678842248128 -0.14 0.26 -0.21
1678842248136 -0.14 0.31 -0.24
1678842248148 -0.14 0.35 -0.27
1678842248158 -0.16 0.39 -0.30
1678842248176 -0.17 0.43 -0.28
1678842248176 -0.18 0.45 -0.24
1678842248185 -0.18 0.47 -0.19
1678842248196 -0.18 0.48 -0.13
1678842248204 -0.18 0.50 -0.05
1678842248216 -0.19 0.53 0.03
1678842248226 -0.20 0.53 0.09
1678842248234 -0.22 0.53 0.15
1678842248246 -0.22 0.50 0.17
1678842248257 -0.20 0.48 0.16
1678842248267 -0.18 0.47 0.12
1678842248278 -0.16 0.45 0.09
1678842248284 -0.15 0.43 0.08
1678842248297 -0.14 0.43 0.08
1678842248309 -0.13 0.42 0.09
1678842248316 -0.14 0.42 0.09
1678842248326 -0.15 0.42 0.08
1678842248336 -0.16 0.44 0.06
1678842248346 -0.16 0.46 0.04
1678842248354 -0.15 0.48 0.03
1678842248366 -0.14 0.50 0.02
1678842248375 -0.14 0.52 0.00
1678842248389 -0.13 0.53 -0.01
1678842248389 -0.13 0.53 -0.02
1678842248399 -0.12 0.54 0.00
1678842248416 -0.12 0.54 0.02
1678842248416 -0.11 0.54 0.04
1678842248430 -0.12 0.52 0.07
1678842248436 -0.14 0.51 0.09
1678842248447 -0.15 0.51 0.11
1678842248454 -0.16 0.49 0.09
1678842248466 -0.16 0.47 0.06
1678842248474 -0.15 0.47 0.01
1678842248485 -0.15 0.48 -0.01
1678842248496 -0.15 0.50 -0.03
1678842248505 -0.16 0.52 -0.03
1678842248515 -0.18 0.53 -0.03
1678842248525 -0.21 0.54 -0.02
1678842248531 -0.21 0.55 -0.02
1678842248539 -0.21 0.55 -0.02
1678842248550 -0.22 0.54 -0.02
1678842248560 -0.23 0.53 -0.01
1678842248570 -0.22 0.53 -0.01
1678842248576 -0.22 0.53 -0.02
1678842248586 -0.22 0.53 -0.02
1678842248590 -0.21 0.52 -0.02
1678842248600 -0.21 0.52 -0.03
1678842248620 -0.21 0.51 -0.04
1678842248620 -0.22 0.52 -0.06
1678842248624 -0.21 0.53 -0.08
1678842248630 -0.21 0.53 -0.10
1678842248648 -0.21 0.53 -0.15
1678842248648 -0.21 0.53 -0.18
1678842248650 -0.21 0.52 -0.20
1678842248667 -0.21 0.50 -0.23
1678842248670 -0.24 0.46 -0.22
1678842248679 -0.24 0.46 -0.19
1678842248701 -0.23 0.46 -0.18
1678842248701 -0.23 0.44 -0.16
1678842248701 -0.24 0.43 -0.16
1678842248716 -0.25 0.41 -0.17
1678842248721 -0.25 0.39 -0.17
1678842248730 -0.21 0.40 -0.24
1678842248734 -0.18 0.41 -0.27
1678842248744 -0.14 0.44 -0.33
1678842248750 -0.13 0.45 -0.35
1678842248760 -0.12 0.47 -0.39
1678842248768 -0.11 0.48 -0.39
1678842248819 -0.11 0.48 -0.39
1678842248819 -0.11 0.45 -0.27
1678842248819 -0.11 0.43 -0.21
1678842248820 -0.11 0.41 -0.15
1678842248820 -0.12 0.36 -0.00
1678842248825 -0.12 0.33 0.07
1678842248831 -0.12 0.31 0.10
1678842248835 -0.12 0.30 0.13
1678842248850 -0.13 0.29 0.14
1678842248861 -0.13 0.30 0.13
1678842248864 -0.12 0.31 0.10
1678842248870 -0.11 0.33 0.06
1678842248880 -0.10 0.37 -0.01
1678842248885 -0.10 0.39 -0.05
1678842248900 -0.10 0.40 -0.09
1678842248912 -0.09 0.41 -0.16
1678842248916 -0.09 0.42 -0.17
1678842248921 -0.09 0.41 -0.16
1678842248930 -0.08 0.40 -0.11
1678842248943 -0.08 0.39 -0.08
1678842248950 -0.09 0.38 -0.04
1678842248955 -0.10 0.37 0.06
1678842248967 -0.11 0.37 0.11
1678842248970 -0.12 0.37 0.13
1678842248982 -0.13 0.38 0.16
1678842248995 -0.15 0.39 0.18
1678842248995 -0.15 0.40 0.19
1678842249005 -0.17 0.41 0.20
1678842249010 -0.17 0.42 0.20
1678842249024 -0.19 0.43 0.20
1678842249027 -0.20 0.44 0.19
1678842249040 -0.21 0.45 0.18
1678842249048 -0.21 0.45 0.16
1678842249056 -0.21 0.44 0.13
1678842249066 -0.20 0.44 0.11
1678842249069 -0.20 0.44 0.10
1678842249076 -0.20 0.44 0.07
1678842249086 -0.20 0.44 0.05
1678842249093 -0.20 0.44 0.05
1678842249099 -0.20 0.44 0.04
1678842249107 -0.20 0.45 0.03
1678842249117 -0.21 0.45 0.01
1678842249134 -0.22 0.45 -0.01
1678842249147 -0.23 0.46 -0.02
1678842249147 -0.23 0.46 -0.04
1678842249156 -0.24 0.47 -0.07
1678842249168 -0.24 0.48 -0.09
1678842249181 -0.24 0.48 -0.10
1678842249186 -0.24 0.49 -0.11
1678842249195 -0.24 0.49 -0.12
1678842249205 -0.24 0.50 -0.14
1678842249219 -0.23 0.51 -0.16
1678842249228 -0.22 0.52 -0.17
1678842249236 -0.22 0.52 -0.18
1678842249245 -0.20 0.53 -0.21
1678842249258 -0.21 0.52 -0.22
1678842249269 -0.23 0.49 -0.18
1678842249277 -0.22 0.50 -0.12
1678842249285 -0.22 0.51 -0.07
1678842249303 -0.23 0.51 -0.04
1678842249307 -0.24 0.51 -0.05
1678842249321 -0.25 0.52 -0.07
1678842249333 -0.23 0.55 -0.12
1678842249336 -0.21 0.56 -0.19
1678842249345 -0.16 0.57 -0.25
1678842249355 -0.12 0.57 -0.30
1678842249365 -0.09 0.55 -0.33
1678842249375 -0.07 0.53 -0.31
1678842249386 -0.06 0.51 -0.24
1678842249397 -0.07 0.48 -0.14
1678842249405 -0.08 0.47 -0.03
1678842249415 -0.08 0.47 0.07
1678842249433 -0.10 0.47 0.14
1678842249435 -0.11 0.46 0.17
1678842249448 -0.12 0.46 0.17
1678842249455 -0.11 0.47 0.14
1678842249466 -0.11 0.48 0.09
1678842249480 -0.11 0.49 0.05
1678842249487 -0.10 0.49 0.01
1678842249496 -0.10 0.49 0.00
1678842249510 -0.10 0.48 -0.00
1678842249517 -0.10 0.46 0.02
1678842249526 -0.11 0.45 0.05
1678842249542 -0.11 0.44 0.08
1678842249542 -0.12 0.44 0.12
1678842249552 -0.13 0.44 0.14
1678842249564 -0.14 0.45 0.15
1678842249573 -0.15 0.46 0.15
1678842249582 -0.17 0.46 0.14
1678842249592 -0.18 0.47 0.13
1678842249602 -0.19 0.48 0.14
1678842249611 -0.20 0.50 0.16
1678842249622 -0.21 0.51 0.17
1678842249630 -0.23 0.52 0.15
1678842249643 -0.25 0.52 0.12
1678842249652 -0.26 0.52 0.09
1678842249666 -0.27 0.53 0.06
1678842249671 -0.27 0.54 0.04
1678842249681 -0.27 0.54 0.03
1678842249694 -0.27 0.54 0.01
1678842249701 -0.27 0.54 -0.01
1678842249708 -0.26 0.54 -0.01
1678842249725 -0.26 0.54 -0.03
1678842249730 -0.25 0.52 -0.07
1678842249746 -0.25 0.49 -0.10
1678842249746 -0.25 0.49 -0.11
1678842249757 -0.25 0.48 -0.11
1678842249764 -0.25 0.46 -0.14
1678842249774 -0.26 0.47 -0.15
1678842249781 -0.27 0.48 -0.16
1678842249783 -0.27 0.48 -0.18
1678842249796 -0.28 0.48 -0.19
1678842249802 -0.30 0.50 -0.23
1678842249816 -0.29 0.51 -0.24
1678842249816 -0.29 0.51 -0.25
1678842249821 -0.29 0.49 -0.25
1678842249839 -0.32 0.45 -0.22
1678842249839 -0.32 0.45 -0.20
1678842249855 -0.32 0.46 -0.17
1678842249880 -0.33 0.46 -0.12
1678842249880 -0.34 0.46 -0.12
1678842249885 -0.35 0.45 -0.13
1678842249895 -0.35 0.47 -0.15
1678842249903 -0.33 0.48 -0.16
1678842249913 -0.29 0.50 -0.19
1678842249919 -0.26 0.50 -0.21
1678842249924 -0.23 0.50 -0.25
1678842249937 -0.22 0.49 -0.26
1678842249951 -0.21 0.48 -0.27
1678842249951 -0.18 0.45 -0.21
1678842249962 -0.18 0.42 -0.12
1678842249968 -0.20 0.39 -0.03
1678842249976 -0.21 0.37 0.02
1678842249990 -0.22 0.34 0.07
1678842249991 -0.22 0.33 0.09
1678842250005 -0.23 0.32 0.10
1678842250014 -0.23 0.33 0.04
1678842250028 -0.20 0.37 -0.04
1678842250029 -0.20 0.39 -0.08
1678842250043 -0.19 0.41 -0.12
1678842250049 -0.18 0.45 -0.22
1678842250058 -0.17 0.47 -0.26
1678842250063 -0.17 0.47 -0.26
1678842250078 -0.16 0.47 -0.25
1678842250083 -0.17 0.45 -0.15
1678842250091 -0.17 0.43 -0.06
1678842250099 -0.17 0.43 -0.01
1678842250113 -0.16 0.44 0.04
1678842250124 -0.18 0.46 0.15
1678842250124 -0.20 0.46 0.17
1678842250131 -0.22 0.46 0.20
1678842250139 -0.23 0.46 0.21
1678842250143 -0.24 0.47 0.21
1678842250167 -0.25 0.48 0.20
1678842250168 -0.25 0.50 0.17
1678842250182 -0.25 0.50 0.16
1678842250187 -0.25 0.50 0.14
1678842250198 -0.26 0.50 0.13
1678842250198 -0.25 0.49 0.12
1678842250258 -0.25 0.49 0.11
1678842250262 -0.23 0.47 0.10
1678842250262 -0.23 0.47 0.10
1678842250262 -0.24 0.46 0.10
1678842250262 -0.24 0.46 0.10
1678842250281 -0.26 0.46 0.08
1678842250287 -0.31 0.52 0.00
1678842250297 -0.32 0.53 -0.00
1678842250300 -0.33 0.53 -0.01
1678842250314 -0.34 0.53 -0.01
1678842250322 -0.34 0.54 0.01
1678842250332 -0.34 0.54 0.02
1678842250339 -0.34 0.53 0.03
1678842250346 -0.34 0.53 0.04
1678842250355 -0.33 0.54 0.03
1678842250365 -0.31 0.55 0.01
1678842250369 -0.31 0.55 -0.01
1678842250379 -0.31 0.56 -0.04
1678842250395 -0.31 0.57 -0.09
1678842250397 -0.30 0.58 -0.14
1678842250403 -0.31 0.57 -0.16
1678842250408 -0.32 0.56 -0.16
1678842250419 -0.34 0.56 -0.15
1678842250433 -0.32 0.57 -0.12
1678842250448 -0.30 0.60 -0.10
1678842250449 -0.28 0.61 -0.10
1678842250458 -0.28 0.60 -0.14
1678842250466 -0.28 0.58 -0.18
1678842250477 -0.27 0.57 -0.21
1678842250489 -0.24 0.57 -0.25
1678842250503 -0.23 0.56 -0.27
1678842250508 -0.21 0.54 -0.29
1678842250529 -0.19 0.52 -0.29
1678842250529 -0.17 0.51 -0.25
1678842250537 -0.17 0.48 -0.19
1678842250548 -0.16 0.46 -0.11
1678842250555 -0.17 0.45 -0.06
1678842250568 -0.17 0.44 0.02
1678842250584 -0.18 0.43 0.08
1678842250584 -0.18 0.43 0.13
1678842250600 -0.19 0.43 0.15
1678842250649 -0.19 0.43 0.14
1678842250654 -0.19 0.44 0.13
1678842250670 -0.18 0.46 0.09
1678842250678 -0.17 0.46 0.06
1678842250678 -0.17 0.47 0.02
1678842250683 -0.16 0.47 -0.02
1678842250686 -0.15 0.46 -0.04
1678842250686 -0.15 0.46 -0.06
1678842250695 -0.16 0.46 -0.07
1678842250698 -0.17 0.46 -0.06
1678842250718 -0.18 0.46 -0.03
1678842250720 -0.19 0.46 0.00
1678842250727 -0.19 0.46 0.05
1678842250738 -0.20 0.45 0.09
1678842250745 -0.21 0.44 0.12
1678842250756 -0.22 0.44 0.13
1678842250765 -0.24 0.44 0.15
1678842250774 -0.25 0.45 0.17
1678842250784 -0.27 0.45 0.18
1678842250796 -0.28 0.45 0.18
1678842250803 -0.29 0.45 0.17
1678842250816 -0.29 0.45 0.15
1678842250832 -0.30 0.45 0.14
1678842250868 -0.31 0.45 0.12
1678842250878 -0.32 0.45 0.09
1678842250883 -0.31 0.45 0.07
1678842250888 -0.31 0.45 0.03
1678842250893 -0.31 0.45 -0.00
1678842250894 -0.31 0.45 -0.01
1678842250896 -0.32 0.44 -0.03
1678842250933 -0.33 0.44 -0.05
1678842250944 -0.33 0.44 -0.07
1678842250948 -0.33 0.45 -0.08
1678842250952 -0.34 0.45 -0.09
1678842250955 -0.33 0.46 -0.11
1678842250961 -0.33 0.47 -0.15
1678842250963 -0.33 0.47 -0.21
1678842250963 -0.33 0.48 -0.24
1678842250975 -0.33 0.48 -0.26
1678842250976 -0.33 0.49 -0.27
1678842250996 -0.33 0.50 -0.29
1678842250999 -0.38 0.47 -0.31
1678842251011 -0.40 0.49 -0.28
1678842251017 -0.40 0.51 -0.26
1678842251018 -0.39 0.52 -0.24
1678842251031 -0.39 0.53 -0.24
1678842251033 -0.40 0.50 -0.25
1678842251047 -0.40 0.47 -0.27
1678842251047 -0.39 0.46 -0.27
1678842251057 -0.35 0.46 -0.26
1678842251066 -0.32 0.47 -0.26
1678842251073 -0.30 0.47 -0.25
1678842251077 -0.27 0.46 -0.24
1678842251083 -0.26 0.46 -0.23
1678842251100 -0.24 0.45 -0.22
1678842251112 -0.21 0.42 -0.13
1678842251112 -0.21 0.40 -0.09
1678842251118 -0.21 0.39 -0.05
1678842251151 -0.22 0.37 -0.01
1678842251151 -0.25 0.32 0.13
1678842251152 -0.26 0.31 0.16
1678842251186 -0.27 0.30 0.19
1678842251186 -0.32 0.28 0.23
1678842251186 -0.33 0.28 0.23
1678842251190 -0.32 0.30 0.21
1678842251198 -0.29 0.41 0.04
1678842251216 -0.28 0.44 -0.03
1678842251238 -0.27 0.46 -0.10
1678842251238 -0.27 0.51 -0.32
1678842251260 -0.27 0.50 -0.33
1678842251267 -0.26 0.50 -0.34
1678842251276 -0.21 0.46 -0.25
1678842251278 -0.20 0.46 -0.21
1678842251282 -0.19 0.45 -0.17
1678842251282 -0.18 0.45 -0.13
1678842251300 -0.18 0.42 0.03
1678842251304 -0.19 0.42 0.06
1678842251308 -0.19 0.42 0.09
1678842251318 -0.20 0.42 0.15
1678842251318 -0.20 0.43 0.18
1678842251387 -0.21 0.43 0.19
1678842251389 -0.22 0.44 0.23
1678842251390 -0.23 0.44 0.23
1678842251392 -0.24 0.45 0.24
1678842251395 -0.25 0.45 0.23
1678842251398 -0.27 0.46 0.19
1678842251404 -0.27 0.47 0.16
1678842251404 -0.27 0.48 0.13
1678842251404 -0.27 0.48 0.10
1678842251408 -0.27 0.51 0.03
1678842251417 -0.29 0.51 0.03
1678842251424 -0.29 0.51 0.03
1678842251432 -0.30 0.51 0.02
1678842251439 -0.30 0.51 0.01
1678842251457 -0.30 0.52 0.01
1678842251458 -0.30 0.52 -0.01
1678842251466 -0.30 0.53 -0.04
1678842251476 -0.31 0.53 -0.06
1678842251498 -0.31 0.53 -0.07
1678842251506 -0.30 0.53 -0.07
1678842251512 -0.30 0.52 -0.08
1678842251521 -0.29 0.52 -0.08
1678842251522 -0.29 0.53 -0.09
1678842251528 -0.29 0.53 -0.09
1678842251543 -0.29 0.53 -0.10
1678842251551 -0.31 0.54 -0.14
1678842251559 -0.33 0.53 -0.14
1678842251570 -0.35 0.53 -0.11
1678842251591 -0.34 0.56 -0.08
1678842251594 -0.33 0.57 -0.08
1678842251594 -0.33 0.58 -0.08
1678842251599 -0.33 0.59 -0.12
1678842251609 -0.32 0.58 -0.15
1678842251617 -0.30 0.58 -0.18
1678842251626 -0.29 0.58 -0.19
1678842251634 -0.27 0.58 -0.21
1678842251645 -0.24 0.58 -0.22
1678842251658 -0.22 0.58 -0.24
1678842251658 -0.22 0.58 -0.25
1678842251674 -0.22 0.57 -0.25
1678842251679 -0.22 0.57 -0.21
1678842251688 -0.23 0.57 -0.13
1678842251694 -0.23 0.57 -0.09
1678842251716 -0.24 0.57 -0.00
1678842251719 -0.23 0.58 0.06
1678842251725 -0.23 0.58 0.10
1678842251737 -0.23 0.58 0.12
1678842251747 -0.22 0.58 0.13
1678842251753 -0.21 0.59 0.12
1678842251764 -0.19 0.59 0.11
1678842251775 -0.17 0.59 0.08
1678842251783 -0.16 0.58 0.07
1678842251791 -0.16 0.56 0.07
1678842251811 -0.15 0.55 0.07
1678842251815 -0.14 0.53 0.07
1678842251817 -0.13 0.52 0.07
1678842251824 -0.13 0.50 0.09
1678842251835 -0.13 0.49 0.11
1678842251845 -0.14 0.49 0.12
1678842251858 -0.15 0.49 0.13
1678842251867 -0.16 0.50 0.13
1678842251877 -0.17 0.50 0.13
1678842251885 -0.19 0.51 0.13
1678842251896 -0.20 0.51 0.13
1678842251908 -0.21 0.51 0.12
1678842251915 -0.22 0.50 0.12
1678842251937 -0.23 0.50 0.12
1678842251939 -0.24 0.50 0.11
1678842251943 -0.25 0.50 0.09
1678842251953 -0.25 0.51 0.06
1678842251966 -0.25 0.52 0.01
1678842251974 -0.26 0.53 -0.03
1678842251986 -0.27 0.52 -0.05
1678842251996 -0.29 0.52 -0.05
1678842252012 -0.30 0.51 -0.04
1678842252020 -0.31 0.51 -0.04
1678842252029 -0.32 0.49 -0.05
1678842252035 -0.33 0.48 -0.07
1678842252039 -0.33 0.48 -0.08
1678842252051 -0.33 0.47 -0.11
1678842252063 -0.33 0.48 -0.15
1678842252067 -0.33 0.48 -0.17
1678842252082 -0.34 0.48 -0.18
1678842252090 -0.36 0.49 -0.22
1678842252101 -0.37 0.49 -0.24
1678842252107 -0.39 0.49 -0.25
1678842252127 -0.42 0.48 -0.25
1678842252132 -0.42 0.50 -0.25
1678842252133 -0.40 0.52 -0.26
1678842252142 -0.39 0.53 -0.30
1678842252144 -0.38 0.53 -0.33
1678842252154 -0.36 0.53 -0.38
1678842252163 -0.34 0.52 -0.41
1678842252174 -0.29 0.53 -0.45
1678842252189 -0.24 0.53 -0.49
1678842252193 -0.19 0.53 -0.50
1678842252210 -0.15 0.51 -0.48
1678842252215 -0.13 0.49 -0.41
1678842252220 -0.13 0.47 -0.29
1678842252224 -0.14 0.46 -0.21
1678842252249 -0.15 0.45 -0.14
1678842252254 -0.18 0.44 0.06
1678842252267 -0.20 0.43 0.12
1678842252284 -0.22 0.40 0.21
1678842252284 -0.24 0.39 0.24
1678842252290 -0.25 0.39 0.26
1678842252300 -0.27 0.37 0.27
1678842252301 -0.27 0.37 0.26
1678842252315 -0.26 0.38 0.24
1678842252324 -0.24 0.42 0.13
1678842252330 -0.22 0.44 0.05
1678842252338 -0.22 0.46 0.01
1678842252345 -0.20 0.48 -0.07
1678842252352 -0.21 0.49 -0.11
1678842252354 -0.21 0.50 -0.14
1678842252361 -0.21 0.52 -0.18
1678842252369 -0.20 0.52 -0.17
1678842252376 -0.20 0.52 -0.15
1678842252395 -0.20 0.51 -0.12
1678842252410 -0.18 0.47 0.00
1678842252414 -0.18 0.46 0.03
1678842252414 -0.18 0.46 0.05
1678842252426 -0.18 0.46 0.08
1678842252431 -0.20 0.47 0.14
1678842252445 -0.22 0.48 0.18
1678842252448 -0.23 0.49 0.20
1678842252456 -0.24 0.50 0.21
1678842252468 -0.24 0.50 0.22
1678842252481 -0.25 0.52 0.23
1678842252487 -0.25 0.52 0.23
1678842252498 -0.25 0.52 0.22
1678842252498 -0.23 0.52 0.17
1678842252510 -0.23 0.52 0.15
1678842252514 -0.23 0.52 0.13
1678842252532 -0.23 0.52 0.12
1678842252537 -0.24 0.53 0.07
1678842252543 -0.25 0.53 0.05
1678842252548 -0.25 0.54 0.04
1678842252557 -0.26 0.54 0.03
1678842252560 -0.27 0.54 0.02
1678842252565 -0.28 0.55 0.02
1678842252582 -0.29 0.55 0.01
1678842252584 -0.31 0.56 0.00
1678842252594 -0.32 0.57 -0.01
1678842252601 -0.32 0.57 -0.02
1678842252615 -0.32 0.57 -0.04
1678842252629 -0.32 0.58 -0.10
1678842252630 -0.31 0.58 -0.11
1678842252645 -0.31 0.59 -0.13
1678842252663 -0.31 0.59 -0.23
1678842252699 -0.33 0.57 -0.24
1678842252706 -0.35 0.57 -0.25
1678842252715 -0.35 0.62 -0.22
1678842252718 -0.35 0.63 -0.23
1678842252720 -0.35 0.63 -0.24
1678842252723 -0.34 0.62 -0.30
1678842252728 -0.30 0.62 -0.33
1678842252730 -0.28 0.62 -0.34
1678842252740 -0.24 0.63 -0.35
1678842252749 -0.21 0.62 -0.34
1678842252754 -0.20 0.62 -0.34
1678842252773 -0.20 0.62 -0.34
1678842252790 -0.19 0.60 -0.24
1678842252796 -0.18 0.59 -0.19
1678842252806 -0.18 0.57 -0.09
1678842252815 -0.18 0.54 -0.00
1678842252818 -0.17 0.53 0.07
1678842252821 -0.16 0.52 0.09
1678842252831 -0.16 0.52 0.12
1678842252836 -0.16 0.52 0.14
1678842252845 -0.17 0.53 0.12
1678842252856 -0.17 0.55 0.08
1678842252861 -0.17 0.56 0.05
1678842252877 -0.17 0.57 0.02
1678842252890 -0.15 0.60 -0.05
1678842252892 -0.15 0.61 -0.08
1678842252896 -0.14 0.62 -0.07
1678842252906 -0.14 0.61 -0.06
1678842252921 -0.14 0.59 -0.02
1678842252924 -0.14 0.57 0.04
1678842252934 -0.13 0.55 0.10
1678842252948 -0.13 0.54 0.15
1678842252957 -0.12 0.53 0.18
1678842252970 -0.13 0.53 0.20
1678842252974 -0.14 0.53 0.20
1678842252981 -0.15 0.53 0.20
1678842252989 -0.16 0.54 0.18
1678842253000 -0.17 0.55 0.15
1678842253005 -0.18 0.55 0.13
1678842253018 -0.19 0.54 0.11
1678842253026 -0.20 0.53 0.09
1678842253039 -0.20 0.53 0.08
1678842253050 -0.20 0.52 0.05
1678842253052 -0.21 0.51 0.03
1678842253064 -0.22 0.52 0.01
1678842253072 -0.23 0.52 -0.01
1678842253084 -0.24 0.52 -0.03
1678842253120 -0.26 0.53 -0.07
1678842253120 -0.27 0.54 -0.09
1678842253128 -0.27 0.55 -0.11
1678842253143 -0.28 0.55 -0.13
1678842253143 -0.28 0.55 -0.13
1678842253146 -0.28 0.56 -0.14
1678842253148 -0.30 0.57 -0.15
1678842253155 -0.30 0.57 -0.16
1678842253162 -0.31 0.57 -0.17
1678842253172 -0.32 0.58 -0.18
1678842253193 -0.32 0.59 -0.19
1678842253203 -0.32 0.59 -0.20
1678842253207 -0.31 0.60 -0.23
1678842253214 -0.33 0.57 -0.25
1678842253225 -0.36 0.55 -0.22
1678842253229 -0.34 0.57 -0.16
1678842253241 -0.32 0.58 -0.14
1678842253250 -0.33 0.56 -0.15
1678842253264 -0.35 0.53 -0.15
1678842253273 -0.33 0.52 -0.15
1678842253290 -0.29 0.53 -0.15
1678842253299 -0.24 0.55 -0.18
1678842253348 -0.21 0.56 -0.21
1678842253348 -0.19 0.56 -0.25
1678842253352 -0.19 0.55 -0.24
1678842253352 -0.19 0.53 -0.19
1678842253356 -0.21 0.50 -0.10
1678842253360 -0.22 0.47 -0.00
1678842253362 -0.22 0.42 0.07
1678842253370 -0.21 0.38 0.10
1678842253376 -0.21 0.37 0.10
1678842253402 -0.21 0.35 0.09
1678842253402 -0.19 0.35 0.01
1678842253404 -0.18 0.36 -0.02
1678842253411 -0.16 0.40 -0.10
1678842253419 -0.16 0.46 -0.18
1678842253428 -0.17 0.51 -0.26
1678842253440 -0.20 0.56 -0.31
1678842253449 -0.21 0.59 -0.32
1678842253459 -0.22 0.62 -0.29
1678842253465 -0.21 0.62 -0.26
1678842253474 -0.21 0.62 -0.21
1678842253487 -0.21 0.61 -0.16
1678842253491 -0.19 0.58 -0.03
1678842253507 -0.18 0.56 0.05
1678842253515 -0.17 0.56 0.11
1678842253526 -0.18 0.56 0.14
1678842253533 -0.18 0.56 0.17
1678842253536 -0.20 0.56 0.19
1678842253543 -0.23 0.58 0.23
1678842253550 -0.24 0.59 0.25
1678842253558 -0.24 0.60 0.24
1678842253567 -0.24 0.61 0.24
1678842253570 -0.24 0.62 0.22
1678842253576 -0.24 0.62 0.21
1678842253598 -0.24 0.61 0.19
1678842253610 -0.23 0.61 0.11
1678842253613 -0.22 0.60 0.09
1678842253623 -0.22 0.60 0.07
1678842253626 -0.19 0.60 -0.02
1678842253636 -0.19 0.60 -0.03
1678842253642 -0.20 0.61 -0.05
1678842253671 -0.20 0.62 -0.06
1678842253674 -0.22 0.65 -0.09
1678842253699 -0.23 0.66 -0.09
1678842253712 -0.23 0.67 -0.09
1678842253715 -0.24 0.67 -0.07
1678842253719 -0.24 0.67 -0.06
1678842253724 -0.24 0.67 -0.05
1678842253737 -0.23 0.67 -0.03
1678842253737 -0.22 0.67 -0.03
1678842253737 -0.22 0.67 -0.04
1678842253738 -0.22 0.68 -0.06
1678842253747 -0.23 0.68 -0.06
1678842253757 -0.23 0.68 -0.08
1678842253762 -0.24 0.70 -0.11
1678842253775 -0.27 0.68 -0.14
1678842253775 -0.29 0.67 -0.15
1678842253817 -0.31 0.67 -0.14
1678842253819 -0.29 0.71 -0.12
1678842253822 -0.29 0.72 -0.14
1678842253828 -0.29 0.72 -0.16
1678842253830 -0.28 0.71 -0.29
1678842253838 -0.27 0.71 -0.31
1678842253847 -0.24 0.72 -0.37
1678842253861 -0.20 0.72 -0.42
1678842253866 -0.19 0.72 -0.43
1678842253873 -0.16 0.71 -0.44
1678842253885 -0.13 0.69 -0.40
1678842253889 -0.13 0.68 -0.38
1678842253902 -0.12 0.66 -0.29
1678842253903 -0.12 0.65 -0.23
1678842253910 -0.13 0.63 -0.12
1678842253919 -0.13 0.62 -0.03
1678842253925 -0.14 0.61 0.01
1678842253941 -0.14 0.62 0.04
1678842253946 -0.15 0.62 0.08
1678842253958 -0.16 0.64 0.09
1678842253968 -0.16 0.66 0.07
1678842253974 -0.16 0.68 0.04
1678842253981 -0.16 0.68 0.03
1678842253994 -0.16 0.69 0.01
1678842254004 -0.16 0.67 0.01
1678842254018 -0.16 0.66 0.03
1678842254019 -0.17 0.65 0.06
1678842254031 -0.17 0.63 0.09
1678842254044 -0.17 0.63 0.11
1678842254050 -0.17 0.62 0.12
1678842254054 -0.18 0.62 0.12
1678842254071 -0.19 0.62 0.12
1678842254077 -0.20 0.62 0.09
1678842254088 -0.20 0.63 0.07
1678842254091 -0.21 0.64 0.06
1678842254102 -0.21 0.64 0.05
1678842254111 -0.22 0.65 0.06
1678842254119 -0.22 0.65 0.06
1678842254129 -0.22 0.65 0.06
1678842254144 -0.22 0.64 0.06
1678842254154 -0.22 0.63 0.06
1678842254160 -0.21 0.62 0.06
1678842254173 -0.22 0.62 0.06
1678842254181 -0.22 0.62 0.05
1678842254193 -0.24 0.63 0.04
1678842254205 -0.24 0.63 0.02
1678842254240 -0.24 0.64 0.00
1678842254240 -0.25 0.64 -0.04
1678842254247 -0.24 0.65 -0.09
1678842254254 -0.23 0.65 -0.14
1678842254254 -0.23 0.66 -0.18
1678842254260 -0.22 0.66 -0.20
1678842254273 -0.22 0.66 -0.21
1678842254280 -0.23 0.65 -0.20
1678842254291 -0.24 0.64 -0.19
1678842254300 -0.25 0.64 -0.19
1678842254316 -0.26 0.63 -0.20
1678842254322 -0.29 0.63 -0.21
1678842254331 -0.31 0.65 -0.21
1678842254343 -0.31 0.70 -0.23
1678842254351 -0.28 0.74 -0.30
1678842254371 -0.23 0.75 -0.37
1678842254385 -0.18 0.75 -0.43
1678842254387 -0.13 0.72 -0.43
1678842254391 -0.09 0.68 -0.39
1678842254402 -0.07 0.63 -0.29
1678842254406 -0.08 0.61 -0.22
1678842254417 -0.08 0.58 -0.08
1678842254432 -0.10 0.55 0.03
1678842254457 -0.12 0.53 0.07
1678842254460 -0.15 0.50 0.12
1678842254462 -0.18 0.51 0.12
1678842254463 -0.17 0.54 0.08
1678842254474 -0.16 0.60 -0.01
1678842254479 -0.16 0.63 -0.06
1678842254486 -0.16 0.69 -0.18
1678842254498 -0.15 0.72 -0.29
1678842254506 -0.14 0.74 -0.38
1678842254527 -0.12 0.73 -0.42
1678842254531 -0.09 0.72 -0.40
1678842254535 -0.07 0.69 -0.33
1678842254546 -0.07 0.66 -0.23
1678842254556 -0.07 0.64 -0.14
1678842254565 -0.07 0.62 -0.11
1678842254577 -0.07 0.61 -0.08
1678842254586 -0.08 0.60 0.00
1678842254599 -0.10 0.60 0.03
1678842254607 -0.11 0.62 0.05
1678842254610 -0.12 0.63 0.05
1678842254629 -0.12 0.64 0.06
1678842254637 -0.14 0.67 0.08
1678842254647 -0.14 0.67 0.08
1678842254657 -0.14 0.68 0.08
1678842254657 -0.13 0.68 0.06
1678842254673 -0.11 0.68 0.03
1678842254684 -0.10 0.68 0.01
1678842254696 -0.08 0.68 -0.06
1678842254698 -0.08 0.68 -0.07
1678842254709 -0.08 0.67 -0.09
1678842254716 -0.08 0.65 -0.12
1678842254724 -0.08 0.64 -0.12
1678842254738 -0.08 0.64 -0.11
1678842254741 -0.08 0.63 -0.11
1678842254750 -0.08 0.63 -0.11
1678842254770 -0.08 0.63 -0.10
1678842254774 -0.08 0.61 -0.10
1678842254779 -0.08 0.61 -0.10
1678842254794 -0.08 0.60 -0.10
1678842254804 -0.09 0.59 -0.09
1678842254808 -0.10 0.59 -0.08
1678842254822 -0.11 0.59 -0.08
1678842254836 -0.13 0.61 -0.07
1678842254839 -0.13 0.62 -0.07
1678842254845 -0.13 0.62 -0.07
1678842254888 -0.13 0.64 -0.10
1678842254893 -0.13 0.65 -0.13
1678842254907 -0.13 0.66 -0.14
1678842254909 -0.13 0.66 -0.15
1678842254914 -0.15 0.66 -0.18
1678842254922 -0.15 0.66 -0.17
1678842254924 -0.15 0.67 -0.16
1678842254927 -0.16 0.68 -0.13
1678842254929 -0.15 0.69 -0.12
1678842254931 -0.14 0.71 -0.11
1678842254937 -0.13 0.73 -0.13
1678842254941 -0.12 0.74 -0.15
1678842254953 -0.11 0.75 -0.19
1678842254963 -0.10 0.76 -0.22
1678842254971 -0.09 0.76 -0.24
1678842254976 -0.07 0.75 -0.28
1678842254993 -0.07 0.74 -0.28
1678842254998 -0.06 0.73 -0.25
1678842255001 -0.07 0.72 -0.23
1678842255026 -0.07 0.72 -0.20
1678842255029 -0.11 0.70 -0.10
1678842255037 -0.12 0.70 -0.07
1678842255052 -0.13 0.70 -0.05
1678842255057 -0.17 0.71 -0.01
1678842255068 -0.19 0.71 -0.00
1678842255073 -0.20 0.72 -0.01
1678842255084 -0.20 0.72 -0.01
1678842255094 -0.22 0.74 -0.07
1678842255097 -0.23 0.76 -0.10
1678842255103 -0.23 0.77 -0.11
1678842255112 -0.25 0.78 -0.12
1678842255122 -0.25 0.80 -0.14
1678842255126 -0.26 0.80 -0.14
1678842255144 -0.26 0.81 -0.14
1678842255149 -0.27 0.80 -0.17
1678842255155 -0.26 0.80 -0.18
1678842255160 -0.25 0.80 -0.19
1678842255174 -0.25 0.79 -0.20
1678842255181 -0.24 0.79 -0.20
1678842255191 -0.24 0.78 -0.21
1678842255200 -0.24 0.77 -0.21
1678842255215 -0.25 0.76 -0.21
1678842255216 -0.25 0.75 -0.21
1678842255232 -0.26 0.74 -0.20
1678842255242 -0.27 0.73 -0.16
1678842255249 -0.28 0.73 -0.13
1678842255251 -0.29 0.74 -0.12
1678842255272 -0.30 0.74 -0.11
1678842255273 -0.32 0.76 -0.10
1678842255275 -0.32 0.77 -0.11
1678842255281 -0.33 0.78 -0.11
1678842255290 -0.35 0.80 -0.12
1678842255296 -0.35 0.81 -0.14
1678842255305 -0.36 0.83 -0.15
1678842255322 -0.36 0.83 -0.16
1678842255322 -0.36 0.85 -0.17
1678842255326 -0.36 0.85 -0.17
1678842255347 -0.36 0.85 -0.17
1678842255349 -0.36 0.86 -0.16
1678842255361 -0.37 0.86 -0.15
1678842255366 -0.37 0.86 -0.15
1678842255373 -0.37 0.86 -0.15
1678842255384 -0.38 0.86 -0.15
1678842255391 -0.39 0.87 -0.17
1678842255400 -0.39 0.87 -0.18
1678842255417 -0.39 0.88 -0.20
1678842255433 -0.39 0.88 -0.21
1678842255433 -0.39 0.88 -0.22
1678842255440 -0.38 0.88 -0.24
1678842255445 -0.38 0.88 -0.24
1678842255455 -0.37 0.87 -0.25
1678842255466 -0.38 0.86 -0.27
1678842255477 -0.38 0.86 -0.28
1678842255485 -0.39 0.86 -0.29
1678842255495 -0.41 0.85 -0.30
1678842255505 -0.44 0.84 -0.28
1678842255515 -0.44 0.85 -0.26
1678842255526 -0.44 0.87 -0.25
1678842255544 -0.43 0.89 -0.26
1678842255558 -0.42 0.89 -0.29
1678842255577 -0.42 0.88 -0.32
1678842256218 -0.41 0.87 -0.36
1678842257525 -0.40 0.85 -0.38
1678842257525 -0.39 0.83 -0.37
1678842257525 -0.38 0.81 -0.34
1678842257525 -0.38 0.80 -0.32
1678842257525 -0.37 0.79 -0.28
1678842257525 -0.36 0.78 -0.27
1678842257525 -0.35 0.76 -0.24
1678842257525 -0.33 0.73 -0.21
1678842257579 -0.63 0.86 -0.59
1678842257581 0.08 0.41 -0.04
1678842257584 0.06 0.42 -0.03
1678842257585 0.04 0.42 -0.02
1678842257599 0.03 0.42 0.00
1678842257602 0.03 0.42 0.01
1678842257606 0.03 0.42 0.03
1678842257610 0.03 0.43 0.04
1678842257612 0.03 0.44 0.04
1678842257627 0.01 0.45 0.02
1678842257637 0.00 0.46 -0.02
1678842257646 -0.01 0.47 -0.04
1678842257651 -0.02 0.49 -0.04
1678842257662 -0.04 0.50 -0.02
1678842257673 -0.06 0.50 0.01
1678842257679 -0.07 0.51 0.02
1678842257689 -0.07 0.51 0.02
1678842257699 -0.07 0.52 0.00
1678842257709 -0.07 0.53 -0.03
1678842257720 -0.07 0.54 -0.06
1678842257728 -0.07 0.55 -0.08
1678842257738 -0.08 0.55 -0.07
1678842257747 -0.09 0.56 -0.07
1678842257758 -0.10 0.57 -0.06
1678842257770 -0.12 0.58 -0.08
1678842257779 -0.12 0.59 -0.11
1678842257789 -0.11 0.61 -0.15
1678842257802 -0.10 0.62 -0.19
1678842257802 -0.09 0.62 -0.21
1678842257816 -0.08 0.62 -0.23
1678842257824 -0.07 0.61 -0.23
1678842257836 -0.09 0.59 -0.21
1678842257846 -0.13 0.56 -0.16
1678842257855 -0.14 0.58 -0.10
1678842257866 -0.15 0.60 -0.07
1678842257910 -0.15 0.61 -0.08
1678842257915 -0.16 0.63 -0.13
1678842257921 -0.16 0.64 -0.19
1678842257926 -0.15 0.65 -0.24
1678842257935 -0.14 0.66 -0.26
1678842257970 -0.14 0.67 -0.26
1678842257981 -0.14 0.67 -0.23
1678842257984 -0.14 0.68 -0.19
1678842257989 -0.14 0.67 -0.15
1678842257989 -0.14 0.66 -0.10
1678842257989 -0.13 0.66 -0.05
1678842257989 -0.13 0.66 -0.02
1678842257994 -0.12 0.66 -0.01
1678842258002 -0.13 0.66 -0.02
1678842258013 -0.11 0.67 -0.04
1678842258024 -0.10 0.68 -0.06
1678842258035 -0.09 0.68 -0.08
1678842258047 -0.08 0.67 -0.10
1678842258053 -0.06 0.67 -0.11
1678842258063 -0.05 0.66 -0.11
1678842258072 -0.05 0.66 -0.10
1678842258081 -0.04 0.66 -0.10
1678842258084 -0.05 0.66 -0.09
1678842258097 -0.04 0.65 -0.07
1678842258099 -0.04 0.65 -0.06
1678842258118 -0.04 0.64 -0.04
1678842258122 -0.02 0.63 -0.01
1678842258131 0.00 0.61 -0.01
1678842258140 0.00 0.61 -0.01
1678842258144 0.00 0.60 -0.02
1678842258154 -0.00 0.60 -0.02
1678842258168 -0.01 0.59 -0.04
1678842258171 -0.02 0.58 -0.04
1678842258176 -0.02 0.58 -0.03
1678842258183 -0.03 0.58 -0.02
1678842258191 -0.04 0.57 0.01
1678842258194 -0.05 0.57 0.02
1678842258205 -0.06 0.58 0.04
1678842258216 -0.06 0.58 0.05
1678842258216 -0.07 0.58 0.06
1678842258230 -0.08 0.58 0.07
1678842258234 -0.10 0.59 0.07
1678842258252 -0.11 0.60 0.05
1678842258256 -0.11 0.60 0.04
1678842258258 -0.12 0.60 0.02
1678842258269 -0.12 0.60 0.01
1678842258274 -0.13 0.60 -0.05
1678842258284 -0.13 0.59 -0.08
1678842258289 -0.13 0.59 -0.08
1678842258293 -0.14 0.59 -0.08
1678842258314 -0.14 0.59 -0.07
1678842258319 -0.14 0.59 -0.08
1678842258323 -0.14 0.59 -0.08
1678842258328 -0.14 0.59 -0.08
1678842258334 -0.14 0.59 -0.08
1678842258348 -0.14 0.58 -0.08
1678842258358 -0.15 0.58 -0.09
1678842258364 -0.16 0.58 -0.09
1678842258374 -0.18 0.60 -0.09
1678842258384 -0.20 0.62 -0.08
1678842258395 -0.21 0.63 -0.07
1678842258398 -0.22 0.64 -0.07
1678842258412 -0.22 0.65 -0.08
1678842258420 -0.23 0.66 -0.13
1678842258436 -0.21 0.64 -0.17
1678842258436 -0.20 0.62 -0.18
1678842258445 -0.21 0.60 -0.19
1678842258456 -0.17 0.59 -0.12
1678842258461 -0.15 0.60 -0.12
1678842258467 -0.14 0.60 -0.12
1678842258477 -0.13 0.60 -0.16
1678842258484 -0.13 0.59 -0.23
1678842258494 -0.12 0.58 -0.27
1678842258494 -0.12 0.59 -0.31
1678842258511 -0.10 0.59 -0.32
1678842258534 -0.05 0.60 -0.34
1678842258534 -0.03 0.61 -0.31
1678842258539 -0.02 0.62 -0.29
1678842258549 -0.02 0.62 -0.26
1678842258556 -0.00 0.60 -0.19
1678842260566 0.03 0.57 -0.15
1678842260566 0.04 0.55 -0.13
1678842260566 0.04 0.52 -0.11
1678842260566 0.03 0.50 -0.09
1678842260566 0.00 0.47 -0.00
1678842260566 -0.00 0.47 0.02
1678842260566 -0.01 0.47 0.03
1678842260566 -0.02 0.48 0.03
1678842260678 -0.03 0.47 0.01
1678842260679 0.05 0.46 -0.05
1678842260679 0.04 0.46 -0.04
1678842260680 0.03 0.46 -0.03
1678842260680 0.03 0.46 -0.03
1678842260680 0.03 0.46 -0.03
1678842260680 0.03 0.46 -0.03
1678842260682 0.02 0.46 -0.04
1678842260689 0.02 0.46 -0.04
1678842260691 -0.02 0.47 -0.06
1678842260700 -0.03 0.48 -0.06
1678842260705 -0.03 0.48 -0.05
1678842260711 -0.04 0.48 -0.04
1678842260725 -0.04 0.48 -0.03
1678842260734 -0.05 0.49 -0.02
1678842260740 -0.06 0.49 -0.02
1678842260745 -0.06 0.49 -0.02
1678842260762 -0.06 0.49 -0.02
1678842260767 -0.06 0.49 -0.02
1678842260774 -0.06 0.49 -0.02
1678842260780 -0.06 0.49 -0.02
1678842260786 -0.06 0.49 -0.02
1678842260792 -0.06 0.49 -0.02
1678842260807 -0.06 0.49 -0.03
1678842260816 -0.06 0.48 -0.05
1678842260820 -0.06 0.48 -0.05
1678842260837 -0.06 0.48 -0.06
1678842260848 -0.06 0.47 -0.04
1678842260853 -0.06 0.47 -0.03
1678842260856 -0.07 0.47 -0.02
1678842260865 -0.07 0.48 -0.01
1678842260881 -0.06 0.48 -0.01
1678842260885 -0.07 0.47 -0.00
1678842260896 -0.07 0.47 -0.01
1678842260900 -0.07 0.46 -0.02
1678842260913 -0.07 0.46 -0.03
1678842260916 -0.07 0.46 -0.03
1678842260922 -0.07 0.46 -0.04
1678842260930 -0.07 0.46 -0.05
1678842260940 -0.07 0.46 -0.04
1678842260947 -0.07 0.46 -0.05
1678842260955 -0.08 0.46 -0.04
1678842260960 -0.08 0.45 -0.04
1678842260970 -0.08 0.45 -0.03
1678842260977 -0.08 0.45 -0.04
1678842260986 -0.08 0.45 -0.04
1678842260995 -0.08 0.45 -0.05
1678842261001 -0.08 0.45 -0.05
1678842261005 -0.08 0.45 -0.05
1678842261025 -0.08 0.46 -0.05
1678842261025 -0.08 0.46 -0.05
1678842261035 -0.07 0.46 -0.04
1678842261045 -0.07 0.47 -0.03
1678842261057 -0.07 0.48 -0.03
1678842261060 -0.08 0.48 -0.03
1678842261066 -0.08 0.48 -0.03
1678842261076 -0.08 0.49 -0.03
