1678842246580 644.88 494.83 -642.29
1678842246594 637.74 498.40 -635.40
1678842246601 650.24 503.76 -654.34
1678842246610 643.10 475.18 -637.12
1678842246620 634.17 491.26 -638.85
1678842246630 621.66 489.47 -637.12
1678842246640 632.38 493.04 -633.68
1678842246651 628.81 482.32 -644.01
1678842246660 643.10 485.90 -650.90
1678842246670 630.59 476.96 -645.73
1678842246679 660.96 493.04 -626.79
1678842246683 660.96 493.04 -626.79
1678842246689 634.17 494.83 -642.29
1678842246698 632.38 507.33 -637.12
1678842246708 639.52 485.90 -633.68
1678842246714 639.52 485.90 -633.68
1678842246718 659.17 480.54 -625.07
1678842246729 643.10 496.61 -644.01
1678842246744 653.82 464.46 -633.68
1678842246748 646.67 475.18 -626.79
1678842246762 637.74 491.26 -638.85
1678842246772 646.67 489.47 -640.57
1678842246782 659.17 480.54 -638.85
1678842246789 634.17 498.40 -625.07
1678842246805 635.95 493.04 -640.57
1678842246811 639.52 493.04 -626.79
1678842246819 646.67 507.33 -640.57
1678842246828 625.23 493.04 -644.01
1678842246845 646.67 485.90 -637.12
1678842246848 648.46 487.68 -635.40
1678842246863 657.39 496.61 -630.24
1678842246869 641.31 491.26 -631.96
1678842246878 639.52 489.47 -640.57
1678842246890 628.81 478.75 -640.57
1678842246902 625.23 475.18 -644.01
1678842246914 641.31 491.26 -635.40
1678842246919 634.17 484.11 -645.73
1678842246930 646.67 496.61 -647.46
1678842246938 664.53 468.03 -623.35
1678842246948 650.24 471.60 -633.68
1678842246958 646.67 475.18 -637.12
1678842246970 653.82 471.60 -623.35
1678842246978 653.82 471.60 -623.35
1678842246983 644.88 462.67 -621.63
1678842246993 635.95 471.60 -630.24
1678842247009 641.31 455.53 -631.96
1678842247013 630.59 451.95 -635.40
1678842247025 637.74 469.82 -642.29
1678842247046 628.81 482.32 -640.57
1678842247046 644.88 473.39 -628.51
1678842247061 637.74 473.39 -635.40
1678842247064 639.52 478.75 -637.12
1678842247075 634.17 444.81 -621.63
1678842247083 630.59 451.95 -628.51
1678842247094 628.81 460.89 -637.12
1678842247105 632.38 460.89 -626.79
1678842247113 634.17 448.38 -621.63
1678842247124 641.31 451.95 -631.96
1678842247135 643.10 446.60 -626.79
1678842247147 648.46 455.53 -600.96
1678842247155 634.17 455.53 -625.07
1678842247165 630.59 459.10 -649.18
1678842247173 637.74 444.81 -625.07
1678842247184 655.60 451.95 -635.40
1678842247194 646.67 468.03 -637.12
1678842247204 655.60 469.82 -621.63
1678842247215 643.10 450.17 -616.46
1678842247224 648.46 451.95 -628.51
1678842247232 648.46 451.95 -628.51
1678842247240 632.38 439.45 -613.02
1678842247249 632.38 439.45 -613.02
1678842247256 632.38 439.45 -613.02
1678842247258 632.38 439.45 -613.02
1678842247263 641.31 469.82 -635.40
1678842247274 643.10 464.46 -626.79
1678842247284 655.60 444.81 -607.85
1678842247300 628.81 460.89 -630.24
1678842247305 653.82 450.17 -626.79
1678842247321 639.52 435.88 -623.35
1678842247321 639.52 435.88 -623.35
1678842247323 628.81 457.31 -619.90
1678842247339 628.81 457.31 -619.90
1678842247344 628.81 457.31 -619.90
1678842247358 641.31 455.53 -628.51
1678842247364 634.17 455.53 -621.63
1678842247377 643.10 450.17 -630.24
1678842247379 643.10 450.17 -630.24
1678842247397 646.67 464.46 -626.79
1678842247410 652.03 437.66 -621.63
1678842247410 652.03 437.66 -621.63
1678842247418 650.24 446.60 -633.68
1678842247429 637.74 444.81 -621.63
1678842247438 657.39 421.59 -623.35
1678842247438 657.39 421.59 -623.35
1678842247455 643.10 432.30 -602.68
1678842247470 634.17 419.80 -625.07
1678842247470 634.17 419.80 -625.07
1678842247474 635.95 435.88 -633.68
1678842247491 635.95 435.88 -633.68
1678842247494 625.23 453.74 -650.90
1678842247504 634.17 451.95 -635.40
1678842247509 634.17 451.95 -635.40
1678842247521 637.74 448.38 -628.51
1678842247525 637.74 448.38 -628.51
1678842247529 628.81 453.74 -640.57
1678842247539 628.81 443.02 -619.90
1678842247544 628.81 443.02 -619.90
1678842247559 644.88 466.25 -635.40
1678842247565 634.17 469.82 -645.73
1678842247586 634.17 469.82 -645.73
1678842247586 635.95 464.46 -640.57
1678842247593 634.17 455.53 -642.29
1678842247598 634.17 455.53 -642.29
1678842247609 625.23 475.18 -657.79
1678842247619 634.17 462.67 -631.96
1678842247630 607.37 471.60 -650.90
1678842247635 607.37 471.60 -650.90
1678842247639 618.09 457.31 -633.68
1678842247654 618.09 457.31 -633.68
1678842247673 618.09 457.31 -633.68
1678842247674 625.23 457.31 -633.68
1678842247701 625.23 457.31 -633.68
1678842247701 625.23 457.31 -633.68
1678842247701 625.23 457.31 -633.68
1678842247701 618.09 468.03 -657.79
1678842247709 614.52 457.31 -640.57
1678842247715 614.52 457.31 -640.57
1678842247726 616.30 459.10 -652.62
1678842247732 612.73 476.96 -649.18
1678842247741 643.10 450.17 -626.79
1678842247754 648.46 473.39 -642.29
1678842247754 648.46 473.39 -642.29
1678842247770 625.23 468.03 -637.12
1678842247779 628.81 478.75 -630.24
1678842247789 635.95 482.32 -637.12
1678842247795 635.95 482.32 -637.12
1678842247805 630.59 466.25 -638.85
1678842247808 644.88 444.81 -631.96
1678842247815 644.88 444.81 -631.96
1678842247828 643.10 460.89 -637.12
1678842247848 635.95 471.60 -661.23
1678842247848 643.10 439.45 -640.57
1678842247852 650.24 446.60 -633.68
1678842247855 650.24 446.60 -633.68
1678842247865 639.52 450.17 -644.01
1678842247876 637.74 448.38 -628.51
1678842247879 630.59 451.95 -635.40
1678842247889 632.38 453.74 -647.46
1678842247899 635.95 450.17 -623.35
1678842247909 634.17 451.95 -638.85
1678842247920 623.45 476.96 -645.73
1678842247930 628.81 482.32 -647.46
1678842247942 634.17 451.95 -625.07
1678842247946 634.17 451.95 -625.07
1678842247959 628.81 471.60 -657.79
1678842247964 627.02 484.11 -652.62
1678842247974 639.52 453.74 -654.34
1678842247984 625.23 475.18 -623.35
1678842247989 625.23 478.75 -650.90
1678842247999 616.30 459.10 -642.29
1678842248010 614.52 464.46 -623.35
1678842248019 628.81 453.74 -630.24
1678842248029 628.81 453.74 -630.24
1678842248040 603.80 482.32 -637.12
1678842248049 610.94 457.31 -644.01
1678842248054 602.01 455.53 -631.96
1678842248065 602.01 466.25 -645.73
1678842248075 614.52 453.74 -637.12
1678842248084 596.65 443.02 -637.12
1678842248099 594.87 437.66 -645.73
1678842248110 614.52 428.73 -630.24
1678842248116 609.16 441.24 -621.63
1678842248128 602.01 441.24 -631.96
1678842248136 602.01 430.52 -635.40
1678842248148 596.65 432.30 -633.68
1678842248158 589.51 446.60 -633.68
1678842248176 591.29 459.10 -656.06
1678842248176 594.87 441.24 -625.07
1678842248185 593.08 446.60 -630.24
1678842248196 571.64 457.31 -640.57
1678842248204 582.36 446.60 -633.68
1678842248216 605.58 462.67 -635.40
1678842248226 594.87 462.67 -628.51
1678842248234 602.01 462.67 -618.18
1678842248246 628.81 450.17 -616.46
1678842248257 603.80 450.17 -616.46
1678842248267 630.59 444.81 -614.74
1678842248278 630.59 437.66 -604.41
1678842248284 625.23 425.16 -616.46
1678842248297 614.52 464.46 -616.46
1678842248309 628.81 421.59 -613.02
1678842248316 621.66 432.30 -595.80
1678842248326 625.23 453.74 -619.90
1678842248336 596.65 453.74 -613.02
1678842248346 625.23 450.17 -630.24
1678842248354 596.65 457.31 -613.02
1678842248366 609.16 437.66 -618.18
1678842248375 619.87 448.38 -621.63
1678842248389 598.44 444.81 -628.51
1678842248389 598.44 444.81 -628.51
1678842248399 589.51 446.60 -623.35
1678842248416 612.73 459.10 -618.18
1678842248416 602.01 441.24 -625.07
1678842248430 593.08 460.89 -633.68
1678842248436 609.16 423.37 -611.29
1678842248447 607.37 457.31 -633.68
1678842248454 603.80 446.60 -616.46
1678842248466 587.72 451.95 -625.07
1678842248474 602.01 455.53 -621.63
1678842248485 605.58 451.95 -614.74
1678842248496 591.29 473.39 -628.51
1678842248505 593.08 460.89 -619.90
1678842248515 600.22 453.74 -623.35
1678842248525 600.22 453.74 -623.35
1678842248531 591.29 480.54 -642.29
1678842248539 591.29 480.54 -642.29
1678842248550 589.51 450.17 -637.12
1678842248560 596.65 460.89 -640.57
1678842248570 603.80 450.17 -619.90
1678842248576 603.80 450.17 -619.90
1678842248586 598.44 466.25 -631.96
1678842248590 591.29 469.82 -628.51
1678842248600 591.29 469.82 -628.51
1678842248620 602.01 469.82 -638.85
1678842248620 602.01 459.10 -631.96
1678842248624 598.44 459.10 -638.85
1678842248630 587.72 473.39 -628.51
1678842248648 603.80 468.03 -623.35
1678842248648 603.80 468.03 -623.35
1678842248650 612.73 462.67 -625.07
1678842248667 612.73 462.67 -625.07
1678842248670 612.73 462.67 -625.07
1678842248679 619.87 466.25 -618.18
1678842248701 619.87 466.25 -618.18
1678842248701 621.66 460.89 -626.79
1678842248701 616.30 459.10 -625.07
1678842248716 616.30 459.10 -625.07
1678842248721 639.52 457.31 -626.79
1678842248730 614.52 468.03 -623.35
1678842248734 614.52 468.03 -623.35
1678842248744 621.66 457.31 -619.90
1678842248750 619.87 451.95 -614.74
1678842248760 621.66 460.89 -623.35
1678842248768 621.66 460.89 -623.35
1678842248819 618.09 446.60 -626.79
1678842248819 605.58 455.53 -607.85
1678842248819 605.58 455.53 -607.85
1678842248820 628.81 457.31 -609.57
1678842248820 637.74 469.82 -614.74
1678842248825 616.30 480.54 -621.63
1678842248831 632.38 493.04 -613.02
1678842248835 632.38 493.04 -613.02
1678842248850 637.74 466.25 -614.74
1678842248861 621.66 478.75 -630.24
1678842248864 621.66 478.75 -630.24
1678842248870 635.95 468.03 -613.02
1678842248880 630.59 466.25 -618.18
1678842248885 630.59 466.25 -618.18
1678842248900 610.94 478.75 -630.24
1678842248912 625.23 482.32 -633.68
1678842248916 625.23 482.32 -633.68
1678842248921 628.81 471.60 -633.68
1678842248930 621.66 468.03 -623.35
1678842248943 621.66 468.03 -623.35
1678842248950 630.59 480.54 -607.85
1678842248955 628.81 489.47 -619.90
1678842248967 627.02 491.26 -631.96
1678842248970 616.30 487.68 -611.29
1678842248982 635.95 493.04 -616.46
1678842248995 616.30 509.12 -618.18
1678842248995 616.30 509.12 -618.18
1678842249005 641.31 487.68 -635.40
1678842249010 630.59 498.40 -607.85
1678842249024 630.59 498.40 -607.85
1678842249027 628.81 496.61 -633.68
1678842249040 614.52 489.47 -623.35
1678842249048 630.59 480.54 -631.96
1678842249056 627.02 487.68 -628.51
1678842249066 627.02 487.68 -628.51
1678842249069 623.45 487.68 -621.63
1678842249076 618.09 478.75 -606.13
1678842249086 621.66 503.76 -619.90
1678842249093 621.66 503.76 -619.90
1678842249099 616.30 501.97 -631.96
1678842249107 612.73 484.11 -621.63
1678842249117 639.52 500.19 -619.90
1678842249134 618.09 510.91 -613.02
1678842249147 609.16 487.68 -614.74
1678842249147 630.59 484.11 -618.18
1678842249156 619.87 501.97 -618.18
1678842249168 618.09 493.04 -630.24
1678842249181 621.66 500.19 -606.13
1678842249186 618.09 500.19 -637.12
1678842249195 596.65 493.04 -626.79
1678842249205 612.73 494.83 -618.18
1678842249219 619.87 487.68 -631.96
1678842249228 619.87 487.68 -631.96
1678842249236 621.66 503.76 -630.24
1678842249245 627.02 505.55 -618.18
1678842249258 598.44 494.83 -628.51
1678842249269 616.30 501.97 -652.62
1678842249277 625.23 500.19 -633.68
1678842249285 616.30 498.40 -635.40
1678842249303 598.44 509.12 -638.85
1678842249307 625.23 489.47 -616.46
1678842249321 614.52 482.32 -609.57
1678842249333 610.94 493.04 -619.90
1678842249336 598.44 494.83 -621.63
1678842249345 621.66 475.18 -626.79
1678842249355 614.52 485.90 -616.46
1678842249365 616.30 480.54 -607.85
1678842249375 616.30 466.25 -607.85
1678842249386 605.58 466.25 -618.18
1678842249397 598.44 462.67 -611.29
1678842249405 634.17 473.39 -607.85
1678842249415 618.09 457.31 -613.02
1678842249433 621.66 478.75 -630.24
1678842249435 623.45 462.67 -614.74
1678842249448 627.02 469.82 -604.41
1678842249455 619.87 459.10 -618.18
1678842249466 618.09 478.75 -623.35
1678842249480 628.81 475.18 -613.02
1678842249487 603.80 482.32 -602.68
1678842249496 598.44 491.26 -625.07
1678842249510 614.52 468.03 -630.24
1678842249517 605.58 459.10 -611.29
1678842249526 605.58 459.10 -611.29
1678842249542 603.80 471.60 -630.24
1678842249542 618.09 475.18 -623.35
1678842249552 616.30 466.25 -618.18
1678842249564 614.52 468.03 -613.02
1678842249573 593.08 471.60 -623.35
1678842249582 600.22 482.32 -616.46
1678842249592 600.22 482.32 -633.68
1678842249602 603.80 475.18 -619.90
1678842249611 598.44 480.54 -597.52
1678842249622 610.94 478.75 -619.90
1678842249630 594.87 487.68 -638.85
1678842249643 610.94 478.75 -619.90
1678842249652 607.37 475.18 -633.68
1678842249666 587.72 469.82 -635.40
1678842249671 605.58 480.54 -638.85
1678842249681 607.37 471.60 -640.57
1678842249694 580.57 505.55 -642.29
1678842249701 598.44 473.39 -635.40
1678842249708 598.44 473.39 -635.40
1678842249725 593.08 482.32 -623.35
1678842249730 607.37 489.47 -616.46
1678842249746 602.01 491.26 -635.40
1678842249746 596.65 475.18 -633.68
1678842249757 596.65 475.18 -633.68
1678842249764 596.65 475.18 -633.68
1678842249774 609.16 476.96 -625.07
1678842249781 609.16 476.96 -625.07
1678842249783 603.80 485.90 -626.79
1678842249796 603.80 485.90 -626.79
1678842249802 603.80 485.90 -626.79
1678842249816 591.29 487.68 -625.07
1678842249816 591.29 487.68 -625.07
1678842249821 602.01 473.39 -628.51
1678842249839 585.93 493.04 -640.57
1678842249839 585.93 493.04 -640.57
1678842249855 603.80 468.03 -623.35
1678842249880 591.29 498.40 -638.85
1678842249880 591.29 498.40 -638.85
1678842249885 605.58 484.11 -642.29
1678842249895 614.52 493.04 -623.35
1678842249903 614.52 493.04 -623.35
1678842249913 612.73 469.82 -635.40
1678842249919 589.51 478.75 -637.12
1678842249924 602.01 480.54 -628.51
1678842249937 602.01 480.54 -628.51
1678842249951 609.16 480.54 -645.73
1678842249951 618.09 485.90 -650.90
1678842249962 600.22 489.47 -633.68
1678842249968 596.65 485.90 -647.46
1678842249976 607.37 482.32 -633.68
1678842249990 616.30 473.39 -628.51
1678842249991 616.30 473.39 -628.51
1678842250005 609.16 498.40 -628.51
1678842250014 614.52 496.61 -623.35
1678842250028 612.73 480.54 -614.74
1678842250029 612.73 480.54 -614.74
1678842250043 612.73 480.54 -614.74
1678842250049 612.73 480.54 -614.74
1678842250058 619.87 484.11 -635.40
1678842250063 619.87 484.11 -635.40
1678842250078 598.44 501.97 -635.40
1678842250083 607.37 493.04 -630.24
1678842250091 607.37 493.04 -630.24
1678842250099 603.80 493.04 -644.01
1678842250113 603.80 493.04 -644.01
1678842250124 603.80 493.04 -644.01
1678842250124 603.80 493.04 -644.01
1678842250131 610.94 503.76 -640.57
1678842250139 598.44 491.26 -621.63
1678842250143 598.44 491.26 -621.63
1678842250167 619.87 512.69 -621.63
1678842250168 610.94 518.05 -654.34
1678842250182 607.37 521.62 -637.12
1678842250187 600.22 518.05 -616.46
1678842250198 607.37 510.91 -633.68
1678842250198 607.37 510.91 -633.68
1678842250258 602.01 516.26 -649.18
1678842250262 609.16 505.55 -607.85
1678842250262 609.16 505.55 -607.85
1678842250262 600.22 503.76 -644.01
1678842250262 600.22 503.76 -644.01
1678842250281 600.22 503.76 -644.01
1678842250287 600.22 503.76 -644.01
1678842250297 600.22 503.76 -644.01
1678842250300 609.16 544.85 -642.29
1678842250314 609.16 544.85 -642.29
1678842250322 609.16 544.85 -642.29
1678842250332 593.08 528.77 -637.12
1678842250339 609.16 509.12 -625.07
1678842250346 609.16 509.12 -625.07
1678842250355 623.45 509.12 -618.18
1678842250365 610.94 535.91 -644.01
1678842250369 600.22 518.05 -640.57
1678842250379 609.16 501.97 -625.07
1678842250395 607.37 521.62 -647.46
1678842250397 609.16 541.27 -642.29
1678842250403 609.16 541.27 -642.29
1678842250408 612.73 509.12 -625.07
1678842250419 618.09 521.62 -637.12
1678842250433 596.65 525.20 -644.01
1678842250448 612.73 494.83 -638.85
1678842250449 610.94 510.91 -637.12
1678842250458 607.37 518.05 -644.01
1678842250466 619.87 505.55 -628.51
1678842250477 619.87 501.97 -618.18
1678842250489 612.73 505.55 -628.51
1678842250503 610.94 493.04 -633.68
1678842250508 610.94 496.61 -606.13
1678842250529 614.52 500.19 -630.24
1678842250529 605.58 491.26 -631.96
1678842250537 605.58 491.26 -631.96
1678842250548 612.73 466.25 -621.63
1678842250555 610.94 471.60 -613.02
1678842250568 603.80 485.90 -623.35
1678842250584 623.45 473.39 -625.07
1678842250584 625.23 482.32 -626.79
1678842250600 598.44 484.11 -628.51
1678842250649 598.44 473.39 -628.51
1678842250654 605.58 476.96 -611.29
1678842250670 614.52 485.90 -616.46
1678842250678 589.51 475.18 -630.24
1678842250678 612.73 484.11 -628.51
1678842250683 602.01 484.11 -628.51
1678842250686 598.44 466.25 -621.63
1678842250686 614.52 478.75 -619.90
1678842250695 612.73 473.39 -621.63
1678842250698 602.01 455.53 -631.96
1678842250718 600.22 478.75 -647.46
1678842250720 602.01 476.96 -607.85
1678842250727 589.51 471.60 -654.34
1678842250738 591.29 480.54 -631.96
1678842250745 605.58 466.25 -625.07
1678842250756 598.44 484.11 -645.73
1678842250765 593.08 478.75 -630.24
1678842250774 591.29 466.25 -638.85
1678842250784 602.01 469.82 -628.51
1678842250796 594.87 480.54 -631.96
1678842250803 589.51 468.03 -626.79
1678842250816 591.29 476.96 -635.40
1678842250832 607.37 482.32 -626.79
1678842250868 596.65 471.60 -633.68
1678842250878 603.80 471.60 -626.79
1678842250883 593.08 478.75 -623.35
1678842250888 594.87 480.54 -638.85
1678842250893 602.01 473.39 -621.63
1678842250894 602.01 473.39 -621.63
1678842250896 621.66 468.03 -623.35
1678842250933 580.57 466.25 -628.51
1678842250944 600.22 468.03 -633.68
1678842250948 614.52 457.31 -633.68
1678842250952 598.44 476.96 -635.40
1678842250955 602.01 476.96 -628.51
1678842250961 609.16 469.82 -621.63
1678842250963 594.87 462.67 -625.07
1678842250963 603.80 485.90 -640.57
1678842250975 603.80 485.90 -640.57
1678842250976 587.72 462.67 -621.63
1678842250996 587.72 462.67 -621.63
1678842250999 594.87 494.83 -645.73
1678842251011 610.94 460.89 -609.57
1678842251017 610.94 460.89 -609.57
1678842251018 621.66 475.18 -623.35
1678842251031 621.66 475.18 -623.35
1678842251033 594.87 466.25 -614.74
1678842251047 594.87 466.25 -614.74
1678842251047 598.44 459.10 -625.07
1678842251057 618.09 453.74 -637.12
1678842251066 618.09 453.74 -637.12
1678842251073 602.01 462.67 -628.51
1678842251077 609.16 469.82 -628.51
1678842251083 609.16 469.82 -628.51
1678842251100 610.94 464.46 -616.46
1678842251112 610.94 457.31 -626.79
1678842251112 610.94 457.31 -626.79
1678842251118 609.16 473.39 -628.51
1678842251151 609.16 473.39 -628.51
1678842251151 609.16 473.39 -628.51
1678842251152 609.16 473.39 -628.51
1678842251186 623.45 480.54 -625.07
1678842251186 619.87 480.54 -638.85
1678842251186 619.87 480.54 -638.85
1678842251190 625.23 478.75 -626.79
1678842251198 607.37 493.04 -640.57
1678842251216 607.37 493.04 -640.57
1678842251238 621.66 482.32 -616.46
1678842251238 602.01 494.83 -631.96
1678842251260 602.01 494.83 -631.96
1678842251267 602.01 473.39 -625.07
1678842251276 609.16 469.82 -642.29
1678842251278 609.16 469.82 -642.29
1678842251282 593.08 475.18 -630.24
1678842251282 593.08 475.18 -630.24
1678842251300 593.08 475.18 -630.24
1678842251304 582.36 503.76 -647.46
1678842251308 582.36 503.76 -647.46
1678842251318 614.52 460.89 -616.46
1678842251318 589.51 482.32 -637.12
1678842251387 589.51 482.32 -637.12
1678842251389 589.51 482.32 -637.12
1678842251390 589.51 482.32 -637.12
1678842251392 600.22 485.90 -633.68
1678842251395 600.22 485.90 -633.68
1678842251398 600.22 485.90 -633.68
1678842251404 600.22 485.90 -633.68
1678842251404 596.65 496.61 -633.68
1678842251404 596.65 496.61 -633.68
1678842251408 609.16 484.11 -614.74
1678842251417 602.01 509.12 -625.07
1678842251424 602.01 509.12 -625.07
1678842251432 577.00 505.55 -649.18
1678842251439 598.44 512.69 -635.40
1678842251457 598.44 512.69 -635.40
1678842251458 609.16 491.26 -631.96
1678842251466 598.44 494.83 -642.29
1678842251476 584.15 498.40 -642.29
1678842251498 603.80 500.19 -630.24
1678842251506 603.80 500.19 -630.24
1678842251512 594.87 512.69 -628.51
1678842251521 616.30 501.97 -625.07
1678842251522 593.08 503.76 -637.12
1678842251528 593.08 503.76 -637.12
1678842251543 596.65 507.33 -633.68
1678842251551 616.30 494.83 -628.51
1678842251559 591.29 509.12 -625.07
1678842251570 584.15 519.84 -635.40
1678842251591 612.73 498.40 -621.63
1678842251594 612.73 498.40 -621.63
1678842251594 609.16 516.26 -621.63
1678842251599 603.80 500.19 -619.90
1678842251609 603.80 500.19 -619.90
1678842251617 618.09 496.61 -633.68
1678842251626 610.94 500.19 -616.46
1678842251634 610.94 500.19 -616.46
1678842251645 609.16 494.83 -607.85
1678842251658 598.44 484.11 -614.74
1678842251658 598.44 484.11 -614.74
1678842251674 591.29 501.97 -614.74
1678842251679 602.01 487.68 -628.51
1678842251688 594.87 494.83 -614.74
1678842251694 596.65 482.32 -626.79
1678842251716 598.44 459.10 -618.18
1678842251719 603.80 493.04 -619.90
1678842251725 593.08 489.47 -633.68
1678842251737 603.80 482.32 -623.35
1678842251747 587.72 484.11 -611.29
1678842251753 616.30 480.54 -621.63
1678842251764 575.22 493.04 -630.24
1678842251775 602.01 480.54 -621.63
1678842251783 596.65 464.46 -619.90
1678842251791 596.65 464.46 -619.90
1678842251811 584.15 469.82 -635.40
1678842251815 593.08 464.46 -637.12
1678842251817 605.58 466.25 -618.18
1678842251824 587.72 459.10 -625.07
1678842251835 596.65 468.03 -626.79
1678842251845 610.94 475.18 -630.24
1678842251858 573.43 484.11 -625.07
1678842251867 594.87 487.68 -618.18
1678842251877 591.29 455.53 -611.29
1678842251885 603.80 468.03 -606.13
1678842251896 582.36 460.89 -630.24
1678842251908 584.15 459.10 -628.51
1678842251915 598.44 466.25 -607.85
1678842251937 577.00 455.53 -607.85
1678842251939 575.22 471.60 -619.90
1678842251943 584.15 462.67 -614.74
1678842251953 566.28 459.10 -625.07
1678842251966 589.51 460.89 -623.35
1678842251974 582.36 460.89 -623.35
1678842251986 582.36 471.60 -623.35
1678842251996 562.71 476.96 -638.85
1678842252012 578.79 446.60 -616.46
1678842252020 585.93 446.60 -619.90
1678842252029 580.57 476.96 -631.96
1678842252035 580.57 476.96 -631.96
1678842252039 555.56 476.96 -625.07
1678842252051 585.93 460.89 -619.90
1678842252063 580.57 462.67 -614.74
1678842252067 580.57 462.67 -614.74
1678842252082 569.86 473.39 -628.51
1678842252090 566.28 462.67 -638.85
1678842252101 566.28 462.67 -638.85
1678842252107 562.71 469.82 -628.51
1678842252127 575.22 453.74 -626.79
1678842252132 582.36 468.03 -623.35
1678842252133 553.78 475.18 -657.79
1678842252142 568.07 460.89 -626.79
1678842252144 568.07 460.89 -626.79
1678842252154 575.22 439.45 -609.57
1678842252163 555.56 459.10 -638.85
1678842252174 557.35 468.03 -633.68
1678842252189 564.50 450.17 -633.68
1678842252193 555.56 455.53 -631.96
1678842252210 539.49 464.46 -640.57
1678842252215 557.35 439.45 -626.79
1678842252220 551.99 448.38 -638.85
1678842252224 551.99 448.38 -638.85
1678842252249 543.06 453.74 -637.12
1678842252254 553.78 457.31 -630.24
1678842252267 569.86 437.66 -621.63
1678842252284 546.63 453.74 -644.01
1678842252284 546.63 453.74 -644.01
1678842252290 571.64 468.03 -626.79
1678842252300 575.22 457.31 -623.35
1678842252301 560.92 475.18 -637.12
1678842252315 560.92 475.18 -637.12
1678842252324 560.92 475.18 -637.12
1678842252330 555.56 487.68 -635.40
1678842252338 555.56 487.68 -635.40
1678842252345 560.92 478.75 -647.46
1678842252352 553.78 478.75 -630.24
1678842252354 553.78 478.75 -630.24
1678842252361 553.78 478.75 -630.24
1678842252369 553.78 457.31 -644.01
1678842252376 553.78 457.31 -644.01
1678842252395 548.42 462.67 -621.63
1678842252410 534.13 484.11 -645.73
1678842252414 534.13 484.11 -645.73
1678842252414 564.50 482.32 -644.01
1678842252426 564.50 482.32 -644.01
1678842252431 537.70 494.83 -625.07
1678842252445 537.70 494.83 -625.07
1678842252448 537.70 494.83 -625.07
1678842252456 560.92 475.18 -623.35
1678842252468 560.92 475.18 -623.35
1678842252481 569.86 476.96 -635.40
1678842252487 569.86 476.96 -635.40
1678842252498 560.92 485.90 -630.24
1678842252498 557.35 489.47 -633.68
1678842252510 557.35 489.47 -633.68
1678842252514 560.92 475.18 -630.24
1678842252532 560.92 475.18 -630.24
1678842252537 551.99 480.54 -645.73
1678842252543 551.99 480.54 -645.73
1678842252548 543.06 493.04 -640.57
1678842252557 559.14 480.54 -628.51
1678842252560 559.14 480.54 -628.51
1678842252565 560.92 489.47 -640.57
1678842252582 560.92 489.47 -640.57
1678842252584 560.92 489.47 -640.57
1678842252594 551.99 473.39 -618.18
1678842252601 551.99 473.39 -618.18
1678842252615 539.49 475.18 -623.35
1678842252629 535.91 493.04 -637.12
1678842252630 535.91 493.04 -637.12
1678842252645 543.06 478.75 -640.57
1678842252663 534.13 491.26 -638.85
1678842252699 534.13 491.26 -638.85
1678842252706 530.56 487.68 -645.73
1678842252715 530.56 473.39 -625.07
1678842252718 530.56 473.39 -625.07
1678842252720 530.56 480.54 -642.29
1678842252723 539.49 457.31 -623.35
1678842252728 525.20 457.31 -633.68
1678842252730 525.20 457.31 -633.68
1678842252740 528.77 457.31 -619.90
1678842252749 532.34 457.31 -630.24
1678842252754 510.91 460.89 -630.24
1678842252773 510.91 460.89 -630.24
1678842252790 510.91 460.89 -630.24
1678842252796 516.26 448.38 -631.96
1678842252806 514.48 453.74 -650.90
1678842252815 523.41 441.24 -631.96
1678842252818 519.84 466.25 -631.96
1678842252821 519.84 466.25 -631.96
1678842252831 525.20 446.60 -640.57
1678842252836 519.84 441.24 -618.18
1678842252845 523.41 437.66 -607.85
1678842252856 519.84 469.82 -628.51
1678842252861 519.84 469.82 -628.51
1678842252877 507.33 460.89 -647.46
1678842252890 512.69 444.81 -635.40
1678842252892 521.62 446.60 -630.24
1678842252896 501.97 466.25 -645.73
1678842252906 493.04 439.45 -623.35
1678842252921 510.91 453.74 -623.35
1678842252924 487.68 451.95 -621.63
1678842252934 491.26 441.24 -635.40
1678842252948 521.62 439.45 -616.46
1678842252957 516.26 451.95 -618.18
1678842252970 510.91 428.73 -609.57
1678842252974 509.12 448.38 -611.29
1678842252981 509.12 448.38 -611.29
1678842252989 516.26 448.38 -625.07
1678842253000 501.97 455.53 -635.40
1678842253005 507.33 439.45 -630.24
1678842253018 516.26 444.81 -631.96
1678842253026 516.26 444.81 -631.96
1678842253039 482.32 460.89 -630.24
1678842253050 496.61 439.45 -633.68
1678842253052 482.32 453.74 -630.24
1678842253064 498.40 459.10 -628.51
1678842253072 493.04 450.17 -626.79
1678842253084 498.40 459.10 -621.63
1678842253120 478.75 471.60 -630.24
1678842253120 500.19 464.46 -616.46
1678842253128 473.39 466.25 -621.63
1678842253143 478.75 460.89 -630.24
1678842253143 478.75 460.89 -630.24
1678842253146 471.60 475.18 -619.90
1678842253148 471.60 457.31 -633.68
1678842253155 494.83 466.25 -628.51
1678842253162 466.25 455.53 -628.51
1678842253172 460.89 457.31 -626.79
1678842253193 484.11 462.67 -631.96
1678842253203 462.67 462.67 -621.63
1678842253207 460.89 468.03 -640.57
1678842253214 482.32 478.75 -619.90
1678842253225 464.46 460.89 -619.90
1678842253229 469.82 484.11 -642.29
1678842253241 466.25 466.25 -638.85
1678842253250 471.60 478.75 -633.68
1678842253264 466.25 484.11 -642.29
1678842253273 469.82 484.11 -625.07
1678842253290 460.89 471.60 -633.68
1678842253299 473.39 480.54 -652.62
1678842253348 466.25 462.67 -631.96
1678842253348 476.96 466.25 -635.40
1678842253352 471.60 482.32 -640.57
1678842253352 460.89 493.04 -637.12
1678842253356 482.32 457.31 -630.24
1678842253360 478.75 475.18 -630.24
1678842253362 455.53 469.82 -614.74
1678842253370 485.90 457.31 -633.68
1678842253376 485.90 457.31 -633.68
1678842253402 475.18 471.60 -633.68
1678842253402 464.46 471.60 -637.12
1678842253404 464.46 471.60 -644.01
1678842253411 468.03 485.90 -637.12
1678842253419 457.31 471.60 -637.12
1678842253428 469.82 476.96 -625.07
1678842253440 480.54 466.25 -625.07
1678842253449 453.74 482.32 -633.68
1678842253459 441.24 466.25 -642.29
1678842253465 441.24 466.25 -642.29
1678842253474 468.03 457.31 -637.12
1678842253487 468.03 457.31 -637.12
1678842253491 478.75 482.32 -637.12
1678842253507 460.89 478.75 -637.12
1678842253515 460.89 478.75 -637.12
1678842253526 460.89 489.47 -626.79
1678842253533 460.89 489.47 -626.79
1678842253536 462.67 487.68 -638.85
1678842253543 473.39 501.97 -635.40
1678842253550 473.39 501.97 -635.40
1678842253558 482.32 500.19 -630.24
1678842253567 466.25 501.97 -649.18
1678842253570 466.25 501.97 -649.18
1678842253576 475.18 489.47 -640.57
1678842253598 475.18 489.47 -640.57
1678842253610 475.18 489.47 -640.57
1678842253613 475.18 489.47 -640.57
1678842253623 469.82 494.83 -631.96
1678842253626 460.89 514.48 -630.24
1678842253636 460.89 514.48 -630.24
1678842253642 459.10 498.40 -621.63
1678842253671 459.10 498.40 -621.63
1678842253674 459.10 498.40 -621.63
1678842253699 455.53 509.12 -652.62
1678842253712 455.53 509.12 -652.62
1678842253715 455.53 509.12 -652.62
1678842253719 455.53 509.12 -652.62
1678842253724 468.03 521.62 -647.46
1678842253737 476.96 505.55 -625.07
1678842253737 475.18 518.05 -626.79
1678842253737 487.68 512.69 -635.40
1678842253738 457.31 507.33 -626.79
1678842253747 457.31 507.33 -626.79
1678842253757 466.25 494.83 -618.18
1678842253762 475.18 510.91 -619.90
1678842253775 475.18 532.34 -626.79
1678842253775 459.10 512.69 -611.29
1678842253817 459.10 512.69 -611.29
1678842253819 459.10 512.69 -611.29
1678842253822 459.10 523.41 -611.29
1678842253828 459.10 523.41 -611.29
1678842253830 459.10 523.41 -611.29
1678842253838 464.46 503.76 -616.46
1678842253847 466.25 498.40 -611.29
1678842253861 455.53 526.98 -618.18
1678842253866 455.53 526.98 -618.18
1678842253873 462.67 505.55 -628.51
1678842253885 448.38 516.26 -604.41
1678842253889 426.95 505.55 -611.29
1678842253902 450.17 510.91 -619.90
1678842253903 450.17 510.91 -619.90
1678842253910 478.75 493.04 -616.46
1678842253919 459.10 491.26 -618.18
1678842253925 457.31 514.48 -626.79
1678842253941 457.31 514.48 -626.79
1678842253946 457.31 514.48 -626.79
1678842253958 444.81 526.98 -621.63
1678842253968 448.38 516.26 -628.51
1678842253974 462.67 505.55 -607.85
1678842253981 462.67 505.55 -607.85
1678842253994 462.67 505.55 -607.85
1678842254004 462.67 505.55 -607.85
1678842254018 451.95 501.97 -614.74
1678842254019 476.96 498.40 -614.74
1678842254031 450.17 521.62 -623.35
1678842254044 457.31 503.76 -616.46
1678842254050 475.18 500.19 -613.02
1678842254054 475.18 500.19 -613.02
1678842254071 455.53 512.69 -631.96
1678842254077 466.25 512.69 -628.51
1678842254088 471.60 514.48 -619.90
1678842254091 444.81 523.41 -628.51
1678842254102 435.88 507.33 -626.79
1678842254111 446.60 510.91 -602.68
1678842254119 441.24 523.41 -621.63
1678842254129 430.52 516.26 -635.40
1678842254144 444.81 509.12 -621.63
1678842254154 462.67 523.41 -621.63
1678842254160 444.81 526.98 -628.51
1678842254173 464.46 503.76 -619.90
1678842254181 435.88 500.19 -626.79
1678842254193 453.74 528.77 -633.68
1678842254205 432.30 518.05 -630.24
1678842254240 441.24 505.55 -628.51
1678842254240 455.53 523.41 -618.18
1678842254247 434.09 523.41 -628.51
1678842254254 439.45 514.48 -613.02
1678842254254 443.02 510.91 -633.68
1678842254260 439.45 525.20 -626.79
1678842254273 450.17 525.20 -599.24
1678842254280 432.30 510.91 -630.24
1678842254291 428.73 525.20 -626.79
1678842254300 439.45 510.91 -613.02
1678842254316 441.24 516.26 -621.63
1678842254322 443.02 518.05 -616.46
1678842254331 435.88 535.91 -633.68
1678842254343 425.16 507.33 -606.13
1678842254351 441.24 516.26 -621.63
1678842254371 412.65 526.98 -621.63
1678842254385 434.09 505.55 -611.29
1678842254387 432.30 510.91 -613.02
1678842254391 432.30 514.48 -623.35
1678842254402 414.44 521.62 -626.79
1678842254406 414.44 521.62 -626.79
1678842254417 421.59 510.91 -606.13
1678842254432 428.73 528.77 -637.12
1678842254457 434.09 512.69 -614.74
1678842254460 443.02 500.19 -630.24
1678842254462 446.60 528.77 -619.90
1678842254463 434.09 530.56 -618.18
1678842254474 426.95 519.84 -607.85
1678842254479 426.95 519.84 -607.85
1678842254486 419.80 526.98 -611.29
1678842254498 400.15 535.91 -626.79
1678842254506 410.87 521.62 -602.68
1678842254527 414.44 521.62 -602.68
1678842254531 398.36 516.26 -600.96
1678842254535 405.51 519.84 -604.41
1678842254546 409.08 526.98 -604.41
1678842254556 396.58 507.33 -602.68
1678842254565 396.58 507.33 -602.68
1678842254577 382.29 525.20 -616.46
1678842254586 398.36 541.27 -607.85
1678842254599 371.57 535.91 -616.46
1678842254607 387.64 537.70 -604.41
1678842254610 387.64 537.70 -604.41
1678842254629 394.79 516.26 -590.63
1678842254637 378.71 535.91 -606.13
1678842254647 378.71 535.91 -613.02
1678842254657 378.71 535.91 -613.02
1678842254657 369.78 551.99 -618.18
1678842254673 378.71 543.06 -599.24
1678842254684 378.71 543.06 -599.24
1678842254696 378.71 543.06 -599.24
1678842254698 378.71 543.06 -599.24
1678842254709 346.56 578.79 -619.90
1678842254716 344.77 569.86 -597.52
1678842254724 341.20 562.71 -590.63
1678842254738 328.69 575.22 -613.02
1678842254741 323.34 548.42 -607.85
1678842254750 323.34 548.42 -607.85
1678842254770 335.84 568.07 -592.35
1678842254774 335.84 571.64 -585.46
1678842254779 335.84 571.64 -585.46
1678842254794 314.40 571.64 -585.46
1678842254804 310.83 600.22 -585.46
1678842254808 310.83 600.22 -585.46
1678842254822 317.98 600.22 -571.69
1678842254836 312.62 591.29 -569.97
1678842254839 300.11 603.80 -568.25
1678842254845 300.11 603.80 -568.25
1678842254888 300.11 603.80 -568.25
1678842254893 307.26 610.94 -544.14
1678842254907 307.26 610.94 -544.14
1678842254909 296.54 618.09 -537.25
1678842254914 294.75 623.45 -559.64
1678842254922 291.18 637.74 -545.86
1678842254924 291.18 637.74 -545.86
1678842254927 285.82 632.38 -547.58
1678842254929 284.03 630.59 -542.42
1678842254931 260.81 650.24 -547.58
1678842254937 275.10 650.24 -537.25
1678842254941 275.10 650.24 -537.25
1678842254953 292.97 643.10 -523.47
1678842254963 292.97 643.10 -523.47
1678842254971 275.10 650.24 -544.14
1678842254976 273.32 659.17 -525.20
1678842254993 273.32 659.17 -525.20
1678842254998 273.32 666.32 -535.53
1678842255001 259.03 655.60 -528.64
1678842255026 259.03 655.60 -528.64
1678842255029 259.03 655.60 -528.64
1678842255037 250.09 682.40 -544.14
1678842255052 250.09 682.40 -544.14
1678842255057 250.09 682.40 -544.14
1678842255068 271.53 693.12 -537.25
1678842255073 271.53 693.12 -537.25
1678842255084 282.25 668.11 -499.37
1678842255094 291.18 705.62 -514.86
1678842255097 266.17 712.77 -511.42
1678842255103 269.74 702.05 -501.09
1678842255112 282.25 707.41 -502.81
1678842255122 278.68 714.55 -516.59
1678842255126 278.68 714.55 -516.59
1678842255144 273.32 719.91 -490.76
1678842255149 282.25 710.98 -495.92
1678842255155 289.39 710.98 -513.14
1678842255160 267.96 728.84 -509.70
1678842255174 266.17 705.62 -504.53
1678842255181 276.89 737.78 -497.65
1678842255191 273.32 734.20 -480.43
1678842255200 278.68 728.84 -499.37
1678842255215 287.61 719.91 -487.31
1678842255216 287.61 719.91 -487.31
1678842255232 276.89 752.07 -507.98
1678842255242 291.18 755.64 -490.76
1678842255249 294.75 734.20 -483.87
1678842255251 289.39 753.85 -492.48
1678842255272 284.03 773.50 -497.65
1678842255273 321.55 771.72 -478.70
1678842255275 321.55 771.72 -478.70
1678842255281 323.34 741.35 -470.09
1678842255290 301.90 787.79 -480.43
1678842255296 301.90 787.79 -480.43
1678842255305 289.39 775.29 -482.15
1678842255322 314.40 768.14 -475.26
1678842255322 301.90 780.65 -487.31
1678842255326 301.90 780.65 -487.31
1678842255347 303.68 768.14 -482.15
1678842255349 301.90 773.50 -470.09
1678842255361 316.19 762.79 -476.98
1678842255366 312.62 798.51 -497.65
1678842255373 326.91 791.37 -480.43
1678842255384 321.55 793.15 -471.82
1678842255391 317.98 800.30 -482.15
1678842255400 328.69 800.30 -468.37
1678842255417 342.99 793.15 -458.04
1678842255433 346.56 800.30 -471.82
1678842255433 350.13 793.15 -464.93
1678842255440 350.13 793.15 -464.93
1678842255445 344.77 805.66 -466.65
1678842255455 350.13 814.59 -478.70
1678842255466 353.70 821.74 -461.48
1678842255477 348.34 805.66 -445.99
1678842255485 357.28 821.74 -464.93
1678842255495 344.77 834.24 -476.98
1678842255505 364.42 821.74 -464.93
1678842255515 362.64 812.80 -452.87
1678842255526 357.28 836.03 -471.82
1678842255544 357.28 825.31 -433.93
1678842255558 382.29 843.17 -440.82
1678842255577 369.78 830.67 -449.43
1678842256218 362.64 844.96 -459.76
1678842257525 367.99 825.31 -451.15
1678842257525 382.29 839.60 -444.26
1678842257525 371.57 853.89 -444.26
1678842257525 371.57 853.89 -444.26
1678842257525 396.58 836.03 -444.26
1678842257525 382.29 861.04 -447.71
1678842257525 378.71 857.46 -458.04
1678842257525 405.51 848.53 -445.99
1678842257579 441.24 855.68 -463.21
1678842257581 441.24 855.68 -463.21
1678842257584 294.75 748.49 -507.98
1678842257585 284.03 769.93 -514.86
1678842257599 294.75 730.63 -497.65
1678842257602 292.97 735.99 -478.70
1678842257606 305.47 741.35 -490.76
1678842257610 296.54 743.13 -495.92
1678842257612 287.61 730.63 -494.20
1678842257627 282.25 735.99 -475.26
1678842257637 269.74 755.64 -501.09
1678842257646 280.46 741.35 -497.65
1678842257651 294.75 737.78 -497.65
1678842257662 273.32 744.92 -497.65
1678842257673 284.03 741.35 -490.76
1678842257679 298.33 719.91 -494.20
1678842257689 278.68 739.56 -513.14
1678842257699 282.25 732.42 -502.81
1678842257709 287.61 744.92 -497.65
1678842257720 291.18 741.35 -490.76
1678842257728 278.68 721.70 -485.59
1678842257738 307.26 746.71 -492.48
1678842257747 292.97 732.42 -489.04
1678842257758 275.10 746.71 -492.48
1678842257770 298.33 719.91 -480.43
1678842257779 292.97 721.70 -492.48
1678842257789 292.97 721.70 -492.48
1678842257802 298.33 723.48 -487.31
1678842257802 282.25 725.27 -495.92
1678842257816 282.25 728.84 -489.04
1678842257824 282.25 728.84 -489.04
1678842257836 294.75 719.91 -487.31
1678842257846 292.97 714.55 -478.70
1678842257855 284.03 723.48 -494.20
1678842257866 287.61 730.63 -504.53
1678842257910 294.75 709.19 -470.09
1678842257915 289.39 707.41 -492.48
1678842257921 282.25 714.55 -492.48
1678842257926 287.61 716.34 -483.87
1678842257935 287.61 723.48 -483.87
1678842257970 276.89 730.63 -504.53
1678842257981 298.33 694.90 -494.20
1678842257984 287.61 698.48 -480.43
1678842257989 289.39 714.55 -492.48
1678842257989 289.39 707.41 -499.37
1678842257989 305.47 698.48 -487.31
1678842257989 289.39 714.55 -485.59
1678842257994 294.75 719.91 -507.98
1678842258002 291.18 709.19 -476.98
1678842258013 309.04 691.33 -487.31
1678842258024 291.18 705.62 -494.20
1678842258035 289.39 689.54 -482.15
1678842258047 312.62 684.18 -470.09
1678842258053 300.11 696.69 -492.48
1678842258063 298.33 705.62 -497.65
1678842258072 300.11 678.83 -482.15
1678842258081 300.11 678.83 -482.15
1678842258084 301.90 705.62 -494.20
1678842258097 285.82 703.83 -506.25
1678842258099 285.82 703.83 -506.25
1678842258118 307.26 696.69 -485.59
1678842258122 303.68 682.40 -485.59
1678842258131 289.39 696.69 -492.48
1678842258140 291.18 684.18 -490.76
1678842258144 291.18 684.18 -490.76
1678842258154 300.11 707.41 -492.48
1678842258168 276.89 705.62 -490.76
1678842258171 292.97 685.97 -506.25
1678842258176 296.54 675.25 -482.15
1678842258183 296.54 675.25 -482.15
1678842258191 301.90 691.33 -514.86
1678842258194 289.39 696.69 -495.92
1678842258205 285.82 689.54 -478.70
1678842258216 285.82 689.54 -478.70
1678842258216 296.54 689.54 -495.92
1678842258230 296.54 689.54 -495.92
1678842258234 287.61 698.48 -504.53
1678842258252 282.25 682.40 -495.92
1678842258256 282.25 682.40 -495.92
1678842258258 294.75 694.90 -480.43
1678842258269 294.75 694.90 -480.43
1678842258274 301.90 680.61 -494.20
1678842258284 301.90 680.61 -494.20
1678842258289 291.18 698.48 -476.98
1678842258293 291.18 698.48 -476.98
1678842258314 289.39 710.98 -495.92
1678842258319 300.11 685.97 -482.15
1678842258323 300.11 685.97 -482.15
1678842258328 294.75 698.48 -483.87
1678842258334 294.75 698.48 -483.87
1678842258348 284.03 680.61 -473.54
1678842258358 296.54 707.41 -495.92
1678842258364 296.54 707.41 -495.92
1678842258374 303.68 689.54 -482.15
1678842258384 298.33 691.33 -476.98
1678842258395 300.11 693.12 -492.48
1678842258398 300.11 693.12 -492.48
1678842258412 300.11 678.83 -482.15
1678842258420 285.82 682.40 -475.26
1678842258436 285.82 689.54 -492.48
1678842258436 276.89 709.19 -490.76
1678842258445 276.89 709.19 -490.76
1678842258456 276.89 709.19 -490.76
1678842258461 296.54 693.12 -482.15
1678842258467 296.54 693.12 -482.15
1678842258477 294.75 687.76 -480.43
1678842258484 291.18 677.04 -476.98
1678842258494 285.82 685.97 -482.15
1678842258494 285.82 685.97 -482.15
1678842258511 285.82 682.40 -478.70
1678842258534 275.10 671.68 -475.26
1678842258534 275.10 671.68 -475.26
1678842258539 289.39 685.97 -485.59
1678842258549 289.39 685.97 -485.59
1678842258556 289.39 685.97 -485.59
1678842260566 269.74 687.76 -466.65
1678842260566 269.74 687.76 -466.65
1678842260566 276.89 687.76 -463.21
1678842260566 276.89 687.76 -463.21
1678842260566 276.89 687.76 -463.21
1678842260566 278.68 664.53 -492.48
1678842260566 278.68 664.53 -492.48
1678842260566 289.39 664.53 -475.26
1678842260678 285.82 671.68 -475.26
1678842260679 366.21 837.81 -442.54
1678842260679 366.21 837.81 -442.54
1678842260680 355.49 848.53 -449.43
1678842260680 355.49 848.53 -449.43
1678842260680 366.21 834.24 -432.21
1678842260680 366.21 834.24 -432.21
1678842260682 359.06 837.81 -442.54
1678842260689 359.06 837.81 -442.54
1678842260691 360.85 846.75 -451.15
1678842260700 360.85 846.75 -451.15
1678842260705 357.28 846.75 -433.93
1678842260711 357.28 846.75 -433.93
1678842260725 373.35 841.39 -414.99
1678842260734 359.06 848.53 -439.10
1678842260740 366.21 837.81 -435.65
1678842260745 369.78 837.81 -432.21
1678842260762 369.78 837.81 -432.21
1678842260767 369.78 837.81 -432.21
1678842260774 369.78 837.81 -432.21
1678842260780 373.35 844.96 -432.21
1678842260786 371.57 861.04 -433.93
1678842260792 371.57 861.04 -433.93
1678842260807 360.85 850.32 -433.93
1678842260816 380.50 852.10 -435.65
1678842260820 380.50 852.10 -435.65
1678842260837 378.71 850.32 -430.49
1678842260848 384.07 852.10 -428.77
1678842260853 384.07 852.10 -428.77
1678842260856 375.14 864.61 -433.93
1678842260865 369.78 837.81 -432.21
1678842260881 369.78 837.81 -432.21
1678842260885 384.07 841.39 -428.77
1678842260896 366.21 844.96 -432.21
1678842260900 366.21 844.96 -432.21
1678842260913 376.93 844.96 -428.77
1678842260916 371.57 846.75 -433.93
1678842260922 371.57 846.75 -433.93
1678842260930 369.78 852.10 -445.99
1678842260940 373.35 848.53 -435.65
1678842260947 391.22 855.68 -432.21
1678842260955 384.07 855.68 -432.21
1678842260960 384.07 855.68 -432.21
1678842260970 360.85 857.46 -440.82
1678842260977 373.35 855.68 -445.99
1678842260986 373.35 852.10 -432.21
1678842260995 364.42 853.89 -444.26
1678842261001 364.42 853.89 -444.26
1678842261005 378.71 846.75 -433.93
1678842261025 375.14 843.17 -430.49
1678842261025 376.93 866.40 -452.87
1678842261035 389.43 853.89 -437.38
1678842261045 371.57 846.75 -430.49
1678842261057 385.86 868.18 -444.26
1678842261060 385.86 868.18 -444.26
1678842261066 376.93 852.10 -445.99
1678842261076 376.93 855.68 -445.99
