# Created at Tue Mar 14 18:04:06 MST 2023
1678842247207 -0.234588 -0.036370 -0.593491 -0.569323 0.563873 0.494797 0.336295
1678842247226 -0.233527 -0.036029 -0.593062 -0.569655 0.563802 0.494551 0.336214
1678842247257 -0.232268 -0.035458 -0.592633 -0.569415 0.564756 0.493758 0.336183
1678842247309 -0.231436 -0.034715 -0.593327 -0.569426 0.564683 0.494476 0.335232
1678842247338 -0.230424 -0.035164 -0.592332 -0.569353 0.561837 0.497529 0.335621
1678842247384 -0.229598 -0.034693 -0.591518 -0.569708 0.561729 0.496862 0.336186
1678842247408 -0.228238 -0.035064 -0.590907 -0.571170 0.561044 0.496774 0.334978
1678842247439 -0.227337 -0.034531 -0.589902 -0.570683 0.560358 0.498211 0.334822
1678842247470 -0.226571 -0.033554 -0.589207 -0.569869 0.561834 0.497359 0.335001
1678842247513 -0.226115 -0.033297 -0.588336 -0.570580 0.561466 0.497497 0.334202
1678842247548 -0.226035 -0.033395 -0.587627 -0.570308 0.560456 0.498412 0.334999
1678842247602 -0.226101 -0.033336 -0.587069 -0.570650 0.560476 0.497590 0.335603
1678842247615 -0.225637 -0.033519 -0.585498 -0.570865 0.560319 0.497728 0.335295
1678842247662 -0.224247 -0.034447 -0.582720 -0.565994 0.562342 0.498782 0.338583
1678842247705 -0.223050 -0.034845 -0.580897 -0.563468 0.564310 0.498653 0.339710
1678842247737 -0.221235 -0.036319 -0.578767 -0.560951 0.564552 0.500763 0.340369
1678842247816 -0.216220 -0.037430 -0.573561 -0.557148 0.565777 0.503013 0.341263
1678842247838 -0.212596 -0.037293 -0.570644 -0.556374 0.566760 0.503166 0.340668
1678842247865 -0.208579 -0.037807 -0.567345 -0.555170 0.567691 0.503002 0.341325
1678842247910 -0.204308 -0.038918 -0.563493 -0.554831 0.567121 0.503429 0.342193
1678842247936 -0.199151 -0.039930 -0.560462 -0.554608 0.565726 0.503964 0.344069
1678842247976 -0.194071 -0.041112 -0.555755 -0.554335 0.564725 0.503986 0.346115
1678842248021 -0.188266 -0.042791 -0.550802 -0.553973 0.564097 0.503668 0.348177
1678842248052 -0.181985 -0.043131 -0.545054 -0.552523 0.565203 0.502197 0.350802
1678842248082 -0.175538 -0.043307 -0.538807 -0.553168 0.564896 0.501522 0.351245
1678842248116 -0.169585 -0.043256 -0.532105 -0.554165 0.564106 0.500293 0.352694
1678842248150 -0.163102 -0.042464 -0.525412 -0.556383 0.563674 0.497278 0.354153
1678842248198 -0.148336 -0.040044 -0.510868 -0.562098 0.562807 0.492917 0.352600
1678842248245 -0.140553 -0.038105 -0.502587 -0.564373 0.562143 0.491139 0.352508
1678842248282 -0.132185 -0.036745 -0.494431 -0.566472 0.561044 0.490463 0.351831
1678842248306 -0.123447 -0.035139 -0.486072 -0.568554 0.560157 0.489827 0.350771
1678842248356 -0.115048 -0.033376 -0.477718 -0.571404 0.559766 0.487775 0.349621
1678842248382 -0.106203 -0.032518 -0.469391 -0.575186 0.558212 0.486260 0.348010
1678842248430 -0.089462 -0.033949 -0.451612 -0.579400 0.554770 0.484886 0.348442
1678842248470 -0.082252 -0.034879 -0.441973 -0.580948 0.551736 0.486562 0.348345
1678842248507 -0.075119 -0.036677 -0.431006 -0.580522 0.548379 0.490773 0.348449
1678842248548 -0.066659 -0.037892 -0.418447 -0.577664 0.547974 0.493934 0.349369
1678842248587 -0.059563 -0.036619 -0.406100 -0.574941 0.552196 0.492224 0.349626
1678842248620 -0.053317 -0.035585 -0.392755 -0.573680 0.555582 0.490106 0.349309
1678842248667 -0.042477 -0.037431 -0.362831 -0.574570 0.554389 0.490835 0.348718
1678842248715 -0.038476 -0.038687 -0.346714 -0.575390 0.554567 0.490363 0.347744
1678842248782 -0.028653 -0.042031 -0.309721 -0.574521 0.556069 0.492839 0.343252
1678842248815 -0.025508 -0.043718 -0.290252 -0.572463 0.557549 0.494720 0.341581
1678842248870 -0.022654 -0.046464 -0.249225 -0.567889 0.561617 0.499080 0.336166
1678842248904 -0.021042 -0.047423 -0.226967 -0.564920 0.564870 0.499996 0.334353
1678842248935 -0.020314 -0.048148 -0.203963 -0.564195 0.567223 0.500063 0.331479
1678842248984 -0.020140 -0.047968 -0.180327 -0.564430 0.568670 0.500155 0.328448
1678842249037 -0.019078 -0.045963 -0.131517 -0.555451 0.576475 0.503793 0.324566
1678842249063 -0.018584 -0.043448 -0.108135 -0.552359 0.578717 0.507675 0.319769
1678842249118 -0.015308 -0.042016 -0.083743 -0.546818 0.582210 0.509606 0.319880
1678842249147 -0.014604 -0.037929 -0.063532 -0.541653 0.587756 0.508690 0.319983
1678842249182 -0.013160 -0.034476 -0.042049 -0.541640 0.592008 0.505861 0.316634
1678842249250 -0.010040 -0.029602 -0.007809 -0.539332 0.598803 0.505152 0.308831
1678842249271 -0.006704 -0.029216 0.007653 -0.532959 0.602070 0.508989 0.307241
1678842249306 -0.004913 -0.027784 0.014827 -0.529654 0.605128 0.510703 0.304087
1678842249388 0.002819 -0.028906 0.037970 -0.523584 0.605349 0.518762 0.300497
1678842249414 0.007934 -0.031973 0.049811 -0.519235 0.604073 0.525214 0.299400
1678842249453 0.013035 -0.034568 0.060999 -0.517087 0.603409 0.528841 0.298069
1678842249497 0.025737 -0.039392 0.082472 -0.511874 0.604986 0.533502 0.295553
1678842249545 0.031627 -0.042296 0.093919 -0.506815 0.605045 0.537017 0.297777
1678842249580 0.037662 -0.045632 0.103913 -0.505706 0.603902 0.538460 0.299373
1678842249614 0.042268 -0.046728 0.115885 -0.507019 0.602753 0.537704 0.300823
1678842249649 0.047351 -0.046715 0.128540 -0.509049 0.603307 0.534812 0.301440
1678842249705 0.061507 -0.046211 0.157517 -0.505761 0.607274 0.533440 0.301440
1678842249737 0.070296 -0.047798 0.171823 -0.500782 0.610089 0.534097 0.302902
1678842249780 0.077895 -0.050358 0.185972 -0.500859 0.605700 0.537493 0.305562
1678842249819 0.084507 -0.054577 0.200328 -0.501375 0.596935 0.543204 0.311802
1678842249860 0.090911 -0.056803 0.214135 -0.503382 0.593837 0.542914 0.314975
1678842249894 0.104602 -0.057616 0.241348 -0.511577 0.585139 0.544287 0.315679
1678842249945 0.111392 -0.056033 0.254442 -0.515849 0.586617 0.538479 0.315943
1678842250004 0.122940 -0.057891 0.281681 -0.529790 0.580490 0.535090 0.309891
1678842250037 0.128383 -0.061106 0.297986 -0.529974 0.575352 0.539320 0.311820
1678842250081 0.133724 -0.063946 0.315740 -0.526756 0.571246 0.545500 0.314064
1678842250114 0.138259 -0.063832 0.333776 -0.524928 0.571830 0.545956 0.315267
1678842250147 0.142068 -0.061787 0.352133 -0.526234 0.576764 0.540063 0.314251
1678842250201 0.152240 -0.063703 0.394037 -0.520123 0.583217 0.540555 0.311659
1678842250233 0.158473 -0.067445 0.415605 -0.506589 0.588251 0.546278 0.314498
1678842250268 0.165863 -0.070918 0.436819 -0.494950 0.594657 0.551317 0.312180
1678842250313 0.173808 -0.073063 0.458056 -0.493647 0.599872 0.550827 0.305052
1678842250363 0.183070 -0.074442 0.480049 -0.501701 0.600453 0.550247 0.291515
1678842250410 0.210021 -0.077390 0.529347 -0.491420 0.610149 0.560644 0.268148
1678842250447 0.224711 -0.080332 0.557783 -0.476259 0.616067 0.571444 0.259018
1678842250490 0.236409 -0.081641 0.587028 -0.463021 0.622890 0.578148 0.251725
1678842250536 0.246152 -0.081473 0.650016 -0.449116 0.624930 0.585117 0.255725
1678842250567 0.244565 -0.078471 0.682210 -0.461098 0.615768 0.586304 0.253901
1678842250604 0.241324 -0.073612 0.714038 -0.474918 0.614371 0.577279 0.252488
1678842250653 0.239565 -0.068057 0.745113 -0.472027 0.623252 0.564871 0.263947
1678842250701 0.239949 -0.064374 0.810517 -0.457746 0.628583 0.564333 0.277272
1678842250738 0.239843 -0.063399 0.841473 -0.464735 0.626476 0.563992 0.271039
1678842250778 0.242084 -0.065513 0.873579 -0.467271 0.623274 0.566602 0.268606
1678842250826 0.243995 -0.067611 0.904532 -0.465099 0.622632 0.569196 0.268380
1678842250865 0.251186 -0.072680 0.964583 -0.464480 0.627696 0.567876 0.260333
1678842250903 0.255635 -0.076523 0.994464 -0.467447 0.627031 0.568219 0.255838
1678842250945 0.260531 -0.080948 1.025045 -0.470206 0.628480 0.563963 0.256642
1678842250975 0.270897 -0.085531 1.056635 -0.471481 0.631397 0.557962 0.260235
1678842251019 0.278367 -0.090407 1.088223 -0.473777 0.633147 0.552107 0.264269
1678842251108 0.296354 -0.097678 1.153471 -0.479839 0.630594 0.543039 0.277874
1678842251120 0.305438 -0.099932 1.185711 -0.485110 0.629972 0.534614 0.286343
1678842251150 0.314657 -0.101363 1.218770 -0.489736 0.624683 0.531552 0.295604
1678842251196 0.335051 -0.102943 1.285969 -0.507696 0.605285 0.528317 0.311057
1678842251237 0.343435 -0.096490 1.316540 -0.518189 0.605458 0.514469 0.316579
1678842251273 0.350227 -0.091631 1.348273 -0.526186 0.600169 0.508514 0.323015
1678842251337 0.357092 -0.090179 1.380143 -0.534773 0.587173 0.511485 0.328070
1678842251358 0.370436 -0.083439 1.440579 -0.550729 0.579055 0.500606 0.332846
1678842251404 0.373502 -0.074765 1.470561 -0.559106 0.578144 0.492286 0.332871
1678842251446 0.380021 -0.074346 1.501067 -0.564815 0.576681 0.487313 0.333090
1678842251491 0.395639 -0.077682 1.563645 -0.564718 0.576670 0.487376 0.333181
1678842251535 0.403349 -0.081904 1.596722 -0.563873 0.576255 0.488681 0.333419
1678842251569 0.410344 -0.084547 1.627513 -0.565922 0.575403 0.489589 0.330071
1678842251614 0.417797 -0.087577 1.661246 -0.567729 0.575499 0.490124 0.325980
1678842251658 0.425503 -0.089613 1.695338 -0.567481 0.576006 0.492423 0.322028
1678842251714 0.439856 -0.086843 1.764770 -0.562045 0.583789 0.493059 0.316527
1678842251770 0.457973 -0.083177 1.833356 -0.548386 0.584022 0.513330 0.307708
1678842251826 0.469071 -0.079125 1.863479 -0.538331 0.590663 0.516882 0.306837
1678842251854 0.478217 -0.071788 1.893754 -0.535102 0.599861 0.511452 0.303727
1678842251892 0.488305 -0.069561 1.914501 -0.533825 0.603181 0.513148 0.296450
1678842251929 0.499099 -0.066920 1.944328 -0.527353 0.604586 0.520645 0.292067
1678842251972 0.524578 -0.066981 2.002643 -0.515840 0.615702 0.523965 0.283337
1678842252006 0.536432 -0.067445 2.031354 -0.513448 0.619406 0.525045 0.277553
1678842252050 0.549228 -0.069808 2.060596 -0.509582 0.623985 0.525286 0.273941
1678842252095 0.575691 -0.079351 2.115851 -0.505517 0.629723 0.527369 0.264165
1678842252150 0.591392 -0.084434 2.147141 -0.502952 0.632862 0.528005 0.260262
1678842252179 0.606025 -0.087392 2.182790 -0.502380 0.635106 0.527199 0.257519
1678842252228 0.635555 -0.092713 2.246988 -0.504315 0.637238 0.521447 0.260167
1678842252267 0.649617 -0.092206 2.279004 -0.508297 0.639555 0.513197 0.263121
1678842252300 0.661330 -0.088974 2.317146 -0.511768 0.637023 0.510895 0.266985
1678842252344 0.675198 -0.087122 2.350358 -0.513180 0.631421 0.514468 0.270695
1678842252385 0.688160 -0.082790 2.382090 -0.517252 0.629959 0.509559 0.275591
1678842252429 0.699376 -0.075437 2.413455 -0.525759 0.628120 0.501638 0.278213
1678842252466 0.718519 -0.070502 2.476841 -0.541293 0.604832 0.510848 0.283223
1678842252506 0.727408 -0.067072 2.505863 -0.547639 0.602653 0.504870 0.286367
1678842252539 0.734955 -0.061455 2.534386 -0.558187 0.602391 0.494066 0.285395
1678842252588 0.746496 -0.054571 2.567925 -0.566904 0.600540 0.488338 0.281951
1678842252630 0.765061 -0.054965 2.629182 -0.564252 0.604683 0.485474 0.283362
1678842252688 0.775557 -0.055042 2.666600 -0.562701 0.606508 0.484386 0.284404
1678842252707 0.783766 -0.057914 2.698120 -0.564669 0.607249 0.482364 0.282353
1678842252772 0.800946 -0.064128 2.762495 -0.564663 0.612734 0.477621 0.278550
1678842252814 0.811794 -0.063411 2.802311 -0.563057 0.611210 0.481911 0.277762
1678842252867 0.821066 -0.066310 2.835321 -0.560302 0.611055 0.485035 0.278232
1678842252908 0.842141 -0.069560 2.898838 -0.544839 0.609552 0.503294 0.279808
1678842252972 0.864410 -0.064507 2.959126 -0.523696 0.618164 0.510990 0.287237
1678842253023 0.877389 -0.057914 2.991452 -0.523151 0.622382 0.509267 0.282136
1678842253044 0.888305 -0.055937 3.020451 -0.519797 0.623597 0.514076 0.276883
1678842253102 0.912330 -0.055391 3.077347 -0.501385 0.627916 0.530368 0.270267
1678842253131 0.921446 -0.053536 3.100324 -0.495909 0.633749 0.531815 0.263836
1678842253179 0.933817 -0.053171 3.127101 -0.491688 0.639668 0.531836 0.257328
1678842253209 0.946191 -0.057764 3.161686 -0.487601 0.644455 0.532075 0.252626
1678842253263 0.973659 -0.067242 3.220762 -0.479808 0.650409 0.534848 0.246353
1678842253307 0.987365 -0.070567 3.246335 -0.475678 0.652059 0.536115 0.247243
1678842253343 1.001287 -0.076387 3.278061 -0.474211 0.652736 0.536010 0.248501
1678842253410 1.030084 -0.082167 3.338225 -0.480696 0.649417 0.534521 0.247945
1678842253432 1.044218 -0.081770 3.370351 -0.482424 0.649812 0.530837 0.251442
1678842253473 1.059412 -0.079201 3.402880 -0.480398 0.650490 0.530165 0.254963
1678842253509 1.079281 -0.071857 3.434703 -0.479618 0.651671 0.528571 0.256719
1678842253544 1.093804 -0.064923 3.465607 -0.483537 0.655092 0.520110 0.257936
1678842253602 1.116373 -0.060051 3.524210 -0.498982 0.646673 0.514304 0.261385
1678842253634 1.128262 -0.060498 3.558368 -0.502984 0.629928 0.529119 0.265010
1678842253673 1.140671 -0.057487 3.590855 -0.503341 0.624475 0.534153 0.267132
1678842253707 1.156776 -0.050281 3.625828 -0.509851 0.626608 0.528142 0.261688
1678842253738 1.167872 -0.044598 3.656121 -0.518391 0.629743 0.518964 0.255677
1678842253814 1.190666 -0.042975 3.720289 -0.520554 0.631483 0.515178 0.254644
1678842253834 1.202728 -0.044503 3.752458 -0.521690 0.632908 0.513157 0.252856
1678842253879 1.212612 -0.046080 3.782206 -0.524495 0.633824 0.511603 0.247860
1678842253912 1.225005 -0.047713 3.814287 -0.525887 0.635707 0.510188 0.242955
1678842253972 1.249648 -0.049945 3.877431 -0.526600 0.638172 0.510533 0.234063
1678842254005 1.261519 -0.049736 3.909154 -0.525006 0.639369 0.512404 0.230256
1678842254025 1.275341 -0.049802 3.940303 -0.515167 0.640527 0.520699 0.230653
1678842254083 1.293971 -0.052183 3.977407 -0.501635 0.641939 0.530613 0.233935
1678842254118 1.308072 -0.048328 4.005516 -0.495828 0.645203 0.532012 0.234160
1678842254174 1.339283 -0.040160 4.058688 -0.490289 0.651009 0.533913 0.225260
1678842254233 1.356392 -0.040605 4.080950 -0.477857 0.654052 0.542206 0.223340
1678842254275 1.376318 -0.040665 4.105881 -0.466774 0.658771 0.548237 0.218128
1678842254305 1.422605 -0.048969 4.170964 -0.451476 0.666167 0.557320 0.204414
1678842254377 1.469052 -0.060616 4.225636 -0.439835 0.671687 0.564617 0.191282
1678842254399 1.492474 -0.067296 4.250624 -0.437727 0.672996 0.566851 0.184802
1678842254449 1.516732 -0.073923 4.275910 -0.434694 0.675518 0.567497 0.180728
1678842254470 1.541653 -0.080609 4.302093 -0.430311 0.676564 0.569748 0.180224
1678842254513 1.562616 -0.085758 4.322824 -0.429300 0.675276 0.571639 0.181472
1678842254567 1.613466 -0.089387 4.377906 -0.427472 0.667454 0.581365 0.183813
1678842254601 1.638459 -0.082683 4.402143 -0.425267 0.661234 0.590177 0.183324
1678842254629 1.662374 -0.073973 4.427175 -0.430676 0.662095 0.585354 0.183055
1678842254683 1.684824 -0.063769 4.451382 -0.442833 0.665757 0.572515 0.181366
1678842254707 1.704820 -0.060700 4.474507 -0.453115 0.662517 0.568688 0.179869
1678842254777 1.749409 -0.056795 4.530420 -0.459835 0.643089 0.583351 0.186253
1678842254807 1.769053 -0.051267 4.557553 -0.465519 0.642732 0.580274 0.182947
1678842254833 1.789458 -0.046972 4.583744 -0.472397 0.645108 0.573680 0.177674
1678842254882 1.809844 -0.045239 4.610496 -0.476109 0.647830 0.568478 0.174554
1678842254924 1.853817 -0.050720 4.665701 -0.471233 0.650940 0.570652 0.169034
1678842254975 1.875072 -0.056632 4.694110 -0.468269 0.652050 0.572032 0.168329
1678842255014 1.896166 -0.063084 4.722579 -0.466953 0.652208 0.573639 0.165887
1678842255055 1.915581 -0.065922 4.750002 -0.464875 0.651164 0.577482 0.162455
1678842255097 1.959389 -0.075287 4.806923 -0.452615 0.650561 0.588303 0.160655
1678842255140 1.977719 -0.074181 4.830197 -0.442457 0.649690 0.597900 0.157005
1678842255173 2.000336 -0.071845 4.856479 -0.432466 0.650614 0.605383 0.152270
1678842255232 2.022366 -0.071322 4.875767 -0.422923 0.657545 0.605285 0.149668
1678842255267 2.044461 -0.065585 4.898857 -0.415545 0.665394 0.602801 0.145619
1678842255306 2.090117 -0.059695 4.943811 -0.400572 0.664122 0.616750 0.134548
1678842255341 2.108019 -0.061855 4.958209 -0.391401 0.669466 0.618339 0.127579
1678842255386 2.132433 -0.059918 4.976904 -0.384453 0.675173 0.618466 0.117631
1678842255444 2.183383 -0.061390 5.007610 -0.368910 0.680823 0.624764 0.100278
1678842255491 2.237012 -0.070789 5.044306 -0.358592 0.681545 0.631903 0.087214
1678842255539 2.262988 -0.074284 5.062801 -0.358754 0.680632 0.633631 0.080911
1678842255570 2.290387 -0.077472 5.081468 -0.358298 0.680657 0.634281 0.077568
1678842255607 2.318236 -0.079365 5.100244 -0.358624 0.679695 0.635369 0.075564
1678842255644 2.358598 -0.085717 5.131175 -0.362757 0.679015 0.634107 0.072489
1678842255688 2.416787 -0.082689 5.170755 -0.361704 0.676989 0.636819 0.072922
1678842255728 2.445612 -0.081553 5.189782 -0.358367 0.676228 0.638807 0.078824
1678842255767 2.472748 -0.076970 5.209327 -0.363315 0.679051 0.632874 0.079762
1678842255813 2.499984 -0.069267 5.231191 -0.369984 0.674305 0.634106 0.079587
1678842255841 2.524681 -0.068657 5.254014 -0.373317 0.662989 0.642724 0.089359
1678842255910 2.569658 -0.059144 5.296501 -0.392105 0.654907 0.638943 0.095400
1678842255937 2.600851 -0.054023 5.318017 -0.404580 0.655878 0.630825 0.090548
1678842255965 2.624624 -0.051247 5.338145 -0.411185 0.656510 0.626236 0.088034
1678842256020 2.654555 -0.050234 5.361248 -0.409538 0.657309 0.626798 0.085717
1678842256086 2.707554 -0.055575 5.402823 -0.405271 0.657186 0.630539 0.079261
1678842256125 2.764848 -0.059460 5.442042 -0.408023 0.658786 0.628654 0.065669
1678842256170 2.791284 -0.062062 5.461057 -0.407807 0.656964 0.631274 0.059872
1678842256192 2.817902 -0.064075 5.479479 -0.406118 0.655863 0.633931 0.055167
1678842256249 2.844797 -0.066996 5.495728 -0.397513 0.652980 0.642715 0.050180
1678842256270 2.873178 -0.066619 5.512464 -0.379992 0.652570 0.653919 0.046360
1678842256325 2.901740 -0.065292 5.523201 -0.365985 0.658225 0.656582 0.041166
1678842256364 2.949246 -0.051802 5.548673 -0.358124 0.669496 0.650301 0.025100
1678842256402 2.974033 -0.047995 5.559947 -0.346039 0.671997 0.654397 0.020996
1678842256438 2.989345 -0.043899 5.559149 -0.334866 0.676484 0.655758 0.014659
1678842256468 3.014275 -0.041405 5.567271 -0.326643 0.679223 0.657221 0.004571
1678842256509 3.033405 -0.041497 5.572716 -0.318237 0.679620 0.660921 -0.005065
1678842256557 3.059525 -0.042033 5.579350 -0.308724 0.682032 0.662815 -0.014065
1678842256578 3.086124 -0.043496 5.585215 -0.301201 0.684183 0.663748 -0.024695
1678842256632 3.113926 -0.047229 5.597679 -0.295384 0.684546 0.665537 -0.034726
1678842256672 3.168681 -0.055221 5.607512 -0.280188 0.684641 0.670947 -0.050905
1678842256703 3.194803 -0.057820 5.611024 -0.276340 0.685918 0.670538 -0.059414
1678842256736 3.229219 -0.063651 5.621896 -0.271919 0.686779 0.670807 -0.066429
1678842256787 3.254926 -0.064483 5.623734 -0.260915 0.683368 0.677900 -0.073360
1678842256818 3.285756 -0.063336 5.625957 -0.246887 0.681613 0.683774 -0.083087
1678842256869 3.325797 -0.055358 5.621350 -0.237948 0.684299 0.680772 -0.108000
1678842256915 3.339617 -0.059959 5.616385 -0.223655 0.672003 0.696383 -0.115936
1678842256970 3.370157 -0.053029 5.603555 -0.188232 0.668476 0.704709 -0.145235
1678842256996 3.380955 -0.047801 5.594893 -0.174154 0.666829 0.705349 -0.165808
1678842257024 3.397069 -0.041450 5.585257 -0.159975 0.661761 0.707848 -0.188231
1678842257074 3.405672 -0.040009 5.573948 -0.138578 0.655342 0.711902 -0.210995
1678842257122 3.422791 -0.043007 5.563497 -0.108388 0.647250 0.717469 -0.233574
1678842257148 3.428009 -0.044662 5.549297 -0.077281 0.638832 0.720884 -0.257386
1678842257207 3.430347 -0.046500 5.534975 -0.047444 0.628457 0.723121 -0.282643
1678842257237 3.434578 -0.049398 5.511116 0.011619 0.600126 0.727232 -0.332938
1678842257316 3.436106 -0.046180 5.487038 0.083062 0.571804 0.723879 -0.377014
1678842257334 3.428218 -0.050435 5.475362 0.118265 0.560460 0.717299 -0.396712
1678842257371 3.417919 -0.055328 5.463822 0.157554 0.546538 0.710917 -0.413605
1678842257416 3.404202 -0.057356 5.453910 0.194138 0.534108 0.702002 -0.429223
1678842257435 3.388198 -0.059744 5.445499 0.221586 0.522624 0.692924 -0.444544
1678842257498 3.352473 -0.065718 5.430467 0.270181 0.489337 0.684590 -0.467854
1678842257529 3.332921 -0.072447 5.422810 0.295854 0.471363 0.679431 -0.478184
1678842257574 3.312081 -0.075822 5.413486 0.322648 0.454079 0.670883 -0.489516
1678842257607 3.290641 -0.078541 5.404296 0.349655 0.438008 0.659073 -0.501510
1678842257637 3.268578 -0.080391 5.394810 0.372999 0.422897 0.646299 -0.514128
1678842257693 3.225974 -0.083253 5.376676 0.407278 0.389859 0.628578 -0.535746
1678842257728 3.203197 -0.084603 5.365812 0.423735 0.375686 0.618400 -0.544876
1678842257769 3.181345 -0.086530 5.355181 0.437308 0.362318 0.607636 -0.555216
1678842257806 3.161037 -0.092498 5.346727 0.449086 0.348064 0.598150 -0.565146
1678842257839 3.138259 -0.094593 5.334742 0.460705 0.334462 0.587908 -0.574675
1678842257899 3.115037 -0.096291 5.322326 0.470981 0.321316 0.578088 -0.583736
1678842257933 3.069573 -0.095172 5.295875 0.483537 0.291583 0.568550 -0.598266
1678842257969 3.046474 -0.094212 5.282727 0.492775 0.276891 0.562465 -0.603437
1678842258002 3.022811 -0.092263 5.269623 0.502489 0.266395 0.550747 -0.610914
1678842258039 3.005459 -0.089670 5.257942 0.509634 0.258990 0.539081 -0.618537
1678842258090 2.984773 -0.086022 5.246247 0.513599 0.248570 0.533323 -0.624496
1678842258125 2.947764 -0.085165 5.223951 0.522046 0.232922 0.530852 -0.625629
1678842258164 2.932882 -0.086765 5.212695 0.532591 0.229336 0.528489 -0.620041
1678842258201 2.918679 -0.086769 5.202839 0.539565 0.223492 0.524067 -0.619899
1678842258246 2.901790 -0.086744 5.194998 0.544617 0.216271 0.516714 -0.624200
1678842258275 2.889419 -0.085070 5.187252 0.548380 0.209983 0.509321 -0.629109
1678842258317 2.878178 -0.085489 5.182405 0.550876 0.204154 0.502995 -0.633919
1678842258361 2.860618 -0.087368 5.168912 0.560581 0.196084 0.490073 -0.638066
1678842258401 2.854641 -0.089231 5.162498 0.564131 0.193013 0.487495 -0.637848
1678842258463 2.849428 -0.090461 5.154109 0.566119 0.189924 0.484640 -0.639188
1678842258473 2.845593 -0.092527 5.146847 0.569686 0.189089 0.480174 -0.639637
1678842258516 2.839312 -0.095305 5.138145 0.570603 0.189544 0.477172 -0.640930
1678842258556 2.839543 -0.099145 5.117684 0.573377 0.191697 0.476798 -0.638087
1678842258616 2.842242 -0.098853 5.102397 0.572936 0.193592 0.477035 -0.637733
1678842258636 2.846225 -0.098579 5.088251 0.571797 0.195923 0.480852 -0.635173
1678842258676 2.852023 -0.097080 5.072588 0.569575 0.197565 0.487707 -0.631423
1678842258706 2.861251 -0.091839 5.056799 0.564027 0.200889 0.495391 -0.629369
1678842258766 2.879054 -0.084836 5.018807 0.551539 0.207113 0.512676 -0.624557
1678842258803 2.888951 -0.081691 4.997339 0.546686 0.211644 0.520377 -0.620926
1678842258835 2.900671 -0.077659 4.974795 0.538345 0.215913 0.528519 -0.619866
1678842258872 2.911808 -0.073765 4.951161 0.529978 0.216467 0.537900 -0.618812
1678842258915 2.923813 -0.070944 4.926217 0.522476 0.217785 0.547910 -0.615940
1678842258960 2.937103 -0.069232 4.900608 0.513668 0.223054 0.556836 -0.613454
1678842258989 2.950289 -0.069661 4.873640 0.516931 0.226687 0.561347 -0.605215
1678842259030 2.981539 -0.066434 4.823612 0.496438 0.243135 0.572548 -0.605494
1678842259070 2.997755 -0.066254 4.798406 0.490283 0.247690 0.584557 -0.597132
1678842259114 3.017998 -0.067107 4.773612 0.486837 0.261636 0.590541 -0.588045
1678842259144 3.039201 -0.064649 4.751019 0.472641 0.278195 0.598479 -0.583987
1678842259181 3.062943 -0.061905 4.730306 0.455317 0.289555 0.611626 -0.578583
1678842259234 3.114182 -0.057530 4.687534 0.421397 0.320029 0.631610 -0.566635
1678842259269 3.140901 -0.056661 4.663807 0.411092 0.332582 0.639671 -0.557866
1678842259315 3.164790 -0.056267 4.641769 0.409210 0.342673 0.645176 -0.546690
1678842259360 3.189415 -0.053263 4.622478 0.399052 0.351302 0.647445 -0.546040
1678842259395 3.234341 -0.050839 4.580269 0.378074 0.363532 0.652921 -0.546443
1678842259444 3.256283 -0.052977 4.557797 0.371423 0.375008 0.651755 -0.544636
1678842259473 3.278213 -0.056875 4.535730 0.364179 0.384835 0.651198 -0.543338
1678842259524 3.321393 -0.067797 4.490290 0.360149 0.393197 0.654491 -0.536033
1678842259568 3.342929 -0.073115 4.467102 0.361424 0.404189 0.650846 -0.531417
1678842259600 3.361985 -0.075893 4.447147 0.359697 0.413055 0.648871 -0.528176
1678842259649 3.384265 -0.076470 4.425097 0.351909 0.420185 0.651083 -0.525068
1678842259704 3.430698 -0.075185 4.378631 0.343952 0.435395 0.651529 -0.517338
1678842259739 3.449669 -0.075275 4.357334 0.340788 0.441825 0.654898 -0.509669
1678842259776 3.474705 -0.072054 4.335567 0.332173 0.447034 0.661233 -0.502586
1678842259834 3.530296 -0.062628 4.295169 0.319550 0.456420 0.669260 -0.491589
1678842259873 3.555431 -0.059238 4.275551 0.311625 0.461415 0.675262 -0.483743
1678842259900 3.580010 -0.055822 4.256875 0.303463 0.462979 0.682242 -0.477605
1678842259943 3.605229 -0.055039 4.236629 0.295117 0.464921 0.688450 -0.472008
1678842259973 3.630397 -0.053192 4.219143 0.286999 0.469218 0.692748 -0.466439
1678842260026 3.657098 -0.052284 4.198088 0.278067 0.473235 0.695570 -0.463584
1678842260066 3.709306 -0.053676 4.163165 0.265810 0.480092 0.699371 -0.457971
1678842260107 3.735780 -0.055663 4.145457 0.261280 0.484496 0.698743 -0.456896
1678842260147 3.763739 -0.055379 4.127761 0.258038 0.484991 0.700582 -0.455395
1678842260196 3.818388 -0.061611 4.092577 0.252923 0.487373 0.703362 -0.451419
1678842260239 3.835006 -0.072674 4.082862 0.252659 0.488923 0.703401 -0.449828
1678842260269 3.861114 -0.074054 4.066853 0.246600 0.492941 0.701992 -0.451004
1678842260314 3.887212 -0.076075 4.050225 0.249279 0.497046 0.699494 -0.448903
1678842260344 3.905351 -0.087484 4.035708 0.258029 0.503458 0.693701 -0.445791
1678842260388 3.929269 -0.086993 4.018825 0.260120 0.506954 0.689953 -0.446430
1678842260409 3.952110 -0.085243 4.001779 0.258065 0.506277 0.689349 -0.449314
1678842260467 3.991130 -0.089199 3.965070 0.268343 0.511610 0.682611 -0.447536
1678842260509 4.010347 -0.088788 3.945367 0.271390 0.513375 0.679926 -0.447766
1678842260536 4.027834 -0.090936 3.921614 0.272324 0.511196 0.679237 -0.450727
1678842260587 4.044337 -0.091475 3.900864 0.274760 0.510002 0.678421 -0.451830
1678842260614 4.059801 -0.092845 3.879905 0.275893 0.512228 0.675557 -0.452910
1678842260657 4.091990 -0.094243 3.835414 0.274159 0.510662 0.676000 -0.455066
1678842260712 4.105833 -0.098555 3.811733 0.274999 0.509904 0.676414 -0.454794
1678842260739 4.123569 -0.098753 3.786103 0.273868 0.509872 0.676171 -0.455872
1678842260801 4.150324 -0.105427 3.735290 0.264863 0.507200 0.681064 -0.456890
1678842260841 4.164133 -0.107659 3.706418 0.261735 0.501621 0.686718 -0.456387
1678842260877 4.176884 -0.109256 3.678091 0.257945 0.498848 0.688974 -0.458181
1678842260937 4.189818 -0.111450 3.648932 0.262655 0.499784 0.689108 -0.454266
1678842260974 4.217490 -0.108438 3.590519 0.268708 0.504442 0.687204 -0.448425
1678842261020 4.226023 -0.105836 3.565687 0.267538 0.506283 0.687421 -0.446714
1678842261061 4.245080 -0.103866 3.517194 0.269615 0.505808 0.691665 -0.439392
1678842261090 4.253712 -0.102781 3.494365 0.271701 0.500997 0.696115 -0.436583
1678842261132 4.261228 -0.101519 3.474424 0.273175 0.497838 0.697581 -0.436936
1678842261161 4.268933 -0.100472 3.453351 0.276234 0.496647 0.696400 -0.438251
1678842261213 4.276477 -0.100357 3.432711 0.280293 0.493929 0.695201 -0.440642
1678842261263 4.289396 -0.102265 3.393547 0.291442 0.481353 0.693340 -0.450156
1678842261296 4.296335 -0.104479 3.373667 0.301504 0.475240 0.691495 -0.452855
1678842261316 4.302736 -0.106906 3.353676 0.312867 0.467187 0.688989 -0.457324
1678842261368 4.304594 -0.106006 3.340199 0.322892 0.457456 0.686640 -0.463681
1678842261413 4.310699 -0.108401 3.321502 0.335130 0.447937 0.682871 -0.469816
1678842261461 4.317638 -0.111049 3.302859 0.347760 0.438134 0.677770 -0.477210
1678842261487 4.324389 -0.112947 3.286321 0.358721 0.426352 0.673433 -0.485830
1678842261549 4.337982 -0.115280 3.253758 0.391920 0.405325 0.657595 -0.499678
1678842261579 4.343460 -0.115514 3.240698 0.411916 0.396803 0.644416 -0.507544
1678842261613 4.348300 -0.113356 3.230269 0.425163 0.390251 0.631029 -0.518404
1678842261667 4.355358 -0.109074 3.215950 0.447310 0.377713 0.608723 -0.535447
1678842261700 4.357492 -0.109169 3.209910 0.457476 0.374093 0.597609 -0.541879
1678842261730 4.359095 -0.108432 3.206522 0.467413 0.366694 0.588680 -0.548194
1678842261765 4.358405 -0.108583 3.202519 0.477811 0.356645 0.580983 -0.554039
1678842261802 4.356760 -0.108423 3.199456 0.487355 0.350291 0.570281 -0.560857
1678842261844 4.354920 -0.110023 3.198871 0.496863 0.344226 0.560336 -0.566269
1678842261880 4.352386 -0.109708 3.197325 0.505857 0.334727 0.553987 -0.570232
1678842261943 4.346018 -0.110017 3.194622 0.522935 0.319023 0.541414 -0.575877
1678842261973 4.344373 -0.108814 3.190114 0.529328 0.311845 0.536900 -0.578189
1678842262001 4.341212 -0.108970 3.188996 0.535325 0.305336 0.532832 -0.579903
1678842262032 4.337930 -0.109154 3.187678 0.540976 0.299893 0.528065 -0.581856
1678842262070 4.333921 -0.105698 3.189239 0.547438 0.293880 0.522883 -0.583558
1678842262106 4.331023 -0.105613 3.187996 0.552324 0.289049 0.518454 -0.585316
1678842262148 4.327419 -0.103503 3.189101 0.554859 0.284963 0.515692 -0.587357
1678842262178 4.325288 -0.103343 3.188046 0.558163 0.281776 0.512752 -0.588338
1678842262216 4.323628 -0.103745 3.187021 0.561964 0.280133 0.509828 -0.588045
1678842262256 4.321353 -0.104224 3.185810 0.564172 0.278524 0.508254 -0.588058
1678842262303 4.320062 -0.104709 3.184149 0.567059 0.276075 0.506088 -0.588304
1678842262340 4.319616 -0.105759 3.181906 0.568319 0.275772 0.504409 -0.588672
1678842262378 4.318607 -0.105708 3.180715 0.569275 0.275156 0.503278 -0.589005
1678842262438 4.315355 -0.107245 3.178801 0.570276 0.273784 0.502357 -0.589462
1678842262462 4.314615 -0.107232 3.177642 0.570476 0.274127 0.501952 -0.589454
1678842262494 4.313976 -0.107683 3.176482 0.571697 0.274817 0.501073 -0.588697
1678842262526 4.312982 -0.108285 3.175516 0.573261 0.275513 0.501085 -0.586837
