# Created at Tue Mar 14 18:22:07 MST 2023
1678843328143 -0.240579 -0.024435 0.874725 0.016576 0.586278 0.764765 -0.266717
1678843328159 -0.234167 -0.027854 0.858302 0.024691 0.585806 0.763989 -0.269336
1678843328203 -0.227215 -0.031870 0.839323 0.034549 0.584638 0.763261 -0.272834
1678843328250 -0.221752 -0.035374 0.816916 0.046954 0.583691 0.761681 -0.277382
1678843328276 -0.215011 -0.039904 0.792383 0.060706 0.582953 0.759756 -0.281515
1678843328363 -0.203448 -0.047997 0.737314 0.082016 0.581037 0.754645 -0.293563
1678843328384 -0.198012 -0.051087 0.706178 0.094082 0.580985 0.751530 -0.298008
1678843328434 -0.192819 -0.053160 0.673263 0.107337 0.583605 0.746606 -0.300773
1678843328478 -0.184827 -0.052212 0.604008 0.128196 0.581324 0.742737 -0.306544
1678843328533 -0.180757 -0.046852 0.569137 0.126381 0.578594 0.742047 -0.314044
1678843328570 -0.170938 -0.038292 0.499869 0.125656 0.563418 0.748805 -0.325672
1678843328640 -0.164464 -0.033781 0.467556 0.120805 0.556889 0.752858 -0.329371
1678843328679 -0.146933 -0.030189 0.407297 0.121363 0.547886 0.759194 -0.329722
1678843328795 -0.111780 -0.035183 0.326718 0.143483 0.545884 0.758042 -0.326797
1678843328810 -0.097462 -0.038483 0.303683 0.145797 0.546965 0.757655 -0.324857
1678843328852 -0.081582 -0.043098 0.281686 0.147780 0.547185 0.758033 -0.322701
1678843328911 -0.045337 -0.053122 0.240294 0.154350 0.546975 0.760485 -0.314099
1678843328975 -0.003819 -0.065805 0.196297 0.157121 0.544678 0.764489 -0.306911
1678843329034 0.019201 -0.070106 0.176088 0.156819 0.543319 0.766250 -0.305081
1678843329069 0.067359 -0.079664 0.135763 0.158755 0.536859 0.769786 -0.306609
1678843329115 0.093886 -0.078941 0.114176 0.160890 0.534911 0.768844 -0.311230
1678843329173 0.150250 -0.081355 0.068018 0.173040 0.526988 0.766264 -0.324314
1678843329226 0.179314 -0.079080 0.047741 0.174062 0.517965 0.770442 -0.328380
1678843329272 0.239007 -0.077054 0.009007 0.175000 0.520084 0.768228 -0.329716
1678843329308 0.268757 -0.076442 -0.010010 0.173858 0.519128 0.769594 -0.328642
1678843329362 0.297021 -0.074008 -0.026449 0.174299 0.517021 0.770924 -0.328610
1678843329410 0.355306 -0.071127 -0.064949 0.171591 0.520628 0.766124 -0.335496
1678843329462 0.410610 -0.068103 -0.098711 0.160805 0.520608 0.763085 -0.347578
1678843329527 0.440443 -0.071130 -0.120312 0.160311 0.521990 0.759199 -0.354181
1678843329557 0.473848 -0.078852 -0.147562 0.162954 0.523012 0.756175 -0.357917
1678843329619 0.538937 -0.095018 -0.195627 0.169059 0.519111 0.757725 -0.357484
1678843329671 0.609453 -0.108298 -0.246139 0.169779 0.520410 0.759659 -0.351093
1678843329735 0.644069 -0.113663 -0.269157 0.160644 0.527870 0.759452 -0.344643
1678843329769 0.721260 -0.109338 -0.312858 0.148020 0.526073 0.770103 -0.329059
1678843329843 0.796584 -0.093243 -0.347244 0.115278 0.540880 0.769997 -0.318219
1678843329876 0.835653 -0.086684 -0.360748 0.105123 0.536622 0.779590 -0.305329
1678843329928 0.873303 -0.079893 -0.370021 0.088021 0.537203 0.785446 -0.294516
1678843329982 0.947342 -0.070652 -0.387201 0.041615 0.541218 0.791733 -0.280196
1678843330037 1.028103 -0.077937 -0.407629 0.015746 0.540700 0.799409 -0.261419
1678843330076 1.068218 -0.082390 -0.416904 0.007723 0.542225 0.799485 -0.258372
1678843330126 1.106187 -0.087209 -0.424138 0.000843 0.544810 0.797112 -0.260370
1678843330184 1.188078 -0.095457 -0.440753 -0.002922 0.551502 0.789296 -0.269906
1678843330260 1.265729 -0.102765 -0.452537 0.015435 0.558149 0.783138 -0.273728
1678843330285 1.304209 -0.103873 -0.458615 0.028914 0.562146 0.780217 -0.272796
1678843330324 1.340354 -0.101537 -0.463396 0.034811 0.570050 0.774871 -0.270936
1678843330377 1.407741 -0.089946 -0.469573 0.016705 0.580389 0.768297 -0.269423
1678843330477 1.515667 -0.093204 -0.500574 0.014750 0.586869 0.766232 -0.261259
1678843330520 1.549121 -0.093993 -0.509889 0.012797 0.585473 0.765866 -0.265531
1678843330543 1.582924 -0.096803 -0.520302 0.013792 0.583841 0.765110 -0.271195
1678843330580 1.603775 -0.097374 -0.526355 0.016379 0.587299 0.760302 -0.277042
1678843330637 1.637482 -0.104004 -0.538119 0.018774 0.589949 0.756332 -0.282081
1678843330682 1.694843 -0.115924 -0.555402 0.019215 0.589766 0.756222 -0.282728
1678843330750 1.767463 -0.129576 -0.571360 0.011771 0.595419 0.758440 -0.264775
1678843330779 1.804725 -0.133407 -0.579288 0.002899 0.595967 0.761291 -0.255442
1678843330853 1.881071 -0.126579 -0.594641 -0.010434 0.599293 0.762899 -0.242331
1678843330895 1.915119 -0.114455 -0.600977 -0.025902 0.609614 0.755664 -0.238058
1678843330926 1.951236 -0.105468 -0.605537 -0.046863 0.615584 0.750872 -0.234629
1678843330979 2.029101 -0.099880 -0.610570 -0.065857 0.602045 0.767269 -0.210958
1678843331038 2.100347 -0.092063 -0.615996 -0.094128 0.602054 0.765313 -0.207285
1678843331088 2.136928 -0.092072 -0.619615 -0.106093 0.599781 0.765686 -0.206718
1678843331132 2.174792 -0.096064 -0.623571 -0.108684 0.597833 0.767250 -0.205210
1678843331195 2.254439 -0.110714 -0.630285 -0.103845 0.600452 0.767122 -0.200494
1678843331240 2.288987 -0.116508 -0.630915 -0.100796 0.601554 0.766135 -0.202508
1678843331298 2.326661 -0.123593 -0.632499 -0.094051 0.604978 0.763647 -0.204935
1678843331329 2.363838 -0.130171 -0.633184 -0.085338 0.609462 0.760759 -0.206202
1678843331374 2.473172 -0.141161 -0.629876 -0.055325 0.617035 0.757623 -0.205464
1678843331434 2.538839 -0.126897 -0.620569 -0.054475 0.626827 0.747908 -0.211549
1678843331493 2.575588 -0.119443 -0.617264 -0.056291 0.628658 0.746377 -0.211050
1678843331551 2.644812 -0.116078 -0.611690 -0.053892 0.630627 0.746691 -0.204593
1678843331576 2.673323 -0.114446 -0.607751 -0.058805 0.632669 0.744265 -0.205772
1678843331633 2.742682 -0.113178 -0.603320 -0.068940 0.630696 0.742824 -0.213737
1678843331687 2.776458 -0.114767 -0.603333 -0.070032 0.633739 0.739199 -0.216921
1678843331718 2.812989 -0.117635 -0.602516 -0.071473 0.637102 0.735143 -0.220359
1678843331786 2.888812 -0.125678 -0.599968 -0.070920 0.642835 0.729685 -0.222022
1678843331836 2.965056 -0.135201 -0.592829 -0.079825 0.645495 0.730762 -0.207248
1678843331882 3.005849 -0.135467 -0.588226 -0.088672 0.644217 0.733316 -0.198418
1678843331974 3.077960 -0.124631 -0.579719 -0.108724 0.650281 0.728294 -0.186820
1678843331987 3.108348 -0.119700 -0.575758 -0.125623 0.653811 0.723312 -0.183221
1678843332041 3.177795 -0.115097 -0.564628 -0.141228 0.640651 0.736817 -0.163464
1678843332097 3.212229 -0.114372 -0.561489 -0.148226 0.637554 0.739652 -0.156426
1678843332149 3.274697 -0.110137 -0.551771 -0.176532 0.635959 0.735783 -0.151712
1678843332183 3.312888 -0.109864 -0.546800 -0.184972 0.632566 0.737432 -0.147785
1678843332241 3.376919 -0.122543 -0.537939 -0.182391 0.635033 0.738064 -0.136851
1678843332295 3.405219 -0.129510 -0.532452 -0.184976 0.636964 0.736465 -0.132964
1678843332328 3.432448 -0.136349 -0.526011 -0.189138 0.634328 0.737288 -0.135130
1678843332404 3.494939 -0.147854 -0.508928 -0.189204 0.643531 0.730397 -0.128798
1678843332450 3.531971 -0.145919 -0.490719 -0.183615 0.655272 0.724119 -0.112052
1678843332515 3.543717 -0.138997 -0.479902 -0.196361 0.654995 0.722457 -0.102373
1678843332543 3.556723 -0.117918 -0.455965 -0.239753 0.654235 0.713604 -0.072557
1678843332602 3.571182 -0.113855 -0.435826 -0.294897 0.648868 0.700010 -0.044639
1678843332636 3.574518 -0.115691 -0.427061 -0.321143 0.647092 0.691062 -0.023938
1678843332695 3.575773 -0.117496 -0.416646 -0.348444 0.646325 0.678855 -0.002458
1678843332734 3.576292 -0.125086 -0.407317 -0.373266 0.644423 0.667044 0.021090
1678843332763 3.582712 -0.141479 -0.384839 -0.394110 0.627426 0.667777 0.071328
1678843332846 3.574781 -0.143089 -0.376953 -0.408120 0.630049 0.653670 0.095876
1678843332883 3.550417 -0.143315 -0.360623 -0.455715 0.622885 0.621232 0.135677
1678843332909 3.533066 -0.142978 -0.354989 -0.478253 0.615355 0.607792 0.152323
1678843332996 3.496871 -0.142079 -0.346207 -0.513513 0.607320 0.578560 0.180931
1678843333042 3.451656 -0.144078 -0.339313 -0.539275 0.600900 0.553357 0.204687
1678843333081 3.423044 -0.141456 -0.335993 -0.546217 0.599701 0.541983 0.219683
1678843333137 3.359015 -0.143968 -0.331423 -0.566167 0.592618 0.514731 0.251615
1678843333178 3.320072 -0.144491 -0.328270 -0.578811 0.589907 0.495412 0.267496
1678843333236 3.240292 -0.148143 -0.328407 -0.601454 0.579486 0.459767 0.301768
1678843333293 3.197660 -0.149608 -0.328054 -0.612433 0.573353 0.441810 0.317799
1678843333320 3.154578 -0.152389 -0.329162 -0.622339 0.569491 0.421245 0.333057
1678843333379 3.070975 -0.156614 -0.332841 0.629850 -0.572645 -0.379227 -0.362702
1678843333434 2.982741 -0.152548 -0.336306 0.621813 -0.575155 -0.345457 -0.403985
1678843333472 2.937562 -0.147982 -0.339854 0.624986 -0.573441 -0.321451 -0.420983
1678843333520 2.891550 -0.143148 -0.343974 0.629598 -0.566629 -0.299374 -0.439218
1678843333581 2.802267 -0.137371 -0.354695 0.642775 -0.531079 -0.275032 -0.478700
1678843333627 2.718155 -0.129808 -0.367363 0.656347 -0.497026 -0.232484 -0.517808
1678843333674 2.677530 -0.128600 -0.374376 0.674047 -0.476313 -0.206285 -0.525579
1678843333720 2.638241 -0.129684 -0.379992 0.689712 -0.456333 -0.180295 -0.532495
1678843333772 2.560388 -0.141232 -0.382402 0.708862 -0.419711 -0.140710 -0.549143
1678843333837 2.482725 -0.154952 -0.378462 0.720177 -0.394110 -0.114729 -0.559338
1678843333874 2.435606 -0.161889 -0.377414 0.722652 -0.386152 -0.105659 -0.563468
1678843333936 2.352272 -0.168648 -0.371827 0.718015 -0.372303 -0.089454 -0.581243
1678843333969 2.307258 -0.170125 -0.375657 0.715421 -0.365145 -0.075646 -0.590863
1678843334018 2.263891 -0.168940 -0.377981 0.716208 -0.354472 -0.059128 -0.598248
1678843334072 2.170070 -0.163927 -0.386852 0.717566 -0.326052 -0.026904 -0.614870
1678843334131 2.128268 -0.159180 -0.392541 0.716452 -0.311114 -0.005029 -0.624403
1678843334176 2.033264 -0.150616 -0.415205 0.738504 -0.263069 0.032525 -0.619959
1678843334217 1.994073 -0.145537 -0.426383 0.742395 -0.248123 0.065855 -0.618828
1678843334266 1.898316 -0.139380 -0.458149 0.750429 -0.221919 0.121419 -0.610627
1678843334312 1.858255 -0.139949 -0.472029 0.747911 -0.210867 0.140904 -0.613441
1678843334365 1.778880 -0.146937 -0.501071 0.739555 -0.193640 0.158979 -0.624730
1678843334411 1.731982 -0.149413 -0.517105 0.734640 -0.186550 0.164160 -0.631312
1678843334461 1.692719 -0.156228 -0.533281 0.732131 -0.182388 0.169635 -0.633990
1678843334509 1.624032 -0.169057 -0.565270 0.729210 -0.170671 0.169940 -0.640503
1678843334554 1.590421 -0.175290 -0.579855 0.731584 -0.164078 0.162341 -0.641489
1678843334600 1.512244 -0.180877 -0.606852 0.726990 -0.144561 0.130281 -0.658494
1678843334664 1.448924 -0.181674 -0.632229 0.722979 -0.127355 0.128658 -0.666730
1678843334706 1.426053 -0.186506 -0.638923 0.722579 -0.121214 0.131571 -0.667739
1678843334743 1.392889 -0.185563 -0.646294 0.719033 -0.120286 0.130485 -0.671935
1678843334810 1.323383 -0.174422 -0.661571 0.715179 -0.131673 0.131804 -0.673653
1678843334864 1.248312 -0.177738 -0.664222 0.710132 -0.152297 0.123545 -0.676206
1678843334904 1.183668 -0.174625 -0.676396 0.706958 -0.162351 0.118593 -0.678077
1678843334976 1.111339 -0.182279 -0.677030 0.703597 -0.177870 0.113623 -0.678530
1678843335008 1.072048 -0.191822 -0.680259 0.706551 -0.173460 0.108721 -0.677405
1678843335062 1.032960 -0.200897 -0.685108 0.711109 -0.163869 0.106646 -0.675350
1678843335101 0.953546 -0.209491 -0.695212 0.718513 -0.144253 0.104292 -0.672350
1678843335163 0.913064 -0.206148 -0.699878 0.719490 -0.135659 0.108179 -0.672479
1678843335203 0.837180 -0.193132 -0.702862 0.713634 -0.134624 0.129226 -0.675207
1678843335325 0.750944 -0.182184 -0.706880 0.719868 -0.130678 0.142419 -0.666655
1678843335341 0.669125 -0.170154 -0.706216 0.715982 -0.143505 0.169709 -0.661797
1678843335406 0.585195 -0.175559 -0.700141 0.723282 -0.150437 0.175910 -0.650606
1678843335453 0.541246 -0.181639 -0.696165 0.727439 -0.157294 0.171938 -0.645390
1678843335495 0.499583 -0.189787 -0.690412 0.732479 -0.166277 0.166204 -0.638908
1678843335539 0.410606 -0.207986 -0.682289 0.737297 -0.182397 0.137015 -0.635886
1678843335604 0.365389 -0.217566 -0.679914 0.736689 -0.185888 0.113506 -0.640196
1678843335638 0.281919 -0.229425 -0.680981 0.741384 -0.191217 0.072107 -0.639207
1678843335714 0.237294 -0.229471 -0.683779 0.747972 -0.198323 0.058221 -0.630727
1678843335738 0.165117 -0.218881 -0.687856 0.742451 -0.206759 0.046837 -0.635471
1678843335803 0.088669 -0.202833 -0.685577 0.743925 -0.215879 0.029432 -0.631748
1678843335844 0.042813 -0.188956 -0.681800 0.739788 -0.228335 0.035055 -0.631940
1678843335899 -0.030610 -0.181311 -0.668371 0.741269 -0.251434 0.039519 -0.621079
1678843335947 -0.067801 -0.180146 -0.658530 0.739131 -0.264016 0.037107 -0.618550
1678843335985 -0.106102 -0.183216 -0.648976 0.734352 -0.272298 0.035441 -0.620745
1678843336046 -0.188791 -0.192350 -0.631809 0.731043 -0.281642 0.035271 -0.620492
1678843336130 -0.273477 -0.204325 -0.613658 0.729843 -0.283005 0.026606 -0.621715
1678843336153 -0.307784 -0.209675 -0.605312 0.733056 -0.279892 0.020651 -0.619567
1678843336214 -0.370601 -0.203623 -0.588854 0.733603 -0.288033 0.035418 -0.614498
1678843336254 -0.405121 -0.198981 -0.582924 0.736208 -0.284308 0.037524 -0.612992
1678843336340 -0.489278 -0.180865 -0.564831 0.739901 -0.276273 0.037943 -0.612193
1678843336380 -0.512878 -0.175011 -0.557708 0.743881 -0.279173 0.036837 -0.606092
1678843336408 -0.535591 -0.171381 -0.548454 0.744118 -0.282457 0.022235 -0.604989
1678843336472 -0.543479 -0.170054 -0.538469 0.741909 -0.287466 -0.001212 -0.605749
1678843336536 -0.583272 -0.157561 -0.514820 0.731636 -0.326134 -0.040158 -0.597270
1678843336569 -0.599761 -0.146962 -0.487662 0.715255 -0.393956 -0.074741 -0.572383
1678843336638 -0.625225 -0.146870 -0.455542 0.706098 -0.454571 -0.124691 -0.528434
1678843336679 -0.622950 -0.153807 -0.438058 0.685141 -0.483610 -0.172045 -0.516820
1678843336739 -0.622977 -0.173628 -0.414289 0.641377 -0.523613 -0.249745 -0.502087
1678843336782 -0.618737 -0.185820 -0.408979 0.634061 -0.526587 -0.286932 -0.488204
1678843336826 -0.615408 -0.198137 -0.406185 0.621805 -0.519566 -0.325808 -0.487093
1678843336875 -0.596542 -0.211884 -0.402971 0.596153 -0.521624 -0.360217 -0.492700
1678843336928 -0.588987 -0.217172 -0.400284 0.603986 -0.520013 -0.369194 -0.477999
1678843336970 -0.567466 -0.235457 -0.384336 0.608195 -0.505542 -0.397218 -0.465556
1678843337032 -0.534508 -0.242112 -0.355929 0.572930 -0.536935 -0.423587 -0.451692
1678843337084 -0.515734 -0.244250 -0.339719 0.560878 -0.553055 -0.431081 -0.440132
1678843337134 -0.470000 -0.248971 -0.304922 -0.549932 0.576848 0.446477 0.406792
1678843337186 -0.445578 -0.255658 -0.284565 -0.546390 0.581902 0.457694 0.391618
1678843337232 -0.394984 -0.267020 -0.240945 -0.534997 0.585075 0.487860 0.365319
1678843337279 -0.367831 -0.270534 -0.217523 -0.526682 0.577463 0.508671 0.361105
1678843337331 -0.314701 -0.256379 -0.169784 -0.521490 0.580175 0.508041 0.365157
1678843337383 -0.293265 -0.248312 -0.146298 -0.535745 0.576056 0.499696 0.362548
1678843337422 -0.271533 -0.241339 -0.121182 -0.550291 0.565802 0.499251 0.357486
1678843337507 -0.206570 -0.237394 -0.031594 -0.580543 0.546493 0.509704 0.323291
1678843337545 -0.185011 -0.237198 0.001032 -0.578577 0.550678 0.513279 0.313921
1678843337602 -0.143742 -0.242241 0.069188 -0.566716 0.557522 0.529663 0.295736
1678843337640 -0.124310 -0.244650 0.103349 -0.559435 0.563712 0.536588 0.285193
1678843337702 -0.088100 -0.248217 0.169952 -0.543632 0.579091 0.545927 0.266610
1678843337740 -0.070986 -0.248533 0.202883 -0.537953 0.585173 0.549758 0.256798
1678843337802 -0.054520 -0.248534 0.235486 -0.534987 0.587432 0.554703 0.247016
1678843337846 -0.014422 -0.244394 0.302694 -0.521704 0.595020 0.568332 0.225333
1678843337906 0.005001 -0.241832 0.335728 -0.504749 0.597951 0.583901 0.216199
1678843337940 0.045881 -0.238296 0.403085 -0.490610 0.609330 0.590423 0.198541
1678843338003 0.080731 -0.234436 0.464035 -0.480598 0.611376 0.598355 0.192913
1678843338049 0.100930 -0.232895 0.493891 -0.468956 0.615230 0.603860 0.192160
1678843338098 0.121565 -0.231504 0.523029 -0.465903 0.618030 0.605790 0.184369
1678843338162 0.162134 -0.225615 0.574431 -0.464135 0.626107 0.606481 0.157317
1678843338207 0.215614 -0.231618 0.633163 -0.440421 0.641043 0.613203 0.138113
1678843338282 0.269137 -0.238562 0.696830 -0.423225 0.655718 0.612174 0.127114
1678843338318 0.294298 -0.241680 0.730653 -0.419707 0.658263 0.612069 0.126123
1678843338367 0.350490 -0.244688 0.810971 -0.420486 0.651819 0.617153 0.132085
1678843338420 0.377879 -0.244074 0.848888 -0.416525 0.645072 0.626659 0.132995
1678843338476 0.431665 -0.222568 0.917381 -0.418224 0.657960 0.611311 0.135931
1678843338513 0.455854 -0.217585 0.950383 -0.429572 0.655440 0.605541 0.138516
1678843338573 0.504931 -0.203565 1.017373 -0.456157 0.639106 0.602800 0.141763
1678843338614 0.526683 -0.201092 1.042385 -0.469683 0.637267 0.594352 0.141544
1678843338649 0.551392 -0.198247 1.074399 -0.483310 0.631049 0.591114 0.137016
1678843338710 0.602330 -0.201651 1.138221 -0.500578 0.621667 0.589484 0.124343
1678843338792 0.655050 -0.214784 1.202467 -0.487684 0.626050 0.596647 0.119326
1678843338802 0.679912 -0.223842 1.234241 -0.475660 0.629254 0.603112 0.118503
1678843338854 0.720330 -0.239755 1.294556 -0.455908 0.630022 0.617881 0.115942
1678843338902 0.739549 -0.247023 1.325698 -0.450437 0.623945 0.629013 0.110190
1678843338938 0.765279 -0.250066 1.360931 -0.447395 0.614885 0.640765 0.105709
1678843338985 0.785212 -0.252595 1.388648 -0.441122 0.612148 0.648041 0.103584
1678843339033 0.827493 -0.254560 1.434624 -0.414023 0.617911 0.659921 0.106186
1678843339110 0.885771 -0.255927 1.487396 -0.393959 0.615942 0.673781 0.106918
1678843339141 0.913138 -0.256750 1.509792 -0.392818 0.615326 0.676246 0.098793
1678843339194 0.974679 -0.262303 1.555616 -0.379916 0.618264 0.682941 0.083694
1678843339245 1.011296 -0.263765 1.584402 -0.369228 0.621426 0.686912 0.075188
1678843339300 1.076495 -0.273006 1.632521 -0.352024 0.635091 0.684407 0.065774
1678843339350 1.108290 -0.276192 1.661026 -0.345479 0.637582 0.685374 0.066297
1678843339402 1.168135 -0.280951 1.716778 -0.356115 0.630216 0.686463 0.069128
1678843339436 1.199133 -0.277020 1.745125 -0.367798 0.619951 0.690686 0.057783
1678843339493 1.231866 -0.263110 1.770565 -0.380283 0.619513 0.685665 0.038120
1678843339545 1.293702 -0.231781 1.810603 -0.384616 0.636853 0.668045 0.014291
1678843339611 1.351743 -0.209428 1.849451 -0.381774 0.639443 0.667252 0.011616
1678843339649 1.377209 -0.200295 1.865439 -0.389873 0.640371 0.661661 0.011338
1678843339699 1.435932 -0.192835 1.900787 -0.410620 0.623234 0.665560 0.000158
1678843339744 1.462016 -0.192870 1.909047 -0.412326 0.620908 0.666666 -0.004071
1678843339807 1.520152 -0.207586 1.915546 -0.376851 0.625661 0.682814 -0.017223
1678843339862 1.548862 -0.218983 1.917164 -0.347809 0.624088 0.699025 -0.030113
1678843339904 1.598995 -0.241747 1.916414 -0.285598 0.631958 0.717948 -0.060115
1678843339952 1.599732 -0.252580 1.893307 -0.247538 0.638204 0.724307 -0.082466
1678843340007 1.634291 -0.259006 1.887216 -0.169314 0.633999 0.740787 -0.143567
1678843340047 1.646126 -0.252029 1.883877 -0.133007 0.650906 0.729030 -0.164757
1678843340108 1.662987 -0.246884 1.878325 -0.066597 0.676974 0.709565 -0.183820
1678843340159 1.679065 -0.244554 1.880178 -0.049736 0.671985 0.713781 -0.190993
1678843340205 1.696141 -0.246374 1.871026 -0.035434 0.647449 0.732292 -0.208094
1678843340262 1.717639 -0.250593 1.849863 0.006179 0.614168 0.753107 -0.235775
1678843340305 1.725135 -0.250761 1.833763 0.028184 0.607108 0.752581 -0.253470
1678843340341 1.730622 -0.250742 1.815141 0.051165 0.604346 0.747700 -0.270356
1678843340403 1.742848 -0.256691 1.773470 0.093326 0.594097 0.741644 -0.297160
1678843340443 1.743693 -0.258937 1.745867 0.109771 0.585452 0.740790 -0.310527
1678843340503 1.746899 -0.267813 1.686642 0.151753 0.564920 0.740082 -0.331835
1678843340557 1.747142 -0.272931 1.616407 0.197998 0.529743 0.745520 -0.352659
1678843340625 1.745955 -0.270771 1.579495 0.211508 0.513585 0.746594 -0.366185
1678843340667 1.745582 -0.262188 1.500482 0.241657 0.481518 0.748689 -0.386273
1678843340737 1.743964 -0.249309 1.429593 0.254396 0.483838 0.731289 -0.407923
1678843340772 1.745235 -0.246047 1.395142 0.266979 0.475865 0.729497 -0.412444
1678843340839 1.751552 -0.242039 1.329692 0.291620 0.468229 0.723584 -0.414904
1678843340875 1.754354 -0.238225 1.296781 0.294618 0.473741 0.711743 -0.426839
1678843340913 1.757302 -0.236801 1.262840 0.300521 0.473710 0.701789 -0.439065
1678843340973 1.763539 -0.246587 1.191878 0.323596 0.458177 0.686926 -0.462052
1678843341044 1.771389 -0.260922 1.120442 0.359900 0.435964 0.668626 -0.483059
1678843341073 1.776085 -0.268315 1.086420 0.378884 0.434242 0.656346 -0.486920
1678843341134 1.785016 -0.279366 1.016194 0.409455 0.419122 0.634361 -0.504251
1678843341181 1.788881 -0.282260 0.984188 0.410855 0.419312 0.624367 -0.515307
1678843341240 1.792781 -0.283885 0.944898 0.427940 0.413871 0.615560 -0.516395
1678843341293 1.798890 -0.269773 0.866116 0.455097 0.393482 0.602164 -0.524840
1678843341359 1.807485 -0.243586 0.796225 0.450203 0.368509 0.604846 -0.543764
1678843341401 1.814077 -0.226585 0.724178 0.453964 0.356345 0.597530 -0.556680
1678843341448 1.816724 -0.222704 0.686583 0.455334 0.346569 0.596487 -0.562817
1678843341489 1.819116 -0.223841 0.649752 0.461272 0.334458 0.595550 -0.566291
1678843341543 1.824202 -0.236689 0.573832 0.468324 0.315395 0.590746 -0.576384
1678843341612 1.832924 -0.259749 0.492323 0.489969 0.276904 0.594624 -0.574175
1678843341674 1.847301 -0.276146 0.407435 0.485975 0.294236 0.596767 -0.566677
1678843341704 1.859504 -0.275762 0.365036 0.468046 0.314820 0.600986 -0.566248
1678843341752 1.872458 -0.270381 0.321252 0.456970 0.320473 0.612580 -0.559661
1678843341805 1.900203 -0.247970 0.229626 0.426579 0.338403 0.630269 -0.553421
1678843341862 1.931247 -0.224612 0.149276 0.403226 0.353050 0.651235 -0.537269
1678843341911 1.946511 -0.212438 0.114307 0.382289 0.357162 0.665589 -0.532242
1678843341942 1.960408 -0.202184 0.080725 0.358602 0.363135 0.677562 -0.529572
1678843342009 1.983816 -0.195785 0.010747 0.332722 0.367364 0.697015 -0.518180
1678843342070 2.002711 -0.200719 -0.061551 0.321189 0.368886 0.702126 -0.517474
1678843342109 2.011692 -0.207719 -0.099832 0.323539 0.371300 0.698353 -0.519386
1678843342168 2.021691 -0.217126 -0.138097 0.330798 0.376666 0.692184 -0.519208
1678843342207 2.032661 -0.228759 -0.181340 0.336815 0.385656 0.686888 -0.515761
1678843342276 2.060498 -0.243497 -0.250713 0.351982 0.409538 0.670368 -0.508914
1678843342324 2.069051 -0.251778 -0.286527 0.361987 0.416181 0.663170 -0.505928
1678843342379 2.114283 -0.242175 -0.376161 0.338407 0.440269 0.658165 -0.508392
1678843342431 2.132804 -0.242225 -0.407290 0.340692 0.438407 0.666158 -0.497957
1678843342462 2.162234 -0.236790 -0.467307 0.320992 0.441589 0.676872 -0.493769
1678843342524 2.175601 -0.235682 -0.481939 0.309366 0.440428 0.683390 -0.493248
1678843342562 2.206281 -0.237016 -0.543896 0.284280 0.440900 0.690077 -0.498584
1678843342615 2.223746 -0.246763 -0.583744 0.276177 0.435947 0.695892 -0.499410
1678843342669 2.266062 -0.258571 -0.646553 0.254609 0.431889 0.712334 -0.491149
1678843342728 2.291554 -0.263955 -0.673037 0.233554 0.436926 0.722442 -0.482312
1678843342774 2.350997 -0.272387 -0.720235 0.212254 0.448614 0.747537 -0.441454
1678843342838 2.382397 -0.270499 -0.736101 0.192082 0.459773 0.756936 -0.422800
1678843342871 2.447948 -0.260457 -0.751643 0.142226 0.480898 0.780812 -0.372614
1678843342918 2.487174 -0.253493 -0.776488 0.103538 0.494283 0.787933 -0.352316
1678843342959 2.547274 -0.250149 -0.772558 0.026885 0.515834 0.800271 -0.304563
1678843343014 2.579950 -0.255670 -0.773685 0.007730 0.521374 0.805660 -0.281107
1678843343061 2.646994 -0.271919 -0.764038 -0.004490 0.532279 0.811244 -0.241956
1678843343111 2.681126 -0.280571 -0.753059 -0.012784 0.535459 0.813337 -0.227161
1678843343171 2.748137 -0.291685 -0.718811 -0.039037 0.544173 0.810946 -0.211465
1678843343201 2.783017 -0.293943 -0.699125 -0.044775 0.557412 0.802579 -0.207737
1678843343275 2.816376 -0.296372 -0.674550 -0.045569 0.571386 0.794261 -0.201474
1678843343307 2.888909 -0.296865 -0.629461 -0.037893 0.608909 0.769498 -0.188856
1678843343375 2.960921 -0.293271 -0.579621 -0.053578 0.622324 0.760966 -0.175423
1678843343406 2.994787 -0.289774 -0.553174 -0.069614 0.625258 0.759621 -0.164869
1678843343448 3.026980 -0.284888 -0.527825 -0.085735 0.630859 0.755982 -0.152174
1678843343537 3.119255 -0.269862 -0.469270 -0.137208 0.638276 0.744905 -0.137456
1678843343567 3.152029 -0.266828 -0.454380 -0.151395 0.633865 0.745551 -0.139456
1678843343603 3.185474 -0.265868 -0.441730 -0.160617 0.631041 0.745595 -0.141696
1678843343668 3.219709 -0.267423 -0.429378 -0.168185 0.631355 0.743141 -0.144384
1678843343712 3.291702 -0.274717 -0.410208 -0.182028 0.630538 0.740415 -0.145168
1678843343761 3.366994 -0.280042 -0.387925 -0.199179 0.626593 0.740697 -0.138119
1678843343805 3.406207 -0.283695 -0.375170 -0.211125 0.623674 0.741429 -0.129383
1678843343863 3.484482 -0.282253 -0.344131 -0.245455 0.614128 0.741701 -0.111705
1678843343919 3.525460 -0.272127 -0.323627 -0.262580 0.606128 0.743138 -0.106802
1678843343956 3.558289 -0.259344 -0.307221 -0.278875 0.616421 0.729759 -0.098519
1678843344011 3.627799 -0.248747 -0.270758 -0.299346 0.626908 0.715856 -0.070208
1678843344067 3.693696 -0.246368 -0.231724 -0.315270 0.626994 0.711016 -0.044033
1678843344103 3.723148 -0.244215 -0.212643 -0.324898 0.633960 0.701075 -0.032092
1678843344155 3.749808 -0.244707 -0.194066 -0.336759 0.634712 0.695107 -0.023675
1678843344208 3.807686 -0.251922 -0.155191 -0.355098 0.632372 0.688189 -0.020174
1678843344263 3.832963 -0.251682 -0.136344 -0.353289 0.634585 0.687092 -0.019832
1678843344306 3.889870 -0.265461 -0.096853 -0.344692 0.638551 0.687732 -0.021540
1678843344370 3.945095 -0.276856 -0.051808 -0.339653 0.645912 0.683354 -0.021445
1678843344412 3.970890 -0.283059 -0.029412 -0.329971 0.642879 0.691016 -0.017961
1678843344460 3.996017 -0.285826 -0.006905 -0.319003 0.641623 0.697370 -0.015239
1678843344509 4.036471 -0.278347 0.036647 -0.329078 0.658456 0.676819 -0.007667
1678843344568 4.078341 -0.276876 0.085977 -0.338895 0.650507 0.679628 0.009864
1678843344615 4.110023 -0.280935 0.115733 -0.348236 0.652706 0.672542 0.019843
1678843344661 4.128031 -0.277421 0.141095 -0.364546 0.653180 0.663036 0.029084
1678843344723 4.154732 -0.269966 0.190122 -0.398882 0.648553 0.646315 0.050475
1678843344792 4.175489 -0.275585 0.245422 -0.437147 0.637031 0.628844 0.087461
1678843344832 4.190007 -0.283862 0.306048 -0.484764 0.621653 0.600280 0.134963
1678843344893 4.190380 -0.287871 0.333473 -0.516302 0.610092 0.579005 0.161162
1678843344947 4.185581 -0.292191 0.386102 -0.588172 0.581007 0.519797 0.215165
1678843344980 4.191579 -0.295162 0.421131 -0.625532 0.553871 0.494722 0.239138
1678843345040 4.176187 -0.289352 0.461867 0.685700 -0.508975 -0.442663 -0.273512
1678843345098 4.164359 -0.273027 0.497371 0.719421 -0.492777 -0.372301 -0.317798
1678843345131 4.151268 -0.268306 0.506255 0.736174 -0.481698 -0.342332 -0.329883
1678843345182 4.129777 -0.258228 0.504886 0.750732 -0.469438 -0.313380 -0.343253
1678843345230 4.094501 -0.263194 0.504013 0.776084 -0.441805 -0.264981 -0.363713
1678843345275 4.070072 -0.264089 0.484791 0.782166 -0.432054 -0.245824 -0.375654
1678843345316 4.047538 -0.267917 0.473423 0.784862 -0.423621 -0.228933 -0.390034
1678843345393 3.993000 -0.270913 0.428847 0.790953 -0.403599 -0.188826 -0.419339
1678843345433 3.964629 -0.269935 0.397934 0.794323 -0.393414 -0.158367 -0.434967
1678843345494 3.909948 -0.271475 0.322881 0.794125 -0.366126 -0.092613 -0.476172
1678843345530 3.857494 -0.276673 0.234268 0.788792 -0.319660 -0.033040 -0.523958
1678843345584 3.833653 -0.279729 0.188406 0.785919 -0.294064 -0.007366 -0.543879
1678843345635 3.790197 -0.282816 0.099095 0.773439 -0.254258 0.037017 -0.579461
1678843345699 3.747578 -0.286696 0.019133 0.751703 -0.219148 0.038660 -0.620824
1678843345738 3.728159 -0.286332 -0.020117 0.732764 -0.202474 0.039215 -0.648478
1678843345789 3.709592 -0.286516 -0.058429 0.724284 -0.184793 0.040107 -0.663065
1678843345832 3.677264 -0.282187 -0.128351 0.718339 -0.162269 0.057810 -0.674029
1678843345891 3.646187 -0.273545 -0.190364 0.712398 -0.136030 0.097103 -0.681584
1678843345936 3.631302 -0.273851 -0.217525 0.715430 -0.124821 0.114472 -0.677846
1678843346001 3.598116 -0.274915 -0.265446 0.718914 -0.101982 0.134973 -0.674199
1678843346037 3.577663 -0.279019 -0.283841 0.721867 -0.093584 0.140053 -0.671219
1678843346082 3.555504 -0.283015 -0.300805 0.724420 -0.087252 0.146971 -0.667834
1678843346138 3.500141 -0.292947 -0.327563 0.725632 -0.078998 0.166491 -0.662947
1678843346196 3.468414 -0.302896 -0.335332 0.727114 -0.076844 0.178858 -0.658338
1678843346232 3.407086 -0.303725 -0.366330 0.730283 -0.074817 0.200988 -0.648608
1678843346287 3.376190 -0.303978 -0.378042 0.727437 -0.067100 0.210289 -0.649702
1678843346338 3.308576 -0.286215 -0.414207 0.722686 -0.053499 0.223062 -0.652002
1678843346434 3.218204 -0.258968 -0.473096 0.683821 -0.028834 0.301784 -0.663690
1678843346492 3.155367 -0.251192 -0.513182 0.692974 -0.009884 0.326477 -0.642731
1678843346534 3.124404 -0.243616 -0.529419 0.688076 -0.001813 0.332536 -0.644956
1678843346596 3.093618 -0.237135 -0.544921 0.680637 0.002311 0.339929 -0.648980
1678843346639 3.030763 -0.230441 -0.573246 0.666683 0.001336 0.356033 -0.654807
1678843346696 2.962429 -0.238526 -0.599172 0.668724 -0.003664 0.355321 -0.653101
1678843346735 2.927998 -0.241828 -0.610420 0.671946 -0.007249 0.350490 -0.652375
1678843346801 2.849949 -0.258786 -0.636143 0.682570 -0.016204 0.332142 -0.650782
1678843346852 2.812673 -0.265659 -0.645598 0.691541 -0.018548 0.315904 -0.649332
1678843346883 2.776084 -0.269673 -0.654436 0.700074 -0.021167 0.299779 -0.647750
1678843346942 2.706789 -0.277831 -0.669099 0.716757 -0.032754 0.281704 -0.637047
1678843346994 2.639559 -0.266790 -0.683475 0.709777 -0.036853 0.269477 -0.649800
1678843347039 2.606781 -0.268349 -0.687164 0.711963 -0.039350 0.262904 -0.649955
1678843347092 2.571363 -0.267522 -0.692977 0.719061 -0.046411 0.253031 -0.645579
1678843347147 2.509954 -0.265683 -0.695159 0.716442 -0.064489 0.235937 -0.653365
1678843347188 2.474368 -0.267094 -0.698133 0.717043 -0.076827 0.227465 -0.654375
1678843347242 2.414507 -0.271914 -0.696289 0.714483 -0.100222 0.210152 -0.659777
1678843347291 2.377680 -0.278329 -0.697256 0.714658 -0.107278 0.202051 -0.661007
1678843347326 2.309427 -0.290988 -0.697188 0.716441 -0.112224 0.188801 -0.662172
1678843347393 2.271955 -0.294861 -0.699684 0.717690 -0.110016 0.190412 -0.660727
1678843347431 2.199012 -0.294109 -0.704062 0.725657 -0.110541 0.203464 -0.647924
1678843347496 2.120870 -0.279689 -0.708107 0.728716 -0.111298 0.206249 -0.643465
1678843347535 2.082781 -0.268463 -0.710186 0.721889 -0.111603 0.211611 -0.649339
1678843347582 2.045390 -0.261563 -0.713475 0.720758 -0.108243 0.217591 -0.649189
1678843347632 1.978423 -0.256640 -0.721075 0.732551 -0.101496 0.228912 -0.632982
1678843347677 1.942152 -0.255039 -0.725784 0.732072 -0.098202 0.234596 -0.631974
1678843347745 1.873721 -0.257840 -0.734045 0.734324 -0.093114 0.240372 -0.627949
1678843347775 1.837094 -0.259478 -0.740726 0.733072 -0.093057 0.243316 -0.628286
1678843347813 1.798069 -0.260271 -0.747606 0.728639 -0.092110 0.245266 -0.632808
1678843347874 1.727601 -0.264674 -0.762848 0.720505 -0.095512 0.247888 -0.640548
1678843347923 1.659451 -0.272772 -0.777660 0.723684 -0.098565 0.241693 -0.638867
1678843347964 1.635576 -0.276882 -0.783199 0.727153 -0.099257 0.237219 -0.636493
1678843348014 1.602935 -0.279887 -0.789437 0.733818 -0.098747 0.227877 -0.632323
1678843348071 1.539261 -0.278413 -0.798557 0.736019 -0.105075 0.206927 -0.635938
1678843348122 1.508878 -0.276332 -0.802227 0.732030 -0.109306 0.204354 -0.640644
1678843348160 1.447527 -0.276168 -0.806044 0.742504 -0.117656 0.188476 -0.631919
1678843348228 1.414268 -0.276951 -0.807437 0.746541 -0.124051 0.175531 -0.629664
1678843348268 1.357922 -0.272697 -0.806189 0.739621 -0.146220 0.159870 -0.637199
1678843348335 1.323721 -0.273544 -0.805908 0.734859 -0.157158 0.150434 -0.642381
1678843348361 1.250829 -0.282525 -0.808070 0.729547 -0.169570 0.131876 -0.649319
1678843348455 1.212651 -0.290773 -0.810034 0.728969 -0.170424 0.123483 -0.651392
1678843348467 1.140637 -0.307340 -0.817553 0.733031 -0.162644 0.112657 -0.650785
1678843348536 1.066193 -0.306551 -0.831009 0.726498 -0.154120 0.130246 -0.656874
1678843348591 0.987007 -0.294780 -0.843219 0.723247 -0.152890 0.144591 -0.657747
1678843348639 0.946249 -0.287965 -0.849589 0.715473 -0.152235 0.156488 -0.663653
1678843348695 0.867367 -0.281534 -0.864933 0.725774 -0.139021 0.163481 -0.653605
1678843348741 0.827587 -0.278899 -0.872298 0.739132 -0.134573 0.162529 -0.639655
1678843348780 0.791792 -0.271481 -0.878851 0.739244 -0.133608 0.169066 -0.638032
1678843348839 0.728457 -0.257588 -0.890971 0.733005 -0.134079 0.193011 -0.638336
1678843348912 0.659656 -0.255469 -0.898380 0.733631 -0.139788 0.204038 -0.632941
1678843348962 0.624714 -0.259111 -0.899180 0.737724 -0.145438 0.197617 -0.628935
1678843348980 0.589794 -0.264587 -0.898591 0.741340 -0.154014 0.185571 -0.626305
1678843349042 0.524567 -0.276168 -0.894625 0.740876 -0.171682 0.160200 -0.629257
1678843349099 0.454014 -0.286937 -0.883035 0.752751 -0.185759 0.103347 -0.623041
1678843349146 0.423354 -0.288413 -0.875093 0.748181 -0.197433 0.074230 -0.629075
1678843349180 0.396824 -0.283127 -0.867003 0.738107 -0.210058 0.059684 -0.638367
1678843349258 0.349205 -0.273095 -0.850637 0.734857 -0.226001 0.034619 -0.638522
1678843349304 0.299465 -0.264331 -0.824391 0.733234 -0.249484 0.018952 -0.632271
1678843349346 0.273300 -0.259751 -0.809170 0.735118 -0.266018 0.011708 -0.623456
1678843349395 0.222269 -0.258498 -0.771249 0.734966 -0.298143 -0.011114 -0.608944
1678843349449 0.196028 -0.260558 -0.750181 0.733127 -0.311750 -0.020971 -0.604067
1678843349499 0.144675 -0.263546 -0.705788 0.727140 -0.334458 -0.040394 -0.598142
1678843349539 0.119423 -0.264488 -0.682937 0.722052 -0.340557 -0.046728 -0.600399
1678843349578 0.095966 -0.264619 -0.659828 0.715335 -0.345841 -0.043214 -0.605658
1678843349637 0.045834 -0.261847 -0.605859 0.717179 -0.353962 -0.076645 -0.595391
1678843349694 0.023697 -0.256829 -0.576415 0.703256 -0.363435 -0.091478 -0.604133
1678843349742 0.004156 -0.250204 -0.549456 0.689913 -0.371198 -0.093169 -0.614452
1678843349786 -0.035459 -0.249203 -0.496778 0.710862 -0.371753 -0.108306 -0.587150
1678843349835 -0.067888 -0.242076 -0.441894 0.711974 -0.391514 -0.107421 -0.572948
1678843349872 -0.082774 -0.239542 -0.412676 0.715478 -0.399492 -0.115492 -0.561390
1678843349941 -0.094403 -0.237658 -0.382569 0.716133 -0.409376 -0.127222 -0.550799
1678843349977 -0.118642 -0.237917 -0.320473 0.710864 -0.428342 -0.152128 -0.536705
1678843350034 -0.141852 -0.240633 -0.254461 0.705747 -0.450144 -0.169381 -0.520193
1678843350072 -0.151585 -0.243314 -0.221335 0.703146 -0.459664 -0.180403 -0.511615
1678843350150 -0.162521 -0.247762 -0.185951 0.702225 -0.468245 -0.195951 -0.499229
1678843350176 -0.180257 -0.256171 -0.116505 0.708304 -0.472056 -0.236782 -0.468405
1678843350241 -0.192509 -0.267484 -0.042651 0.689191 -0.473199 -0.302679 -0.457694
1678843350287 -0.196819 -0.273971 -0.006000 0.678057 -0.470909 -0.339261 -0.450983
1678843350330 -0.198044 -0.275290 0.058455 0.648281 -0.490969 -0.366356 -0.452177
1678843350387 -0.197411 -0.279005 0.091048 0.638624 -0.488557 -0.396636 -0.442889
1678843350456 -0.191658 -0.284839 0.151260 0.611053 -0.504513 -0.426502 -0.436093
1678843350470 -0.188394 -0.289280 0.181189 0.601893 -0.514191 -0.436310 -0.427745
1678843350510 -0.184657 -0.296076 0.211919 0.594712 -0.519625 -0.448897 -0.418090
1678843350578 -0.179272 -0.310390 0.280191 -0.580076 0.527487 0.470675 0.404640
1678843350637 -0.176105 -0.318363 0.313558 -0.573576 0.531902 0.474306 0.403887
1678843350704 -0.166716 -0.325283 0.417494 -0.568455 0.534025 0.478480 0.403402
1678843350746 -0.164306 -0.328082 0.454111 -0.565799 0.527183 0.489243 0.403225
1678843350779 -0.161584 -0.328161 0.489615 -0.566869 0.519025 0.500280 0.398739
1678843350836 -0.145888 -0.325631 0.544264 -0.559929 0.521474 0.492534 0.414675
1678843350888 -0.145078 -0.333098 0.581226 -0.566104 0.505128 0.504093 0.412629
1678843350914 -0.139996 -0.337234 0.611619 -0.573138 0.493517 0.518272 0.399184
1678843350977 -0.124499 -0.350630 0.670498 -0.583706 0.496534 0.525576 0.369475
1678843351033 -0.097383 -0.379951 0.725246 -0.599001 0.460721 0.567109 0.327598
1678843351077 -0.082462 -0.395341 0.759446 -0.599018 0.462630 0.573497 0.313453
1678843351131 -0.046224 -0.415192 0.838502 -0.602552 0.460561 0.587662 0.281901
1678843351176 -0.025011 -0.415340 0.885271 -0.596083 0.464089 0.595328 0.273661
1678843351213 -0.001257 -0.405541 0.934469 -0.593564 0.478302 0.594028 0.256981
1678843351271 0.050328 -0.360733 1.042683 -0.603788 0.497566 0.591288 0.195568
1678843351323 0.080588 -0.324785 1.098879 -0.607218 0.497799 0.601231 0.148335
1678843351389 0.139422 -0.218430 1.195741 -0.603534 0.524399 0.598522 0.050241
1678843351424 0.165637 -0.153172 1.231591 -0.605523 0.546052 0.578842 -0.010544
1678843351474 0.214881 -0.031142 1.289248 -0.599168 0.552015 0.568036 -0.116669
1678843351532 0.256768 0.083385 1.332514 -0.591804 0.532561 0.555253 -0.240500
1678843351590 0.275570 0.138299 1.349451 -0.583694 0.515207 0.547781 -0.306266
1678843351633 0.309451 0.242537 1.384599 -0.558051 0.490383 0.522301 -0.418694
1678843351692 0.322361 0.292302 1.393270 -0.550983 0.475695 0.498991 -0.470255
1678843351729 0.349960 0.386235 1.414034 -0.522970 0.444625 0.460771 -0.562584
1678843351799 0.378811 0.471174 1.430318 -0.490482 0.399793 0.425567 -0.646905
1678843351842 0.391563 0.509614 1.434304 -0.482084 0.375109 0.406800 -0.679266
1678843351897 0.404400 0.546627 1.431147 -0.474500 0.363530 0.391128 -0.699796
1678843351941 0.435552 0.613720 1.443513 -0.435374 0.322457 0.382534 -0.748424
1678843380307 -0.001760 0.020779 -0.092035 0.496493 0.259640 0.540651 -0.627517
1678843380349 -0.004106 0.028230 -0.117939 0.520422 0.221173 0.516263 -0.643207
1678843380403 -0.005259 0.029742 -0.120300 0.535359 0.206067 0.500120 -0.648696
1678843380432 -0.005262 0.037497 -0.135974 0.550526 0.193266 0.481003 -0.654374
1678843380479 -0.005061 0.040742 -0.136345 0.562626 0.180455 0.464065 -0.659948
1678843380526 -0.002158 0.048494 -0.134732 0.579713 0.156672 0.441474 -0.666699
1678843380572 0.004462 0.047214 -0.122711 0.590682 0.143230 0.431854 -0.666395
1678843380637 0.007543 0.051802 -0.119664 0.606225 0.119296 0.417232 -0.666467
1678843380669 0.014006 0.048627 -0.108886 0.616060 0.109193 0.408756 -0.664428
1678843380716 0.015342 0.049703 -0.106629 0.623182 0.099504 0.401223 -0.663899
1678843380756 0.016416 0.051335 -0.103298 0.627995 0.091305 0.394649 -0.664483
1678843380831 0.018753 0.054281 -0.097423 0.636586 0.075447 0.386588 -0.663035
1678843380856 0.016659 0.054585 -0.088308 0.646959 0.064597 0.375428 -0.660549
1678843380903 0.016541 0.054955 -0.085506 0.650886 0.059543 0.372467 -0.658840
