# Created at Tue Mar 14 18:26:15 MST 2023
1678843575991 -0.595839 -0.035851 0.119905 0.732472 -0.063103 0.181798 -0.653033
1678843576021 -0.617648 -0.037074 0.105593 0.734969 -0.057244 0.188393 -0.648885
1678843576068 -0.640197 -0.038191 0.089927 0.736319 -0.052339 0.193587 -0.646235
1678843576106 -0.663366 -0.037373 0.072948 0.735852 -0.048491 0.199255 -0.645344
1678843576157 -0.686428 -0.037031 0.056082 0.737060 -0.044511 0.201814 -0.643454
1678843576202 -0.732950 -0.032614 0.015529 0.731116 -0.029816 0.204215 -0.650290
1678843576262 -0.779579 -0.027251 -0.025919 0.719858 -0.023728 0.226063 -0.655849
1678843576299 -0.801528 -0.026455 -0.045410 0.719487 -0.021582 0.233311 -0.653788
1678843576349 -0.846400 -0.027185 -0.078748 0.718518 -0.013670 0.233209 -0.655102
1678843576395 -0.867452 -0.025280 -0.093344 0.714592 -0.010423 0.229873 -0.660612
1678843576438 -0.889187 -0.021949 -0.107536 0.708938 -0.007881 0.230517 -0.666489
1678843576496 -0.930704 -0.020684 -0.134520 0.703453 -0.008845 0.239710 -0.669040
1678843576562 -0.953687 -0.023105 -0.146641 0.702735 -0.005891 0.238363 -0.670307
1678843576607 -1.001930 -0.027856 -0.172280 0.699753 -0.003995 0.241248 -0.672406
1678843576663 -1.052234 -0.032435 -0.198451 0.695932 -0.007163 0.253011 -0.672021
1678843576707 -1.078898 -0.034848 -0.212271 0.692920 -0.005871 0.259106 -0.672824
1678843576754 -1.135767 -0.039414 -0.244241 0.686078 0.006625 0.269769 -0.675631
1678843576805 -1.164775 -0.040295 -0.260871 0.690543 0.014242 0.268477 -0.671467
1678843576856 -1.219347 -0.030799 -0.293519 0.673863 0.022984 0.279055 -0.683746
1678843576904 -1.245168 -0.024877 -0.310218 0.663821 0.021024 0.291938 -0.688239
1678843576949 -1.268571 -0.026206 -0.327321 0.662742 0.023679 0.299888 -0.685769
1678843576992 -1.317970 -0.031853 -0.367211 0.671396 0.043151 0.310836 -0.671376
1678843577055 -1.344508 -0.034543 -0.384948 0.670230 0.053652 0.308085 -0.673050
1678843577079 -1.370010 -0.039128 -0.403213 0.671027 0.065187 0.300394 -0.674713
1678843577158 -1.449766 -0.060896 -0.459837 0.674646 0.083436 0.298216 -0.670043
1678843577191 -1.474593 -0.072088 -0.478682 0.679017 0.093883 0.297008 -0.664762
1678843577234 -1.500659 -0.080791 -0.496836 0.683406 0.100921 0.299712 -0.657985
1678843577294 -1.550886 -0.099880 -0.533008 0.691676 0.094027 0.322136 -0.639509
1678843577345 -1.580821 -0.105492 -0.552401 0.699783 0.096308 0.316611 -0.633077
1678843577382 -1.634721 -0.115480 -0.584202 0.702083 0.102241 0.299606 -0.637858
1678843577460 -1.682930 -0.112050 -0.610346 0.712237 0.095418 0.298176 -0.628256
1678843577519 -1.707418 -0.106438 -0.623902 0.713121 0.083804 0.301777 -0.627189
1678843577537 -1.733256 -0.098150 -0.637447 0.708758 0.073548 0.299561 -0.634442
1678843577611 -1.786471 -0.093447 -0.663764 0.709924 0.057470 0.283126 -0.642296
1678843577654 -1.814845 -0.093329 -0.677478 0.703795 0.055582 0.271889 -0.653957
1678843577703 -1.866131 -0.087390 -0.701737 0.679150 0.042615 0.264042 -0.683536
1678843577761 -1.921117 -0.088717 -0.731796 0.675745 0.026889 0.274859 -0.683446
1678843577814 -1.949803 -0.090882 -0.744278 0.672242 0.016926 0.273218 -0.687864
1678843577842 -1.980426 -0.096443 -0.758929 0.671515 0.015811 0.265623 -0.691565
1678843577900 -2.043852 -0.112527 -0.787028 0.687780 -0.007166 0.261915 -0.676984
1678843577948 -2.113410 -0.132454 -0.819027 0.688881 -0.001532 0.255781 -0.678246
1678843578000 -2.148136 -0.144678 -0.831478 0.682635 0.013919 0.233627 -0.692267
1678843578038 -2.182237 -0.155884 -0.842214 0.675613 0.018331 0.205858 -0.707696
1678843578116 -2.247588 -0.175965 -0.865940 0.662226 0.005868 0.196852 -0.722961
1678843578163 -2.307668 -0.207626 -0.894047 0.684415 -0.001691 0.211575 -0.697717
1678843578198 -2.338799 -0.224387 -0.904717 0.691470 0.000493 0.211420 -0.690776
1678843578266 -2.398859 -0.262046 -0.920586 0.702731 0.008583 0.197583 -0.683415
1678843578318 -2.430725 -0.282356 -0.929173 0.712233 0.004768 0.192099 -0.675129
1678843578355 -2.499549 -0.324249 -0.950697 0.705738 0.014441 0.174342 -0.686535
1678843578416 -2.576925 -0.359347 -0.974182 0.711687 0.012468 0.162640 -0.683297
1678843578453 -2.609627 -0.376497 -0.981646 0.708215 0.011459 0.155557 -0.688551
1678843578494 -2.643615 -0.394064 -0.987289 0.714906 0.003369 0.138814 -0.685295
1678843578540 -2.684223 -0.405546 -0.993481 0.717234 -0.002491 0.110731 -0.687973
1678843578589 -2.747922 -0.435108 -0.998521 0.726455 -0.017814 0.080438 -0.682258
1678843578640 -2.777040 -0.446043 -0.999889 0.731747 -0.026845 0.079425 -0.676400
1678843578696 -2.841700 -0.484227 -1.001616 0.746612 -0.042210 0.061527 -0.661062
1678843578736 -2.876328 -0.504232 -0.999737 0.753285 -0.052872 0.052291 -0.653476
1678843578793 -2.909090 -0.524028 -0.995988 0.757217 -0.058964 0.040251 -0.649250
1678843578833 -2.978594 -0.562724 -0.987067 0.758248 -0.074208 0.011723 -0.647623
1678843578874 -3.011975 -0.579870 -0.980499 0.762773 -0.088159 -0.000599 -0.640629
1678843578934 -3.076914 -0.609308 -0.965426 0.761702 -0.110508 -0.034526 -0.637499
1678843578977 -3.108933 -0.622702 -0.957789 0.766067 -0.122306 -0.046546 -0.629298
1678843579031 -3.179174 -0.649768 -0.941288 0.773348 -0.138586 -0.076246 -0.613932
1678843579094 -3.238063 -0.659309 -0.917451 0.785678 -0.148339 -0.091400 -0.593592
1678843579130 -3.270822 -0.660512 -0.906538 0.786056 -0.152232 -0.106565 -0.589563
1678843579164 -3.303476 -0.658340 -0.894106 0.784638 -0.157314 -0.113448 -0.588834
1678843579222 -3.376405 -0.653406 -0.872774 0.784682 -0.169890 -0.111709 -0.585604
1678843579270 -3.413477 -0.650770 -0.860701 0.785551 -0.179090 -0.116124 -0.580819
1678843579310 -3.450267 -0.646237 -0.848374 0.783079 -0.185733 -0.123655 -0.580517
1678843579362 -3.527573 -0.631740 -0.823899 0.780396 -0.205795 -0.129064 -0.576171
1678843579428 -3.631784 -0.623140 -0.796396 0.782739 -0.234693 -0.137238 -0.559825
1678843579461 -3.673789 -0.611903 -0.782347 0.779966 -0.250246 -0.140905 -0.556036
1678843579519 -3.765494 -0.591884 -0.755974 0.773578 -0.282850 -0.146228 -0.547896
1678843579567 -3.809616 -0.581619 -0.744704 0.777157 -0.294525 -0.145328 -0.536808
1678843579607 -3.853423 -0.569680 -0.732904 0.780861 -0.309743 -0.146609 -0.522323
1678843579663 -3.938970 -0.537767 -0.709436 0.763930 -0.339034 -0.153243 -0.527241
1678843579720 -4.025856 -0.503974 -0.686264 0.758831 -0.364437 -0.158491 -0.515987
1678843579775 -4.070206 -0.484869 -0.673719 0.751819 -0.377684 -0.157647 -0.516982
1678843579813 -4.114654 -0.464113 -0.660526 0.746089 -0.391075 -0.150710 -0.517395
1678843579865 -4.204970 -0.420729 -0.628986 0.735327 -0.416918 -0.138385 -0.516065
1678843579920 -4.297415 -0.377213 -0.592948 0.738359 -0.431246 -0.121918 -0.503974
1678843579968 -4.343796 -0.352517 -0.573387 0.735569 -0.440747 -0.109703 -0.502638
1678843580022 -4.432063 -0.297567 -0.532001 0.732828 -0.461711 -0.097147 -0.490253
1678843580062 -4.475042 -0.267493 -0.511789 0.728671 -0.472308 -0.084612 -0.488677
1678843580126 -4.560542 -0.209556 -0.471670 0.727953 -0.486000 -0.078695 -0.477174
1678843580167 -4.603360 -0.182262 -0.452154 0.729803 -0.489425 -0.085065 -0.469696
1678843580235 -4.686747 -0.125912 -0.419431 0.734311 -0.500833 -0.080965 -0.450998
1678843580309 -4.769503 -0.071237 -0.391409 0.727741 -0.506126 -0.081766 -0.455569
1678843580369 -4.842625 -0.015163 -0.383778 0.729070 -0.513400 -0.091994 -0.443186
1678843580403 -4.882257 0.013001 -0.373335 0.724829 -0.525897 -0.086215 -0.436604
1678843580450 -4.960144 0.070709 -0.353717 0.707940 -0.551659 -0.079074 -0.433867
1678843580506 -4.995686 0.101521 -0.344080 0.695399 -0.566375 -0.075733 -0.435779
1678843580557 -5.049224 0.162391 -0.335477 0.671571 -0.588168 -0.064694 -0.445944
1678843580599 -5.081238 0.192818 -0.330295 0.659215 -0.594633 -0.053499 -0.457148
1678843580641 -5.098679 0.221161 -0.336404 0.657212 -0.601588 -0.049988 -0.451293
1678843580707 -5.157615 0.276866 -0.330756 0.649892 -0.615625 -0.036803 -0.444175
1678843580743 -5.187706 0.298707 -0.330029 0.643676 -0.620353 -0.033109 -0.446931
1678843580796 -5.245227 0.342923 -0.326266 0.633182 -0.620844 -0.031644 -0.461121
1678843580863 -5.287462 0.379967 -0.344266 0.634707 -0.627093 -0.030717 -0.450508
1678843580906 -5.316298 0.398053 -0.344927 0.632176 -0.630470 -0.029563 -0.449430
1678843580969 -5.346480 0.442010 -0.369396 0.618438 -0.647164 -0.008934 -0.445683
1678843580999 -5.371437 0.464384 -0.374310 0.610858 -0.649662 -0.000668 -0.452538
1678843581034 -5.394862 0.489009 -0.380989 0.601880 -0.654067 0.013609 -0.457987
1678843581092 -5.420458 0.540760 -0.415102 0.594307 -0.664061 0.044734 -0.451466
1678843581145 -5.435809 0.567207 -0.428117 0.584647 -0.669695 0.064150 -0.453412
1678843581180 -5.448561 0.602230 -0.466672 0.558290 -0.662993 0.098156 -0.488997
1678843581243 -5.464125 0.622529 -0.484557 0.555931 -0.656998 0.105401 -0.498181
1678843581296 -5.497460 0.661201 -0.523620 0.561913 -0.641209 0.093299 -0.514199
1678843581345 -5.512290 0.674989 -0.547385 0.563900 -0.635775 0.094973 -0.518446
1678843581370 -5.525190 0.694412 -0.574181 0.562703 -0.634782 0.103554 -0.519320
1678843581448 -5.540010 0.720003 -0.633780 0.537497 -0.631969 0.142475 -0.539827
1678843581493 -5.578444 0.761985 -0.689423 0.511314 -0.623761 0.172572 -0.565419
1678843581538 -5.583370 0.771381 -0.726648 0.496752 -0.612740 0.188317 -0.585084
1678843581577 -5.594842 0.774052 -0.751731 0.483849 -0.604508 0.205198 -0.598627
1678843581630 -5.597071 0.785508 -0.819123 0.461740 -0.585290 0.226517 -0.626835
1678843581687 -5.594595 0.791979 -0.887623 0.437063 -0.553724 0.257706 -0.660267
1678843581738 -5.592179 0.796318 -0.921848 0.428783 -0.542372 0.264101 -0.672480
1678843581769 -5.588426 0.802619 -0.957327 0.415061 -0.525974 0.275075 -0.689499
1678843581851 -5.577115 0.807403 -1.029423 0.387796 -0.483834 0.299821 -0.725000
1678843581892 -5.559812 0.804617 -1.106112 0.378858 -0.447379 0.322632 -0.743120
1678843581931 -5.546938 0.801443 -1.144190 0.370395 -0.425778 0.338093 -0.753137
1678843581983 -5.532545 0.797833 -1.180777 0.362983 -0.402825 0.349869 -0.763916
1678843582031 -5.496510 0.790703 -1.250226 0.336089 -0.352670 0.381713 -0.785470
1678843582088 -5.456790 0.781278 -1.315330 0.316458 -0.299583 0.404794 -0.803894
1678843582135 -5.434747 0.775713 -1.346073 0.303900 -0.269956 0.417745 -0.812562
1678843582173 -5.412039 0.769717 -1.375943 0.294021 -0.240567 0.428426 -0.819836
1678843582237 -5.363738 0.758373 -1.431697 0.267291 -0.187193 0.451089 -0.830682
1678843582291 -5.312751 0.745888 -1.484484 0.247571 -0.135500 0.462011 -0.840770
1678843582340 -5.282646 0.738757 -1.509972 0.232552 -0.104262 0.471623 -0.844168
1678843582393 -5.216022 0.721661 -1.561830 0.234620 -0.054501 0.491766 -0.836749
1678843586861 -5.357580 0.802706 -1.738824 0.268535 -0.011089 0.472269 -0.839480
1678843586933 -5.370366 0.800125 -1.772321 0.256041 0.003345 0.478424 -0.839966
1678843586963 -5.394240 0.811000 -1.849240 0.246156 0.006125 0.482126 -0.840788
1678843587036 -5.411036 0.806495 -1.884816 0.236628 0.017752 0.490688 -0.838402
1678843587086 -5.431164 0.802100 -1.919369 0.234419 0.018349 0.507391 -0.829015
1678843587137 -5.439518 0.799205 -1.939137 0.229995 0.027209 0.513010 -0.826549
1678843587181 -5.447580 0.797432 -1.955585 0.226106 0.042378 0.513612 -0.826609
1678843587228 -5.466130 0.793685 -1.997654 0.222538 0.067189 0.509445 -0.828509
1678843587268 -5.478441 0.789769 -2.027079 0.211435 0.084560 0.510713 -0.829046
1678843587343 -5.488632 0.783464 -2.069632 0.213367 0.093234 0.519893 -0.821884
1678843587378 -5.479277 0.765950 -2.039980 0.217937 0.097722 0.526678 -0.815821
1678843587411 -5.481364 0.761073 -2.059064 0.216094 0.113845 0.528359 -0.813130
1678843587454 -5.478422 0.746678 -2.068162 0.217895 0.125305 0.532363 -0.808338
1678843587494 -5.478802 0.742430 -2.085104 0.219333 0.129771 0.535260 -0.805326
1678843587539 -5.474051 0.736677 -2.086169 0.215788 0.136423 0.536791 -0.804164
1678843587591 -5.471322 0.727638 -2.118231 0.215576 0.150617 0.537685 -0.801084
1678843587647 -5.482832 0.724396 -2.164113 0.215330 0.156132 0.539673 -0.798755
1678843587695 -5.476625 0.715735 -2.198928 0.221400 0.157706 0.545867 -0.792553
1678843587732 -5.472928 0.712296 -2.217172 0.224044 0.157053 0.550327 -0.788846
1678843587796 -5.468401 0.706276 -2.264156 0.231376 0.155933 0.557750 -0.781706
1678843587836 -5.463514 0.705039 -2.284147 0.232920 0.154965 0.561863 -0.778488
1678843587892 -5.443056 0.704717 -2.278659 0.230350 0.155741 0.571567 -0.772007
1678843587953 -5.435287 0.703410 -2.322291 0.245072 0.157656 0.571460 -0.767149
1678843587995 -5.431147 0.701333 -2.344180 0.260262 0.165718 0.568774 -0.762429
1678843588035 -5.426388 0.699407 -2.364255 0.267618 0.175236 0.567900 -0.758395
1678843588091 -5.418178 0.693699 -2.393472 0.256786 0.195930 0.567344 -0.757492
1678843588155 -5.413739 0.687471 -2.432836 0.278612 0.204040 0.563823 -0.750231
1678843588194 -5.408674 0.684474 -2.464868 0.282158 0.213442 0.562648 -0.747166
1678843588260 -5.397206 0.679258 -2.507595 0.276992 0.231642 0.566400 -0.740816
1678843588293 -5.391850 0.676065 -2.525301 0.275567 0.239884 0.570333 -0.735689
1678843588329 -5.385627 0.672693 -2.543685 0.274205 0.250258 0.574219 -0.729695
1678843588381 -5.374605 0.670560 -2.566622 0.269831 0.262244 0.578861 -0.723422
1678843588432 -5.356894 0.665884 -2.601837 0.249518 0.288076 0.588852 -0.712745
1678843588479 -5.343868 0.664313 -2.629966 0.240917 0.301905 0.594708 -0.705078
1678843588562 -5.320641 0.661723 -2.661051 0.215512 0.321078 0.610727 -0.690996
1678843588588 -5.289140 0.659862 -2.686154 0.183278 0.353481 0.625096 -0.671353
1678843588659 -5.244352 0.652585 -2.729505 0.169745 0.377095 0.646453 -0.641159
1678843588698 -5.224822 0.648691 -2.736090 0.158616 0.386761 0.657198 -0.627175
1678843588740 -5.203665 0.643314 -2.741235 0.152611 0.400517 0.667131 -0.609289
1678843588787 -5.157473 0.632814 -2.749552 0.132691 0.430975 0.684308 -0.573042
1678843588855 -5.133695 0.627785 -2.747017 0.117529 0.444876 0.691264 -0.557159
1678843588891 -5.083865 0.616058 -2.736360 0.090107 0.470459 0.700603 -0.528870
1678843588956 -5.058419 0.609751 -2.729578 0.078306 0.484393 0.702241 -0.515839
1678843588973 -5.032246 0.600087 -2.707896 0.066088 0.498335 0.702450 -0.503844
1678843589027 -4.979416 0.588795 -2.685828 0.043757 0.521292 0.704890 -0.479030
1678843589068 -4.953393 0.584626 -2.671973 0.033063 0.527961 0.707874 -0.468058
1678843589122 -4.895948 0.577657 -2.643132 0.012697 0.538595 0.713956 -0.447237
1678843589181 -4.834445 0.573362 -2.613689 -0.003252 0.546388 0.719947 -0.427932
1678843589206 -4.834445 0.573362 -2.613689 -0.003252 0.546388 0.719947 -0.427932
1678843589261 -4.772010 0.572524 -2.576747 -0.016446 0.544926 0.731665 -0.409208
1678843589311 -4.749115 0.575447 -2.568402 -0.020557 0.548234 0.736259 -0.396156
1678843589361 -4.693989 0.577322 -2.530359 -0.041249 0.558077 0.736768 -0.379500
1678843589415 -4.641132 0.575587 -2.488952 -0.051695 0.559785 0.741531 -0.366198
1678843589481 -4.616488 0.574627 -2.468007 -0.059170 0.565944 0.740862 -0.356834
1678843589502 -4.594971 0.574662 -2.447327 -0.069922 0.574962 0.737882 -0.346497
1678843589555 -4.550227 0.571003 -2.403159 -0.090267 0.590405 0.734107 -0.323048
1678843589605 -4.535412 0.567728 -2.385177 -0.099679 0.600738 0.730198 -0.309821
1678843589655 -4.513372 0.564347 -2.363450 -0.109896 0.612562 0.723988 -0.297543
1678843589705 -4.466082 0.556352 -2.316649 -0.128333 0.639785 0.707607 -0.271107
1678843589762 -4.420746 0.545432 -2.272697 -0.144467 0.664829 0.693459 -0.237162
1678843589792 -4.397049 0.540476 -2.248772 -0.156857 0.678490 0.683212 -0.219701
1678843589856 -4.349950 0.531148 -2.197793 -0.186025 0.693114 0.669927 -0.190223
1678843589898 -4.326504 0.527174 -2.171356 -0.198844 0.696947 0.666609 -0.174237
1678843589938 -4.303554 0.523346 -2.143663 -0.215030 0.701924 0.661327 -0.153985
1678843589993 -4.257272 0.518579 -2.087065 -0.253739 0.693257 0.661782 -0.130600
1678843590054 -4.235525 0.517447 -2.059645 -0.270535 0.696469 0.654767 -0.114114
1678843590087 -4.196362 0.512075 -2.002968 -0.308459 0.700919 0.638216 -0.079030
1678843590148 -4.178473 0.506872 -1.972990 -0.326520 0.691489 0.640447 -0.071096
1678843590224 -4.135241 0.484126 -1.883010 -0.364321 0.672921 0.643060 -0.030339
1678843590272 -4.131734 0.477503 -1.854701 -0.377591 0.673537 0.635262 -0.014623
1678843590323 -4.110566 0.456810 -1.793389 -0.391370 0.675111 0.625173 0.014637
1678843590372 -4.103344 0.444156 -1.762319 -0.394045 0.671609 0.626902 0.025757
1678843590408 -4.092965 0.430587 -1.729860 -0.396139 0.666925 0.630043 0.036476
1678843590463 -4.076149 0.403631 -1.664488 -0.402586 0.661388 0.630199 0.057784
1678843590514 -4.057133 0.377761 -1.595872 -0.405967 0.657206 0.630654 0.074474
1678843590556 -4.047215 0.364101 -1.560776 -0.405260 0.655683 0.631755 0.082042
1678843590602 -4.079817 0.357790 -1.563882 -0.402703 0.654574 0.633475 0.089852
1678843590656 -4.064704 0.326676 -1.497518 -0.397960 0.638920 0.649184 0.109401
1678843590697 -4.067857 0.312380 -1.477915 -0.403591 0.640181 0.644003 0.111994
1678843590756 -4.062167 0.298302 -1.446406 -0.405393 0.639440 0.642496 0.118199
1678843590806 -4.055574 0.270223 -1.389606 -0.413068 0.627113 0.648577 0.124306
1678843590858 -4.049096 0.243568 -1.331094 -0.426432 0.613188 0.652063 0.130267
1678843590896 -4.052894 0.232978 -1.312558 -0.432946 0.609292 0.651067 0.132030
1678843590971 -4.050220 0.220952 -1.284265 -0.437050 0.600952 0.655178 0.136330
1678843590993 -4.047789 0.200464 -1.226417 -0.445873 0.589602 0.657537 0.145642
1678843591036 -4.045020 0.190489 -1.197266 -0.452611 0.583643 0.657917 0.147136
1678843591070 -4.045396 0.183976 -1.169002 -0.459889 0.579896 0.654840 0.152993
1678843591130 -4.041492 0.166817 -1.109054 -0.476313 0.569262 0.649697 0.164200
1678843591176 -4.040376 0.157320 -1.078180 -0.482834 0.565132 0.646620 0.171404
1678843591216 -4.039691 0.144992 -1.019136 -0.499488 0.554571 0.638297 0.188517
1678843591269 -4.041530 0.138636 -0.991046 -0.513608 0.545974 0.631487 0.198351
1678843591309 -4.044210 0.133598 -0.964247 -0.521917 0.534842 0.630829 0.208808
1678843591362 -4.054785 0.127616 -0.915227 -0.538699 0.520685 0.618610 0.236669
1678843591422 -4.068661 0.123983 -0.863925 -0.558247 0.500531 0.612945 0.249254
1678843591473 -4.079005 0.125328 -0.840968 -0.563165 0.499383 0.604221 0.261493
1678843591508 -4.089726 0.125965 -0.815751 -0.573148 0.498287 0.591255 0.271347
1678843591583 -4.113518 0.125808 -0.771219 -0.588913 0.489957 0.576645 0.283909
1678843591617 -4.137376 0.121940 -0.718752 -0.604858 0.479790 0.565803 0.289508
1678843591660 -4.149862 0.120137 -0.691229 -0.613026 0.476496 0.559557 0.289907
1678843591723 -4.175732 0.118158 -0.636853 -0.623083 0.472491 0.550612 0.292140
1678843591756 -4.189295 0.117337 -0.609449 -0.628778 0.470306 0.546616 0.290968
1678843591789 -4.205595 0.119080 -0.586747 -0.632779 0.468872 0.543641 0.290178
1678843591860 -4.234829 0.123030 -0.535606 -0.637094 0.470102 0.536620 0.291812
1678843591891 -4.249067 0.124561 -0.510446 -0.636549 0.468970 0.537555 0.293098
1678843591953 -4.264923 0.127403 -0.485954 -0.635372 0.472463 0.533646 0.297157
1678843591987 -4.298515 0.133854 -0.441905 -0.635879 0.475259 0.526767 0.303816
1678843592029 -4.314752 0.136150 -0.422074 -0.639026 0.470123 0.528014 0.303038
1678843592082 -4.331185 0.141005 -0.403826 -0.639938 0.470155 0.523918 0.308129
1678843592128 -4.366959 0.151128 -0.368914 -0.640328 0.473858 0.512467 0.320648
1678843592185 -4.404848 0.159546 -0.336461 0.640444 -0.478688 -0.497282 -0.336749
1678843592243 -4.425292 0.164453 -0.319773 0.645756 -0.480420 -0.484835 -0.342243
1678843592279 -4.444610 0.168612 -0.306061 0.651770 -0.479458 -0.475210 -0.345674
1678843592326 -4.485123 0.174849 -0.270595 0.659254 -0.478379 -0.458892 -0.354902
1678843592371 -4.505931 0.178041 -0.252505 0.663581 -0.478799 -0.447503 -0.360767
1678843592423 -4.547509 0.184566 -0.215004 0.671334 -0.480891 -0.424778 -0.370969
1678843592485 -4.590383 0.191915 -0.173966 0.675805 -0.481762 -0.405345 -0.383261
1678843592531 -4.612460 0.195821 -0.155671 0.679689 -0.480587 -0.393264 -0.390388
1678843592573 -4.634820 0.199709 -0.137893 0.684340 -0.478295 -0.380952 -0.397225
1678843592622 -4.680148 0.207663 -0.103699 0.686622 -0.469560 -0.364825 -0.418290
1678843592666 -4.703897 0.210892 -0.087379 0.690351 -0.461980 -0.357530 -0.426804
1678843592717 -4.728952 0.216316 -0.073423 0.694631 -0.457108 -0.343067 -0.436858
1678843592768 -4.780787 0.226897 -0.048371 0.708254 -0.445190 -0.310124 -0.451670
1678843592833 -4.831028 0.234107 -0.026757 0.718202 -0.431165 -0.291073 -0.462125
1678843592879 -4.878440 0.240461 -0.013206 0.720434 -0.425670 -0.269956 -0.476344
1678843592935 -4.903731 0.243440 -0.005110 0.719727 -0.423760 -0.261493 -0.483779
1678843592982 -4.961779 0.246818 0.021338 0.720430 -0.421465 -0.243371 -0.494083
1678843593059 -5.014047 0.249011 0.036836 0.721731 -0.418776 -0.230750 -0.500485
1678843593095 -5.040798 0.253703 0.043942 0.718995 -0.420301 -0.225922 -0.505325
1678843593149 -5.066519 0.256788 0.052286 0.715690 -0.423480 -0.220414 -0.509774
1678843593186 -5.108347 0.264522 0.065444 0.707408 -0.434540 -0.209706 -0.516500
1678843593252 -5.128106 0.270332 0.076236 0.702278 -0.441344 -0.211872 -0.516846
1678843593287 -5.165675 0.285249 0.109205 0.684120 -0.459738 -0.226105 -0.519132
1678843593328 -5.176010 0.296003 0.123274 0.672816 -0.473318 -0.232775 -0.518753
1678843593381 -5.180049 0.317379 0.149428 0.649957 -0.504123 -0.246568 -0.512465
1678843593435 -5.178226 0.327559 0.166010 0.640544 -0.520461 -0.253043 -0.504770
1678843593468 -5.175983 0.339321 0.184540 0.632281 -0.536435 -0.260035 -0.494813
1678843593526 -5.153944 0.351388 0.219904 0.617034 -0.563960 -0.281590 -0.471090
1678843593565 -5.138787 0.356603 0.238272 0.610783 -0.574918 -0.296926 -0.456343
1678843593614 -5.100768 0.360891 0.272483 0.599473 -0.596309 -0.322373 -0.425586
1678843593671 -5.077475 0.360483 0.288752 0.592903 -0.606276 -0.337060 -0.409005
1678843593703 -5.052634 0.360820 0.305679 0.585817 -0.616650 -0.350702 -0.391879
1678843593778 -4.962841 0.361273 0.353174 -0.559491 0.646165 0.390759 0.341685
1678843593833 -4.930461 0.361725 0.366724 -0.551075 0.654997 0.400290 0.327204
1678843593876 -4.897078 0.362517 0.379236 -0.545128 0.662610 0.408113 0.311813
1678843593938 -4.826827 0.365852 0.400331 -0.539486 0.666787 0.437717 0.269729
1678843593995 -4.746613 0.367265 0.418854 -0.518892 0.681071 0.457672 0.239643
1678843594035 -4.707242 0.370217 0.424263 -0.514202 0.685434 0.467304 0.217724
1678843594094 -4.624526 0.374836 0.429121 -0.494365 0.690462 0.499654 0.170914
1678843594127 -4.583052 0.376457 0.428704 -0.478352 0.694764 0.516226 0.148301
1678843594181 -4.542275 0.378607 0.425549 -0.461743 0.701522 0.528254 0.124932
1678843594226 -4.464450 0.384493 0.414082 -0.426161 0.714250 0.549788 0.077244
1678843594287 -4.425696 0.383453 0.405823 -0.407594 0.715887 0.564583 0.051176
1678843594316 -4.349079 0.388207 0.385044 -0.362910 0.719524 0.592088 0.003468
1678843594366 -4.311996 0.386539 0.371459 -0.340232 0.720706 0.603648 -0.020856
1678843594415 -4.241135 0.382921 0.340899 -0.296800 0.716930 0.626873 -0.070368
1678843594483 -4.176285 0.378510 0.304020 -0.255495 0.707556 0.647649 -0.120982
1678843594526 -4.146307 0.378376 0.284050 -0.236058 0.704961 0.652312 -0.147632
1678843594556 -4.117479 0.377682 0.261860 -0.210259 0.700811 0.658668 -0.175532
1678843594625 -4.063869 0.373184 0.210322 -0.124464 0.682595 0.685396 -0.220918
1678843594672 -4.045702 0.375958 0.183262 -0.096660 0.682812 0.681407 -0.245170
1678843594727 -4.017029 0.383046 0.129601 -0.056972 0.672282 0.676045 -0.296234
1678843594782 -4.011967 0.384033 0.101403 -0.030771 0.656512 0.683031 -0.318612
1678843594824 -3.998173 0.385426 0.039470 0.020006 0.632660 0.684260 -0.362117
1678843594886 -3.994770 0.386072 0.006901 0.042615 0.621965 0.680835 -0.384457
1678843594926 -3.992295 0.384029 -0.060432 0.093811 0.595305 0.676497 -0.423278
1678843594967 -3.993121 0.382130 -0.094632 0.118593 0.581620 0.673647 -0.440289
1678843595020 -4.000570 0.381578 -0.161846 0.155059 0.557083 0.666564 -0.470434
1678843595071 -4.002546 0.379621 -0.195632 0.170971 0.543528 0.664727 -0.483203
1678843596491 -3.807245 0.336395 -0.251994 0.200273 0.553034 0.659838 -0.467609
1678843596538 -3.791350 0.336111 -0.271358 0.200392 0.556730 0.654490 -0.470677
1678843596599 -3.770428 0.336429 -0.311368 0.205770 0.552336 0.657132 -0.469851
1678843596636 -3.756381 0.337864 -0.328840 0.201596 0.555361 0.654742 -0.471429
1678843596689 -3.741498 0.334689 -0.365985 0.198653 0.555777 0.656191 -0.470172
1678843596738 -3.728916 0.332619 -0.381455 0.202620 0.546616 0.665661 -0.465887
1678843596785 -3.706335 0.331302 -0.411282 0.210283 0.539542 0.670590 -0.463663
1678843596834 -3.687559 0.328271 -0.428791 0.209351 0.541219 0.667870 -0.466052
1678843596866 -3.675691 0.328505 -0.443196 0.211715 0.539986 0.667329 -0.467187
1678843596927 -3.648328 0.327415 -0.476106 0.214594 0.535799 0.667257 -0.470783
1678843596980 -3.620809 0.327143 -0.507591 0.217419 0.528630 0.667941 -0.476585
1678843597023 -3.607798 0.326363 -0.525057 0.218352 0.525982 0.666673 -0.480847
1678843597074 -3.577272 0.325148 -0.558365 0.221736 0.517332 0.667592 -0.487361
1678843597123 -3.567511 0.328173 -0.574004 0.224348 0.513871 0.666979 -0.490656
1678843597187 -3.535134 0.327859 -0.607054 0.220699 0.508125 0.665139 -0.500691
1678843597230 -3.518881 0.330319 -0.619641 0.224804 0.500842 0.665528 -0.505660
1678843597269 -3.504300 0.329333 -0.637724 0.242174 0.491241 0.664703 -0.508138
1678843597315 -3.483970 0.336192 -0.674382 0.258974 0.492372 0.646994 -0.521441
1678843597367 -3.473708 0.339061 -0.689622 0.258449 0.490448 0.640889 -0.530967
1678843597415 -3.469224 0.337114 -0.713081 0.286023 0.474518 0.639989 -0.532389
1678843597454 -3.464111 0.338317 -0.728528 0.290727 0.472263 0.634188 -0.538750
1678843597516 -3.448811 0.336960 -0.764909 0.302408 0.467816 0.623694 -0.548364
1678843597572 -3.446744 0.335219 -0.781916 0.307185 0.464073 0.621587 -0.551274
1678843597630 -3.425854 0.324471 -0.824151 0.321393 0.453413 0.620660 -0.553086
1678843597694 -3.427159 0.318398 -0.864771 0.331487 0.447069 0.615766 -0.557743
1678843597727 -3.428802 0.315504 -0.886806 0.333589 0.445598 0.612707 -0.561027
1678843597770 -3.422373 0.311665 -0.914047 0.338616 0.440849 0.612437 -0.562061
1678843597818 -3.422164 0.301604 -0.966835 0.348787 0.431947 0.611055 -0.564253
1678843597880 -3.425492 0.299509 -0.994837 0.351340 0.428203 0.610324 -0.566309
1678843597921 -3.430604 0.296571 -1.053824 0.349663 0.424117 0.610724 -0.569979
1678843597978 -3.440265 0.296674 -1.113599 0.358092 0.423093 0.607114 -0.569364
1678843598027 -3.442411 0.296942 -1.140397 0.362814 0.424319 0.609450 -0.562930
1678843598069 -3.443373 0.298868 -1.165124 0.359034 0.422745 0.617809 -0.557399
1678843598127 -3.441203 0.302875 -1.209907 0.336980 0.422258 0.639123 -0.547416
1678843598170 -3.439666 0.304407 -1.233992 0.332486 0.416996 0.649812 -0.541583
1678843598224 -3.435107 0.306780 -1.282228 0.331750 0.419089 0.652371 -0.537325
1678843598304 -3.424913 0.310709 -1.329176 0.324489 0.415433 0.658291 -0.537378
1678843598330 -3.416399 0.311539 -1.347113 0.319073 0.414782 0.662097 -0.536448
1678843598368 -3.407024 0.312222 -1.369235 0.313475 0.413923 0.666713 -0.534692
1678843598429 -3.384625 0.312841 -1.408314 0.302118 0.410823 0.678645 -0.528574
1678843598487 -3.358684 0.313003 -1.453296 0.286689 0.411025 0.687556 -0.525485
1678843598527 -3.343808 0.313663 -1.473871 0.281833 0.408222 0.693036 -0.523093
1678843598594 -3.315922 0.314590 -1.520966 0.274451 0.404833 0.700225 -0.520069
1678843598628 -3.300644 0.320115 -1.541019 0.275831 0.403473 0.701496 -0.518681
1678843598658 -3.286828 0.322189 -1.564707 0.281782 0.404742 0.700365 -0.516015
1678843598721 -3.253951 0.331543 -1.609905 0.256051 0.413171 0.703202 -0.518879
1678843598799 -3.237988 0.335022 -1.630759 0.245171 0.410801 0.707627 -0.519998
1678843598816 -3.208298 0.336341 -1.675682 0.260714 0.403726 0.706775 -0.519136
1678843598863 -3.193129 0.339532 -1.696909 0.260358 0.405576 0.703594 -0.522185
1678843598917 -3.156461 0.348969 -1.735702 0.241180 0.412051 0.702419 -0.527876
1678843598971 -3.138560 0.349490 -1.757194 0.237082 0.410676 0.705698 -0.526429
1678843599003 -3.114895 0.352138 -1.779750 0.235089 0.406836 0.710638 -0.523652
1678843599055 -3.075492 0.354152 -1.826244 0.222542 0.407345 0.714911 -0.522922
1678843599103 -3.050285 0.358353 -1.850487 0.212526 0.409365 0.717434 -0.522055
1678843599158 -3.007316 0.364455 -1.892623 0.183449 0.416059 0.722588 -0.520680
1678843599203 -2.985498 0.366235 -1.911435 0.170556 0.420616 0.724555 -0.518665
1678843599254 -2.939570 0.367473 -1.945704 0.154569 0.432665 0.731444 -0.503884
1678843599298 -2.913418 0.368795 -1.957223 0.148360 0.437960 0.738108 -0.491302
1678843599360 -2.862012 0.370056 -1.970872 0.104191 0.462778 0.745945 -0.467490
1678843599388 -2.835969 0.368710 -1.974323 0.084392 0.467759 0.753650 -0.453973
1678843599433 -2.808721 0.365773 -1.976519 0.077906 0.471613 0.761020 -0.438589
1678843599491 -2.760788 0.361858 -1.962554 0.046602 0.493066 0.762802 -0.415748
1678843599552 -2.736322 0.362096 -1.955105 0.022308 0.506480 0.759706 -0.407219
1678843599602 -2.680526 0.356005 -1.946213 0.002104 0.523938 0.759992 -0.384573
1678843599652 -2.632387 0.349882 -1.923503 -0.027127 0.528727 0.766749 -0.363054
1678843599692 -2.616359 0.353306 -1.904504 -0.044316 0.532862 0.766603 -0.355547
1678843599745 -2.593561 0.352389 -1.890800 -0.056701 0.538761 0.765410 -0.347374
1678843599796 -2.545807 0.354831 -1.859987 -0.075414 0.548938 0.761922 -0.335344
1678843599836 -2.521609 0.353889 -1.843900 -0.083194 0.553097 0.761033 -0.328620
1678843599883 -2.472223 0.352641 -1.809412 -0.095684 0.559828 0.758963 -0.318451
1678843599955 -2.446615 0.351638 -1.789920 -0.099455 0.566168 0.757128 -0.310354
1678843599991 -2.396560 0.352172 -1.748798 -0.118819 0.575752 0.751476 -0.299457
1678843600039 -2.372850 0.353399 -1.726131 -0.131262 0.580416 0.747473 -0.295248
1678843600095 -2.327569 0.356527 -1.678802 -0.147411 0.589212 0.741753 -0.284434
1678843600130 -2.307492 0.356272 -1.654354 -0.155475 0.595246 0.738370 -0.276260
1678843600184 -2.289069 0.355769 -1.628630 -0.168923 0.602715 0.732646 -0.267263
1678843600228 -2.255913 0.354083 -1.573795 -0.194157 0.611563 0.725721 -0.248240
1678843600291 -2.219390 0.346092 -1.518791 -0.214368 0.615654 0.723455 -0.227222
1678843600330 -2.202096 0.349632 -1.486630 -0.227974 0.618063 0.720073 -0.217992
1678843600384 -2.184992 0.347390 -1.457711 -0.239824 0.622577 0.715396 -0.207585
1678843600429 -2.142226 0.347706 -1.391302 -0.265825 0.633629 0.702497 -0.185336
1678843600495 -2.110449 0.343651 -1.328130 -0.291882 0.637477 0.693797 -0.164538
1678843600543 -2.095094 0.341621 -1.294897 -0.303541 0.641895 0.687948 -0.150205
1678843600612 -2.069190 0.340205 -1.225832 -0.334388 0.647131 0.674192 -0.121947
1678843600638 -2.057051 0.337356 -1.191929 -0.344959 0.646439 0.672387 -0.104961
1678843600692 -2.038869 0.332380 -1.123513 -0.372381 0.647941 0.660963 -0.068074
1678843600755 -2.032057 0.329169 -1.056063 -0.409938 0.641891 0.646925 -0.037600
1678843600799 -2.026891 0.329933 -1.017732 -0.420252 0.635372 0.647431 -0.022893
1678843600854 -2.033922 0.332264 -0.954967 -0.449556 0.635536 0.627661 0.005952
1678843600896 -2.041341 0.328373 -0.932618 -0.464412 0.637238 0.614728 0.018928
1678843600946 -2.048086 0.329002 -0.903483 -0.475507 0.638043 0.604864 0.030556
1678843600996 -2.060815 0.328846 -0.839723 -0.496772 0.632784 0.592004 0.048311
1678843601035 -2.069683 0.328388 -0.811093 -0.507741 0.630656 0.584403 0.054268
1678843601095 -2.089458 0.329483 -0.756807 -0.522823 0.628677 0.572239 0.062956
1678843601134 -2.099665 0.331842 -0.728764 -0.529661 0.629072 0.565163 0.065718
1678843601180 -2.108769 0.337264 -0.695033 -0.533979 0.630724 0.558681 0.070209
1678843601225 -2.133068 0.346340 -0.638927 -0.542429 0.638890 0.538815 0.085257
1678843601290 -2.159717 0.355494 -0.582280 -0.549019 0.639698 0.529489 0.094896
1678843601345 -2.186279 0.361750 -0.524126 -0.555977 0.640290 0.519395 0.105573
1678843601396 -2.200563 0.364773 -0.495380 -0.561337 0.641658 0.511160 0.109047
1678843601420 -2.212830 0.367273 -0.466238 -0.566248 0.641037 0.506237 0.110267
1678843601491 -2.239847 0.366412 -0.405173 -0.568454 0.640860 0.502178 0.118216
1678843601530 -2.256484 0.367779 -0.379293 -0.571194 0.642348 0.495749 0.123935
1678843601586 -2.292781 0.368688 -0.330763 -0.582258 0.643502 0.477030 0.139007
1678843601629 -2.311500 0.367104 -0.304872 -0.588297 0.641789 0.469879 0.145696
1678843601690 -2.349155 0.360209 -0.246366 -0.597103 0.637742 0.459331 0.160526
1678843601733 -2.368597 0.357141 -0.219300 -0.600979 0.636240 0.453274 0.169014
1678843601786 -2.411161 0.351842 -0.164730 -0.613252 0.633673 0.431528 0.190165
1678843601836 -2.434173 0.348387 -0.136692 -0.622720 0.628579 0.421499 0.198613
1678843601886 -2.482469 0.341358 -0.080063 -0.642063 0.616703 0.400885 0.216156
1678843601937 -2.508806 0.340763 -0.051582 -0.648632 0.614918 0.384834 0.230335
1678843601975 -2.533939 0.339117 -0.026649 -0.652617 0.612905 0.371942 0.245148
1678843602026 -2.590139 0.339069 0.026567 -0.659081 0.602454 0.356078 0.275446
1678843602083 -2.651212 0.342419 0.067119 0.672063 -0.595273 -0.315901 -0.306898
1678843602143 -2.682512 0.342717 0.086008 0.679953 -0.585925 -0.305127 -0.318202
1678843602184 -2.746253 0.349417 0.118654 0.692132 -0.566983 -0.294407 -0.335869
1678843602251 -2.776979 0.353572 0.130397 0.695746 -0.563118 -0.275734 -0.350437
1678843602286 -2.837982 0.362121 0.151277 0.701748 -0.556598 -0.240030 -0.374345
1678843602324 -2.868420 0.365314 0.161870 0.705766 -0.552224 -0.227855 -0.380821
1678843602368 -2.898505 0.368721 0.172223 0.709098 -0.549807 -0.213337 -0.386497
1678843603645 -3.061575 0.340277 0.332247 0.718484 -0.581956 -0.181164 -0.335092
1678843603689 -3.074143 0.340002 0.337681 0.720087 -0.581556 -0.176584 -0.334792
1678843603768 -3.139552 0.350067 0.397920 0.716860 -0.588181 -0.172175 -0.332433
1678843603792 -3.148548 0.350922 0.403067 0.709926 -0.591187 -0.177573 -0.339073
1678843603837 -3.121117 0.344873 0.370573 0.705700 -0.590135 -0.181261 -0.347667
1678843603883 -3.142801 0.347025 0.374697 0.714545 -0.582704 -0.172517 -0.346582
1678843603933 -3.179577 0.351055 0.396012 0.718099 -0.581500 -0.163330 -0.345709
1678843603970 -3.191569 0.352126 0.398902 0.718966 -0.580634 -0.160959 -0.346473
1678843604027 -3.220088 0.353376 0.409568 0.717237 -0.581517 -0.168196 -0.345135
1678843604088 -3.229715 0.352965 0.413599 0.712318 -0.583737 -0.168407 -0.351417
1678843604121 -3.254898 0.353637 0.418784 0.713130 -0.584387 -0.168211 -0.348771
1678843604183 -3.267968 0.353258 0.421672 0.713387 -0.584189 -0.168573 -0.348404
1678843604224 -3.299357 0.349500 0.432442 0.709362 -0.583492 -0.172951 -0.355572
1678843604284 -3.314479 0.348141 0.437931 0.708269 -0.582232 -0.172224 -0.360140
1678843604334 -3.343598 0.346403 0.451710 0.708565 -0.579567 -0.168821 -0.365427
1678843604373 -3.361432 0.343954 0.462730 0.706837 -0.578841 -0.169487 -0.369592
1678843604426 -3.395268 0.337049 0.485981 0.705829 -0.577833 -0.167675 -0.373898
1678843604485 -3.435725 0.332058 0.516124 0.705010 -0.576955 -0.160597 -0.379859
1678843604527 -3.467371 0.329105 0.537063 0.704759 -0.577464 -0.154669 -0.382004
1678843604593 -3.522542 0.325863 0.578087 0.703929 -0.575272 -0.151684 -0.387992
1678843604626 -3.544717 0.325171 0.595039 0.703890 -0.573059 -0.145717 -0.393585
1678843604684 -3.589520 0.326854 0.628161 0.713344 -0.563223 -0.137775 -0.393621
1678843604720 -3.612538 0.329137 0.643404 0.709237 -0.561558 -0.132762 -0.404981
1678843604751 -3.634527 0.332737 0.657764 0.705984 -0.558807 -0.123427 -0.417237
1678843604813 -3.676061 0.336155 0.683349 0.714951 -0.552171 -0.106216 -0.415537
1678843604858 -3.697408 0.335412 0.696615 0.715767 -0.546705 -0.110557 -0.420201
1678843604923 -3.741358 0.335643 0.725903 0.719601 -0.536661 -0.103958 -0.428208
1678843604968 -3.763857 0.334379 0.734852 0.723780 -0.531389 -0.095640 -0.429675
1678843605010 -3.801720 0.328362 0.744722 0.726834 -0.523026 -0.081961 -0.437536
1678843605059 -3.825132 0.325693 0.753565 0.728755 -0.519153 -0.075759 -0.440065
1678843605116 -3.873251 0.318805 0.774423 0.731273 -0.513585 -0.075783 -0.442410
1678843605159 -3.897683 0.315400 0.783777 0.733415 -0.510253 -0.076596 -0.442580
1678843605200 -3.930453 0.315098 0.799493 0.735161 -0.507812 -0.072641 -0.443157
1678843605259 -3.980272 0.313776 0.813683 0.736990 -0.505023 -0.062645 -0.444829
1678843605306 -4.034878 0.321387 0.827851 0.733262 -0.507255 -0.053292 -0.449643
1678843605362 -4.061291 0.325703 0.834118 0.725358 -0.509390 -0.055656 -0.459652
1678843605420 -4.117354 0.336766 0.842083 0.719314 -0.509472 -0.055992 -0.468925
1678843605468 -4.144779 0.343562 0.841199 0.716049 -0.511935 -0.039998 -0.472861
1678843605491 -4.171859 0.348710 0.840349 0.711911 -0.512091 -0.031325 -0.479546
1678843605558 -4.225694 0.354262 0.837701 0.712553 -0.507199 -0.030170 -0.483846
1678843605602 -4.252573 0.357624 0.835102 0.709056 -0.506433 -0.020260 -0.490260
1678843605664 -4.308037 0.359899 0.829632 0.705359 -0.501008 -0.006554 -0.501415
1678843605699 -4.336884 0.360311 0.825374 0.704954 -0.495742 0.005010 -0.507203
1678843605740 -4.365372 0.359656 0.819670 0.704376 -0.491582 0.021469 -0.511606
1678843605824 -4.456124 0.354459 0.804597 0.704168 -0.469747 0.053683 -0.529720
1678843605859 -4.487428 0.354803 0.798208 0.702198 -0.462249 0.069187 -0.537082
1678843605921 -4.518550 0.356508 0.790655 0.696710 -0.454806 0.085530 -0.548116
1678843605961 -4.577602 0.362680 0.763937 0.689818 -0.435772 0.107995 -0.567971
1678843606015 -4.637265 0.366918 0.737563 0.688534 -0.410526 0.134605 -0.582470
1678843606060 -4.673479 0.355539 0.733817 0.687112 -0.397890 0.156574 -0.587406
1678843606100 -4.699916 0.355892 0.716444 0.685808 -0.385875 0.177459 -0.590996
1678843606156 -4.750950 0.348069 0.679152 0.689130 -0.356051 0.188312 -0.602384
1678843606214 -4.770505 0.353899 0.654014 0.686197 -0.342390 0.206516 -0.607662
1678843606261 -4.809874 0.348690 0.606877 0.677006 -0.320437 0.243628 -0.616140
1678843606324 -4.846669 0.341090 0.556781 0.673506 -0.299841 0.258109 -0.624392
1678843606365 -4.864259 0.338082 0.531195 0.670424 -0.293144 0.266281 -0.627449
1678843606430 -4.911141 0.336084 0.478935 0.657872 -0.281067 0.275733 -0.642010
1678843606458 -4.928449 0.335035 0.453303 0.651871 -0.273440 0.273424 -0.652330
1678843606510 -4.945747 0.333970 0.426414 0.651317 -0.266170 0.271856 -0.656532
1678843606557 -4.977560 0.339353 0.366859 0.643746 -0.261517 0.288430 -0.658793
1678843606610 -4.993696 0.340870 0.338035 0.642214 -0.253794 0.289722 -0.662730
1678843606652 -5.022636 0.353179 0.276138 0.633455 -0.246211 0.308790 -0.665404
1678843606697 -5.034642 0.355147 0.246616 0.626960 -0.241277 0.318365 -0.668842
1678843606758 -5.054936 0.358841 0.197651 0.619613 -0.223300 0.318291 -0.681841
1678843606808 -5.065174 0.356915 0.170408 0.620364 -0.215755 0.321909 -0.681889
1678843606836 -5.074267 0.355032 0.143885 0.619646 -0.211008 0.329951 -0.680181
1678843606894 -5.089315 0.350144 0.104272 0.614197 -0.196207 0.337844 -0.685657
1678843606950 -5.112097 0.347684 0.061938 0.616077 -0.188074 0.342084 -0.684146
1678843606995 -5.125980 0.342118 0.041508 0.619348 -0.184127 0.342649 -0.681980
1678843607058 -5.151194 0.335476 0.012539 0.619633 -0.173711 0.341142 -0.685201
1678843607098 -5.169443 0.331163 -0.004520 0.618396 -0.167790 0.339994 -0.688358
1678843607140 -5.189374 0.327450 -0.020862 0.617254 -0.163491 0.338694 -0.691053
1678843607206 -5.238052 0.323839 -0.057445 0.617433 -0.158805 0.337553 -0.692543
1678843607265 -5.290730 0.328472 -0.097153 0.611380 -0.157020 0.344702 -0.694794
1678843607301 -5.314828 0.330612 -0.111460 0.613079 -0.160099 0.342438 -0.693713
1678843607353 -5.333677 0.334169 -0.132697 0.609267 -0.156498 0.341616 -0.698284
1678843607396 -5.379310 0.341025 -0.161285 0.597113 -0.161518 0.352780 -0.702079
1678843607460 -5.437570 0.343135 -0.184940 0.616658 -0.170654 0.338806 -0.689798
1678843607503 -5.461599 0.344409 -0.195693 0.620447 -0.169649 0.327793 -0.691965
1678843607537 -5.485895 0.350091 -0.201856 0.618940 -0.170944 0.327012 -0.693365
1678843607598 -5.530219 0.354894 -0.224385 0.613341 -0.176320 0.339426 -0.691024
1678843607651 -5.578908 0.350798 -0.247096 0.615990 -0.181677 0.341093 -0.686444
1678843607705 -5.607186 0.349425 -0.258256 0.618438 -0.188486 0.339412 -0.683232
1678843607730 -5.635122 0.349184 -0.269668 0.619401 -0.192081 0.333000 -0.684513
1678843607801 -5.693852 0.344034 -0.293047 0.620291 -0.195658 0.313293 -0.691957
1678843607845 -5.748776 0.343299 -0.311783 0.610452 -0.208983 0.304594 -0.700640
1678843607898 -5.777220 0.344279 -0.322156 0.609532 -0.213056 0.288074 -0.707171
1678843607944 -5.830887 0.348444 -0.344288 0.615490 -0.222140 0.257178 -0.711116
1678843608009 -5.855503 0.351853 -0.355932 0.612819 -0.228139 0.256095 -0.711913
1678843608045 -5.875307 0.347402 -0.368561 0.614084 -0.233267 0.252481 -0.710451
1678843608098 -5.926314 0.345836 -0.391849 0.632992 -0.242538 0.232600 -0.697419
1678843608142 -5.976861 0.345748 -0.415215 0.633059 -0.249953 0.227645 -0.696374
1678843608195 -6.001942 0.346203 -0.425642 0.628487 -0.252575 0.228487 -0.699288
1678843608228 -6.028622 0.345634 -0.435752 0.627067 -0.256037 0.229131 -0.699093
1678843608291 -6.086003 0.343632 -0.454722 0.626761 -0.259214 0.227030 -0.698882
1678843608343 -6.146785 0.342159 -0.475032 0.629548 -0.258284 0.230150 -0.695694
1678843608396 -6.179364 0.341572 -0.485414 0.628379 -0.257285 0.232310 -0.696402
1678843608419 -6.213530 0.342027 -0.495398 0.628972 -0.257495 0.232013 -0.695889
1678843608506 -6.280854 0.351599 -0.515531 0.631822 -0.254511 0.224404 -0.696899
1678843608545 -6.346496 0.358713 -0.541859 0.628215 -0.249422 0.240354 -0.696681
1678843608576 -6.377952 0.360263 -0.557835 0.638801 -0.249432 0.246748 -0.684713
1678843608625 -6.412794 0.351899 -0.578728 0.654320 -0.249119 0.246057 -0.670269
1678843608665 -6.441137 0.353077 -0.595606 0.656563 -0.244825 0.250008 -0.668193
1678843608724 -6.490029 0.352816 -0.635771 0.647571 -0.236162 0.271515 -0.671684
1678843608753 -6.515490 0.352033 -0.656456 0.647035 -0.234011 0.280084 -0.669431
1678843608812 -6.541461 0.349472 -0.678168 0.648365 -0.230577 0.283514 -0.667890
1678843608863 -6.596289 0.345634 -0.725950 0.647528 -0.224951 0.293486 -0.666311
1678843608916 -6.641624 0.341437 -0.779025 0.643277 -0.219423 0.301131 -0.668856
1678843608960 -6.653932 0.339580 -0.805897 0.637929 -0.213926 0.303355 -0.674728
1678843608997 -6.672321 0.342046 -0.835555 0.628817 -0.208248 0.307633 -0.683069
1678843609044 -6.708267 0.348549 -0.897812 0.622348 -0.199458 0.308134 -0.691342
1678843609082 -6.723224 0.353643 -0.930578 0.613239 -0.191782 0.318181 -0.697078
1678843609122 -6.736035 0.357393 -0.963467 0.600862 -0.184666 0.333809 -0.702449
1678843609187 -6.760061 0.360827 -1.030475 0.599717 -0.168070 0.350824 -0.699296
1678843609223 -6.775239 0.362936 -1.063894 0.592449 -0.156870 0.360770 -0.703022
1678843609259 -6.783564 0.364189 -1.096838 0.584156 -0.143905 0.368925 -0.708483
1678843609325 -6.795563 0.363046 -1.164084 0.570979 -0.115913 0.388246 -0.714011
1678843609368 -6.799255 0.362257 -1.198378 0.559674 -0.099393 0.402774 -0.717398
1678843609426 -6.792744 0.357536 -1.265627 0.542755 -0.068772 0.436054 -0.714524
1678843609460 -6.791245 0.354947 -1.300632 0.533787 -0.051958 0.452743 -0.712316
1678843609522 -6.769077 0.350710 -1.362792 0.501351 -0.014855 0.491430 -0.711985
1678843609568 -6.761951 0.347987 -1.394984 0.495547 0.000498 0.505506 -0.706326
1678843609621 -6.741521 0.343070 -1.452463 0.472913 0.049349 0.524531 -0.706247
1678843609667 -6.726559 0.339381 -1.479683 0.462884 0.068888 0.538807 -0.700485
1678843609714 -6.688987 0.331119 -1.528305 0.447258 0.105749 0.570376 -0.680770
1678843609757 -6.667280 0.328620 -1.548579 0.431577 0.125437 0.585353 -0.674811
1678843609810 -6.618643 0.324442 -1.586391 0.399875 0.165494 0.611418 -0.662480
1678843609864 -6.592175 0.321285 -1.602684 0.384979 0.183256 0.623160 -0.655652
1678843609909 -6.564438 0.317481 -1.618186 0.373874 0.197763 0.633879 -0.647538
1678843609952 -6.504019 0.310377 -1.641840 0.353317 0.218707 0.656215 -0.629854
1678843610000 -6.440097 0.308008 -1.660076 0.328650 0.235430 0.675589 -0.616556
1678843610057 -6.413679 0.299055 -1.680784 0.317429 0.247661 0.681369 -0.611261
1678843610132 -6.380091 0.298171 -1.686710 0.303078 0.262797 0.686926 -0.605982
1678843610154 -6.312451 0.289051 -1.704890 0.272638 0.288274 0.702914 -0.590320
1678843610214 -6.240323 0.282346 -1.716364 0.255616 0.309278 0.717579 -0.569287
1678843610256 -6.201519 0.278602 -1.723629 0.248945 0.317388 0.725475 -0.557653
1678843610296 -6.165400 0.278793 -1.726698 0.235757 0.328850 0.729774 -0.551096
1678843610352 -6.095901 0.279406 -1.730440 0.202431 0.363589 0.730134 -0.541968
1678843610394 -6.061048 0.280080 -1.731026 0.186615 0.375017 0.732778 -0.536258
1678843610431 -6.022492 0.276709 -1.734945 0.179531 0.384140 0.735381 -0.528602
1678843610496 -5.956594 0.275148 -1.734935 0.164912 0.408469 0.735448 -0.514853
1678843610540 -5.918228 0.272437 -1.736126 0.152952 0.421126 0.736099 -0.507362
1678843610588 -5.853213 0.270452 -1.733188 0.129672 0.441070 0.738211 -0.493646
1678843610628 -5.820175 0.267785 -1.733042 0.120770 0.450317 0.738870 -0.486518
1678843610684 -5.787705 0.266532 -1.733085 0.111491 0.460675 0.737783 -0.480650
1678843610724 -5.723664 0.265454 -1.732597 0.087315 0.478573 0.736521 -0.469980
1678843610765 -5.691453 0.264750 -1.732709 0.073768 0.490810 0.733508 -0.464359
1678843610819 -5.624929 0.260954 -1.737278 0.067071 0.526029 0.719389 -0.448637
1678843610892 -5.560606 0.261533 -1.743641 0.074685 0.571460 0.689589 -0.438545
1678843610925 -5.531660 0.263808 -1.747350 0.064458 0.597136 0.670521 -0.435518
1678843610955 -5.500514 0.267078 -1.750615 0.059008 0.608856 0.662408 -0.432468
1678843611018 -5.439567 0.269046 -1.758857 0.062406 0.622478 0.661976 -0.412812
1678843611056 -5.406093 0.272727 -1.759905 0.055792 0.631135 0.662336 -0.399832
1678843611095 -5.372345 0.276322 -1.758765 0.041632 0.636659 0.666440 -0.385734
1678843611158 -5.312907 0.278225 -1.754174 0.019496 0.633443 0.684834 -0.359683
1678843611226 -5.250614 0.280428 -1.743671 -0.004912 0.641116 0.689053 -0.337865
1678843611254 -5.236090 0.291549 -1.729478 -0.005915 0.650347 0.687980 -0.322020
1678843611312 -5.206555 0.289684 -1.721955 -0.002673 0.658457 0.688968 -0.302902
1678843611341 -5.156278 0.289810 -1.698677 -0.017018 0.665399 0.690270 -0.283692
1678843611415 -5.101840 0.286831 -1.677118 -0.045031 0.646548 0.706634 -0.283930
1678843611460 -5.081023 0.288091 -1.657720 -0.052416 0.638500 0.715434 -0.278791
1678843611527 -5.026051 0.281935 -1.632461 -0.062634 0.629563 0.724802 -0.272745
1678843611562 -4.998450 0.280953 -1.618935 -0.074304 0.627737 0.724658 -0.274402
1678843611591 -4.970620 0.279816 -1.604361 -0.083727 0.632310 0.720684 -0.271641
1678843611649 -4.919404 0.274760 -1.574419 -0.091736 0.631425 0.722148 -0.267187
1678843611729 -4.852677 0.278743 -1.541634 -0.099245 0.636428 0.718717 -0.261832
1678843611760 -4.825714 0.281280 -1.523878 -0.108513 0.645405 0.710737 -0.257935
1678843611815 -4.799405 0.283533 -1.505833 -0.116164 0.649420 0.706803 -0.255322
1678843611856 -4.748558 0.282228 -1.468146 -0.129839 0.649438 0.706488 -0.249493
1678843611924 -4.699866 0.288809 -1.428499 -0.148918 0.662540 0.692865 -0.242492
1678843611973 -4.674125 0.290800 -1.408952 -0.155212 0.669423 0.686228 -0.238481
1678843612018 -4.647721 0.292167 -1.388843 -0.164706 0.671102 0.682921 -0.236882
1678843612055 -4.600890 0.289097 -1.350861 -0.187256 0.672883 0.677614 -0.230223
1678843612114 -4.547264 0.289139 -1.308115 -0.208925 0.680345 0.666801 -0.221039
1678843612153 -4.519397 0.290172 -1.286230 -0.216286 0.686858 0.660297 -0.213202
1678843612191 -4.491775 0.292348 -1.263900 -0.227261 0.690883 0.654438 -0.206746
1678843612256 -4.438658 0.293715 -1.218084 -0.254398 0.684828 0.653117 -0.199328
1678843612324 -4.388462 0.296169 -1.163362 -0.285669 0.680728 0.650825 -0.177284
1678843612352 -4.366303 0.296715 -1.133781 -0.303979 0.676674 0.649529 -0.166799
1678843612395 -4.344431 0.295505 -1.104675 -0.309765 0.670440 0.655995 -0.155648
1678843612451 -4.327406 0.298398 -1.075748 -0.312604 0.672787 0.655686 -0.140398
1678843612500 -4.291975 0.298257 -1.015779 -0.340635 0.674788 0.643108 -0.122640
1678843612553 -4.249919 0.297405 -0.950959 -0.351638 0.681333 0.633870 -0.101712
1678843612613 -4.231867 0.294729 -0.919744 -0.359025 0.684566 0.627468 -0.093568
1678843612643 -4.219584 0.293825 -0.889962 -0.366064 0.685654 0.623058 -0.087603
1678843612693 -4.183179 0.287447 -0.827524 -0.374988 0.686419 0.617694 -0.081652
1678843612772 -4.145483 0.282123 -0.768337 -0.374278 0.689986 0.614450 -0.079288
1678843612822 -4.105292 0.278272 -0.713753 -0.352784 0.694704 0.622298 -0.075336
1678843612856 -4.084890 0.277918 -0.686344 -0.342960 0.697987 0.624802 -0.069385
1678843612906 -4.063745 0.276957 -0.659716 -0.339659 0.704185 0.619965 -0.066323
1678843612969 -4.023571 0.277787 -0.609290 -0.330239 0.704190 0.624868 -0.067811
1678843613013 -4.003133 0.276996 -0.585202 -0.327231 0.698919 0.632007 -0.070705
1678843613055 -3.954173 0.278426 -0.534231 -0.321537 0.701037 0.632495 -0.071493
1678843613116 -3.908522 0.276960 -0.490316 -0.321622 0.706431 0.626477 -0.070996
1678843613157 -3.897496 0.273329 -0.483289 -0.320101 0.706009 0.627655 -0.071667
1678843613193 -3.870859 0.269912 -0.461352 -0.318313 0.704757 0.629742 -0.073620
1678843613250 -3.830047 0.262349 -0.433541 -0.318303 0.706449 0.627351 -0.077735
1678843613299 -3.801846 0.259624 -0.410933 -0.317774 0.705226 0.628867 -0.078757
1678843613346 -3.752853 0.256767 -0.369464 -0.320063 0.712983 0.619453 -0.074106
1678843613395 -3.725101 0.254587 -0.345870 -0.308256 0.712957 0.626295 -0.066521
1678843613433 -3.700536 0.254021 -0.321803 -0.304489 0.712072 0.630293 -0.054512
1678843613493 -3.658573 0.257112 -0.279438 -0.316189 0.724259 0.611526 -0.038860
1678843613550 -3.614046 0.254728 -0.232383 -0.320364 0.709549 0.627115 -0.025176
1678843613600 -3.593239 0.255617 -0.209082 -0.324080 0.705811 0.629581 -0.020754
1678843613648 -3.560851 0.254711 -0.168116 -0.340953 0.705561 0.621099 -0.013042
1678843613699 -3.541679 0.254721 -0.143705 -0.349919 0.705967 0.615685 -0.009997
1678843613742 -3.524437 0.253182 -0.121917 -0.357347 0.703406 0.614363 -0.009035
1678843613810 -3.480307 0.245716 -0.071081 -0.362679 0.699840 0.615348 -0.005888
1678843613851 -3.437853 0.239299 -0.024448 -0.361850 0.702383 0.612925 -0.006754
1678843613893 -3.413275 0.236480 -0.000838 -0.357303 0.703874 0.613878 -0.007053
1678843613936 -3.385907 0.236892 0.025587 -0.352750 0.705952 0.614111 -0.008169
1678843614017 -3.306474 0.236521 0.085902 -0.329042 0.694730 0.639339 -0.018098
1678843614052 -3.280416 0.239337 0.104986 -0.323588 0.700376 0.635885 -0.020380
1678843614087 -3.254508 0.241977 0.121713 -0.319634 0.699156 0.639038 -0.025380
1678843614157 -3.195020 0.241631 0.160101 -0.306503 0.690107 0.654440 -0.038947
1678843614210 -3.168424 0.242903 0.173753 -0.298397 0.693580 0.654291 -0.042531
1678843614254 -3.131221 0.244809 0.181089 -0.284017 0.704017 0.648557 -0.055384
1678843614317 -3.073381 0.241512 0.205167 -0.271936 0.711349 0.644669 -0.066593
1678843614356 -3.048304 0.239428 0.209520 -0.268535 0.715773 0.640543 -0.072545
1678843614407 -3.018643 0.238081 0.221460 -0.266522 0.719815 0.636148 -0.078410
1678843614454 -2.960433 0.234567 0.243505 -0.262478 0.721749 0.634268 -0.088812
1678843614506 -2.930547 0.233441 0.255449 -0.260104 0.722821 0.633578 -0.091947
1678843614552 -2.875051 0.234732 0.278647 -0.251659 0.721189 0.638947 -0.091108
1678843614619 -2.847328 0.238465 0.288862 -0.250573 0.728992 0.630466 -0.091082
1678843614654 -2.780669 0.241743 0.313311 -0.245017 0.725661 0.635959 -0.094551
1678843614718 -2.723276 0.245921 0.328624 -0.230632 0.716966 0.649881 -0.102093
1678843614757 -2.698163 0.247698 0.331148 -0.226807 0.721732 0.645295 -0.106097
1678843614788 -2.669729 0.250680 0.336065 -0.225602 0.725205 0.641161 -0.109977
1678843614850 -2.613907 0.250876 0.338569 -0.222743 0.717090 0.647909 -0.127988
1678843614916 -2.550548 0.251303 0.339388 -0.217838 0.709242 0.652503 -0.154153
1678843614947 -2.523264 0.248509 0.334290 -0.213163 0.706656 0.653509 -0.167702
1678843614998 -2.491043 0.246902 0.330662 -0.206395 0.702830 0.655941 -0.182132
1678843615047 -2.460204 0.242098 0.326608 -0.196033 0.696689 0.661405 -0.196820
1678843615091 -2.396888 0.236583 0.311597 -0.165568 0.684934 0.672422 -0.226498
1678843615150 -2.341389 0.233719 0.287821 -0.122150 0.672960 0.684799 -0.251504
1678843615199 -2.316455 0.235414 0.273918 -0.102741 0.672800 0.682810 -0.265621
1678843615232 -2.290887 0.236620 0.260278 -0.084871 0.667073 0.684627 -0.281241
1678843615299 -2.249398 0.235628 0.226255 -0.044821 0.650565 0.692110 -0.309419
1678843615354 -2.215407 0.236164 0.188024 -0.009447 0.644619 0.684327 -0.340697
1678843615396 -2.198547 0.234678 0.166645 0.007840 0.637461 0.682362 -0.357721
1678843615451 -2.160769 0.228965 0.123248 0.044833 0.621484 0.679863 -0.386696
1678843615492 -2.143674 0.225643 0.100244 0.057115 0.616862 0.674833 -0.401024
1678843615541 -2.100367 0.224487 0.057227 0.078768 0.612753 0.661771 -0.424721
1678843615593 -2.082816 0.222593 0.034302 0.088187 0.608410 0.658068 -0.434748
1678843615648 -2.063148 0.218380 0.011431 0.097567 0.602768 0.656010 -0.443624
1678843615707 -2.029618 0.216673 -0.033854 0.119735 0.592036 0.655116 -0.453851
1678843615767 -2.004990 0.224952 -0.080668 0.130113 0.587314 0.647923 -0.467256
1678843615805 -1.977956 0.225572 -0.127076 0.148666 0.571701 0.654529 -0.471857
1678843615854 -1.968885 0.222913 -0.151332 0.164611 0.562015 0.657336 -0.474291
1678843615889 -1.959183 0.224189 -0.175488 0.177624 0.556337 0.655036 -0.479445
1678843615954 -1.946872 0.226454 -0.225714 0.183272 0.546994 0.646850 -0.498793
1678843615999 -1.939943 0.225416 -0.251771 0.191084 0.535603 0.648535 -0.505984
1678843616038 -1.929281 0.222490 -0.304954 0.210211 0.510644 0.650522 -0.521416
1678843616096 -1.924812 0.219294 -0.334143 0.218909 0.501342 0.647364 -0.530711
1678843616155 -1.918234 0.215085 -0.395803 0.244090 0.481977 0.639098 -0.547424
1678843616192 -1.916138 0.210579 -0.426906 0.261324 0.470279 0.635313 -0.554008
1678843616245 -1.918766 0.203199 -0.487764 0.289515 0.451928 0.617855 -0.574628
1678843616299 -1.922253 0.199686 -0.520355 0.324789 0.438985 0.602706 -0.581850
1678843616348 -1.928910 0.201881 -0.580319 0.366716 0.422757 0.574296 -0.597478
1678843616415 -1.935917 0.205051 -0.606300 0.373104 0.413165 0.564866 -0.609110
1678843616440 -1.945353 0.205044 -0.631711 0.392651 0.398641 0.556740 -0.613964
1678843616503 -1.970934 0.205977 -0.679573 0.422351 0.367868 0.534706 -0.632758
1678843616559 -2.002344 0.206089 -0.724102 0.442986 0.339142 0.510797 -0.654089
1678843616612 -2.036937 0.203649 -0.767177 0.456942 0.307965 0.497355 -0.670075
1678843616656 -2.053923 0.203097 -0.791240 0.464492 0.291084 0.493466 -0.675284
1678843616699 -2.072802 0.201332 -0.813415 0.472353 0.274787 0.490324 -0.678939
1678843616754 -2.101588 0.205400 -0.871056 0.475914 0.248719 0.490860 -0.686076
1678843616811 -2.138094 0.204724 -0.916948 0.475606 0.234834 0.488627 -0.692745
1678843616867 -2.157096 0.205537 -0.939872 0.486517 0.228975 0.484610 -0.689946
1678843616919 -2.194099 0.213084 -0.981793 0.485157 0.221184 0.478719 -0.697515
1678843616970 -2.213641 0.208695 -1.004369 0.490598 0.213144 0.477311 -0.697178
1678843617011 -2.252376 0.216484 -1.043103 0.507931 0.191984 0.471704 -0.694726
1678843617058 -2.273588 0.217879 -1.060854 0.510742 0.187849 0.463271 -0.699454
1678843617122 -2.313059 0.223160 -1.095651 0.511310 0.166339 0.461255 -0.705788
1678843617165 -2.335884 0.220617 -1.116242 0.512652 0.154638 0.462438 -0.706701
1678843617214 -2.381727 0.217015 -1.153474 0.525704 0.128614 0.460498 -0.703587
1678843617252 -2.404423 0.214672 -1.169452 0.533679 0.113803 0.459417 -0.700836
1678843617296 -2.428964 0.211142 -1.187582 0.542057 0.100427 0.457203 -0.697893
1678843617358 -2.489072 0.206442 -1.232870 0.558633 0.081142 0.443118 -0.696413
1678843617409 -2.516059 0.203702 -1.250157 0.565196 0.072935 0.434053 -0.697733
1678843617455 -2.573401 0.197679 -1.280015 0.587780 0.051846 0.408122 -0.696608
1678843617499 -2.602587 0.197167 -1.294097 0.610661 0.036172 0.394645 -0.685595
1678843617545 -2.632146 0.199231 -1.306622 0.623192 0.026806 0.377202 -0.684566
1678843617590 -2.693024 0.202355 -1.324454 0.638491 0.004770 0.346517 -0.687192
1678843617661 -2.754637 0.209182 -1.333536 0.648911 -0.025703 0.312302 -0.693341
1678843617715 -2.785800 0.212057 -1.336908 0.648202 -0.034334 0.291420 -0.702659
1678843617750 -2.840878 0.213113 -1.333766 0.655412 -0.067193 0.268044 -0.702903
1678843617817 -2.905556 0.209628 -1.337569 0.657624 -0.090899 0.250492 -0.704643
1678843617852 -2.942209 0.211997 -1.342106 0.660014 -0.102419 0.242453 -0.703639
1678843617892 -2.975230 0.209437 -1.343761 0.661967 -0.108666 0.235584 -0.703201
1678843617951 -3.037982 0.206211 -1.346018 0.658310 -0.114379 0.234676 -0.706026
1678843618014 -3.104995 0.204452 -1.351750 0.668724 -0.117227 0.239238 -0.694140
1678843618051 -3.145452 0.201005 -1.359940 0.679085 -0.120623 0.243015 -0.682083
1678843618130 -3.176299 0.204374 -1.363062 0.682100 -0.121393 0.248586 -0.676911
1678843618154 -3.245068 0.199489 -1.374437 0.679975 -0.110731 0.253412 -0.679084
1678843618236 -3.316441 0.204674 -1.388033 0.685187 -0.106795 0.259607 -0.672100
1678843618259 -3.346364 0.205848 -1.391882 0.680868 -0.101863 0.260292 -0.676972
1678843618318 -3.408403 0.203253 -1.400583 0.681379 -0.101421 0.259167 -0.676955
1678843618351 -3.448231 0.204843 -1.408797 0.687759 -0.106007 0.255726 -0.671084
1678843618409 -3.481186 0.202126 -1.412627 0.691846 -0.109640 0.250718 -0.668183
1678843618447 -3.539842 0.199294 -1.415553 0.697156 -0.122144 0.241233 -0.663974
1678843618499 -3.573736 0.197286 -1.416751 0.700220 -0.130786 0.237428 -0.660465
1678843618553 -3.629474 0.190642 -1.413982 0.704185 -0.148743 0.228448 -0.655599
1678843618593 -3.663093 0.190101 -1.411850 0.716462 -0.162220 0.218243 -0.642446
1678843618649 -3.722555 0.198535 -1.402464 0.721299 -0.180150 0.193873 -0.640068
1678843618697 -3.753410 0.202118 -1.396466 0.720627 -0.185487 0.179316 -0.643535
1678843618752 -3.800423 0.206845 -1.376424 0.728592 -0.206429 0.157088 -0.633928
1678843618796 -3.828460 0.209213 -1.368205 0.724868 -0.214799 0.147510 -0.637706
1678843618828 -3.869803 0.209979 -1.365048 0.719695 -0.219749 0.137183 -0.644151
1678843618909 -3.929064 0.206503 -1.349322 0.723218 -0.232022 0.119968 -0.639319
1678843618949 -3.994874 0.201262 -1.335922 0.728249 -0.243455 0.110641 -0.630984
1678843618992 -4.026980 0.197925 -1.329111 0.727022 -0.246385 0.108995 -0.631549
1678843619033 -4.054963 0.194828 -1.323116 0.725047 -0.247787 0.110345 -0.633034
1678843619087 -4.120015 0.189669 -1.313904 0.721599 -0.247185 0.120913 -0.635275
1678843619143 -4.151004 0.183436 -1.306714 0.723462 -0.242077 0.124050 -0.634518
1678843619192 -4.210097 0.182718 -1.302575 0.740470 -0.236062 0.131021 -0.615477
1678843619244 -4.236475 0.183867 -1.300571 0.731566 -0.224546 0.134422 -0.629540
1678843619280 -4.283813 0.178874 -1.294452 0.740092 -0.212151 0.139543 -0.622722
1678843619324 -4.308498 0.179566 -1.290153 0.742334 -0.210265 0.142898 -0.619927
1678843619397 -4.356984 0.177321 -1.279045 0.734899 -0.204118 0.140868 -0.631202
1678843619424 -4.381425 0.174462 -1.272274 0.736824 -0.206090 0.136159 -0.629347
1678843619458 -4.396157 0.171196 -1.265843 0.743094 -0.209754 0.127903 -0.622459
1678843619500 -4.420906 0.167225 -1.255444 0.752962 -0.216941 0.115119 -0.610518
1678843619559 -4.466569 0.168366 -1.230693 0.765031 -0.243911 0.092172 -0.588846
1678843619620 -4.508743 0.173303 -1.198483 0.760848 -0.271006 0.051886 -0.587345
1678843619654 -4.526468 0.175653 -1.179258 0.756390 -0.286490 0.035536 -0.586970
1678843619695 -4.544798 0.178626 -1.160324 0.755071 -0.300984 0.024234 -0.581970
1678843619762 -4.585045 0.182295 -1.121938 0.759612 -0.318208 0.001589 -0.567213
1678843619824 -4.594658 0.183374 -1.080117 0.759307 -0.331145 -0.013913 -0.560003
1678843619850 -4.612653 0.181851 -1.057660 0.757285 -0.340044 -0.020731 -0.557189
1678843619913 -4.631025 0.178821 -1.034376 0.754810 -0.347585 -0.027681 -0.555591
1678843619949 -4.658220 0.173839 -0.985516 0.752968 -0.358104 -0.039489 -0.550673
1678843620022 -4.695366 0.166295 -0.936487 0.754660 -0.360211 -0.044491 -0.546586
1678843620054 -4.716679 0.163105 -0.912279 0.757034 -0.357025 -0.044369 -0.545402
1678843620109 -4.759454 0.159737 -0.864854 0.768692 -0.347141 -0.040392 -0.535699
1678843620155 -4.777235 0.162409 -0.844275 0.772775 -0.339868 -0.038870 -0.534601
1678843620198 -4.797809 0.164591 -0.824186 0.770307 -0.331312 -0.036452 -0.543628
1678843620255 -4.838787 0.167113 -0.783873 0.772434 -0.318512 -0.025713 -0.548848
1678843620298 -4.861423 0.169415 -0.766423 0.776949 -0.313909 -0.021442 -0.545299
1678843620332 -4.884615 0.171799 -0.750489 0.775351 -0.307645 -0.019679 -0.551178
1678843620395 -4.936352 0.173678 -0.721322 0.768465 -0.300245 -0.011271 -0.564967
1678843620448 -4.962472 0.171834 -0.706403 0.767307 -0.299641 -0.002328 -0.566965
1678843620476 -5.020473 0.166745 -0.680117 0.769559 -0.294444 0.011220 -0.566530
1678843620539 -5.050856 0.164458 -0.667769 0.771952 -0.292345 0.018262 -0.564174
1678843620585 -5.115595 0.160257 -0.638839 0.778263 -0.287967 0.027794 -0.557323
1678843620630 -5.146853 0.158925 -0.626399 0.780212 -0.285434 0.030182 -0.555774
1678843620681 -5.176309 0.156635 -0.614848 0.780073 -0.282466 0.031509 -0.557410
1678843620730 -5.238824 0.155690 -0.589886 0.787956 -0.274517 0.025218 -0.550572
1678843620798 -5.299731 0.157994 -0.565005 0.780532 -0.271075 0.026910 -0.562640
1678843620878 -5.360812 0.157388 -0.541777 0.791217 -0.268999 0.028443 -0.548458
1678843620936 -5.421993 0.164636 -0.523730 0.787360 -0.272180 0.028150 -0.552440
1678843620968 -5.484048 0.169986 -0.513306 0.777272 -0.276926 0.037820 -0.563676
1678843621017 -5.515594 0.169504 -0.513989 0.774781 -0.276892 0.045785 -0.566523
1678843621049 -5.550475 0.169348 -0.508710 0.772813 -0.275844 0.051957 -0.569184
1678843621117 -5.625856 0.166178 -0.498359 0.770634 -0.275470 0.075669 -0.569662
1678843621155 -5.662898 0.165543 -0.496442 0.769167 -0.273859 0.088299 -0.570602
1678843621224 -5.737434 0.164560 -0.494555 0.762421 -0.263578 0.109779 -0.580680
1678843621250 -5.773131 0.165010 -0.496580 0.759323 -0.255200 0.123558 -0.585692
1678843621298 -5.808283 0.166276 -0.499500 0.759934 -0.246984 0.133196 -0.586308
1678843621338 -5.843858 0.171641 -0.503707 0.757195 -0.235753 0.141999 -0.592378
1678843621385 -5.908898 0.180167 -0.515502 0.744591 -0.209983 0.171999 -0.609843
1678843621452 -5.967589 0.186323 -0.537183 0.748927 -0.190652 0.194957 -0.603947
1678843621492 -5.997465 0.188813 -0.548192 0.743975 -0.178541 0.203376 -0.610952
1678843621541 -6.026905 0.189942 -0.560129 0.738259 -0.169976 0.211811 -0.617428
1678843621610 -6.088010 0.188651 -0.585600 0.732253 -0.162165 0.226845 -0.621329
1678843621629 -6.121836 0.186675 -0.598735 0.730582 -0.159726 0.232207 -0.621946
1678843621679 -6.184643 0.181625 -0.625846 0.730263 -0.159944 0.239751 -0.619397
1678843621732 -6.216021 0.178970 -0.638415 0.732234 -0.162052 0.239655 -0.616554
1678843621780 -6.277771 0.176927 -0.666189 0.730929 -0.163357 0.238525 -0.618194
1678843621831 -6.310826 0.176348 -0.680307 0.731324 -0.164145 0.238686 -0.617455
1678843621870 -6.367058 0.178727 -0.710942 0.733123 -0.168443 0.241046 -0.613233
1678843621921 -6.396587 0.187462 -0.727397 0.726248 -0.164884 0.241961 -0.621959
1678843621975 -6.446678 0.190254 -0.762233 0.720469 -0.163836 0.245317 -0.627615
1678843622030 -6.469272 0.194025 -0.782084 0.715747 -0.162872 0.247642 -0.632339
1678843622076 -6.514166 0.198281 -0.819021 0.700687 -0.155723 0.252806 -0.648751
1678843622128 -6.533756 0.198360 -0.838523 0.694628 -0.151721 0.259228 -0.653662
1678843622166 -6.556303 0.197529 -0.858510 0.689952 -0.147438 0.266105 -0.656823
1678843622225 -6.596670 0.193583 -0.900367 0.682870 -0.137673 0.280974 -0.660143
1678843622273 -6.644151 0.186605 -0.942503 0.675517 -0.123664 0.297903 -0.663052
1678843622329 -6.661724 0.180489 -0.961977 0.672280 -0.113435 0.306026 -0.664470
1678843622378 -6.685031 0.175500 -0.984002 0.669644 -0.102746 0.315308 -0.664530
1678843622421 -6.733965 0.163629 -1.028365 0.663406 -0.076562 0.332850 -0.665763
1678843622459 -6.755096 0.160148 -1.051282 0.662037 -0.063667 0.341880 -0.663907
1678843622514 -6.791246 0.156511 -1.099204 0.652636 -0.027939 0.358411 -0.666954
1678843622562 -6.806431 0.156581 -1.122034 0.642446 -0.007276 0.368016 -0.672142
1678843622623 -6.826372 0.149862 -1.161569 0.636321 0.018079 0.392302 -0.663979
1678843622642 -6.838685 0.149563 -1.183145 0.633287 0.028758 0.404975 -0.658875
1678843622681 -6.849814 0.149567 -1.204230 0.625999 0.042959 0.414933 -0.658871
