# Created at Tue Mar 14 18:04:06 MST 2023
1678842247197 -0.725443 3.062184 9.334992
1678842247217 -1.355118 3.495534 9.727641
1678842247232 -1.733402 3.268085 8.523358
1678842247235 -2.358289 3.878607 9.085996
1678842247239 -2.111686 3.586514 9.066842
1678842247242 -1.632846 3.289633 9.076419
1678842247246 -1.690306 3.615245 9.062054
1678842247248 -1.707066 3.457227 9.478644
1678842247252 -1.817199 3.481169 9.169792
1678842247257 -1.628057 3.452439 8.805874
1678842247261 -1.587356 3.603274 8.554482
1678842247274 -1.252167 3.545813 8.288726
1678842247278 -1.110910 3.507505 8.415619
1678842247282 -1.170765 3.397372 9.196129
1678842247285 -1.429338 3.529053 9.050082
1678842247290 -1.534683 3.560178 8.360553
1678842247294 -1.508347 3.430891 8.882488
1678842247297 -1.532289 3.272874 9.739613
1678842247309 -1.522712 3.253720 9.145850
1678842247319 -1.443704 3.303998 8.674192
1678842247324 -1.144428 3.177106 9.265560
1678842247328 -1.177947 3.069367 9.904813
1678842247331 -1.383849 3.162740 9.720459
1678842247335 -1.596933 3.246537 9.315839
1678842247340 -1.654393 3.313575 9.301474
1678842247344 -1.307234 3.402161 8.655039
1678842247347 -0.809240 3.399766 7.927202
1678842247353 -1.228225 3.292027 9.449914
1678842247359 -1.604115 3.256114 10.424355
1678842247362 -1.223437 3.301604 9.045294
1678842247367 -1.613692 3.337517 8.688558
1678842247371 -1.786075 3.110068 9.665392
1678842247377 -1.206678 2.901772 9.538500
1678842247399 -0.861913 2.992752 8.571242
1678842247426 -1.206678 3.086126 8.487445
1678842247449 -1.431733 3.045424 9.361329
1678842247476 -1.376666 3.105280 9.382876
1678842247521 -1.709460 3.430891 8.470686
1678842247540 -1.939303 3.519476 8.530540
1678842247551 -1.513135 3.320758 9.124303
1678842247587 -1.623269 3.349488 9.370906
1678842247619 -1.845930 3.514688 8.765172
1678842247629 -1.561020 3.440468 8.346188
1678842247654 -1.668759 3.366248 9.124303
1678842247679 -1.917756 3.272874 9.670180
1678842247705 -1.994370 3.275268 9.540894
1678842247731 -1.795651 3.332729 8.939949
1678842247756 -1.659182 3.344700 8.748413
1678842247782 -1.376666 3.354277 8.580819
1678842247808 -1.142034 3.332729 8.489840
1678842247833 -1.472434 3.406949 8.810662
1678842247864 -1.666364 3.438074 9.287108
1678842247890 -1.656788 3.502717 9.361329
1678842247914 -1.932121 3.584120 9.366117
1678842247944 -1.642422 3.471592 9.648633
1678842247961 -1.120486 3.347094 9.244013
1678842248004 -1.120486 3.251326 9.380483
1678842248013 -1.161188 3.126827 9.756371
1678842248038 -1.395820 3.210624 9.876082
1678842248071 -1.814805 3.397372 9.423578
1678842248091 -1.680730 3.414132 8.944737
1678842248115 -1.450886 3.263297 9.217676
1678842248141 -1.379060 3.265691 9.155427
1678842248167 -1.611298 3.392584 9.033323
1678842248196 -1.582567 3.320758 9.301474
1678842248217 -1.534683 3.126827 9.622296
1678842248245 -1.221043 2.885013 8.602366
1678842248271 -1.127669 2.899378 8.458714
1678842248304 -1.134852 3.105280 8.257602
1678842248320 -0.670376 3.270479 7.766790
1678842248346 -0.354342 3.502717 8.537724
1678842248378 -0.821211 3.837905 8.585608
1678842248399 -1.381454 4.019865 8.875306
1678842248430 -1.884237 4.096479 9.923966
1678842248448 -1.874660 4.060566 10.888829
1678842248474 -1.036689 3.837905 10.012551
1678842248500 -0.263362 3.756502 8.271967
1678842248525 -0.064643 3.648763 7.632715
1678842248550 -0.208296 3.509900 8.154651
1678842248576 -0.773327 3.591303 8.990228
1678842248602 -1.173159 3.825934 9.054871
1678842248630 -1.094150 3.981557 8.693346
1678842248657 -1.077391 3.995923 8.743625
1678842248681 -1.017536 3.998317 8.779537
1678842248705 -0.818817 4.017470 8.918402
1678842248739 -1.024718 4.072537 9.188946
1678842248764 -1.142034 4.005499 9.059659
1678842248790 -0.873884 3.897760 9.121908
1678842248807 -0.639252 3.785233 9.483433
1678842248842 -0.366313 3.799598 9.224859
1678842248864 -0.684742 3.818752 9.239224
1678842248884 -1.486799 4.197036 9.246407
1678842248910 -1.886631 3.933673 9.689334
1678842248936 -1.936909 3.457227 10.455479
1678842248964 -1.086968 2.473210 10.218452
1678842248989 -1.532289 2.233790 9.959879
1678842249013 -2.171541 2.185906 10.493786
1678842249054 -1.376666 1.900996 10.201694
1678842249075 -0.964863 1.912967 9.883265
1678842249092 -1.503559 2.121263 8.966286
1678842249114 -2.262521 2.442086 7.673417
1678842249141 -2.494758 2.513912 7.256825
1678842249166 -1.965640 2.097321 8.762778
1678842249191 -1.395820 1.889025 9.581595
1678842249219 -1.072602 2.118869 8.686164
1678842249243 -1.486799 2.688689 7.618350
1678842249269 -1.644817 3.047819 7.735666
1678842249296 -1.264138 3.031059 8.655039
1678842249323 -1.012747 2.947262 9.742006
1678842249347 -1.256956 3.033453 10.007763
1678842249371 -1.525106 3.277662 9.406818
1678842249399 -1.343147 3.459621 8.099585
1678842249425 -0.770933 3.418920 8.590396
1678842249451 0.057461 3.114856 9.861717
1678842249474 0.007183 3.306392 10.256760
1678842249499 -0.809240 3.696647 10.268731
1678842249537 -1.204283 4.027047 10.108319
1678842249550 -1.776498 4.237737 9.006987
1678842249576 -2.257732 4.225766 8.236053
1678842249602 -2.389413 3.648763 8.066066
1678842249627 -1.113304 2.743755 8.197746
1678842249659 0.739808 2.197877 8.315063
1678842249683 1.101333 2.315193 7.194576
1678842249718 -0.938527 2.765303 9.842564
1678842249730 -1.905785 2.937685 12.217611
1678842249756 -0.981623 2.932897 10.307038
1678842249781 -0.921768 2.796427 9.409213
1678842249807 -1.604115 2.679112 10.998962
1678842249836 -1.474828 2.633622 10.721235
1678842249860 -0.581791 2.760514 8.398860
1678842249883 0.301669 2.999935 6.866570
1678842249909 -0.201113 3.564966 7.060501
1678842249935 -1.019930 4.027047 7.888895
1678842249962 -1.292869 4.000711 9.512163
1678842249986 -1.065420 3.706224 11.571177
1678842250012 -1.024718 3.263297 12.229582
1678842250038 -1.012747 3.268085 10.026917
1678842250067 -1.051055 3.457227 7.331046
1678842250089 -1.350330 3.550601 5.705383
1678842250114 -1.673547 3.160346 6.804321
1678842250140 -3.026271 3.019088 8.451532
1678842250165 -2.185906 2.813187 9.909601
1678842250197 -1.144428 2.942474 10.922348
1678842250217 -1.060631 3.658340 10.366894
1678842250242 -2.861071 4.491522 8.968679
1678842250268 -4.570531 5.149928 7.433996
1678842250294 -1.795651 5.762844 5.971139
1678842250320 -0.143652 5.003881 8.142680
1678842250346 0.890643 3.847482 10.517728
1678842250372 2.432509 3.071761 11.188105
1678842250400 3.394978 2.461239 10.228029
1678842250422 3.756502 2.212242 10.716447
1678842250450 3.363853 1.929727 12.205640
1678842250473 1.077391 2.015918 13.014880
1678842250499 -1.407791 2.559402 12.330139
1678842250529 -2.734178 3.131616 7.623138
1678842250554 -2.851494 3.435679 4.771644
1678842250582 -1.170765 2.839523 7.414843
1678842250601 -0.292093 2.025495 10.455479
1678842250628 -0.062249 2.063802 9.452309
1678842250653 -0.735020 2.796427 7.103596
1678842250678 -1.680730 3.031059 7.225701
1678842250704 -2.217031 2.772485 9.014170
1678842250731 -2.229002 2.516306 10.026917
1678842250755 -1.510741 2.853889 7.797915
1678842250783 -0.948104 3.258508 7.718906
1678842250806 -0.560243 3.203442 8.971074
1678842250834 -1.199495 3.464410 8.698134
1678842250864 -1.759738 3.967192 8.463503
1678842250883 -1.359907 4.007894 8.719683
1678842250909 -0.912191 3.857059 8.887277
1678842250935 -0.909797 3.892972 8.643068
1678842250971 -1.101333 3.861847 9.129091
1678842250986 -0.727837 3.763685 11.695675
1678842251021 -0.493206 3.902549 10.297462
1678842251037 -0.031125 4.209007 9.095572
1678842251063 0.311246 3.332729 10.687716
1678842251109 -0.768539 2.528277 14.022840
1678842251115 -1.934515 2.466028 13.553576
1678842251139 -0.866701 2.815581 8.686164
1678842251165 0.703895 2.896984 6.050148
1678842251191 0.758962 2.719813 6.722919
1678842251217 -1.244985 2.425326 10.096349
1678842251242 -1.769315 2.339135 11.796232
1678842251271 -0.979228 2.353500 10.194510
1678842251293 -0.687136 2.674323 7.730877
1678842251319 -0.926556 3.064578 6.591237
1678842251344 -1.572991 3.509900 6.385336
1678842251371 -1.695095 3.706224 6.806715
1678842251396 -1.137246 3.703830 7.307104
1678842251425 -0.744597 3.598485 8.274361
1678842251447 -0.778116 3.663129 9.136273
1678842251473 -1.010353 3.837905 9.682152
1678842251499 -1.393425 4.036624 9.660604
1678842251526 -1.575385 4.118027 9.560047
1678842251550 -1.764527 3.895366 10.139444
1678842251575 -2.032677 3.732560 11.087548
1678842251601 -1.297657 3.909731 9.952697
1678842251630 -1.312023 4.022259 8.446744
1678842251652 -2.442086 4.237737 8.655039
1678842251682 -2.657564 3.241749 11.087548
1678842251704 -1.836353 2.202666 13.421895
1678842251737 -0.969652 2.217031 10.972627
1678842251757 -1.039083 2.655170 7.309498
1678842251786 -1.611298 3.028665 6.069301
1678842251806 -2.080561 2.985569 7.450756
1678842251839 -1.738190 2.691083 9.662998
1678842251857 -0.866701 2.741361 9.131485
1678842251883 -0.653617 3.102885 7.287950
1678842251908 -1.233014 3.466804 7.125144
1678842251935 -1.376666 3.732560 7.026982
1678842251963 -1.094150 4.048595 7.235278
1678842251985 -1.233014 4.359841 8.097190
1678842252011 -1.424550 4.460398 8.219295
1678842252036 -1.175553 4.386178 8.367735
1678842252066 -0.265756 4.175488 9.679757
1678842252088 0.270545 4.137180 9.648633
1678842252113 -0.392649 4.505888 9.708488
1678842252139 -0.739808 4.314352 11.446678
1678842252164 0.189142 4.525041 10.807426
1678842252195 0.076614 4.673482 8.801085
1678842252216 -0.627281 4.898537 8.674192
1678842252241 -0.543484 3.749320 10.694899
1678842252267 -0.368707 2.997540 12.313379
1678842252293 0.524330 3.078943 9.615114
1678842252318 1.321599 3.526659 6.610391
1678842252344 0.943315 3.445256 7.098808
1678842252370 -1.029507 3.016694 10.828975
1678842252396 -1.685518 2.844312 12.677298
1678842252421 -0.553061 2.851494 10.242394
1678842252446 -0.622492 3.236961 7.072472
1678842252472 -1.532289 3.993528 5.645528
1678842252499 -1.810017 4.151546 5.975927
1678842252534 -1.450886 4.074931 6.931214
1678842252549 -0.284910 3.713407 7.314286
1678842252578 0.074220 3.773262 8.288726
1678842252600 -0.462081 4.098873 8.695741
1678842252628 -1.414973 4.584896 8.693346
1678842252654 -1.292869 4.709395 8.013393
1678842252678 -0.735020 4.620809 7.333440
1678842252704 -0.869095 4.496311 8.042124
1678842252729 -1.424550 4.412514 10.134656
1678842252758 -1.723825 4.596867 9.641450
1678842252780 -2.171541 4.448427 8.413225
1678842252807 -2.224213 4.307169 9.622296
1678842252831 -1.766921 3.655946 11.434708
1678842252863 -1.165976 2.923320 12.842498
1678842252882 -0.409408 2.827552 10.663774
1678842252908 -0.486023 3.131616 7.766790
1678842252933 -1.295263 3.469198 6.038177
1678842252959 -1.702277 3.272874 7.015011
1678842252985 -1.213860 2.908955 9.346964
1678842253010 -1.122881 2.899378 10.556035
1678842253037 -1.211466 3.177106 9.509769
1678842253065 -0.739808 3.366248 7.886500
1678842253089 -0.562637 3.708618 7.070077
1678842253114 -0.557849 4.108450 6.629545
1678842253141 -0.263362 4.175488 6.919243
1678842253164 -0.131681 4.321534 7.271191
1678842253190 0.002394 4.321534 7.627927
1678842253215 0.126893 4.316746 8.925584
1678842253242 0.191536 4.271256 9.842564
1678842253266 0.090980 4.283227 10.158598
1678842253296 -0.198719 4.357447 10.929531
1678842253318 -0.682347 4.783615 11.729194
1678842253343 -1.285686 5.114015 9.902418
1678842253369 -1.063026 5.094861 10.757148
1678842253394 -0.186748 3.967192 11.252748
1678842253422 -0.069432 3.078943 11.611878
1678842253446 0.423774 2.896984 9.914390
1678842253473 1.800440 3.335123 6.356606
1678842253504 2.042254 3.967192 4.654328
1678842253524 0.447716 3.734955 6.138733
1678842253548 -2.209848 3.620033 11.173739
1678842253574 -2.015918 3.260903 14.037205
1678842253600 -0.399832 2.712631 12.002133
1678842253625 -0.203507 2.954445 8.413225
1678842253664 -0.694318 3.361459 5.439626
1678842253680 -0.541090 3.751714 4.647145
1678842253702 -0.648829 3.792415 7.170634
1678842253731 -0.821211 3.725378 8.705317
1678842253755 -0.811634 4.017470 8.614338
1678842253779 -0.924162 4.127604 8.755595
1678842253804 -1.120486 4.319140 8.765172
1678842253837 -0.792481 4.168305 8.954314
1678842253862 -0.622492 4.098873 9.299079
1678842253888 -1.003170 4.625597 10.046070
1678842253907 -1.525106 4.683059 8.063671
1678842253933 -2.238579 4.826711 8.161834
1678842253963 -1.757344 4.070143 9.785102
1678842253987 -0.993594 3.332729 12.102690
1678842254010 -1.400608 3.280056 12.670115
1678842254035 -1.687912 3.711013 8.738836
1678842254061 -2.396596 4.015076 6.074090
1678842254086 -2.688689 3.809175 6.052542
1678842254112 -2.233790 3.215413 8.078036
1678842254138 -1.192312 2.870648 8.975863
1678842254164 -0.687136 2.959233 7.946355
1678842254193 -1.041478 3.311181 7.098808
1678842254215 -1.216254 3.639187 7.333440
1678842254240 -0.775721 3.854665 7.580042
1678842254267 -0.371101 4.050989 7.613562
1678842254292 -0.584185 4.120421 8.674192
1678842254326 -0.797269 4.469975 8.930372
1678842254343 -0.608127 4.793192 8.027759
1678842254368 0.143652 4.886566 8.655039
1678842254395 0.435745 4.759673 10.168175
1678842254422 0.064643 5.078102 11.022904
1678842254445 -0.651223 5.612009 10.307038
1678842254471 -1.022324 5.317522 10.558430
1678842254496 -0.816423 4.323928 13.038822
1678842254523 -0.474052 2.985569 15.021221
1678842254551 -0.031125 2.631228 12.725182
1678842254573 0.067038 3.224990 7.836222
1678842254613 0.746991 3.979163 4.424485
1678842254629 0.926556 4.115633 3.773262
1678842254651 -0.239420 3.450045 7.960721
1678842254677 -1.455675 3.385401 11.346122
1678842254701 -1.582567 3.251326 11.698070
1678842254727 -0.373495 3.232172 8.702923
1678842254754 -0.361524 3.394978 6.545747
1678842254779 -1.063026 3.835511 5.652710
1678842254804 -0.933739 3.883395 5.363012
1678842254829 -0.421380 3.663129 6.224925
1678842254856 -0.438139 3.617639 7.706935
1678842254882 -0.612916 3.871424 8.259995
1678842254908 -0.900220 4.299986 8.530540
1678842254932 -1.213860 4.592079 8.487445
1678842254963 -1.307234 4.623203 8.813056
1678842254984 -1.460463 4.718972 10.632649
1678842255011 -1.929727 5.037400 9.923966
1678842255035 -2.415750 5.063736 11.231200
1678842255062 -1.948880 4.062960 12.258312
1678842255086 -2.102109 3.689465 11.906365
1678842255111 -2.243367 3.315969 11.288661
1678842255137 -1.022324 3.184288 8.219295
1678842255172 -0.550666 3.210624 6.478710
1678842255195 -1.750161 3.311181 8.039729
1678842255236 -2.889802 3.189077 9.598354
1678842255251 -2.571373 3.098097 9.531317
1678842255265 -1.218649 2.990358 7.864953
1678842255296 -0.871489 3.088520 6.447585
1678842255317 -1.278504 3.493140 6.181829
1678842255343 -1.261744 3.751714 6.988675
1678842255368 -0.289698 3.725378 8.140285
1678842255394 -0.055067 3.919308 8.942344
1678842255419 -0.517148 4.280833 9.516952
1678842255445 -0.811634 4.522647 9.445126
1678842255472 -0.835576 4.735731 9.203311
1678842255505 -0.821211 4.900931 9.873688
1678842255522 -0.713472 4.728549 11.037270
1678842255547 -0.751779 5.176264 10.788273
1678842255573 -0.842759 5.090073 8.346188
1678842255599 -0.866701 5.099649 7.747637
1678842255631 -0.007183 3.708618 9.943120
1678842255652 -0.679953 3.191471 12.509704
1678842255676 0.009577 3.545813 9.615114
1678842255701 1.860295 3.586514 6.165070
1678842255729 2.073379 3.359065 6.502652
1678842255755 -0.193930 3.062184 10.587160
1678842255778 -2.741361 3.318364 14.228741
1678842255806 -2.542642 3.399766 11.942278
1678842255829 -1.221043 3.471592 7.484274
1678842255855 -1.501164 3.885789 5.353435
1678842255880 -2.063802 4.307169 4.699818
1678842255916 -1.872266 4.297592 5.391742
1678842255931 -1.108515 4.007894 7.314286
1678842255957 -0.646434 3.684676 9.064447
1678842255983 -1.465251 3.914520 9.828198
1678842256017 -2.176329 4.220978 9.117120
1678842256039 -1.656788 4.254497 7.934384
1678842256061 -1.470040 4.220978 8.118738
1678842256087 -1.826776 4.479551 8.899248
1678842256111 -2.176329 5.288792 9.112331
1678842256138 -2.631228 5.298368 7.996634
1678842256163 -3.320758 4.996699 10.144233
1678842256188 -2.731784 3.945644 12.890382
1678842256213 -1.807622 3.035848 14.132973
1678842256240 -1.132457 3.157952 10.146626
1678842256266 -1.400608 3.584120 6.497863
1678842256290 -2.375048 3.859453 6.057330
1678842256320 -2.849100 3.596091 8.286332
1678842256342 -2.116474 3.509900 9.047688
1678842256367 -1.216254 3.651158 7.527370
1678842256394 -1.386243 4.024653 6.821081
1678842256419 -1.778892 4.125209 7.405266
1678842256444 -1.683124 4.151546 7.850587
1678842256470 -1.137246 4.082114 7.924808
1678842256495 -0.768539 4.070143 7.422025
1678842256521 -1.046266 4.297592 7.371747
1678842256547 -1.335965 4.417302 7.682993
1678842256572 -1.199495 4.084508 9.785102
1678842256598 -1.144428 3.931279 10.910378
1678842256623 -0.931344 4.271256 9.696517
1678842256649 -1.340753 4.829105 9.081207
1678842256675 -2.523489 4.771644 9.710882
1678842256700 -2.964022 3.339911 13.273455
1678842256726 -1.359907 2.322376 12.885593
1678842256754 0.122104 2.643199 7.790732
1678842256779 0.672771 3.524265 5.394136
1678842256803 -1.508347 3.514688 7.196970
1678842256828 -4.228160 3.349488 12.057199
1678842256854 -3.636792 2.580950 13.733141
1678842256880 -1.572991 2.480393 10.031705
1678842256908 -0.615310 2.442086 8.803479
1678842256931 -1.477222 2.892196 7.946355
1678842256959 -2.353500 3.229778 6.677429
1678842256982 -2.353500 3.215413 6.414066
1678842257008 -2.178724 2.683900 8.245630
1678842257034 -1.707066 2.454057 9.574412
1678842257061 -1.247379 2.432509 9.658210
1678842257086 -0.921768 2.396596 9.373300
1678842257111 -0.727837 2.387019 9.303867
1678842257147 -0.656011 2.659958 8.621520
1678842257164 -1.218649 2.868254 8.157045
1678842257188 -1.522712 2.750938 8.820239
1678842257213 -1.671153 2.817975 9.770737
1678842257239 -1.381454 2.715025 8.949526
1678842257278 -1.922544 2.547431 8.930372
1678842257307 -2.296039 2.145205 10.623073
1678842257316 -1.678335 1.891419 11.652579
1678842257343 -0.984017 2.138022 10.565612
1678842257367 -1.130063 2.861071 8.746018
1678842257394 -1.546654 3.543418 7.747637
1678842257418 -1.965640 3.859453 8.513782
1678842257445 -2.456451 4.082114 8.925584
1678842257469 -2.616863 4.223372 8.999804
1678842257497 -2.059013 3.866636 9.248801
1678842257521 -1.541866 3.622427 9.641450
1678842257546 -0.749385 3.392584 10.311827
1678842257572 -0.313640 3.509900 9.330204
1678842257605 -0.790087 3.907337 7.996634
1678842257627 -1.584962 4.209007 8.142680
1678842257649 -1.833959 4.127604 8.954314
1678842257675 -1.640028 4.113238 9.011775
1678842257700 -1.527501 4.278439 8.530540
1678842257730 -1.675941 4.429273 8.437167
1678842257752 -1.745373 4.343082 8.906430
1678842257779 -1.247379 4.082114 9.588778
1678842257805 -0.890643 4.153940 10.259154
1678842257829 -1.137246 4.565742 10.137050
1678842257855 -1.446098 4.819528 8.295909
1678842257890 -2.264915 4.711789 8.702923
1678842257915 -1.628057 4.271256 10.158598
1678842257931 -0.497994 3.864242 9.840169
1678842257962 0.177171 3.208230 10.074800
1678842257982 0.866701 2.712631 9.466674
1678842258009 1.357512 2.916138 6.756437
1678842258033 1.419762 2.987964 6.416461
1678842258062 -0.021548 3.126827 8.640674
1678842258087 -1.582567 3.411737 10.699687
1678842258111 -2.233790 3.629610 10.898406
1678842258136 -1.010353 3.366248 9.667787
1678842258167 -0.246603 3.090914 9.622296
1678842258191 -0.213084 2.985569 9.112331
1678842258229 -0.296881 3.114856 7.896077
1678842258239 0.088585 3.055001 7.831434
1678842258271 0.471658 2.997540 8.104373
1678842258295 0.371101 3.031059 9.557653
1678842258326 -0.332794 3.591303 9.768343
1678842258342 -0.246603 4.101267 8.334216
1678842258367 0.205901 4.101267 8.530540
1678842258399 0.469264 4.106056 9.564836
1678842258436 0.974440 4.197036 8.901642
1678842258448 0.905008 4.429273 8.473080
1678842258470 0.349553 4.762067 9.751583
1678842258495 0.588974 4.867412 9.785102
1678842258520 1.146823 4.745308 9.603143
1678842258547 0.986411 4.730943 9.856929
1678842258572 0.500388 4.876989 10.232818
1678842258597 0.253785 4.723760 9.813833
1678842258625 0.076614 4.809951 9.248801
1678842258649 -0.174777 4.936844 8.485051
1678842258675 -0.141258 5.082890 7.697359
1678842258710 -0.059855 5.135562 8.633492
1678842258726 -0.629675 5.054160 9.385271
1678842258752 -0.840365 5.001487 8.736442
1678842258778 -0.375890 4.575319 7.498640
1678842258802 0.074220 4.165911 7.896077
1678842258828 0.143652 4.750096 7.393295
1678842258854 -0.770933 4.783615 5.521029
1678842258887 -2.264915 4.256891 8.906430
1678842258905 -0.746991 3.122039 12.691663
1678842258931 0.964863 3.390190 9.648633
1678842258957 0.696713 4.158728 6.375759
1678842258982 -0.347159 3.873818 7.026982
1678842259008 -1.082179 3.229778 10.556035
1678842259033 -0.960075 3.153164 13.050794
1678842259064 -0.565032 3.440468 9.610326
1678842259086 -1.012747 3.864242 7.917625
1678842259110 -2.054225 4.182671 8.410830
1678842259136 -2.272097 4.345476 8.528147
1678842259162 -1.319205 4.740520 7.026982
1678842259188 -0.869095 5.188235 6.876147
1678842259212 -2.370260 4.783615 9.902418
1678842259238 -3.643975 4.390966 11.508927
1678842259264 -2.123657 3.696647 8.293514
1678842259290 -0.768539 3.701436 5.695806
1678842259327 -1.323994 3.830723 5.616797
1678842259343 -1.472434 3.801992 6.986280
1678842259366 -1.525106 3.833117 7.742848
1678842259398 -1.462857 4.161122 8.051701
1678842259419 -1.134852 4.230555 7.417237
1678842259443 -1.295263 4.522647 7.644686
1678842259469 -1.493982 4.709395 9.370906
1678842259495 -1.204283 4.604050 10.934319
1678842259521 -0.390255 4.527435 11.820174
1678842259546 -0.792481 4.783615 10.747571
1678842259571 -1.063026 5.255273 8.070854
1678842259597 -0.184354 4.642357 8.832211
1678842259627 0.945710 3.701436 10.134656
1678842259649 -0.059855 3.308787 11.140221
1678842259674 -2.111686 4.022259 10.666168
1678842259700 -1.297657 4.036624 8.204929
1678842259730 -0.258574 2.995146 8.556877
1678842259752 -0.438139 2.346318 9.768343
1678842259777 -1.400608 2.609680 9.488221
1678842259802 -1.321599 2.978387 9.325416
1678842259835 -0.514753 2.990358 8.449138
1678842259856 -0.713472 3.277662 8.137892
1678842259879 -1.146823 3.445256 8.631097
1678842259912 -0.933739 3.560178 8.243237
1678842259934 -0.622492 3.485958 7.177817
1678842259982 -0.993594 3.624821 8.161834
1678842260001 -1.307234 3.830723 8.295909
1678842260008 -0.893037 3.948039 7.783550
1678842260033 -0.711078 3.720589 8.616732
1678842260059 -0.924162 3.732560 9.006987
1678842260084 -1.055843 4.062960 7.812280
1678842260110 -1.486799 4.041412 8.774749
1678842260135 -1.584962 3.555390 10.872070
1678842260161 -0.998382 3.574543 10.838552
1678842260192 -1.319205 4.189853 7.398083
1678842260214 -2.097321 4.350265 7.850587
1678842260238 -2.042254 3.849876 10.874464
1678842260265 -1.910573 3.624821 12.069171
1678842260298 -1.934515 3.670311 10.333375
1678842260317 -2.061408 3.957615 7.105990
1678842260357 -2.274492 3.888184 7.371747
1678842260368 -2.219425 3.466804 9.263166
1678842260395 -2.061408 3.100491 9.926360
1678842260422 -2.238579 3.052607 9.952697
1678842260448 -1.905785 2.942474 8.370130
1678842260493 -1.719037 2.978387 7.627927
1678842260518 -1.618480 2.959233 8.659827
1678842260527 -1.359907 3.110068 8.853758
1678842260546 -1.300052 3.445256 7.718906
1678842260571 -1.616086 3.881001 7.290344
1678842260597 -1.642422 4.022259 8.437167
1678842260628 -1.551443 4.036624 9.076419
1678842260648 -1.154005 4.015076 9.392453
1678842260674 -0.775721 4.017470 9.241618
1678842260700 -0.984017 4.271256 9.014170
1678842260725 -1.781286 4.697424 8.978256
1678842260751 -2.090138 4.587290 9.957485
1678842260776 -1.039083 4.537012 8.068460
1678842260804 -1.005565 4.129998 7.654263
1678842260828 -1.448492 3.457227 11.413159
1678842260854 -1.484405 2.458845 12.787432
1678842260879 -1.561020 2.334347 9.998186
1678842260905 -0.672771 2.197877 9.141062
1678842260931 -0.785298 2.513912 7.922413
1678842260956 -0.766145 2.619257 8.578424
1678842260982 -1.177947 2.341529 10.007763
1678842261007 -1.647211 2.494758 10.558430
1678842261033 -1.443704 2.511518 9.327810
1678842261059 -1.139640 2.626439 8.480263
1678842261084 -0.744597 2.588132 8.583213
1678842261110 -1.972822 3.095703 8.252813
1678842261139 -1.271321 2.734178 9.093178
1678842261163 -0.960075 2.846706 8.623915
1678842261188 -1.225831 3.138798 7.857770
1678842261213 -1.975216 3.280056 8.480263
1678842261239 -1.999158 3.107674 9.651027
1678842261266 -1.244985 2.880225 9.131485
1678842261290 -1.240196 3.043030 8.633492
1678842261318 -1.340753 2.885013 9.018958
1678842261341 -0.972046 2.683900 10.043676
1678842261366 -1.060631 2.734178 9.799467
1678842261396 -1.594538 2.861071 8.954314
1678842261420 -1.975216 2.806004 9.054871
1678842261448 -2.487576 2.497152 9.911995
1678842261475 -2.468422 1.889025 11.583148
1678842261495 -2.439692 1.750161 11.973403
1678842261531 -2.169147 1.874660 9.722853
1678842261546 -1.965640 1.675941 7.766790
1678842261572 -2.195483 1.668759 8.207323
1678842261603 -2.442086 1.889025 8.734048
1678842261629 -3.083732 2.252944 9.442732
1678842261649 -2.777274 2.339135 9.368511
1678842261675 -2.236184 2.339135 9.303867
1678842261700 -2.518700 2.566584 9.516952
1678842261729 -1.800440 2.408567 9.516952
1678842261753 -1.632846 2.568978 9.727641
1678842261778 -1.723825 2.858677 8.983045
1678842261808 -1.632846 2.985569 8.530540
1678842261828 -1.553837 2.849100 9.306262
1678842261880 -1.467646 2.777274 9.390059
1678842261900 -1.230620 2.906561 9.016563
1678842261910 -1.419762 3.136404 9.236830
1678842261931 -1.580173 3.244143 8.856153
1678842261965 -1.541866 3.093309 8.848969
1678842261983 -1.216254 2.827552 9.464279
1678842262008 -1.000776 2.719813 9.818622
1678842262033 -1.319205 2.822764 9.483433
1678842262060 -1.316811 2.875436 8.597578
1678842262085 -1.024718 2.693477 8.638280
1678842262110 -1.079785 2.559402 9.478644
1678842262143 -1.063026 2.626439 9.476251
1678842262161 -1.436521 2.829947 9.169792
1678842262195 -1.678335 3.004723 9.253590
1678842262217 -1.663970 3.143587 9.193734
1678842262251 -1.654393 3.177106 9.066842
1678842262264 -1.774103 3.100491 9.490616
1678842262290 -1.649605 3.023877 9.437943
1678842262315 -1.460463 2.825158 9.397242
1678842262342 -1.462857 2.770091 9.160215
1678842262366 -1.546654 2.743755 8.834604
1678842262401 -1.455675 2.743755 8.729259
1678842262427 -1.316811 2.595315 9.569624
1678842262445 -1.438915 2.774880 7.673417
1678842262470 -2.118869 2.686294 10.457873
1678842262495 -1.841141 3.033453 9.718064
1678842262526 -0.818817 2.767697 8.813056
