# Created at Tue Mar 14 18:04:06 MST 2023
1678842247207 -0.222591 -0.028782 -0.586955 -0.000113 -0.807329 -0.579845 0.109546
1678842247226 -0.221536 -0.028434 -0.586522 0.000171 -0.807511 -0.579613 0.109425
1678842247257 -0.220263 -0.027873 -0.586107 -0.000677 -0.808006 -0.579024 0.108890
1678842247309 -0.219431 -0.027111 -0.586824 -0.000605 -0.807967 -0.578856 0.110069
1678842247338 -0.218448 -0.027547 -0.585793 0.001366 -0.805940 -0.581314 0.111951
1678842247384 -0.217630 -0.027079 -0.584958 0.001686 -0.806111 -0.581244 0.111076
1678842247408 -0.216301 -0.027397 -0.584354 0.003215 -0.806659 -0.580329 0.111849
1678842247439 -0.215399 -0.026863 -0.583352 0.003363 -0.805844 -0.581240 0.112980
1678842247470 -0.214604 -0.025915 -0.582677 0.001738 -0.806300 -0.580753 0.112262
1678842247513 -0.214163 -0.025627 -0.581813 0.002510 -0.806543 -0.580286 0.112916
1678842247548 -0.214090 -0.025738 -0.581078 0.003028 -0.805650 -0.581507 0.113002
1678842247602 -0.214162 -0.025685 -0.580500 0.003246 -0.805900 -0.581354 0.111989
1678842247615 -0.213703 -0.025857 -0.578933 0.003512 -0.805942 -0.581234 0.112302
1678842247662 -0.212210 -0.026949 -0.576153 -0.001387 -0.803937 -0.584303 0.110787
1678842247705 -0.210950 -0.027429 -0.574352 -0.004575 -0.803536 -0.584999 0.109932
1678842247737 -0.209090 -0.028961 -0.572241 -0.006522 -0.801946 -0.586959 0.110989
1678842247816 -0.203999 -0.030165 -0.567074 -0.010074 -0.800139 -0.589179 0.111996
1678842247838 -0.200351 -0.030038 -0.564192 -0.011310 -0.800284 -0.588857 0.112535
1678842247865 -0.196304 -0.030594 -0.560901 -0.012826 -0.800088 -0.589201 0.111971
1678842247910 -0.192035 -0.031724 -0.557026 -0.012669 -0.799452 -0.590125 0.111663
1678842247936 -0.186890 -0.032765 -0.553936 -0.011855 -0.798322 -0.591848 0.110717
1678842247976 -0.181820 -0.033985 -0.549172 -0.011359 -0.797429 -0.593324 0.109290
1678842248021 -0.176018 -0.035708 -0.544165 -0.011190 -0.796732 -0.594569 0.107612
1678842248052 -0.169707 -0.036136 -0.538380 -0.013029 -0.796477 -0.595386 0.104736
1678842248082 -0.163275 -0.036307 -0.532110 -0.012363 -0.796713 -0.595225 0.103937
1678842248116 -0.157351 -0.036262 -0.525350 -0.011118 -0.796854 -0.595390 0.102032
1678842248150 -0.150915 -0.035457 -0.518586 -0.009272 -0.798096 -0.594296 0.098842
1678842248198 -0.136254 -0.032899 -0.503997 -0.004625 -0.801487 -0.590110 0.096784
1678842248245 -0.128518 -0.030913 -0.495683 -0.002554 -0.802612 -0.588791 0.095564
1678842248282 -0.120198 -0.029494 -0.487506 -0.000290 -0.803317 -0.587839 0.095537
1678842248306 -0.111504 -0.027824 -0.479139 0.001816 -0.804157 -0.586642 0.095809
1678842248356 -0.103158 -0.025986 -0.470775 0.004108 -0.805878 -0.584374 0.095136
1678842248382 -0.094393 -0.025018 -0.462427 0.007889 -0.807442 -0.582168 0.095155
1678842248430 -0.077768 -0.026358 -0.444552 0.013293 -0.807989 -0.581527 0.093822
1678842248470 -0.070618 -0.027238 -0.434867 0.016541 -0.806964 -0.582667 0.095054
1678842248507 -0.063513 -0.029023 -0.423870 0.018633 -0.804338 -0.585745 0.097959
1678842248548 -0.055005 -0.030303 -0.411317 0.016903 -0.802061 -0.588640 0.099580
1678842248587 -0.047815 -0.029112 -0.399039 0.011983 -0.803091 -0.587582 0.098227
1678842248620 -0.041510 -0.028118 -0.385751 0.008690 -0.804562 -0.585833 0.096973
1678842248667 -0.030698 -0.029927 -0.355820 0.010171 -0.804358 -0.585937 0.097893
1678842248715 -0.026707 -0.031151 -0.339719 0.010632 -0.805057 -0.584910 0.098238
1678842248782 -0.016842 -0.034432 -0.302865 0.009008 -0.805512 -0.583458 0.103175
1678842248815 -0.013642 -0.036132 -0.283479 0.006530 -0.805110 -0.583592 0.105712
1678842248870 -0.010655 -0.038881 -0.242688 0.000489 -0.804764 -0.582801 0.112681
1678842248904 -0.008955 -0.039879 -0.220546 -0.003889 -0.804957 -0.582138 0.114649
1678842248935 -0.008187 -0.040579 -0.197648 -0.006039 -0.806095 -0.580127 0.116738
1678842248984 -0.007999 -0.040348 -0.174102 -0.006868 -0.807273 -0.578027 0.118943
1678842249037 -0.006704 -0.038486 -0.125585 -0.018683 -0.806438 -0.577789 0.124375
1678842249063 -0.006135 -0.035948 -0.102390 -0.022392 -0.805852 -0.577112 0.130548
1678842249118 -0.002735 -0.034645 -0.078105 -0.028770 -0.804407 -0.578535 0.131905
1678842249147 -0.001894 -0.030700 -0.058015 -0.036349 -0.804648 -0.577922 0.131254
1678842249182 -0.000409 -0.027225 -0.036659 -0.039346 -0.807598 -0.573509 0.131623
1678842249250 0.002809 -0.022308 -0.002719 -0.045714 -0.810723 -0.567415 0.136668
1678842249271 0.006270 -0.022032 0.012580 -0.052497 -0.808543 -0.568980 0.140584
1678842249306 0.008135 -0.020627 0.019597 -0.056958 -0.808364 -0.567933 0.144066
1678842249388 0.015950 -0.021780 0.042555 -0.061333 -0.804287 -0.571088 0.152374
1678842249414 0.021111 -0.024881 0.054316 -0.063465 -0.800367 -0.574887 0.157762
1678842249453 0.026232 -0.027476 0.065444 -0.064484 -0.798409 -0.576515 0.161292
1678842249497 0.039014 -0.032353 0.086759 -0.069238 -0.795866 -0.578018 0.166428
1678842249545 0.044976 -0.035383 0.098187 -0.072860 -0.792364 -0.582089 0.167404
1678842249580 0.051019 -0.038755 0.108217 -0.072844 -0.790791 -0.584253 0.167308
1678842249614 0.055600 -0.039846 0.120258 -0.071120 -0.790908 -0.584755 0.165733
1678842249649 0.060662 -0.039819 0.132954 -0.070097 -0.792710 -0.583141 0.163228
1678842249705 0.074899 -0.039416 0.161844 -0.075232 -0.793163 -0.582143 0.162301
1678842249737 0.083781 -0.041148 0.176086 -0.080752 -0.791629 -0.583630 0.161796
1678842249780 0.091343 -0.043707 0.190346 -0.077602 -0.788632 -0.587955 0.162313
1678842249819 0.097880 -0.047944 0.204954 -0.071071 -0.782894 -0.596494 0.161929
1678842249860 0.104233 -0.050169 0.218903 -0.067492 -0.782139 -0.598563 0.159455
1678842249894 0.117731 -0.050767 0.246344 -0.055550 -0.781830 -0.600095 0.159821
1678842249945 0.124474 -0.049136 0.259494 -0.053606 -0.785843 -0.596157 0.155479
1678842250004 0.135752 -0.050581 0.286843 -0.039380 -0.791351 -0.589496 0.157184
1678842250037 0.141144 -0.053780 0.303252 -0.035614 -0.787907 -0.593899 0.158805
1678842250081 0.146495 -0.056678 0.321061 -0.034976 -0.782800 -0.599899 0.161622
1678842250114 0.151065 -0.056624 0.339094 -0.036690 -0.781924 -0.601074 0.161118
1678842250147 0.154901 -0.054585 0.357393 -0.039275 -0.786266 -0.596143 0.157659
1678842250201 0.165224 -0.056613 0.399076 -0.048131 -0.786482 -0.594605 0.159918
1678842250233 0.171700 -0.060687 0.420464 -0.061256 -0.780506 -0.600644 0.162126
1678842250268 0.179302 -0.064371 0.441377 -0.073966 -0.776817 -0.602526 0.167472
1678842250313 0.187297 -0.066449 0.462360 -0.078510 -0.779543 -0.597078 0.172181
1678842250363 0.196428 -0.067428 0.484123 -0.073107 -0.785615 -0.587042 0.181236
1678842250410 0.223512 -0.070189 0.532565 -0.086960 -0.785198 -0.577743 0.205220
1678842250447 0.238386 -0.073260 0.560472 -0.101722 -0.778705 -0.578875 0.219487
1678842250490 0.250244 -0.074722 0.589251 -0.115799 -0.774179 -0.578403 0.229539
1678842250536 0.260164 -0.074873 0.652096 -0.127070 -0.765844 -0.586176 0.231806
1678842250567 0.258368 -0.071520 0.684534 -0.112103 -0.767883 -0.585776 0.233784
1678842250604 0.254961 -0.066407 0.716558 -0.101381 -0.776598 -0.578381 0.228237
1678842250653 0.253376 -0.061250 0.747789 -0.109870 -0.780721 -0.577673 0.211418
1678842250701 0.254014 -0.058135 0.813254 -0.123858 -0.774393 -0.586730 0.201801
1678842250738 0.253792 -0.056894 0.844184 -0.117373 -0.777838 -0.582070 0.205876
1678842250778 0.255967 -0.058873 0.876298 -0.113281 -0.777397 -0.582211 0.209407
1678842250826 0.257894 -0.060991 0.907217 -0.114348 -0.775431 -0.583893 0.211425
1678842250865 0.265096 -0.065981 0.967001 -0.118297 -0.778525 -0.577208 0.216186
1678842250903 0.269486 -0.069679 0.996820 -0.115685 -0.780148 -0.574261 0.219568
1678842250945 0.274371 -0.074100 1.027452 -0.114789 -0.783085 -0.571806 0.215960
1678842250975 0.284768 -0.078778 1.059126 -0.116013 -0.785996 -0.570087 0.209168
1678842251019 0.292250 -0.083724 1.090839 -0.115693 -0.788811 -0.568793 0.202154
1678842251108 0.310204 -0.091133 1.156563 -0.109775 -0.791258 -0.572050 0.186062
1678842251120 0.319250 -0.093463 1.189116 -0.105729 -0.794496 -0.572102 0.174061
1678842251150 0.328393 -0.094932 1.222539 -0.098821 -0.794043 -0.576548 0.165296
1678842251196 0.348413 -0.096289 1.290595 -0.072571 -0.793110 -0.585362 0.151862
1678842251237 0.356659 -0.089776 1.321469 -0.065393 -0.800546 -0.579476 0.138044
1678842251273 0.363288 -0.084854 1.353536 -0.056088 -0.802445 -0.579869 0.129186
1678842251337 0.369901 -0.083223 1.385780 -0.040861 -0.799412 -0.585652 0.127600
1678842251358 0.382909 -0.076231 1.446637 -0.023936 -0.804903 -0.581399 0.116332
1678842251404 0.385826 -0.067406 1.476741 -0.017409 -0.810115 -0.575533 0.110329
1678842251446 0.392233 -0.066880 1.507341 -0.012362 -0.813080 -0.572178 0.106586
1678842251491 0.407852 -0.070220 1.569920 -0.012424 -0.813004 -0.572288 0.106568
1678842251535 0.415572 -0.074456 1.602996 -0.012724 -0.812126 -0.573384 0.107333
1678842251569 0.422528 -0.076991 1.633735 -0.010638 -0.812977 -0.571652 0.110313
1678842251614 0.429955 -0.079911 1.667384 -0.009388 -0.814318 -0.569123 0.113559
1678842251658 0.437673 -0.081880 1.701364 -0.009876 -0.814511 -0.567939 0.117981
1678842251714 0.452200 -0.079166 1.770509 -0.019168 -0.816136 -0.564425 0.122390
1678842251770 0.470534 -0.075556 1.838683 -0.028814 -0.806796 -0.572509 0.143120
1678842251826 0.481853 -0.071720 1.868580 -0.040593 -0.804386 -0.574361 0.146375
1678842251854 0.491135 -0.064475 1.898640 -0.049376 -0.808518 -0.568242 0.144780
1678842251892 0.501263 -0.062164 1.919146 -0.052551 -0.809949 -0.564250 0.151137
1678842251929 0.512154 -0.059558 1.948753 -0.058043 -0.806415 -0.566436 0.159614
1678842251972 0.537876 -0.059770 2.006566 -0.073944 -0.806100 -0.562511 0.168276
1678842252006 0.549779 -0.060208 2.035054 -0.078194 -0.807009 -0.559142 0.173155
1678842252050 0.562656 -0.062623 2.064100 -0.084129 -0.807489 -0.556717 0.175927
1678842252095 0.589188 -0.072123 2.118982 -0.090957 -0.808645 -0.551210 0.184357
1678842252150 0.604934 -0.077217 2.150101 -0.094950 -0.809034 -0.548868 0.187597
1678842252179 0.619583 -0.080165 2.185647 -0.096919 -0.810195 -0.546334 0.188973
1678842252228 0.649123 -0.085536 2.249926 -0.097111 -0.813020 -0.544127 0.183015
1678842252267 0.663173 -0.085056 2.282060 -0.096000 -0.817401 -0.540367 0.175050
1678842252300 0.674835 -0.081805 2.320379 -0.091804 -0.818066 -0.541497 0.170650
1678842252344 0.688644 -0.079921 2.353761 -0.086863 -0.815163 -0.546700 0.170534
1678842252385 0.701556 -0.075596 2.385696 -0.083020 -0.816985 -0.546712 0.163555
1678842252429 0.712654 -0.068132 2.417271 -0.075768 -0.821645 -0.542976 0.155998
1678842252466 0.731361 -0.062750 2.481224 -0.048327 -0.816343 -0.553211 0.158764
1678842252506 0.740143 -0.059252 2.510435 -0.042357 -0.819254 -0.551228 0.152238
1678842252539 0.747529 -0.053445 2.539073 -0.034756 -0.826434 -0.542889 0.145156
1678842252588 0.758911 -0.046337 2.572648 -0.027279 -0.831239 -0.536400 0.143431
1678842252630 0.777565 -0.046845 2.633869 -0.032110 -0.832256 -0.535346 0.140445
1678842252688 0.788106 -0.046988 2.671278 -0.034512 -0.832435 -0.535304 0.138960
1678842252707 0.796289 -0.049798 2.702760 -0.033634 -0.834326 -0.532410 0.138956
1678842252772 0.813522 -0.056009 2.766982 -0.037503 -0.838130 -0.526314 0.138292
1678842252814 0.824376 -0.055285 2.806770 -0.037533 -0.835958 -0.528800 0.141900
1678842252867 0.833688 -0.058234 2.839760 -0.039362 -0.833930 -0.531348 0.143811
1678842252908 0.854974 -0.061743 2.903131 -0.049161 -0.822098 -0.545404 0.155796
1678842252972 0.877638 -0.057277 2.963243 -0.070229 -0.813284 -0.556076 0.156255
1678842253023 0.890653 -0.050649 2.995387 -0.073557 -0.815840 -0.551204 0.158649
1678842253044 0.901611 -0.048642 3.024186 -0.076714 -0.814351 -0.550869 0.165801
1678842253102 0.925882 -0.048319 3.080595 -0.092644 -0.804491 -0.557682 0.182216
1678842253131 0.935092 -0.046509 3.103265 -0.100570 -0.804717 -0.554101 0.187852
1678842253179 0.947537 -0.046174 3.129752 -0.107677 -0.805879 -0.549456 0.192517
1678842253209 0.959978 -0.050814 3.164106 -0.113904 -0.806346 -0.546254 0.196059
1678842253263 0.987549 -0.060388 3.222842 -0.123547 -0.805029 -0.543727 0.202546
1678842253307 1.001316 -0.063821 3.248360 -0.127635 -0.803281 -0.545247 0.202864
1678842253343 1.015264 -0.069698 3.280092 -0.129163 -0.802721 -0.546063 0.201919
1678842253410 1.043964 -0.075314 3.340371 -0.122236 -0.804960 -0.544632 0.201180
1678842253432 1.058102 -0.074962 3.372613 -0.121344 -0.806438 -0.544504 0.196086
1678842253473 1.073339 -0.072502 3.405199 -0.123292 -0.805483 -0.546525 0.193149
1678842253509 1.093235 -0.065223 3.437047 -0.124702 -0.805752 -0.546636 0.190793
1678842253544 1.107755 -0.058305 3.468017 -0.124402 -0.810862 -0.541485 0.183906
1678842253602 1.130096 -0.053122 3.527020 -0.107593 -0.815824 -0.539873 0.177176
1678842253634 1.141794 -0.053328 3.561482 -0.092892 -0.807014 -0.553049 0.185028
1678842253673 1.154155 -0.050276 3.594082 -0.088781 -0.803479 -0.558158 0.187080
1678842253707 1.170181 -0.042894 3.628987 -0.085665 -0.809520 -0.550017 0.186598
1678842253738 1.181180 -0.037012 3.659213 -0.081832 -0.817674 -0.539225 0.184254
1678842253814 1.203962 -0.035360 3.723367 -0.081541 -0.820393 -0.535799 0.182283
1678842253834 1.216017 -0.036859 3.755490 -0.081738 -0.822177 -0.533088 0.182104
1678842253879 1.225854 -0.038315 3.785134 -0.080364 -0.824779 -0.528432 0.184499
1678842253912 1.238227 -0.039866 3.817085 -0.080671 -0.827065 -0.523934 0.186947
1678842253972 1.262843 -0.041967 3.879975 -0.081824 -0.829284 -0.517847 0.193463
1678842254005 1.274725 -0.041734 3.911562 -0.083752 -0.829006 -0.516460 0.197494
1678842254025 1.288673 -0.041971 3.942575 -0.091490 -0.822933 -0.522610 0.203198
1678842254083 1.307484 -0.044635 3.979561 -0.102037 -0.814448 -0.531956 0.208054
1678842254118 1.321681 -0.040923 4.007560 -0.108444 -0.812647 -0.533087 0.208956
1678842254174 1.352952 -0.032770 4.060359 -0.116370 -0.812807 -0.528075 0.216654
1678842254233 1.370198 -0.033417 4.082355 -0.127250 -0.806219 -0.532571 0.224023
1678842254275 1.390232 -0.033628 4.106936 -0.138339 -0.801735 -0.533116 0.232102
1678842254305 1.436609 -0.042043 4.171353 -0.154203 -0.796156 -0.529772 0.248391
1678842254377 1.483079 -0.053730 4.225450 -0.166169 -0.791831 -0.525589 0.262960
1678842254399 1.506469 -0.060353 4.250224 -0.168511 -0.791262 -0.522563 0.269139
1678842254449 1.530732 -0.067001 4.275334 -0.172395 -0.790885 -0.520115 0.272509
1678842254470 1.555686 -0.073762 4.301425 -0.176215 -0.788537 -0.521348 0.274508
1678842254513 1.576654 -0.078921 4.322185 -0.176022 -0.786935 -0.523582 0.274975
1678842254567 1.627467 -0.082464 4.377375 -0.171760 -0.780229 -0.532186 0.280212
1678842254601 1.652412 -0.075664 4.401629 -0.168873 -0.774368 -0.538124 0.286808
1678842254629 1.676297 -0.066889 4.426730 -0.165681 -0.778759 -0.534506 0.283526
1678842254683 1.698682 -0.056554 4.451044 -0.159726 -0.789823 -0.524180 0.275503
1678842254707 1.718559 -0.053253 4.474320 -0.150175 -0.794784 -0.520420 0.273731
1678842254777 1.762960 -0.049016 4.530708 -0.131683 -0.786016 -0.535464 0.279495
1678842254807 1.782521 -0.043346 4.557845 -0.127397 -0.789752 -0.530936 0.279586
1678842254833 1.802842 -0.038908 4.583974 -0.124197 -0.796220 -0.522503 0.278568
1678842254882 1.823196 -0.037119 4.610668 -0.123493 -0.800708 -0.516583 0.277051
1678842254924 1.867187 -0.042630 4.665627 -0.129075 -0.799450 -0.514187 0.282544
1678842254975 1.888470 -0.048590 4.693963 -0.131939 -0.798143 -0.514658 0.284054
1678842255014 1.909552 -0.055022 4.722348 -0.132950 -0.797330 -0.514062 0.286929
1678842255055 1.928936 -0.057812 4.749666 -0.133629 -0.795150 -0.514357 0.292091
1678842255097 1.972811 -0.067302 4.806372 -0.141795 -0.786138 -0.520756 0.301155
1678842255140 1.991164 -0.066255 4.829416 -0.148275 -0.778409 -0.524978 0.310633
1678842255173 2.013804 -0.063989 4.855421 -0.155905 -0.772040 -0.526920 0.319381
1678842255232 2.035932 -0.063682 4.874418 -0.167522 -0.770154 -0.524965 0.321265
1678842255267 2.058098 -0.058132 4.897205 -0.178255 -0.770421 -0.520285 0.322459
1678842255306 2.103680 -0.052233 4.941675 -0.187757 -0.759017 -0.522335 0.340304
1678842255341 2.121584 -0.054512 4.955701 -0.197938 -0.756279 -0.518489 0.346455
1678842255386 2.145944 -0.052629 4.973984 -0.206782 -0.755349 -0.511489 0.353649
1678842255444 2.196752 -0.054160 5.003974 -0.221552 -0.748326 -0.503620 0.370527
1678842255491 2.250218 -0.063512 5.040199 -0.229186 -0.741553 -0.499418 0.384908
1678842255539 2.276088 -0.066891 5.058562 -0.228355 -0.741022 -0.496178 0.390574
1678842255570 2.303436 -0.070037 5.077145 -0.228658 -0.740712 -0.494268 0.393397
1678842255607 2.331242 -0.071875 5.095891 -0.227722 -0.740270 -0.493623 0.395575
1678842255644 2.371540 -0.078115 5.126822 -0.224298 -0.742698 -0.490547 0.396805
1678842255688 2.429719 -0.075059 5.166422 -0.223601 -0.740552 -0.492790 0.398426
1678842255728 2.458639 -0.074033 5.185544 -0.225469 -0.737688 -0.498395 0.395705
1678842255767 2.485804 -0.069466 5.205149 -0.224008 -0.743129 -0.494831 0.390797
1678842255813 2.512975 -0.061568 5.227167 -0.215935 -0.744521 -0.495604 0.391710
1678842255841 2.537706 -0.060809 5.250411 -0.205635 -0.739022 -0.508713 0.390860
1678842255910 2.582625 -0.050982 5.293425 -0.186729 -0.746621 -0.510354 0.383702
1678842255937 2.613699 -0.045655 5.314994 -0.178596 -0.756051 -0.501141 0.381246
1678842255965 2.637410 -0.042774 5.335149 -0.174374 -0.761125 -0.496095 0.379701
1678842256020 2.667322 -0.041765 5.358163 -0.176076 -0.760520 -0.494846 0.381752
1678842256086 2.720239 -0.047063 5.399528 -0.178922 -0.757426 -0.492921 0.389000
1678842256125 2.777323 -0.050763 5.438445 -0.177982 -0.760444 -0.481933 0.397226
1678842256170 2.803646 -0.053251 5.457346 -0.176776 -0.759015 -0.479690 0.403168
1678842256192 2.830181 -0.055198 5.475652 -0.177131 -0.757053 -0.478245 0.408383
1678842256249 2.856996 -0.058093 5.491711 -0.181077 -0.748994 -0.480960 0.418207
1678842256270 2.885370 -0.057859 5.508126 -0.193069 -0.736386 -0.486212 0.429019
1678842256325 2.913942 -0.056751 5.518469 -0.206895 -0.730456 -0.484394 0.434731
1678842256364 2.961291 -0.043409 5.543314 -0.220285 -0.732719 -0.468485 0.441723
1678842256402 2.986048 -0.039752 5.554296 -0.230526 -0.725945 -0.468476 0.447652
1678842256438 3.001298 -0.035820 5.553142 -0.241519 -0.721182 -0.464933 0.453214
1678842256468 3.026067 -0.033372 5.560896 -0.249151 -0.717268 -0.458811 0.461457
1678842256509 3.045015 -0.033464 5.566016 -0.255252 -0.711597 -0.454611 0.470962
1678842256557 3.070977 -0.034074 5.572298 -0.263573 -0.706546 -0.449571 0.478756
1678842256578 3.097377 -0.035569 5.577813 -0.270293 -0.702706 -0.442695 0.486997
1678842256632 3.124969 -0.039279 5.589992 -0.274544 -0.698826 -0.436860 0.495400
1678842256672 3.179359 -0.047294 5.599304 -0.285147 -0.688126 -0.429253 0.510800
1678842256703 3.205300 -0.049897 5.602583 -0.288681 -0.686268 -0.422931 0.516554
1678842256736 3.239560 -0.055743 5.613251 -0.292337 -0.683722 -0.418153 0.521740
1678842256787 3.265056 -0.056545 5.614868 -0.297587 -0.673567 -0.418310 0.531758
1678842256818 3.295611 -0.055429 5.616761 -0.306119 -0.662414 -0.415618 0.542918
1678842256869 3.335065 -0.047453 5.611560 -0.314082 -0.657864 -0.395842 0.558459
1678842256915 3.348538 -0.051804 5.606478 -0.315316 -0.639194 -0.401394 0.575230
1678842256970 3.378172 -0.044988 5.592815 -0.337474 -0.611590 -0.386641 0.602144
1678842256996 3.388358 -0.039773 5.583713 -0.346023 -0.600391 -0.372569 0.617244
1678842257024 3.403764 -0.033349 5.573690 -0.352194 -0.586722 -0.358531 0.634958
1678842257074 3.411576 -0.031891 5.561971 -0.362489 -0.566997 -0.345384 0.654084
1678842257122 3.427811 -0.034932 5.551094 -0.377797 -0.539876 -0.333480 0.674236
1678842257148 3.432065 -0.036654 5.536505 -0.393514 -0.511848 -0.319191 0.693740
1678842257207 3.433365 -0.038515 5.521884 -0.406937 -0.483325 -0.303061 0.713409
1678842257237 3.435416 -0.041310 5.497770 -0.427982 -0.421362 -0.270777 0.752307
1678842257316 3.434749 -0.038212 5.473662 -0.457851 -0.350571 -0.237677 0.781653
1678842257334 3.425818 -0.042643 5.462029 -0.474455 -0.317488 -0.219297 0.791203
1678842257371 3.414492 -0.047674 5.450635 -0.492142 -0.279701 -0.203084 0.798950
1678842257416 3.399807 -0.049874 5.440913 -0.508998 -0.244861 -0.185965 0.803978
1678842257435 3.382956 -0.052384 5.432748 -0.520087 -0.217165 -0.168904 0.808591
1678842257498 3.345876 -0.058149 5.418492 -0.530549 -0.159084 -0.146992 0.819514
1678842257529 3.325683 -0.064755 5.411292 -0.535824 -0.128124 -0.136293 0.823347
1678842257574 3.304160 -0.068079 5.402462 -0.542379 -0.096819 -0.122490 0.825498
1678842257607 3.282016 -0.070822 5.393795 -0.549947 -0.066182 -0.105906 0.825810
1678842257637 3.259291 -0.072719 5.384854 -0.555609 -0.038808 -0.088178 0.825844
1678842257693 3.215714 -0.075426 5.367862 -0.556198 0.009039 -0.060798 0.828774
1678842257728 3.192513 -0.076759 5.357532 -0.557695 0.030832 -0.047344 0.828121
1678842257769 3.170252 -0.078699 5.347445 -0.557719 0.050023 -0.032600 0.827880
1678842257806 3.149591 -0.084639 5.339554 -0.555849 0.068552 -0.019053 0.828233
1678842257839 3.126481 -0.086734 5.328128 -0.554334 0.086515 -0.005249 0.827769
1678842257899 3.102967 -0.088433 5.316259 -0.552201 0.103199 0.007934 0.827262
1678842257933 3.057194 -0.087063 5.290853 -0.539859 0.133210 0.024620 0.830783
1678842257969 3.033971 -0.085989 5.278223 -0.535926 0.150198 0.032398 0.830165
1678842258002 3.010085 -0.084122 5.265623 -0.535296 0.164628 0.045826 0.827197
1678842258039 2.992517 -0.081672 5.254369 -0.535044 0.175059 0.059360 0.824353
1678842258090 2.971736 -0.078004 5.243089 -0.530411 0.185294 0.067526 0.824482
1678842258125 2.934764 -0.076921 5.221254 -0.525271 0.202347 0.069887 0.823567
1678842258164 2.919938 -0.078413 5.210064 -0.530231 0.212358 0.067523 0.818047
1678842258201 2.905721 -0.078376 5.200418 -0.531020 0.221468 0.070459 0.814865
1678842258246 2.888747 -0.078392 5.192913 -0.529444 0.230230 0.078605 0.812715
1678842258275 2.876285 -0.076787 5.185487 -0.527613 0.237422 0.087223 0.810955
1678842258317 2.864969 -0.077269 5.180933 -0.525212 0.243382 0.095027 0.809869
1678842258361 2.847301 -0.079255 5.167876 -0.526333 0.256097 0.106968 0.803708
1678842258401 2.841328 -0.081097 5.161576 -0.526670 0.260805 0.108589 0.801753
1678842258463 2.836102 -0.082336 5.153322 -0.525877 0.264426 0.111515 0.800685
1678842258473 2.832229 -0.084458 5.146151 -0.527810 0.267591 0.114963 0.797869
1678842258516 2.825902 -0.087306 5.137494 -0.528775 0.267955 0.117998 0.796664
1678842258556 2.826140 -0.091142 5.116951 -0.532288 0.268398 0.116260 0.794428
1678842258616 2.828828 -0.090874 5.101608 -0.533323 0.266745 0.115862 0.794348
1678842258636 2.832853 -0.090545 5.087317 -0.534186 0.264247 0.111383 0.795244
1678842258676 2.838742 -0.088919 5.071472 -0.533800 0.261432 0.103914 0.797441
1678842258706 2.848041 -0.083597 5.055466 -0.532241 0.255070 0.097090 0.801394
1678842258766 2.866030 -0.076387 5.017019 -0.527842 0.241638 0.081591 0.810146
1678842258803 2.876020 -0.073158 4.995289 -0.527645 0.234912 0.073647 0.813009
1678842258835 2.887817 -0.069069 4.972514 -0.524774 0.225903 0.067223 0.817962
1678842258872 2.899074 -0.065037 4.948733 -0.519248 0.219482 0.059892 0.823785
1678842258915 2.911229 -0.062055 4.923596 -0.514890 0.213123 0.050833 0.828784
1678842258960 2.924632 -0.060271 4.897712 -0.512411 0.203065 0.042857 0.833285
1678842258989 2.937958 -0.060589 4.870500 -0.517357 0.202744 0.033862 0.830716
1678842259030 2.969276 -0.057482 4.819909 -0.514528 0.176504 0.026391 0.838696
1678842259070 2.985753 -0.057102 4.794354 -0.513463 0.168781 0.012059 0.841263
1678842259114 3.006152 -0.058005 4.769025 -0.520994 0.156414 0.001550 0.839105
1678842259144 3.027495 -0.055671 4.745864 -0.522738 0.134579 -0.006713 0.841777
1678842259181 3.051516 -0.052863 4.724659 -0.518587 0.114136 -0.019645 0.847145
1678842259234 3.103301 -0.048579 4.680774 -0.516329 0.068359 -0.041794 0.852634
1678842259269 3.130326 -0.047722 4.656564 -0.518024 0.052092 -0.053536 0.852098
1678842259315 3.154502 -0.047336 4.634112 -0.523947 0.043550 -0.065232 0.848132
1678842259360 3.179225 -0.044434 4.614575 -0.522900 0.030239 -0.067174 0.849205
1678842259395 3.224344 -0.042111 4.572015 -0.516754 0.006688 -0.070560 0.853195
1678842259444 3.246361 -0.044457 4.549242 -0.520222 -0.006114 -0.070882 0.851063
1678842259473 3.268374 -0.048524 4.526917 -0.522094 -0.018178 -0.071287 0.849709
1678842259524 3.311786 -0.059492 4.481182 -0.525243 -0.026988 -0.078690 0.846876
1678842259568 3.333386 -0.065058 4.457707 -0.533993 -0.033813 -0.079283 0.841084
1678842259600 3.352519 -0.068021 4.437522 -0.539100 -0.041280 -0.080093 0.837408
1678842259649 3.374970 -0.068660 4.415256 -0.538687 -0.051861 -0.083759 0.836727
1678842259704 3.421684 -0.067604 4.368360 -0.543934 -0.068257 -0.089374 0.831558
1678842259739 3.440908 -0.067715 4.346830 -0.546329 -0.075092 -0.097111 0.828526
1678842259776 3.466267 -0.064426 4.324851 -0.543998 -0.084959 -0.106521 0.827950
1678842259834 3.522347 -0.054956 4.284116 -0.541837 -0.100643 -0.119843 0.825785
1678842259873 3.547823 -0.051503 4.264303 -0.539850 -0.109869 -0.129562 0.824442
1678842259900 3.572708 -0.047943 4.245524 -0.535244 -0.116848 -0.138794 0.824983
1678842259943 3.598217 -0.047040 4.225180 -0.530772 -0.124215 -0.147095 0.825357
1678842259973 3.623663 -0.045153 4.207557 -0.528137 -0.133061 -0.154005 0.824408
1678842260026 3.650568 -0.044228 4.186397 -0.524706 -0.142263 -0.157951 0.824316
1678842260066 3.703106 -0.045618 4.151296 -0.520967 -0.155844 -0.164502 0.822949
1678842260107 3.729667 -0.047679 4.133494 -0.520908 -0.162158 -0.164763 0.821713
1678842260147 3.757717 -0.047353 4.115779 -0.518982 -0.164828 -0.167109 0.821927
1678842260196 3.812557 -0.053551 4.080524 -0.517095 -0.170175 -0.171847 0.821049
1678842260239 3.829226 -0.064640 4.070769 -0.518024 -0.171461 -0.172987 0.819956
1678842260269 3.855371 -0.066094 4.054692 -0.516592 -0.178571 -0.171099 0.819738
1678842260314 3.881489 -0.068250 4.037968 -0.521420 -0.179548 -0.170793 0.816525
1678842260344 3.899586 -0.079930 4.023301 -0.532187 -0.177818 -0.168876 0.810333
1678842260388 3.923446 -0.079588 4.006355 -0.536144 -0.178762 -0.165751 0.808159
1678842260409 3.946228 -0.077829 3.989342 -0.534188 -0.179726 -0.163281 0.809741
1678842260467 3.985139 -0.082065 3.952523 -0.545256 -0.176138 -0.159767 0.803832
1678842260509 4.004299 -0.081755 3.932790 -0.548662 -0.175194 -0.157701 0.802127
1678842260536 4.021685 -0.083880 3.909099 -0.547747 -0.172979 -0.155142 0.803730
1678842260587 4.038120 -0.084423 3.888380 -0.548610 -0.170398 -0.153804 0.803950
1678842260614 4.053528 -0.085899 3.867390 -0.550985 -0.171133 -0.151000 0.802700
1678842260657 4.085680 -0.087251 3.822943 -0.548629 -0.171255 -0.149794 0.804512
1678842260712 4.099520 -0.091544 3.799274 -0.548685 -0.170131 -0.150290 0.804620
1678842260739 4.117239 -0.091743 3.773653 -0.547855 -0.170904 -0.149351 0.805196
1678842260801 4.144104 -0.098230 3.722891 -0.539584 -0.175450 -0.152079 0.809282
1678842260841 4.157987 -0.100231 3.694119 -0.533411 -0.173792 -0.156470 0.812888
1678842260877 4.170742 -0.101716 3.665858 -0.528747 -0.174540 -0.156806 0.815705
1678842260937 4.183729 -0.103942 3.636653 -0.532772 -0.171875 -0.159681 0.813090
1678842260974 4.211484 -0.101079 3.578110 -0.540408 -0.170867 -0.162450 0.807696
1678842261020 4.220083 -0.098502 3.553231 -0.540905 -0.173003 -0.163794 0.806637
1678842261061 4.239340 -0.096447 3.504694 -0.542095 -0.171261 -0.171988 0.804502
1678842261090 4.248042 -0.095193 3.481935 -0.540169 -0.166444 -0.177173 0.805682
1678842261132 4.255535 -0.093849 3.462055 -0.538962 -0.163185 -0.177994 0.806975
1678842261161 4.263156 -0.092816 3.441013 -0.540265 -0.160160 -0.176250 0.807093
1678842261213 4.270573 -0.092690 3.420440 -0.541180 -0.155347 -0.173750 0.807962
1678842261263 4.283068 -0.094443 3.381589 -0.540037 -0.138525 -0.165855 0.813427
1678842261296 4.289793 -0.096616 3.361851 -0.542777 -0.127055 -0.162735 0.814105
1678842261316 4.295914 -0.098981 3.342062 -0.545044 -0.113281 -0.157916 0.815572
1678842261368 4.297462 -0.097981 3.328843 -0.545159 -0.099268 -0.151883 0.818461
1678842261413 4.303233 -0.100311 3.310410 -0.546990 -0.083822 -0.145011 0.820212
1678842261461 4.309797 -0.102915 3.292062 -0.548888 -0.067881 -0.136311 0.821908
1678842261487 4.316175 -0.104715 3.275881 -0.548192 -0.051730 -0.127295 0.824988
1678842261549 4.328953 -0.107043 3.244019 -0.556608 -0.013163 -0.106626 0.823799
1678842261579 4.333932 -0.107411 3.231328 -0.564629 0.007181 -0.091904 0.820180
1678842261613 4.338281 -0.105427 3.221270 -0.569258 0.021362 -0.074872 0.818464
1678842261667 4.344574 -0.101406 3.207634 -0.575883 0.046184 -0.047256 0.814857
1678842261700 4.346387 -0.101673 3.201865 -0.580456 0.056077 -0.034926 0.811607
1678842261730 4.347709 -0.100992 3.198825 -0.582182 0.068449 -0.024259 0.809809
1678842261765 4.346772 -0.101121 3.195223 -0.582355 0.083004 -0.014822 0.808550
1678842261802 4.344839 -0.101073 3.192520 -0.584546 0.094381 -0.002535 0.805849
1678842261844 4.342754 -0.102767 3.192270 -0.586927 0.105516 0.008224 0.802693
1678842261880 4.340057 -0.102403 3.191091 -0.586516 0.118668 0.015387 0.801049
1678842261943 4.333423 -0.102657 3.189017 -0.587408 0.141995 0.028043 0.796243
1678842261973 4.331690 -0.101405 3.184780 -0.586819 0.151642 0.032771 0.794716
1678842262001 4.328458 -0.101512 3.183902 -0.586430 0.160531 0.036771 0.793081
1678842262032 4.325095 -0.101683 3.182811 -0.586551 0.168429 0.041444 0.791121
1678842262070 4.321009 -0.098206 3.184617 -0.586844 0.177309 0.046224 0.788695
1678842262106 4.318044 -0.098111 3.183579 -0.586861 0.184230 0.050530 0.786829
1678842262148 4.314395 -0.095985 3.184850 -0.585741 0.188943 0.053875 0.786324
1678842262178 4.312225 -0.095818 3.183930 -0.585811 0.193566 0.056601 0.784955
1678842262216 4.310535 -0.096228 3.182985 -0.587338 0.197448 0.058427 0.782710
1678842262256 4.308245 -0.096699 3.181838 -0.587759 0.200164 0.059524 0.781621
1678842262303 4.306932 -0.097170 3.180274 -0.588063 0.203960 0.061191 0.780281
1678842262340 4.306462 -0.098245 3.178067 -0.588739 0.205086 0.062629 0.779361
1678842262378 4.305439 -0.098202 3.176912 -0.588976 0.206210 0.063654 0.778802
1678842262438 4.302176 -0.099730 3.175051 -0.588708 0.207898 0.064610 0.778477
1678842262462 4.301429 -0.099731 3.173889 -0.589093 0.207802 0.064892 0.778188
1678842262494 4.300783 -0.100200 3.172717 -0.590454 0.208188 0.064979 0.777046
1678842262526 4.299805 -0.100794 3.171711 -0.592070 0.208800 0.063655 0.775760
