# Created at Tue Mar 14 18:04:06 MST 2023
1678842247207 -0.234588 -0.036370 -0.593491 -0.003854 0.801291 0.587671 -0.112078
1678842247226 -0.233527 -0.036029 -0.593062 -0.004138 0.801475 0.587439 -0.111962
1678842247257 -0.232268 -0.035458 -0.592633 -0.003294 0.801980 0.586857 -0.111422
1678842247309 -0.231436 -0.034715 -0.593327 -0.003354 0.801937 0.586692 -0.112602
1678842247338 -0.230424 -0.035164 -0.592332 -0.005315 0.799872 0.589126 -0.114486
1678842247384 -0.229598 -0.034693 -0.591518 -0.005642 0.800047 0.589054 -0.113616
1678842247408 -0.228238 -0.035064 -0.590907 -0.007160 0.800596 0.588138 -0.114408
1678842247439 -0.227337 -0.034531 -0.589902 -0.007301 0.799767 0.589043 -0.115533
1678842247470 -0.226571 -0.033554 -0.589207 -0.005681 0.800235 0.588567 -0.114804
1678842247513 -0.226115 -0.033297 -0.588336 -0.006445 0.800477 0.588100 -0.115467
1678842247548 -0.226035 -0.033395 -0.587627 -0.006966 0.799570 0.589310 -0.115551
1678842247602 -0.226101 -0.033336 -0.587069 -0.007194 0.799827 0.589157 -0.114542
1678842247615 -0.225637 -0.033519 -0.585498 -0.007457 0.799868 0.589036 -0.114857
1678842247662 -0.224247 -0.034447 -0.582720 -0.002582 0.797854 0.592106 -0.113278
1678842247705 -0.223050 -0.034845 -0.580897 0.000596 0.797459 0.592812 -0.112389
1678842247737 -0.221235 -0.036319 -0.578767 0.002546 0.795851 0.594770 -0.113416
1678842247816 -0.216220 -0.037430 -0.573561 0.006102 0.794028 0.596994 -0.114374
1678842247838 -0.212596 -0.037293 -0.570644 0.007344 0.794176 0.596681 -0.114903
1678842247865 -0.208579 -0.037807 -0.567345 0.008853 0.793983 0.597029 -0.114323
1678842247910 -0.204308 -0.038918 -0.563493 0.008690 0.793340 0.597945 -0.114011
1678842247936 -0.199151 -0.039930 -0.560462 0.007862 0.792196 0.599651 -0.113063
1678842247976 -0.194071 -0.041112 -0.555755 0.007347 0.791295 0.601113 -0.111632
1678842248021 -0.188266 -0.042791 -0.550802 0.007158 0.790595 0.602345 -0.109949
1678842248052 -0.181985 -0.043131 -0.545054 0.008966 0.790351 0.603162 -0.107052
1678842248082 -0.175538 -0.043307 -0.538807 0.008293 0.790591 0.602998 -0.106262
1678842248116 -0.169585 -0.043256 -0.532105 0.007029 0.790736 0.603153 -0.104368
1678842248150 -0.163102 -0.042464 -0.525412 0.005156 0.792000 0.602053 -0.101205
1678842248198 -0.148336 -0.040044 -0.510868 0.000502 0.795428 0.597871 -0.099219
1678842248245 -0.140553 -0.038105 -0.502587 -0.001577 0.796566 0.596548 -0.098027
1678842248282 -0.132185 -0.036745 -0.494431 -0.003838 0.797274 0.595592 -0.098028
1678842248306 -0.123447 -0.035139 -0.486072 -0.005938 0.798119 0.594392 -0.098327
1678842248356 -0.115048 -0.033376 -0.477718 -0.008229 0.799858 0.592128 -0.097690
1678842248382 -0.106203 -0.032518 -0.469391 -0.012002 0.801434 0.589918 -0.097758
1678842248430 -0.089462 -0.033949 -0.451612 -0.017417 0.801979 0.589252 -0.096480
1678842248470 -0.082252 -0.034879 -0.441973 -0.020656 0.800928 0.590369 -0.097735
1678842248507 -0.075119 -0.036677 -0.431006 -0.022729 0.798254 0.593419 -0.100638
1678842248548 -0.066659 -0.037892 -0.418447 -0.020993 0.795946 0.596305 -0.102223
1678842248587 -0.059563 -0.036619 -0.406100 -0.016084 0.797006 0.595278 -0.100832
1678842248620 -0.053317 -0.035585 -0.392755 -0.012797 0.798508 0.593556 -0.099559
1678842248667 -0.042477 -0.037431 -0.362831 -0.014270 0.798294 0.593653 -0.100492
1678842248715 -0.038476 -0.038687 -0.346714 -0.014724 0.799000 0.592631 -0.100847
1678842248782 -0.028653 -0.042031 -0.309721 -0.013048 0.799448 0.591205 -0.105774
1678842248815 -0.025508 -0.043718 -0.290252 -0.010546 0.799039 0.591354 -0.108286
1678842248870 -0.022654 -0.046464 -0.249225 -0.004435 0.798681 0.590608 -0.115198
1678842248904 -0.021042 -0.047423 -0.226967 -0.000035 0.798882 0.589974 -0.117128
1678842248935 -0.020314 -0.048148 -0.203963 0.002141 0.800033 0.587989 -0.119207
1678842248984 -0.020140 -0.047968 -0.180327 0.002998 0.801222 0.585911 -0.121415
1678842249037 -0.019078 -0.045963 -0.131517 0.014866 0.800393 0.585738 -0.126733
1678842249063 -0.018584 -0.043448 -0.108135 0.018638 0.799792 0.585091 -0.132869
1678842249118 -0.015308 -0.042016 -0.083743 0.025026 0.798344 0.586535 -0.134156
1678842249147 -0.014604 -0.037929 -0.063532 0.032600 0.798613 0.585961 -0.133436
1678842249182 -0.013160 -0.034476 -0.042049 0.035615 0.801610 0.581592 -0.133803
1678842249250 -0.010040 -0.029602 -0.007809 0.042052 0.804783 0.575573 -0.138820
1678842249271 -0.006704 -0.029216 0.007653 0.048869 0.802587 0.577161 -0.142657
1678842249306 -0.004913 -0.027784 0.014827 0.053369 0.802412 0.576144 -0.146099
1678842249388 0.002819 -0.028906 0.037970 0.057816 0.798276 0.579304 -0.154337
1678842249414 0.007934 -0.031973 0.049811 0.059990 0.794299 0.583090 -0.159675
1678842249453 0.013035 -0.034568 0.060999 0.061038 0.792310 0.584714 -0.163181
1678842249497 0.025737 -0.039392 0.082472 0.065840 0.789740 0.586231 -0.168256
1678842249545 0.031627 -0.042296 0.093919 0.069459 0.786204 0.590289 -0.169169
1678842249580 0.037662 -0.045632 0.103913 0.069435 0.784612 0.592437 -0.169060
1678842249614 0.042268 -0.046728 0.115885 0.067694 0.784728 0.592928 -0.167500
1678842249649 0.047351 -0.046715 0.128540 0.066651 0.786554 0.591319 -0.165019
1678842249705 0.061507 -0.046211 0.157517 0.071781 0.787035 0.590349 -0.164048
1678842249737 0.070296 -0.047798 0.171823 0.077292 0.785504 0.591848 -0.163480
1678842249780 0.077895 -0.050358 0.185972 0.074133 0.782456 0.596130 -0.164000
1678842249819 0.084507 -0.054577 0.200328 0.067571 0.776623 0.604580 -0.163626
1678842249860 0.090911 -0.056803 0.214135 0.063961 0.775851 0.606619 -0.161177
1678842249894 0.104602 -0.057616 0.241348 0.052016 0.775495 0.608088 -0.161650
1678842249945 0.111392 -0.056033 0.254442 0.050041 0.779562 0.604168 -0.157356
1678842250004 0.122940 -0.057891 0.281681 0.035851 0.785087 0.597492 -0.159239
1678842250037 0.128383 -0.061106 0.297986 0.032087 0.781583 0.601847 -0.160867
1678842250081 0.133724 -0.063946 0.315740 0.031459 0.776405 0.607803 -0.163649
1678842250114 0.138259 -0.063832 0.333776 0.033165 0.775525 0.608977 -0.163122
1678842250147 0.142068 -0.061787 0.352133 0.035730 0.779937 0.604091 -0.159673
1678842250201 0.152240 -0.063703 0.394037 0.044614 0.780179 0.602606 -0.161854
1678842250233 0.158473 -0.067445 0.415605 0.057744 0.774169 0.608660 -0.163893
1678842250268 0.165863 -0.070918 0.436819 0.070503 0.770469 0.610584 -0.169096
1678842250313 0.173808 -0.073063 0.458056 0.075112 0.773234 0.605198 -0.173789
1678842250363 0.183070 -0.074442 0.480049 0.069828 0.779340 0.595216 -0.182951
1678842250410 0.210021 -0.077390 0.529347 0.083954 0.778927 0.586044 -0.206826
1678842250447 0.224711 -0.080332 0.557783 0.098859 0.772391 0.587226 -0.220919
1678842250490 0.236409 -0.081641 0.587028 0.113044 0.767855 0.586808 -0.230816
1678842250536 0.246152 -0.081473 0.650016 0.124319 0.759465 0.594565 -0.232915
1678842250567 0.244565 -0.078471 0.682210 0.109368 0.761459 0.594115 -0.235045
1678842250604 0.241324 -0.073612 0.714038 0.098609 0.770244 0.586733 -0.229662
1678842250653 0.239565 -0.068057 0.745113 0.106932 0.774479 0.586063 -0.212786
1678842250701 0.239949 -0.064374 0.810517 0.120800 0.768151 0.595105 -0.202983
1678842250738 0.239843 -0.063399 0.841473 0.114368 0.771603 0.590456 -0.207149
1678842250778 0.242084 -0.065513 0.873579 0.110310 0.771132 0.590581 -0.210715
1678842250826 0.243995 -0.067611 0.904532 0.111393 0.769142 0.592256 -0.212709
1678842250865 0.251186 -0.072680 0.964583 0.115412 0.772285 0.585632 -0.217465
1678842250903 0.255635 -0.076523 0.994464 0.112842 0.773913 0.582696 -0.220887
1678842250945 0.260531 -0.080948 1.025045 0.111917 0.776888 0.580255 -0.217309
1678842250975 0.270897 -0.085531 1.056635 0.113078 0.779853 0.578552 -0.210525
1678842251019 0.278367 -0.090407 1.088223 0.112691 0.782713 0.577265 -0.203532
1678842251108 0.296354 -0.097678 1.153471 0.106600 0.785195 0.580473 -0.187500
1678842251120 0.305438 -0.099932 1.185711 0.102433 0.788482 0.580504 -0.175554
1678842251150 0.314657 -0.101363 1.218770 0.095422 0.788013 0.584888 -0.166840
1678842251196 0.335051 -0.102943 1.285969 0.069006 0.786996 0.593527 -0.153626
1678842251237 0.343435 -0.096490 1.316540 0.061709 0.794538 0.587640 -0.139929
1678842251273 0.350227 -0.091631 1.348273 0.052314 0.796453 0.587980 -0.131167
1678842251337 0.357092 -0.090179 1.380143 0.037053 0.793335 0.593655 -0.129694
1678842251358 0.370436 -0.083439 1.440579 0.020030 0.798878 0.589339 -0.118624
1678842251404 0.373502 -0.074765 1.470561 0.013462 0.804158 0.583475 -0.112723
1678842251446 0.380021 -0.074346 1.501067 0.008390 0.807159 0.580113 -0.109052
1678842251491 0.395639 -0.077682 1.563645 0.008452 0.807083 0.580222 -0.109032
1678842251535 0.403349 -0.081904 1.596722 0.008755 0.806192 0.581313 -0.109787
1678842251569 0.410344 -0.084547 1.627513 0.006704 0.807039 0.579587 -0.112796
1678842251614 0.417797 -0.087577 1.661246 0.005494 0.808384 0.577073 -0.116067
1678842251658 0.425503 -0.089613 1.695338 0.006028 0.808567 0.575904 -0.120487
1678842251714 0.439856 -0.086843 1.764770 0.015375 0.810227 0.572463 -0.124827
1678842251770 0.457973 -0.083177 1.833356 0.025199 0.800733 0.580562 -0.145397
1678842251826 0.469071 -0.079125 1.863479 0.037004 0.798320 0.582458 -0.148524
1678842251854 0.478217 -0.071788 1.893754 0.045792 0.802540 0.576418 -0.146884
1678842251892 0.488305 -0.069561 1.914501 0.049042 0.803984 0.572473 -0.153228
1678842251929 0.499099 -0.066920 1.944328 0.054612 0.800402 0.574674 -0.161629
1678842251972 0.524578 -0.066981 2.002643 0.070613 0.800121 0.570849 -0.170150
1678842252006 0.536432 -0.067445 2.031354 0.074924 0.801049 0.567522 -0.175003
1678842252050 0.549228 -0.069808 2.060596 0.080895 0.801553 0.565139 -0.177728
1678842252095 0.575691 -0.079351 2.115851 0.087827 0.802736 0.559699 -0.186113
1678842252150 0.591392 -0.084434 2.147141 0.091860 0.803141 0.557389 -0.189323
1678842252179 0.606025 -0.087392 2.182790 0.093852 0.804324 0.554879 -0.190693
1678842252228 0.635555 -0.092713 2.246988 0.093991 0.807200 0.552685 -0.184753
1678842252267 0.649617 -0.092206 2.279004 0.092814 0.811653 0.548940 -0.176831
1678842252300 0.661330 -0.088974 2.317146 0.088569 0.812318 0.550044 -0.172471
1678842252344 0.675198 -0.087122 2.350358 0.083609 0.809355 0.555195 -0.172373
1678842252385 0.688160 -0.082790 2.382090 0.079696 0.811201 0.555185 -0.165440
1678842252429 0.699376 -0.075437 2.413455 0.072380 0.815915 0.551438 -0.157985
1678842252466 0.718519 -0.070502 2.476841 0.044929 0.810432 0.561493 -0.160955
1678842252506 0.727408 -0.067072 2.505863 0.038900 0.813379 0.559490 -0.154505
1678842252539 0.734955 -0.061455 2.534386 0.031257 0.820653 0.551163 -0.147553
1678842252588 0.746496 -0.054571 2.567925 0.023784 0.825508 0.544677 -0.145938
1678842252630 0.765061 -0.054965 2.629182 0.028589 0.826562 0.543649 -0.142915
1678842252688 0.775557 -0.055042 2.666600 0.030977 0.826756 0.543617 -0.141409
1678842252707 0.783766 -0.057914 2.698120 0.030109 0.828671 0.540737 -0.141429
1678842252772 0.800946 -0.064128 2.762495 0.033991 0.832546 0.534694 -0.140765
1678842252814 0.811794 -0.063411 2.802311 0.034049 0.830332 0.537170 -0.144355
1678842252867 0.821066 -0.066310 2.835321 0.035888 0.828275 0.539712 -0.146232
1678842252908 0.842141 -0.069560 2.898838 0.045759 0.816278 0.553736 -0.158028
1678842252972 0.864410 -0.064507 2.959126 0.066799 0.807417 0.564432 -0.158217
1678842253023 0.877389 -0.057914 2.991452 0.070168 0.810014 0.559606 -0.160606
1678842253044 0.888305 -0.055937 3.020451 0.073398 0.808501 0.559292 -0.167721
1678842253102 0.912330 -0.055391 3.077347 0.089471 0.798536 0.566135 -0.183919
1678842253131 0.921446 -0.053536 3.100324 0.097467 0.798789 0.562610 -0.189490
1678842253179 0.933817 -0.053171 3.127101 0.104638 0.799989 0.558024 -0.194106
1678842253209 0.946191 -0.057764 3.161686 0.110912 0.800484 0.554867 -0.197601
1678842253263 0.973659 -0.067242 3.220762 0.120633 0.799184 0.552393 -0.203996
1678842253307 0.987365 -0.070567 3.246335 0.124720 0.797431 0.553918 -0.204263
1678842253343 1.001287 -0.076387 3.278061 0.126237 0.796872 0.554733 -0.203299
1678842253410 1.030084 -0.082167 3.338225 0.119304 0.799110 0.553287 -0.202640
1678842253432 1.044218 -0.081770 3.370351 0.118361 0.800612 0.553155 -0.197563
1678842253473 1.059412 -0.079201 3.402880 0.120274 0.799658 0.555169 -0.194597
1678842253509 1.079281 -0.071857 3.434703 0.121660 0.799942 0.555284 -0.192229
1678842253544 1.093804 -0.064923 3.465607 0.121308 0.805133 0.550162 -0.185385
1678842253602 1.116373 -0.060051 3.524210 0.104433 0.810100 0.548495 -0.178841
1678842253634 1.128262 -0.060498 3.558368 0.089763 0.801090 0.561534 -0.186753
1678842253673 1.140671 -0.057487 3.590855 0.085655 0.797486 0.566594 -0.188812
1678842253707 1.156776 -0.050281 3.625828 0.082559 0.803598 0.558494 -0.188411
1678842253738 1.167872 -0.044598 3.656121 0.078738 0.811854 0.547753 -0.186172
1678842253814 1.190666 -0.042975 3.720289 0.078439 0.814614 0.544346 -0.184226
1678842253834 1.202728 -0.044503 3.752458 0.078643 0.816424 0.541653 -0.184061
1678842253879 1.212612 -0.046080 3.782206 0.077308 0.819055 0.537021 -0.186494
1678842253912 1.225005 -0.047713 3.814287 0.077654 0.821371 0.532553 -0.188962
1678842253972 1.249648 -0.049945 3.877431 0.078893 0.823618 0.526509 -0.195493
1678842254005 1.261519 -0.049736 3.909154 0.080867 0.823338 0.525140 -0.199508
1678842254025 1.275341 -0.049802 3.940303 0.088643 0.817199 0.531286 -0.205093
1678842254083 1.293971 -0.052183 3.977407 0.099210 0.808629 0.540617 -0.209783
1678842254118 1.308072 -0.048328 4.005516 0.105624 0.806830 0.541766 -0.210613
1678842254174 1.339283 -0.040160 4.058688 0.113646 0.807019 0.536816 -0.218251
1678842254233 1.356392 -0.040605 4.080950 0.124589 0.800381 0.541323 -0.225472
1678842254275 1.376318 -0.040665 4.105881 0.135762 0.795880 0.541902 -0.233423
1678842254305 1.422605 -0.048969 4.170964 0.151810 0.790293 0.538628 -0.249543
1678842254377 1.469052 -0.060616 4.225636 0.163944 0.785965 0.534501 -0.263987
1678842254399 1.492474 -0.067296 4.250624 0.166360 0.785400 0.531499 -0.270149
1678842254449 1.516732 -0.073923 4.275910 0.170288 0.785039 0.529075 -0.273487
1678842254470 1.541653 -0.080609 4.302093 0.174127 0.782679 0.530310 -0.275435
1678842254513 1.562616 -0.085758 4.322824 0.173932 0.781053 0.532530 -0.275890
1678842254567 1.613466 -0.089387 4.377906 0.169693 0.774230 0.541062 -0.281111
1678842254601 1.638459 -0.082683 4.402143 0.166854 0.768273 0.546948 -0.287688
1678842254629 1.662374 -0.073973 4.427175 0.163637 0.772706 0.543347 -0.284469
1678842254683 1.684824 -0.063769 4.451382 0.157631 0.783891 0.533074 -0.276584
1678842254707 1.704820 -0.060700 4.474507 0.148070 0.788871 0.529309 -0.274937
1678842254777 1.749409 -0.056795 4.530420 0.129580 0.779885 0.544192 -0.280790
1678842254807 1.769053 -0.051267 4.557553 0.125309 0.783652 0.539678 -0.280952
1678842254833 1.789458 -0.046972 4.583744 0.122125 0.790195 0.531287 -0.280018
1678842254882 1.809844 -0.045239 4.610496 0.121425 0.794745 0.525403 -0.278546
1678842254924 1.853817 -0.050720 4.665701 0.127072 0.793496 0.523037 -0.283986
1678842254975 1.875072 -0.056632 4.694110 0.129952 0.792185 0.523514 -0.285461
1678842255014 1.896166 -0.063084 4.722579 0.130995 0.791366 0.522923 -0.288324
1678842255055 1.915581 -0.065922 4.750002 0.131726 0.789159 0.523214 -0.293468
1678842255097 1.959389 -0.075287 4.806923 0.139969 0.780063 0.529593 -0.302393
1678842255140 1.977719 -0.074181 4.830197 0.146536 0.772264 0.533799 -0.311760
1678842255173 2.000336 -0.071845 4.856479 0.154254 0.765853 0.535742 -0.320399
1678842255232 2.022366 -0.071322 4.875767 0.165903 0.764007 0.533832 -0.322169
1678842255267 2.044461 -0.065585 4.898857 0.176670 0.764339 0.529212 -0.323276
1678842255306 2.090117 -0.059695 4.943811 0.186357 0.752852 0.531248 -0.340968
1678842255341 2.108019 -0.061855 4.958209 0.196622 0.750147 0.527444 -0.347020
1678842255386 2.132433 -0.059918 4.976904 0.205570 0.749269 0.520499 -0.354144
1678842255444 2.183383 -0.061390 5.007610 0.220555 0.742273 0.512682 -0.370867
1678842255491 2.237012 -0.070789 5.044306 0.228363 0.735488 0.508492 -0.385153
1678842255539 2.262988 -0.074284 5.062801 0.227602 0.734957 0.505258 -0.390832
1678842255570 2.290387 -0.077472 5.081468 0.227942 0.734651 0.503353 -0.393656
1678842255607 2.318236 -0.079365 5.100244 0.227031 0.734202 0.502706 -0.395842
1678842255644 2.358598 -0.085717 5.131175 0.223628 0.736644 0.499639 -0.397124
1678842255688 2.416787 -0.082689 5.170755 0.222940 0.734467 0.501862 -0.398735
1678842255728 2.445612 -0.081553 5.189782 0.224762 0.731569 0.507442 -0.395968
1678842255767 2.472748 -0.076970 5.209327 0.223259 0.737064 0.503910 -0.391109
1678842255813 2.499984 -0.069267 5.231191 0.215187 0.738424 0.504657 -0.392104
1678842255841 2.524681 -0.068657 5.254014 0.204829 0.732779 0.517661 -0.391289
1678842255910 2.569658 -0.059144 5.296501 0.185829 0.740350 0.519259 -0.384343
1678842255937 2.600851 -0.054023 5.318017 0.177695 0.749856 0.510088 -0.382034
1678842255965 2.624624 -0.051247 5.338145 0.173471 0.754974 0.505065 -0.380567
1678842256020 2.654555 -0.050234 5.361248 0.175200 0.754375 0.503824 -0.382602
1678842256086 2.707554 -0.055575 5.402823 0.178131 0.751271 0.501904 -0.389812
1678842256125 2.764848 -0.059460 5.442042 0.177316 0.754348 0.490961 -0.398090
1678842256170 2.791284 -0.062062 5.461057 0.176180 0.752907 0.488714 -0.404042
1678842256192 2.817902 -0.064075 5.479479 0.176597 0.750934 0.487266 -0.409247
1678842256249 2.844797 -0.066996 5.495728 0.180642 0.742810 0.489951 -0.418986
1678842256270 2.873178 -0.066619 5.512464 0.192742 0.730131 0.495172 -0.429609
1678842256325 2.901740 -0.065292 5.523201 0.206645 0.724226 0.493382 -0.435165
1678842256364 2.949246 -0.051802 5.548673 0.220173 0.726637 0.477580 -0.442084
1678842256402 2.974033 -0.047995 5.559947 0.230487 0.719860 0.477575 -0.447882
1678842256438 2.989345 -0.043899 5.559149 0.241561 0.715132 0.474056 -0.453326
1678842256468 3.014275 -0.041405 5.567271 0.249311 0.711255 0.467958 -0.461493
1678842256509 3.033405 -0.041497 5.572716 0.255536 0.705592 0.463760 -0.470923
1678842256557 3.059525 -0.042033 5.579350 0.263968 0.700570 0.458735 -0.478627
1678842256578 3.086124 -0.043496 5.585215 0.270810 0.696772 0.451879 -0.486803
1678842256632 3.113926 -0.047229 5.597679 0.275179 0.692915 0.446051 -0.495161
1678842256672 3.168681 -0.055221 5.607512 0.285992 0.682237 0.438436 -0.510426
1678842256703 3.194803 -0.057820 5.611024 0.289615 0.680420 0.432130 -0.516154
1678842256736 3.229219 -0.063651 5.621896 0.293351 0.677902 0.427360 -0.521305
1678842256787 3.254926 -0.064483 5.623734 0.298719 0.667709 0.427474 -0.531221
1678842256818 3.285756 -0.063336 5.625957 0.307398 0.656549 0.424749 -0.542253
1678842256869 3.325797 -0.055358 5.621350 0.315618 0.652128 0.405011 -0.557746
1678842256915 3.339617 -0.059959 5.616385 0.317030 0.633326 0.410438 -0.574396
1678842256970 3.370157 -0.053029 5.603555 0.339584 0.605785 0.395608 -0.601001
1678842256996 3.380955 -0.047801 5.594893 0.348374 0.594665 0.381513 -0.616001
1678842257024 3.397069 -0.041450 5.585257 0.354817 0.581055 0.367425 -0.633623
1678842257074 3.405672 -0.040009 5.573948 0.365407 0.561386 0.354194 -0.652587
1678842257122 3.422791 -0.043007 5.563497 0.381033 0.534317 0.342165 -0.672489
1678842257148 3.428009 -0.044662 5.549297 0.397077 0.506368 0.327743 -0.691741
1678842257207 3.430347 -0.046500 5.534975 0.410838 0.477934 0.311465 -0.711182
1678842257237 3.434578 -0.049398 5.511116 0.432569 0.416138 0.278808 -0.749653
1678842257316 3.436106 -0.046180 5.487038 0.463060 0.345592 0.245271 -0.778449
1678842257334 3.428218 -0.050435 5.475362 0.479931 0.312679 0.226689 -0.787724
1678842257371 3.417919 -0.055328 5.463822 0.497868 0.275054 0.210231 -0.795157
1678842257416 3.404202 -0.057356 5.453910 0.514947 0.240395 0.192884 -0.799897
1678842257435 3.388198 -0.059744 5.445499 0.526236 0.212866 0.175631 -0.804312
1678842257498 3.352473 -0.065718 5.430467 0.537060 0.154967 0.153256 -0.814901
1678842257529 3.332921 -0.072447 5.422810 0.542505 0.124103 0.142303 -0.818558
1678842257574 3.312081 -0.075822 5.413486 0.549229 0.092936 0.128246 -0.820526
1678842257607 3.290641 -0.078541 5.404296 0.556962 0.062475 0.111414 -0.820657
1678842257637 3.268578 -0.080391 5.394810 0.562783 0.035283 0.093459 -0.820546
1678842257693 3.225974 -0.083253 5.376676 0.563661 -0.012317 0.065642 -0.823301
1678842257728 3.203197 -0.084603 5.365812 0.565276 -0.033976 0.051990 -0.822560
1678842257769 3.181345 -0.086530 5.355181 0.565421 -0.053026 0.037066 -0.822261
1678842257806 3.161037 -0.092498 5.346727 0.563671 -0.071433 0.023337 -0.822574
1678842257839 3.138259 -0.094593 5.334742 0.562268 -0.089267 0.009357 -0.822070
1678842257899 3.115037 -0.096291 5.322326 0.560238 -0.105829 -0.003994 -0.821533
1678842257933 3.069573 -0.095172 5.295875 0.548092 -0.135732 -0.021013 -0.825064
1678842257969 3.046474 -0.094212 5.282727 0.544236 -0.152653 -0.028972 -0.824418
1678842258002 3.022811 -0.092263 5.269623 0.543683 -0.166943 -0.042544 -0.821419
1678842258039 3.005459 -0.089670 5.257942 0.543499 -0.177232 -0.056184 -0.818560
1678842258090 2.984773 -0.086022 5.246247 0.538935 -0.187403 -0.064469 -0.818702
1678842258125 2.947764 -0.085165 5.223951 0.533843 -0.204441 -0.067017 -0.817756
1678842258164 2.932882 -0.086765 5.212695 0.538764 -0.214433 -0.064738 -0.812133
1678842258201 2.918679 -0.086769 5.202839 0.539562 -0.223497 -0.067764 -0.808906
1678842258246 2.901790 -0.086744 5.194998 0.538029 -0.232176 -0.076004 -0.806748
1678842258275 2.889419 -0.085070 5.187252 0.536244 -0.239282 -0.084703 -0.804992
1678842258317 2.878178 -0.085489 5.182405 0.533887 -0.245169 -0.092577 -0.803919
1678842258361 2.860618 -0.087368 5.168912 0.535043 -0.257738 -0.104647 -0.797715
1678842258401 2.854641 -0.089231 5.162498 0.535382 -0.262420 -0.106316 -0.795738
1678842258463 2.849428 -0.090461 5.154109 0.534604 -0.266010 -0.109282 -0.794667
1678842258473 2.845593 -0.092527 5.146847 0.536535 -0.269123 -0.112757 -0.791826
1678842258516 2.839312 -0.095305 5.138145 0.537505 -0.269450 -0.115794 -0.790618
1678842258556 2.839543 -0.099145 5.117684 0.540989 -0.269889 -0.114048 -0.788343
1678842258616 2.842242 -0.098853 5.102397 0.542017 -0.268237 -0.113630 -0.788260
1678842258636 2.846225 -0.098579 5.088251 0.542859 -0.265783 -0.109121 -0.789149
1678842258676 2.852023 -0.097080 5.072588 0.542450 -0.263050 -0.101623 -0.791344
1678842258706 2.861251 -0.091839 5.056799 0.540877 -0.256777 -0.094736 -0.795325
1678842258766 2.879054 -0.084836 5.018807 0.536448 -0.243546 -0.079112 -0.804146
1678842258803 2.888951 -0.081691 4.997339 0.536221 -0.236911 -0.071099 -0.807023
1678842258835 2.900671 -0.077659 4.974795 0.533341 -0.227994 -0.064592 -0.812031
1678842258872 2.911808 -0.073765 4.951161 0.527817 -0.221686 -0.057213 -0.817919
1678842258915 2.923813 -0.070944 4.926217 0.523444 -0.215449 -0.048105 -0.822966
1678842258960 2.937103 -0.069232 4.900608 0.520941 -0.205495 -0.040035 -0.827520
1678842258989 2.950289 -0.069661 4.873640 0.525817 -0.205233 -0.031020 -0.824884
1678842259030 2.981539 -0.066434 4.823612 0.522957 -0.179112 -0.023296 -0.833002
1678842259070 2.997755 -0.066254 4.798406 0.521825 -0.171539 -0.008892 -0.835580
1678842259114 3.017998 -0.067107 4.773612 0.529250 -0.159242 0.001765 -0.833386
1678842259144 3.039201 -0.064649 4.751019 0.530921 -0.137494 0.010248 -0.836130
1678842259181 3.062943 -0.061905 4.730306 0.526704 -0.117211 0.023365 -0.841605
1678842259234 3.114182 -0.057530 4.687534 0.524267 -0.071678 0.045944 -0.847287
1678842259269 3.140901 -0.056661 4.663807 0.525856 -0.055515 0.057845 -0.846786
1678842259315 3.164790 -0.056267 4.641769 0.531661 -0.047049 0.069640 -0.842777
1678842259360 3.189415 -0.053263 4.622478 0.530580 -0.033765 0.071704 -0.843921
1678842259395 3.234341 -0.050839 4.580269 0.524394 -0.010283 0.075291 -0.848078
1678842259444 3.256283 -0.052977 4.557797 0.527807 0.002535 0.075745 -0.845977
1678842259473 3.278213 -0.056875 4.535730 0.529633 0.014606 0.076269 -0.844665
1678842259524 3.321393 -0.067797 4.490290 0.532696 0.023369 0.083762 -0.841827
1678842259568 3.342929 -0.073115 4.467102 0.541370 0.030239 0.084449 -0.835986
1678842259600 3.361985 -0.075893 4.447147 0.546418 0.037730 0.085344 -0.832298
1678842259649 3.384265 -0.076470 4.425097 0.545953 0.048278 0.089106 -0.831664
1678842259704 3.430698 -0.075185 4.378631 0.551081 0.064660 0.094887 -0.826513
1678842259739 3.449669 -0.075275 4.357334 0.553391 0.071444 0.102693 -0.823473
1678842259776 3.474705 -0.072054 4.335567 0.550982 0.081219 0.112181 -0.822944
1678842259834 3.530296 -0.062628 4.295169 0.548694 0.096782 0.125633 -0.820844
1678842259873 3.555431 -0.059238 4.275551 0.546622 0.105917 0.135424 -0.819540
1678842259900 3.580010 -0.055822 4.256875 0.541957 0.112795 0.144700 -0.820135
1678842259943 3.605229 -0.055039 4.236629 0.537428 0.120070 0.153048 -0.820568
1678842259973 3.630397 -0.053192 4.219143 0.534726 0.128849 0.160025 -0.819669
1678842260026 3.657098 -0.052284 4.198088 0.531251 0.138004 0.164039 -0.819646
1678842260066 3.709306 -0.053676 4.163165 0.527432 0.151521 0.170695 -0.818364
1678842260107 3.735780 -0.055663 4.145457 0.527343 0.157838 0.171012 -0.817161
1678842260147 3.763739 -0.055379 4.127761 0.525401 0.160480 0.173374 -0.817399
1678842260196 3.818388 -0.061611 4.092577 0.523468 0.165781 0.178151 -0.816553
1678842260239 3.835006 -0.072674 4.082862 0.524377 0.167064 0.179304 -0.815456
1678842260269 3.861114 -0.074054 4.066853 0.522934 0.174189 0.177475 -0.815292
1678842260314 3.887212 -0.076075 4.050225 0.527731 0.175198 0.177195 -0.812039
1678842260344 3.905351 -0.087484 4.035708 0.538453 0.173544 0.175299 -0.805742
1678842260388 3.929269 -0.086993 4.018825 0.542403 0.174539 0.172197 -0.803544
1678842260409 3.952110 -0.085243 4.001779 0.540472 0.175512 0.169731 -0.805156
1678842260467 3.991130 -0.089199 3.965070 0.551510 0.172016 0.166224 -0.799135
1678842260509 4.010347 -0.088788 3.945367 0.554913 0.171109 0.164162 -0.797398
1678842260536 4.027834 -0.090936 3.921614 0.554032 0.168908 0.161581 -0.799006
1678842260587 4.044337 -0.091475 3.900864 0.554911 0.166341 0.160224 -0.799208
1678842260614 4.059801 -0.092845 3.879905 0.557286 0.167114 0.157435 -0.797947
1678842260657 4.091990 -0.094243 3.835414 0.554953 0.167233 0.156224 -0.799784
1678842260712 4.105833 -0.098555 3.811733 0.555010 0.166103 0.156709 -0.799885
1678842260739 4.123569 -0.098753 3.786103 0.554188 0.166880 0.155775 -0.800475
1678842260801 4.150324 -0.105427 3.735290 0.545931 0.171358 0.158515 -0.804654
1678842260841 4.164133 -0.107659 3.706418 0.539774 0.169625 0.162869 -0.808298
1678842260877 4.176884 -0.109256 3.678091 0.535133 0.170344 0.163195 -0.811161
1678842260937 4.189818 -0.111450 3.648932 0.539126 0.167676 0.166058 -0.808488
1678842260974 4.217490 -0.108438 3.590519 0.546700 0.166689 0.168842 -0.803011
1678842261020 4.226023 -0.105836 3.565687 0.547174 0.168819 0.170206 -0.801954
1678842261061 4.245080 -0.103866 3.517194 0.548307 0.167013 0.178384 -0.799778
1678842261090 4.253712 -0.102781 3.494365 0.546380 0.162137 0.183516 -0.800939
1678842261132 4.261228 -0.101519 3.474424 0.545189 0.158861 0.184304 -0.802225
1678842261161 4.268933 -0.100472 3.453351 0.546509 0.155855 0.182539 -0.802319
1678842261213 4.276477 -0.100357 3.432711 0.547458 0.151064 0.180001 -0.803162
1678842261263 4.289396 -0.102265 3.393547 0.546449 0.134287 0.171957 -0.808574
1678842261296 4.296335 -0.104479 3.373667 0.549241 0.122850 0.168744 -0.809177
1678842261316 4.302736 -0.106906 3.353676 0.551581 0.109121 0.163812 -0.810566
1678842261368 4.304594 -0.106006 3.340199 0.551790 0.095151 0.157656 -0.813400
1678842261413 4.310699 -0.108401 3.321502 0.553712 0.079767 0.150653 -0.815073
1678842261461 4.317638 -0.111049 3.302859 0.555711 0.063904 0.141817 -0.816694
1678842261487 4.324389 -0.112947 3.286321 0.555130 0.047822 0.132655 -0.819723
1678842261549 4.337982 -0.115280 3.253758 0.563738 0.009479 0.111664 -0.818316
1678842261579 4.343460 -0.115514 3.240698 0.571851 -0.010686 0.096783 -0.814558
1678842261613 4.348300 -0.113356 3.230269 0.576585 -0.024687 0.079638 -0.812772
1678842261667 4.355358 -0.109074 3.215950 0.583379 -0.049213 0.051814 -0.809050
1678842261700 4.357492 -0.109169 3.209910 0.588009 -0.058961 0.039407 -0.805740
1678842261730 4.359095 -0.108432 3.206522 0.589803 -0.071219 0.028628 -0.803891
1678842261765 4.358405 -0.108583 3.202519 0.590049 -0.085677 0.019053 -0.802582
1678842261802 4.356760 -0.108423 3.199456 0.592305 -0.096919 0.006664 -0.799835
1678842261844 4.354920 -0.110023 3.198871 0.594739 -0.107931 -0.004195 -0.796630
1678842261880 4.352386 -0.109708 3.197325 0.594383 -0.121007 -0.011487 -0.794943
1678842261943 4.346018 -0.110017 3.194622 0.595354 -0.144188 -0.024369 -0.790044
1678842261973 4.344373 -0.108814 3.190114 0.594800 -0.153784 -0.029195 -0.788487
1678842262001 4.341212 -0.108970 3.188996 0.594437 -0.162627 -0.033284 -0.786822
1678842262032 4.337930 -0.109154 3.187678 0.594584 -0.170471 -0.038036 -0.784833
1678842262070 4.333921 -0.105698 3.189239 0.594901 -0.179293 -0.042903 -0.782372
1678842262106 4.331023 -0.105613 3.187996 0.594941 -0.186164 -0.047279 -0.780483
1678842262148 4.327419 -0.103503 3.189101 0.593844 -0.190845 -0.050675 -0.779974
1678842262178 4.325288 -0.103343 3.188046 0.593927 -0.195435 -0.053447 -0.778588
1678842262216 4.323628 -0.103745 3.187021 0.595453 -0.199285 -0.055308 -0.776313
1678842262256 4.321353 -0.104224 3.185810 0.595876 -0.201984 -0.056430 -0.775210
1678842262303 4.320062 -0.104709 3.184149 0.596185 -0.205757 -0.058135 -0.773852
1678842262340 4.319616 -0.105759 3.181906 0.596863 -0.206862 -0.059583 -0.772925
1678842262378 4.318607 -0.105708 3.180715 0.597102 -0.207973 -0.060618 -0.772361
1678842262438 4.315355 -0.107245 3.178801 0.596840 -0.209651 -0.061593 -0.772032
1678842262462 4.314615 -0.107232 3.177642 0.597224 -0.209550 -0.061873 -0.771741
1678842262494 4.313976 -0.107683 3.176482 0.598576 -0.209926 -0.061959 -0.770584
1678842262526 4.312982 -0.108285 3.175516 0.600174 -0.210540 -0.060636 -0.769277
