# Created at Tue Mar 14 18:04:06 MST 2023
1678842247201 -0.110567 0.059254 0.050702
1678842247225 0.056200 0.120340 -0.107512
1678842247233 0.196088 0.302989 -0.155160
1678842247236 0.195477 0.287718 -0.013439
1678842247240 0.167988 0.130114 0.136834
1678842247243 0.094684 -0.078802 0.091630
1678842247246 0.007941 -0.068417 0.071471
1678842247250 0.047037 0.009163 0.084910
1678842247253 0.112399 -0.048869 0.098349
1678842247259 0.036652 -0.198531 0.096517
1678842247262 -0.025045 -0.212581 0.119119
1678842247275 -0.095295 -0.124006 0.131947
1678842247279 -0.224798 -0.077580 0.111177
1678842247283 -0.280387 -0.200364 0.044593
1678842247286 -0.194255 -0.285274 0.017715
1678842247291 -0.160047 -0.103236 0.042761
1678842247295 -0.194255 0.136834 0.068417
1678842247299 -0.062308 0.179594 0.042761
1678842247310 0.006109 -0.004276 0.036652
1678842247321 -0.091019 -0.017715 0.062919
1678842247324 -0.177151 0.062919 0.061087
1678842247328 -0.143553 0.004887 0.029932
1678842247332 -0.016493 -0.043982 -0.006109
1678842247337 0.018937 0.012828 -0.023824
1678842247341 0.023213 -0.031154 0.014661
1678842247345 0.065973 -0.084299 0.048869
1678842247348 -0.064141 0.158214 0.010996
1678842247355 -0.216246 0.188147 -0.061087
1678842247359 -0.038485 -0.032376 -0.047037
1678842247363 0.124617 0.004276 -0.051924
1678842247368 -0.006109 0.174097 -0.034819
1678842247374 -0.095906 0.038485 0.041539
1678842247378 0.018326 -0.130114 0.068417
1678842247402 0.087354 0.012217 0.007941
1678842247427 -0.041539 0.095295 -0.034819
1678842247450 -0.104458 0.001833 -0.030543
1678842247478 0.018937 -0.054367 -0.047037
1678842247524 0.065973 0.021991 -0.041539
1678842247542 -0.077580 0.017715 0.062308
1678842247555 -0.155771 -0.080634 0.098349
1678842247602 -0.129503 -0.204640 0.064141
1678842247622 -0.056810 -0.177762 0.114232
1678842247630 -0.121562 -0.042761 0.138666
1678842247656 -0.208916 0.036041 0.116064
1678842247680 -0.158825 -0.036652 0.098349
1678842247706 -0.040928 -0.050702 0.086743
1678842247732 0.026267 0.011606 0.086132
1678842247760 -0.001833 -0.062308 0.076969
1678842247784 -0.047037 -0.075136 0.040928
1678842247810 -0.064752 0.001833 -0.025045
1678842247835 -0.120951 0.035430 -0.076969
1678842247866 -0.143553 -0.051313 -0.080023
1678842247892 -0.072693 -0.024435 -0.092852
1678842247915 -0.092241 -0.043371 -0.062919
1678842247946 -0.090408 -0.222355 -0.018326
1678842247963 0.003665 -0.106291 -0.032376
1678842248006 0.023213 0.044593 -0.084910
1678842248014 -0.003665 -0.074526 -0.133169
1678842248041 0.087354 -0.112399 -0.205862
1678842248073 0.202807 -0.018937 -0.189979
1678842248093 0.186925 0.039095 -0.123395
1678842248117 0.135612 0.032987 -0.119730
1678842248142 0.127060 0.006720 -0.138056
1678842248169 0.097738 0.048258 -0.118508
1678842248198 0.058032 0.121562 -0.089186
1678842248219 0.135612 0.045815 -0.085521
1678842248250 0.200364 0.037263 -0.114843
1678842248273 0.185092 0.139888 -0.174707
1678842248306 0.168599 0.080634 -0.171042
1678842248323 0.039706 0.022602 -0.138666
1678842248348 -0.035430 0.096517 -0.165544
1678842248381 -0.049480 0.159436 -0.153938
1678842248400 -0.182038 0.249844 -0.061697
1678842248432 -0.304822 0.201586 0.037263
1678842248449 -0.194866 -0.034208 0.149662
1678842248475 0.075136 -0.260839 0.205862
1678842248502 0.145997 -0.226020 0.154549
1678842248526 0.061087 -0.083689 0.073304
1678842248557 -0.023824 0.075136 -0.020159
1678842248581 -0.018937 0.091630 -0.075136
1678842248604 0.078191 0.011606 -0.020769
1678842248632 0.078191 0.086132 0.050091
1678842248660 0.057421 0.128893 0.117897
1678842248682 -0.004887 0.066584 0.184481
1678842248708 -0.050091 0.031154 0.207694
1678842248741 -0.006720 0.075136 0.222966
1678842248765 0.018937 0.069639 0.271224
1678842248792 -0.037263 0.031765 0.304211
1678842248809 -0.006109 -0.060476 0.293826
1678842248846 0.100182 -0.036041 0.225409
1678842248865 0.164934 0.109956 0.121562
1678842248891 0.115454 0.017715 0.155160
1678842248912 -0.087965 -0.017715 0.282831
1678842248938 -0.084910 -0.160658 0.470977
1678842248965 0.050091 0.086132 0.476475
1678842248991 -0.082467 0.215635 0.340252
1678842249014 -0.181427 -0.199142 0.384845
1678842249064 -0.077580 -0.331700 0.372628
1678842249076 0.212581 -0.152105 0.245568
1678842249095 0.406225 -0.077580 0.127060
1678842249116 0.352469 -0.031765 0.169210
1678842249143 0.019548 0.043982 0.363465
1678842249167 -0.244346 0.008552 0.479529
1678842249193 -0.106901 -0.029322 0.415388
1678842249227 0.048258 0.045204 0.278555
1678842249244 -0.024435 0.113010 0.193644
1678842249271 -0.250455 0.182649 0.258396
1678842249298 -0.357967 0.230296 0.298102
1678842249325 -0.284052 0.229685 0.235183
1678842249349 -0.127671 0.149051 0.149662
1678842249373 0.039095 0.100182 0.138056
1678842249402 -0.087354 0.054367 0.206472
1678842249426 -0.345139 -0.014661 0.251676
1678842249455 -0.352469 -0.020769 0.153327
1678842249476 -0.171653 0.029932 -0.044593
1678842249501 -0.059865 0.026878 -0.139277
1678842249544 0.084910 -0.081856 -0.152105
1678842249552 0.168599 -0.105069 -0.119119
1678842249578 0.106291 -0.055589 -0.006720
1678842249604 -0.040928 -0.136834 0.191201
1678842249629 -0.197309 -0.224798 0.316428
1678842249661 -0.151495 -0.127671 0.151495
1678842249685 -0.306654 0.257785 -0.211970
1678842249724 -0.605367 0.378736 -0.420275
1678842249732 -0.367741 0.060476 -0.310320
1678842249759 0.131947 0.075747 -0.255953
1678842249782 0.011606 0.395230 -0.288328
1678842249808 -0.073304 0.178984 -0.298102
1678842249837 0.204640 -0.210749 -0.233351
1678842249862 0.521679 -0.075747 -0.213803
1678842249885 0.466701 0.280998 -0.291994
1678842249911 0.132558 0.361632 -0.343917
1678842249938 -0.219301 0.262672 -0.205862
1678842249963 -0.473421 0.236405 -0.039095
1678842249989 -0.415388 0.215635 0.070860
1678842250014 -0.056200 -0.128893 0.047647
1678842250040 0.332922 -0.364076 0.023824
1678842250069 0.497244 -0.121562 0.078802
1678842250090 0.079412 0.076358 0.253509
1678842250116 -0.458149 -0.329867 0.368352
1678842250142 -0.658513 -0.312152 0.634689
1678842250167 -0.491747 -0.106291 0.892474
1678842250200 -0.071471 -0.209527 0.676839
1678842250220 0.534507 0.141721 0.291383
1678842250244 0.831998 0.548557 0.110567
1678842250269 0.697608 0.415999 0.376904
1678842250295 0.117286 0.235183 0.930959
1678842250323 -0.354913 0.313985 1.137431
1678842250349 -0.408058 0.219911 1.244943
1678842250374 -0.248622 0.086132 1.100168
1678842250402 -0.375071 -0.161879 0.810618
1678842250423 -0.545503 -0.227242 0.356134
1678842250452 -0.252287 0.235183 -0.181427
1678842250474 0.282220 0.670730 -0.654848
1678842250501 0.775799 0.271224 -0.736093
1678842250531 0.607811 -0.679282 -0.455705
1678842250556 -0.431271 -1.338406 -0.059254
1678842250583 -0.883922 -0.796568 0.196699
1678842250603 -0.306654 -0.070250 0.139888
1678842250629 0.414167 0.268781 -0.060476
1678842250655 0.409280 0.386678 -0.163101
1678842250680 -0.044593 0.319483 -0.059865
1678842250706 -0.222355 0.139277 0.089797
1678842250733 0.097738 -0.122784 0.202807
1678842250758 0.273668 -0.102014 0.237016
1678842250785 0.168599 0.240070 0.180205
1678842250808 0.252898 0.242514 0.032987
1678842250836 0.255953 -0.099571 -0.138056
1678842250866 0.126449 -0.309709 -0.175929
1678842250885 0.076969 -0.389732 -0.178373
1678842250911 0.125838 -0.354302 -0.262672
1678842250937 0.077580 -0.336587 -0.382402
1678842250973 -0.148440 -0.215025 -0.437380
1678842250988 -0.073915 -0.289550 -0.549779
1678842251025 0.120340 -0.481973 -0.651793
1678842251039 -0.144164 -0.241903 -0.669508
1678842251065 -0.504575 0.265116 -0.748310
1678842251111 -0.340252 0.420275 -0.954172
1678842251116 0.386678 -0.178984 -0.956004
1678842251141 0.615752 -0.523512 -0.814283
1678842251166 0.262061 -0.367130 -0.755640
1678842251196 -0.190590 0.299935 -0.825890
1678842251220 -0.305433 0.569326 -0.821003
1678842251244 0.036041 0.160658 -0.640187
1678842251273 0.456316 -0.188757 -0.543670
1678842251295 0.569326 -0.166766 -0.533285
1678842251322 0.453262 -0.078802 -0.482584
1678842251346 0.267559 -0.023824 -0.340252
1678842251372 0.124617 0.067806 -0.093462
1678842251398 -0.039706 0.019548 0.054367
1678842251427 -0.136223 -0.075136 0.074526
1678842251449 -0.065363 0.084299 0.019548
1678842251474 0.125838 0.230907 0.006109
1678842251501 0.205862 0.209527 0.039706
1678842251528 0.131947 0.174097 0.117286
1678842251551 0.026267 0.206472 0.212581
1678842251577 0.037263 0.131336 0.311541
1678842251603 0.165544 -0.325591 0.342695
1678842251631 -0.018937 0.058032 0.340252
1678842251656 -0.347582 0.455095 0.522290
1678842251683 -0.631024 0.522901 0.733038
1678842251707 -0.408669 -0.113010 0.703106
1678842251740 0.259007 -0.582765 0.494801
1678842251759 0.441656 -0.200364 0.337808
1678842251788 0.179594 0.295659 0.401949
1678842251808 -0.278555 0.313374 0.540616
1678842251842 -0.273668 0.003054 0.626748
1678842251859 0.086743 -0.178984 0.570548
1678842251886 0.262672 0.056810 0.449597
1678842251911 0.167988 0.100182 0.393397
1678842251937 0.095906 -0.108734 0.419054
1678842251965 0.065363 0.000000 0.366519
1678842251987 0.141110 0.114843 0.329256
1678842252012 0.160658 0.080023 0.332922
1678842252038 0.101404 0.001833 0.341474
1678842252069 0.109956 -0.013439 0.254731
1678842252091 0.187536 -0.085521 0.053145
1678842252115 0.020159 -0.075136 -0.087965
1678842252140 0.048258 -0.199142 -0.101404
1678842252166 0.320093 -0.530231 -0.242514
1678842252196 0.222966 -0.231518 -0.383013
1678842252217 -0.145997 -0.039706 -0.317039
1678842252243 -0.354302 0.280998 -0.274889
1678842252268 -0.076358 -0.078191 -0.383013
1678842252295 0.357967 -0.443488 -0.540005
1678842252323 0.324980 0.012828 -0.635300
1678842252347 -0.183870 0.634689 -0.703106
1678842252371 -0.404393 0.728151 -0.693332
1678842252398 -0.034819 0.099571 -0.559553
1678842252424 0.553444 -0.356745 -0.490525
1678842252448 0.746477 -0.102625 -0.587041
1678842252475 0.583376 0.149662 -0.434936
1678842252501 0.213803 0.077580 -0.147829
1678842252536 -0.006109 -0.174097 0.128893
1678842252551 -0.121562 -0.323759 0.207083
1678842252580 -0.031765 -0.106291 0.084910
1678842252602 0.189368 0.029932 -0.025045
1678842252631 0.276722 -0.049480 -0.008552
1678842252658 0.273668 -0.184481 0.106291
1678842252680 0.103236 -0.040928 0.163712
1678842252705 -0.174097 0.237016 0.124006
1678842252730 -0.281609 0.221744 0.095906
1678842252763 -0.143553 -0.034819 0.187536
1678842252781 -0.405004 0.281609 0.293826
1678842252809 -0.825890 0.281609 0.514349
1678842252833 -0.976163 0.048869 0.587652
1678842252865 -0.638965 -0.346971 0.527788
1678842252884 0.070250 -0.451429 0.349415
1678842252909 0.349415 -0.049480 0.230296
1678842252935 0.130114 0.239459 0.334143
1678842252960 -0.395841 0.299935 0.558942
1678842252987 -0.520457 0.236405 0.706771
1678842253012 -0.234572 0.128282 0.639576
1678842253039 0.091630 -0.018937 0.630413
1678842253067 0.222355 -0.043371 0.583376
1678842253091 0.197920 -0.068417 0.511905
1678842253116 0.111177 -0.047037 0.468534
1678842253142 0.050702 0.011606 0.412334
1678842253166 0.006720 0.007330 0.340252
1678842253192 -0.130114 -0.026878 0.268170
1678842253216 -0.219911 -0.126449 0.149662
1678842253243 -0.085521 -0.095295 0.034819
1678842253268 0.075136 0.136834 -0.087354
1678842253298 0.094073 0.140499 -0.209527
1678842253325 0.166155 -0.119119 -0.304822
1678842253345 0.007330 -0.220522 -0.221133
1678842253371 -0.169210 -0.179594 -0.034819
1678842253396 -0.189979 -0.142942 0.023213
1678842253424 0.086743 -0.180816 -0.114232
1678842253448 0.450208 -0.482584 -0.245568
1678842253475 0.546114 -0.439823 -0.426384
1678842253509 0.132558 0.161268 -0.604146
1678842253525 -0.481973 0.989602 -0.658513
1678842253550 -0.852157 1.021978 -0.521679
1678842253576 -0.348193 0.255342 -0.135612
1678842253602 0.470366 -0.014661 -0.106901
1678842253627 0.927904 -0.061697 -0.194866
1678842253669 0.743423 -0.176540 -0.173486
1678842253682 0.184481 -0.147829 -0.049480
1678842253704 -0.054367 0.055589 0.014661
1678842253735 0.107512 -0.047647 0.023824
1678842253758 0.266337 -0.021991 0.027489
1678842253781 0.365297 0.131947 0.053145
1678842253806 0.318872 0.077580 0.122173
1678842253846 0.221133 0.012828 0.183870
1678842253863 0.174097 0.162490 0.153327
1678842253890 0.205251 0.132558 0.144164
1678842253909 0.108123 0.139888 0.234572
1678842253935 -0.410501 0.205862 0.432493
1678842253964 -0.852768 0.061087 0.668897
1678842253989 -0.789238 0.083078 0.547335
1678842254011 -0.117286 -0.180816 0.311541
1678842254037 0.375071 -0.117286 0.215025
1678842254062 0.139888 0.125227 0.325591
1678842254088 -0.379347 0.166155 0.593761
1678842254114 -0.577879 0.103847 0.806342
1678842254140 -0.301157 0.091630 0.845438
1678842254166 -0.021991 0.149051 0.748310
1678842254195 -0.034819 0.194866 0.671341
1678842254217 -0.088575 0.115454 0.675617
1678842254243 -0.037874 0.087354 0.653626
1678842254270 0.045204 0.200975 0.547335
1678842254294 0.105680 0.309098 0.406225
1678842254329 0.177151 0.112399 0.339641
1678842254345 0.069639 0.016493 0.337198
1678842254370 -0.164934 0.017104 0.296270
1678842254397 -0.213803 0.058032 0.105069
1678842254423 -0.103236 0.101404 -0.105680
1678842254448 -0.096517 0.109345 -0.119730
1678842254473 -0.386678 0.453262 -0.012828
1678842254498 -0.540005 0.641409 0.100182
1678842254525 -0.147829 0.383013 -0.063530
1678842254555 0.551000 -0.412945 -0.315817
1678842254575 0.924239 -0.521068 -0.491747
1678842254616 0.731206 -0.078802 -0.500299
1678842254630 0.009774 0.442266 -0.488081
1678842254653 -0.512516 0.701273 -0.493579
1678842254683 -0.317650 0.488081 -0.383013
1678842254703 0.308487 0.075747 -0.163101
1678842254731 0.697608 -0.080023 -0.080023
1678842254760 0.606589 -0.154549 -0.105680
1678842254780 0.387899 -0.161879 0.006109
1678842254805 0.165544 -0.003054 0.216857
1678842254831 -0.078191 0.111177 0.290161
1678842254858 -0.149051 0.030543 0.230907
1678842254883 -0.087965 0.009163 0.168599
1678842254910 0.018326 0.109345 0.147829
1678842254933 0.001222 0.264505 0.191812
1678842254965 -0.185092 0.320704 0.253509
1678842254990 -0.323148 0.244957 0.271835
1678842255014 -0.397673 0.058032 0.363465
1678842255037 -0.533285 0.417832 0.563829
1678842255064 -0.426995 0.408669 0.707382
1678842255087 -0.317650 0.184481 0.615141
1678842255113 -0.164934 -0.377515 0.643852
1678842255139 0.067195 -0.401949 0.648128
1678842255176 -0.078191 0.095295 0.532674
1678842255196 -0.294437 0.583987 0.483805
1678842255239 -0.263894 0.364687 0.616974
1678842255256 -0.067806 -0.072693 0.792292
1678842255267 0.167377 -0.092852 0.819170
1678842255298 0.224798 0.140499 0.726930
1678842255318 0.076358 0.240070 0.692110
1678842255344 -0.127671 0.159436 0.742812
1678842255370 -0.135001 0.152716 0.667065
1678842255396 0.001222 0.280387 0.445932
1678842255421 0.188757 0.345750 0.282831
1678842255447 0.240681 0.227853 0.210138
1678842255474 0.132558 0.106901 0.159436
1678842255507 0.010385 0.075136 0.086743
1678842255524 0.157603 0.196088 -0.023213
1678842255549 0.462425 -0.041539 -0.120951
1678842255574 0.305433 0.142942 -0.116675
1678842255601 -0.241292 0.022602 0.084299
1678842255635 -0.602924 0.179594 0.017715
1678842255654 -0.251066 -0.166766 -0.158825
1678842255677 0.362854 -0.401949 -0.200975
1678842255702 0.357356 0.096517 -0.304822
1678842255730 -0.286496 0.522901 -0.593761
1678842255757 -0.689056 0.568716 -0.842994
1678842255780 -0.180816 0.179594 -0.734260
1678842255808 0.753808 -0.160047 -0.455095
1678842255830 0.985937 -0.147219 -0.382402
1678842255857 0.711658 -0.175929 -0.353691
1678842255882 0.383623 -0.089186 -0.113621
1678842255919 0.032987 0.062308 0.155160
1678842255933 -0.139888 0.174097 0.309709
1678842255959 -0.047647 0.145386 0.214414
1678842255984 0.221133 0.128282 0.102014
1678842256025 0.429438 0.043371 0.165544
1678842256040 0.366519 0.109956 0.249844
1678842256063 0.215635 0.263283 0.208305
1678842256089 0.105680 0.354302 0.166766
1678842256114 0.060476 0.182038 0.232129
1678842256140 -0.248011 0.591318 0.425162
1678842256165 -0.736704 0.601702 0.757473
1678842256189 -0.833220 0.379958 0.955393
1678842256215 -0.199142 -0.200975 0.830777
1678842256242 0.415388 -0.412334 0.637743
1678842256267 0.347582 -0.070860 0.521679
1678842256292 -0.211970 0.177151 0.608422
1678842256324 -0.475253 0.119730 0.777021
1678842256343 -0.199142 -0.025045 0.849103
1678842256369 0.080023 0.105069 0.809396
1678842256396 0.050702 0.348804 0.734260
1678842256422 -0.071471 0.270613 0.767247
1678842256445 -0.031765 0.136834 0.800233
1678842256472 0.122173 0.156992 0.787405
1678842256497 0.190590 0.241903 0.679282
1678842256522 0.134390 0.282831 0.619417
1678842256549 -0.010385 0.297491 0.640187
1678842256574 -0.105069 0.284663 0.634078
1678842256600 0.140499 0.106291 0.542448
1678842256625 0.310930 0.094684 0.472810
1678842256656 0.076358 0.165544 0.474031
1678842256676 -0.329256 0.716545 0.664011
1678842256702 -0.340863 0.724486 0.903470
1678842256728 0.255342 -0.094073 0.890642
1678842256756 0.535118 -0.205862 0.732427
1678842256781 0.213803 0.606589 0.587652
1678842256805 -0.400728 1.343293 0.577879
1678842256830 -0.637132 1.337184 0.927904
1678842256856 -0.200975 0.450208 1.343293
1678842256882 0.178373 0.105069 1.488068
1678842256909 0.247400 0.491747 1.403157
1678842256933 0.375071 0.718988 1.351234
1678842256960 0.243124 0.784351 1.528385
1678842256984 -0.092852 1.031141 1.823433
1678842257009 -0.344528 1.200961 2.021353
1678842257036 -0.336587 1.126436 2.128254
1678842257066 -0.200364 1.084286 2.150856
1678842257088 -0.114843 1.209513 2.148413
1678842257113 -0.029932 1.310917 2.133752
1678842257148 -0.040928 1.314582 2.106263
1678842257165 -0.221744 1.419651 2.159409
1678842257190 -0.487470 1.409877 2.247373
1678842257215 -0.580933 1.109331 2.319455
1678842257240 -0.616363 1.001208 2.334116
1678842257280 -0.783129 1.225396 2.304184
1678842257309 -0.912633 1.240056 2.290134
1678842257317 -0.740980 0.884533 2.148413
1678842257345 -0.426384 0.734260 1.861917
1678842257368 -0.200364 0.868039 1.614517
1678842257396 -0.212581 1.163087 1.538159
1678842257420 -0.321315 1.261437 1.551598
1678842257446 -0.351248 1.100779 1.606576
1678842257471 -0.412334 1.071458 1.760514
1678842257500 -0.487470 0.972497 1.879632
1678842257523 -0.519235 0.817949 1.886352
1678842257548 -0.331089 0.685391 1.789835
1678842257574 -0.032987 0.690889 1.572978
1678842257608 -0.014050 0.766636 1.416597
1678842257629 -0.169821 0.734260 1.387886
1678842257651 -0.204640 0.571770 1.408655
1678842257677 -0.083689 0.440434 1.384832
1678842257702 0.020159 0.461814 1.325578
1678842257733 0.004276 0.458149 1.296867
1678842257754 -0.042761 0.412945 1.301754
1678842257781 0.021380 0.380569 1.208291
1678842257810 0.215025 0.477697 1.036027
1678842257830 0.436769 0.408669 0.901026
1678842257857 0.375682 0.503353 0.897361
1678842257893 0.019548 0.620028 1.012815
1678842257918 -0.180816 0.320093 1.175305
1678842257933 -0.202196 0.025045 1.100168
1678842257964 -0.048869 0.204640 0.938289
1678842257983 0.352469 0.216246 0.679282
1678842258011 0.389121 0.248011 0.453262
1678842258035 -0.065363 0.477697 0.234572
1678842258065 -0.358578 0.665232 0.124617
1678842258096 -0.334754 0.610865 0.215025
1678842258113 -0.078191 0.330478 0.500299
1678842258137 -0.072693 0.196088 0.725708
1678842258169 -0.092241 0.124617 0.715934
1678842258189 0.013439 0.039706 0.639576
1678842258231 -0.043371 0.065363 0.617585
1678842258241 -0.141110 0.071471 0.589485
1678842258273 -0.228464 0.225409 0.470977
1678842258297 -0.170431 0.312763 0.297491
1678842258329 -0.002443 0.118508 0.196699
1678842258344 -0.003665 0.081856 0.265116
1678842258369 -0.227853 0.142332 0.268781
1678842258401 -0.220522 -0.019548 0.200975
1678842258441 -0.034208 -0.033598 0.096517
1678842258449 -0.093462 0.136223 -0.045204
1678842258473 -0.153327 0.062308 -0.105680
1678842258497 -0.071471 -0.084910 -0.113010
1678842258522 -0.014050 -0.040317 -0.213803
1678842258549 0.069028 0.048869 -0.369573
1678842258573 0.199142 0.094684 -0.467312
1678842258599 0.268781 -0.103236 -0.516181
1678842258627 0.304211 -0.268170 -0.568716
1678842258650 0.382402 -0.197309 -0.593761
1678842258679 0.298713 -0.039706 -0.586431
1678842258712 0.158825 -0.078802 -0.617585
1678842258728 0.265116 -0.287718 -0.613309
1678842258756 0.450819 -0.328035 -0.551611
1678842258780 0.564439 -0.122173 -0.505796
1678842258804 0.470366 -0.028711 -0.605367
1678842258830 0.436769 -0.506407 -0.707382
1678842258856 0.124617 0.069639 -0.664621
1678842258891 -0.415388 0.394619 -0.429438
1678842258909 -0.145997 -0.585209 -0.381180
1678842258932 0.527177 -0.882700 -0.705549
1678842258960 0.550390 -0.122173 -0.940732
1678842258983 0.020159 0.088575 -0.954172
1678842259009 -0.452651 -0.326202 -1.001208
1678842259035 -0.045204 -0.835664 -1.110553
1678842259067 0.522901 -0.855822 -1.226007
1678842259090 0.447764 -0.486249 -1.320691
1678842259112 0.218690 -0.645685 -1.281595
1678842259138 0.213803 -0.984715 -1.141707
1678842259164 0.207083 -0.806342 -1.027475
1678842259190 -0.188147 -0.123395 -0.990823
1678842259214 -0.431271 -0.012217 -0.926072
1678842259242 -0.026878 -0.505186 -0.596815
1678842259265 0.480140 -0.783129 -0.386678
1678842259291 0.402560 -0.490525 -0.430660
1678842259332 0.033598 -0.413556 -0.506407
1678842259346 -0.191201 -0.608422 -0.424551
1678842259367 -0.183260 -0.790460 -0.425773
1678842259401 0.041539 -0.368352 -0.381180
1678842259424 0.100182 0.016493 -0.339030
1678842259448 -0.284663 -0.131336 -0.327424
1678842259470 -0.606589 -0.305433 -0.289550
1678842259496 -0.581544 -0.468534 -0.235794
1678842259524 -0.235794 -0.385456 -0.415999
1678842259548 0.114843 -0.412945 -0.576657
1678842259572 0.029322 -0.463647 -0.476475
1678842259600 -0.287107 -0.240070 -0.334143
1678842259630 -0.382402 -0.255953 -0.480140
1678842259652 -0.136834 -0.041539 -0.847270
1678842259676 0.166155 -0.201586 -0.812451
1678842259701 0.186314 -0.284663 -0.566883
1678842259732 -0.053145 -0.108734 -0.546114
1678842259754 -0.050091 -0.099571 -0.766636
1678842259781 0.096517 -0.160658 -0.829555
1678842259804 0.242514 0.017104 -0.708604
1678842259836 0.291383 -0.031154 -0.682336
1678842259858 0.150273 -0.120951 -0.693943
1678842259881 0.122784 -0.233351 -0.640187
1678842259915 0.248011 -0.313985 -0.511905
1678842259935 0.210749 -0.209527 -0.460592
1678842259986 0.061087 -0.115454 -0.408669
1678842260004 0.063530 -0.400117 -0.317650
1678842260009 0.007330 -0.292604 -0.208916
1678842260035 0.072082 -0.013439 -0.212581
1678842260061 0.211359 -0.103847 -0.254120
1678842260088 0.075136 -0.111177 -0.246790
1678842260112 -0.154549 0.078802 -0.159436
1678842260137 -0.123395 0.006109 -0.107512
1678842260163 0.166766 -0.330478 -0.150884
1678842260195 0.058032 -0.356134 -0.125838
1678842260215 -0.540005 -0.036041 0.072693
1678842260239 -0.786184 -0.143553 0.218690
1678842260269 -0.393397 -0.231518 0.160658
1678842260301 0.185703 -0.149662 0.090408
1678842260320 0.119730 -0.040928 0.078802
1678842260359 -0.354913 -0.015272 0.161268
1678842260370 -0.499077 -0.077580 0.196088
1678842260396 -0.343306 -0.095906 0.158214
1678842260424 -0.067195 -0.030543 0.144775
1678842260450 0.166155 0.073304 0.174707
1678842260498 -0.036652 0.106901 0.154549
1678842260523 -0.178373 -0.111177 0.141721
1678842260529 -0.022602 -0.202807 0.091019
1678842260547 0.155160 -0.059865 0.014661
1678842260573 0.071471 0.137445 -0.008552
1678842260599 -0.025045 0.136834 0.006109
1678842260629 0.004887 -0.078802 0.020769
1678842260651 0.136223 -0.022602 0.011606
1678842260675 0.259618 -0.014661 -0.105680
1678842260702 0.311541 -0.039706 -0.239459
1678842260726 0.321926 0.215025 -0.274278
1678842260753 0.422108 0.357356 -0.130114
1678842260781 0.294437 -0.064141 -0.047037
1678842260808 -0.332311 0.200364 -0.059865
1678842260830 -0.668897 0.081856 0.014050
1678842260855 -0.297491 -0.033598 -0.063530
1678842260880 0.026267 0.009774 -0.089186
1678842260906 -0.058643 -0.088575 -0.152105
1678842260935 -0.119119 -0.127060 -0.180205
1678842260958 -0.137445 0.172264 -0.177151
1678842260984 -0.090408 0.467923 -0.177762
1678842261010 0.052534 0.429438 -0.091019
1678842261034 0.081856 0.237016 0.059865
1678842261060 -0.042150 0.106291 0.172875
1678842261088 -0.095906 0.040317 0.196088
1678842261112 -0.032987 0.201586 0.336587
1678842261143 0.100182 0.304211 0.494801
1678842261164 0.093462 0.331700 0.492968
1678842261191 -0.081856 0.356745 0.502742
1678842261214 -0.268781 0.472199 0.587652
1678842261240 -0.169821 0.511905 0.736093
1678842261268 0.003054 0.483805 0.783129
1678842261294 -0.066584 0.563218 0.831388
1678842261321 -0.196088 0.495412 0.913244
1678842261343 -0.130725 0.491136 0.997543
1678842261368 0.047647 0.507018 0.999986
1678842261398 -0.011606 0.548557 1.024421
1678842261421 -0.346971 0.571159 1.122770
1678842261454 -0.600481 0.627359 1.298089
1678842261478 -0.684169 0.500910 1.417818
1678842261497 -0.483194 0.151495 1.354899
1678842261533 -0.227242 0.049480 1.250441
1678842261548 -0.240681 0.173486 1.134988
1678842261573 -0.396452 0.137445 1.031141
1678842261608 -0.440434 0.048258 0.929737
1678842261631 -0.310930 0.097738 0.929737
1678842261651 -0.134390 0.328645 0.982271
1678842261677 -0.111177 0.407447 0.962724
1678842261702 -0.255342 0.161268 0.995099
1678842261732 -0.360410 0.065973 0.958448
1678842261754 -0.193033 0.301157 0.860709
1678842261781 -0.040928 0.415999 0.801455
1678842261810 -0.147219 0.372017 0.761749
1678842261830 -0.181427 0.341474 0.684780
1678842261883 -0.067806 0.312152 0.626137
1678842261902 -0.042150 0.320704 0.567494
1678842261912 -0.066584 0.302989 0.504575
1678842261932 -0.089797 0.213803 0.496023
1678842261968 -0.145997 0.257785 0.534507
1678842261984 -0.140499 0.276722 0.525955
1678842262010 -0.089797 0.180205 0.441656
1678842262035 0.007941 0.113010 0.344528
1678842262062 0.006109 0.123395 0.315817
1678842262087 -0.160047 0.154549 0.263894
1678842262112 -0.158214 0.150273 0.194255
1678842262144 -0.053145 0.097128 0.124617
1678842262162 -0.015882 0.094073 0.088575
1678842262200 -0.034819 0.091019 0.106291
1678842262221 -0.054978 0.017104 0.114232
1678842262254 -0.095295 0.019548 0.089186
1678842262265 -0.046426 0.021380 0.080634
1678842262292 -0.023213 0.043371 0.089797
1678842262321 -0.009163 0.048869 0.067195
1678842262345 0.008552 0.004887 0.018326
1678842262368 -0.021380 -0.018937 -0.002443
1678842262402 -0.094684 0.031154 0.017715
1678842262429 -0.105069 0.034819 -0.021991
1678842262446 -0.133169 0.190590 -0.075747
1678842262471 -0.058032 0.031154 -0.036652
1678842262497 0.161268 -0.156382 0.035430
1678842262528 0.092852 0.049480 -0.056200
