# Created at Tue Mar 14 18:04:06 MST 2023
1678842247208 0.115881 -0.156317 -0.962705 0.187976
1678842247234 0.117744 -0.156952 -0.962692 0.186353
1678842247241 0.126037 -0.160975 -0.960732 0.187606
1678842247250 0.124432 -0.162648 -0.960281 0.189534
1678842247257 0.123239 -0.164215 -0.959844 0.191169
1678842247275 0.117714 -0.164912 -0.960004 0.193237
1678842247284 0.112554 -0.161741 -0.960543 0.196288
1678842247293 0.105976 -0.159360 -0.961532 0.197055
1678842247308 0.109715 -0.156957 -0.961035 0.199346
1678842247323 0.109094 -0.155088 -0.961069 0.200977
1678842247333 0.106390 -0.150428 -0.961799 0.202473
1678842247342 0.105799 -0.149759 -0.962042 0.202124
1678842247352 0.106025 -0.151007 -0.961633 0.203022
1678842247361 0.106847 -0.148272 -0.962043 0.202665
1678842247373 0.109117 -0.148634 -0.961836 0.202172
1678842247425 0.105988 -0.148096 -0.962026 0.203324
1678842247464 0.105438 -0.145905 -0.962474 0.203070
1678842247543 0.107156 -0.147376 -0.962274 0.202057
1678842247609 0.107902 -0.147380 -0.961833 0.203747
1678842247638 0.110281 -0.150042 -0.960750 0.205633
1678842247679 0.112925 -0.148828 -0.960149 0.207876
1678842247740 0.115323 -0.147566 -0.959689 0.209575
1678842247788 0.116691 -0.148403 -0.959145 0.210713
1678842247843 0.116461 -0.148461 -0.959272 0.210223
1678842247899 0.115609 -0.147915 -0.959869 0.208345
1678842248003 0.112203 -0.148479 -0.960576 0.206537
1678842248031 0.109627 -0.149039 -0.961277 0.204246
1678842248097 0.108886 -0.152933 -0.962142 0.197580
1678842248153 0.110768 -0.155541 -0.962258 0.193899
1678842248208 0.113551 -0.156502 -0.962330 0.191141
1678842248238 0.113866 -0.156602 -0.962566 0.189678
1678842248304 0.113812 -0.156556 -0.963326 0.185848
1678842248349 0.113419 -0.157474 -0.963886 0.182379
1678842248397 0.112211 -0.158661 -0.964069 0.181126
1678842248465 0.110383 -0.158894 -0.963382 0.185645
1678842248520 0.102447 -0.164488 -0.962570 0.189492
1678842248581 0.093156 -0.173047 -0.961477 0.192195
1678842248641 0.090842 -0.178766 -0.960459 0.193155
1678842248710 0.092473 -0.183621 -0.958091 0.199481
1678842248767 0.092971 -0.185897 -0.956166 0.206267
1678842248842 0.090002 -0.186785 -0.954329 0.215098
1678842248890 0.088868 -0.189473 -0.952871 0.219633
1678842248939 0.088605 -0.186862 -0.951757 0.226695
1678842248996 0.090517 -0.180513 -0.950032 0.238035
1678842249069 0.084233 -0.171106 -0.950239 0.246321
1678842249097 0.084406 -0.159642 -0.951601 0.248687
1678842249155 0.092067 -0.149487 -0.951500 0.252637
1678842249207 0.094397 -0.138054 -0.950128 0.263225
1678842249264 0.097781 -0.132527 -0.948897 0.269201
1678842249334 0.102185 -0.121615 -0.946790 0.279921
1678842249398 0.106452 -0.122205 -0.944965 0.284209
1678842249449 0.106016 -0.125005 -0.942536 0.291138
1678842249501 0.095499 -0.129011 -0.942345 0.293635
1678842249555 0.094084 -0.134859 -0.942858 0.289792
1678842249610 0.108013 -0.148428 -0.939771 0.288328
1678842249682 0.107559 -0.147375 -0.938480 0.293200
1678842249728 0.112529 -0.133393 -0.941568 0.288085
1678842249783 0.115046 -0.128374 -0.944154 0.280815
1678842249846 0.115668 -0.127509 -0.946467 0.273062
1678842249901 0.121601 -0.138231 -0.946378 0.265468
1678842249961 0.128691 -0.133082 -0.947428 0.260976
1678842250004 0.130384 -0.122589 -0.947855 0.263709
1678842250067 0.125236 -0.129996 -0.947741 0.263067
1678842250116 0.124050 -0.134231 -0.945852 0.268248
1678842250193 0.113386 -0.122901 -0.942683 0.288768
1678842250225 0.115255 -0.128205 -0.938379 0.299541
1678842250280 0.136033 -0.145424 -0.931526 0.304314
1678842250340 0.137882 -0.144421 -0.921898 0.332017
1678842250383 0.130545 -0.142301 -0.912787 0.359900
1678842250456 0.112220 -0.134662 -0.909734 0.376373
1678842250510 0.130601 -0.137961 -0.913148 0.360653
1678842250581 0.100943 -0.145954 -0.919855 0.349822
1678842250604 0.094450 -0.140920 -0.920511 0.351968
1678842250653 0.100939 -0.142326 -0.919905 0.351183
1678842250707 0.109032 -0.139992 -0.919455 0.350881
1678842250762 0.111398 -0.138585 -0.918052 0.354352
1678842250817 0.118445 -0.141995 -0.915354 0.357680
1678842250871 0.118515 -0.148412 -0.916435 0.352243
1678842250920 0.117917 -0.155823 -0.918024 0.345032
1678842250975 0.115870 -0.160524 -0.921206 0.334942
1678842251029 0.110176 -0.161078 -0.926596 0.321457
1678842251082 0.107354 -0.153384 -0.934879 0.301578
1678842251132 0.113591 -0.151578 -0.941990 0.277087
1678842251187 0.106722 -0.159954 -0.947699 0.254737
1678842251244 0.119578 -0.148584 -0.952738 0.236460
1678842251297 0.117193 -0.154557 -0.955938 0.220367
1678842251353 0.119343 -0.164125 -0.957051 0.207062
1678842251410 0.120926 -0.165547 -0.956929 0.205568
1678842251464 0.119620 -0.163917 -0.956987 0.207360
1678842251525 0.116711 -0.171933 -0.955183 0.210817
1678842251573 0.119708 -0.173373 -0.953157 0.217032
1678842251629 0.115472 -0.177673 -0.951033 0.225021
1678842251681 0.122581 -0.169328 -0.948301 0.238803
1678842251748 0.112306 -0.167513 -0.944463 0.259455
1678842251804 0.115430 -0.172484 -0.940386 0.269444
1678842251873 0.112364 -0.163379 -0.936622 0.288826
1678842251932 0.113526 -0.169323 -0.932129 0.299294
1678842251984 0.111932 -0.172847 -0.928583 0.308753
1678842252039 0.115361 -0.178604 -0.924339 0.316844
1678842252113 0.111372 -0.189246 -0.920816 0.322305
1678842252166 0.105315 -0.193454 -0.922108 0.318122
1678842252221 0.100957 -0.199407 -0.924876 0.307651
1678842252275 0.103134 -0.191725 -0.928387 0.301168
1678842252331 0.102659 -0.199923 -0.931953 0.284527
1678842252380 0.113821 -0.188134 -0.936321 0.273776
1678842252449 0.117684 -0.196570 -0.939736 0.253786
1678842252498 0.124200 -0.206343 -0.939366 0.244107
1678842252544 0.122291 -0.209041 -0.939090 0.243840
1678842252606 0.117551 -0.210336 -0.938909 0.245744
1678842252665 0.115227 -0.217756 -0.937564 0.245517
1678842252729 0.116837 -0.217143 -0.936188 0.250499
1678842252772 0.116786 -0.212494 -0.936406 0.253675
1678842252807 0.122696 -0.201859 -0.936101 0.260601
1678842252874 0.110039 -0.178954 -0.936381 0.281171
1678842252930 0.105989 -0.186900 -0.933509 0.287048
1678842252987 0.108207 -0.178858 -0.929862 0.302749
1678842253040 0.107284 -0.161506 -0.927387 0.319936
1678842253081 0.106510 -0.161739 -0.923987 0.329765
1678842253140 0.104551 -0.166713 -0.919710 0.339718
1678842253192 0.102819 -0.168028 -0.915740 0.350165
1678842253245 0.096423 -0.171556 -0.914195 0.354286
1678842253308 0.095785 -0.180446 -0.913349 0.352219
1678842253363 0.093007 -0.182960 -0.915838 0.345133
1678842253421 0.087691 -0.180707 -0.917097 0.344367
1678842253477 0.082203 -0.194021 -0.918374 0.334945
1678842253540 0.093024 -0.191093 -0.922799 0.321361
1678842253589 0.108173 -0.167677 -0.927211 0.316958
1678842253639 0.113386 -0.183517 -0.925528 0.311230
1678842253704 0.113900 -0.195021 -0.924666 0.306574
1678842253770 0.114678 -0.199074 -0.923636 0.306782
1678842253825 0.118821 -0.205020 -0.921203 0.308600
1678842253891 0.118976 -0.202603 -0.919923 0.313909
1678842253939 0.125391 -0.200519 -0.917215 0.320602
1678842253979 0.124951 -0.186485 -0.915845 0.332924
1678842254023 0.119626 -0.179480 -0.914774 0.341562
1678842254086 0.121864 -0.185430 -0.910549 0.348805
1678842254136 0.119359 -0.173619 -0.905211 0.369058
1678842254196 0.121003 -0.170343 -0.897585 0.388178
1678842254260 0.120052 -0.169742 -0.889133 0.407698
1678842254325 0.125053 -0.170851 -0.882469 0.420024
1678842254366 0.128293 -0.179008 -0.876672 0.427718
1678842254428 0.123994 -0.183256 -0.874166 0.432292
1678842254483 0.127820 -0.174804 -0.875260 0.432465
1678842254539 0.135521 -0.161752 -0.874953 0.435807
1678842254620 0.137168 -0.185978 -0.878250 0.418657
1678842254666 0.151991 -0.175212 -0.882977 0.408108
1678842254722 0.155965 -0.169935 -0.885447 0.403460
1678842254769 0.159859 -0.184114 -0.884110 0.398618
1678842254822 0.160398 -0.191720 -0.881732 0.400082
1678842254890 0.158916 -0.189156 -0.879174 0.407454
1678842254941 0.160875 -0.188327 -0.876711 0.412346
1678842254997 0.161724 -0.180914 -0.873769 0.421478
1678842255044 0.159630 -0.171143 -0.870485 0.432993
1678842255098 0.159365 -0.160899 -0.862866 0.451858
1678842255166 0.147270 -0.166767 -0.856533 0.465673
1678842255197 0.149347 -0.157514 -0.852604 0.475344
1678842255260 0.157035 -0.137382 -0.846233 0.490261
1678842255299 0.158916 -0.137015 -0.837675 0.504255
1678842255358 0.160948 -0.137710 -0.825089 0.523794
1678842255424 0.163595 -0.137253 -0.815288 0.538241
1678842255472 0.163722 -0.146340 -0.809794 0.544071
1678842255525 0.164883 -0.150301 -0.807063 0.546692
1678842255579 0.172743 -0.156577 -0.806716 0.543004
1678842255646 0.169239 -0.150815 -0.806450 0.546125
1678842255697 0.166239 -0.157153 -0.809949 0.540047
1678842255757 0.174019 -0.144884 -0.816794 0.530635
1678842255816 0.181301 -0.140489 -0.826658 0.513838
1678842255863 0.189922 -0.157983 -0.828832 0.502005
1678842255927 0.192900 -0.164272 -0.828130 0.500005
1678842255973 0.194186 -0.161642 -0.824142 0.506907
1678842256037 0.195097 -0.161186 -0.822410 0.509508
1678842256087 0.200935 -0.159077 -0.818568 0.514068
1678842256154 0.212629 -0.149055 -0.810664 0.524782
1678842256217 0.205929 -0.132133 -0.796564 0.552828
1678842256274 0.202272 -0.146939 -0.787276 0.563641
1678842256319 0.200804 -0.139441 -0.781565 0.573925
1678842256378 0.198064 -0.129892 -0.768849 0.593944
1678842256432 0.201806 -0.128915 -0.754732 0.610766
1678842256472 0.202164 -0.130212 -0.744400 0.622931
1678842256525 0.207377 -0.133377 -0.730544 0.636798
1678842256580 0.210571 -0.131374 -0.717626 0.650703
1678842256637 0.208725 -0.131956 -0.708173 0.661448
1678842256691 0.210536 -0.122168 -0.696169 0.675351
1678842256747 0.212714 -0.123710 -0.678136 0.692517
1678842256801 0.223096 -0.123476 -0.662440 0.704382
1678842256857 0.231593 -0.097259 -0.638271 0.727678
1678842256912 0.233214 -0.102319 -0.607183 0.752643
1678842256967 0.228015 -0.079035 -0.578552 0.779128
1678842257023 0.236707 -0.064384 -0.530130 0.811657
1678842257081 0.228861 -0.036309 -0.478092 0.847191
1678842257146 0.212626 -0.010548 -0.423982 0.880294
1678842257183 0.209763 0.008506 -0.372494 0.903977
1678842257237 0.197023 0.027100 -0.317451 0.927185
1678842257277 0.186158 0.036975 -0.280290 0.940965
1678842257315 0.167750 0.062998 -0.214006 0.960257
1678842257363 0.161569 0.074692 -0.166356 0.969867
1678842257401 0.160599 0.083085 -0.132003 0.974618
1678842257457 0.168425 0.099451 -0.080954 0.977338
1678842257511 0.175764 0.115039 -0.023353 0.977409
1678842257563 0.173688 0.117945 0.024883 0.977396
1678842257623 0.180277 0.109507 0.079457 0.974266
1678842257669 0.185433 0.110059 0.116758 0.969469
1678842257717 0.190267 0.112345 0.144874 0.964463
1678842257764 0.196455 0.118552 0.181679 0.956213
1678842257810 0.198276 0.121216 0.205318 0.950704
1678842257850 0.206193 0.127093 0.227395 0.943199
1678842257914 0.207298 0.135787 0.256435 0.934254
1678842257954 0.204113 0.131172 0.278199 0.929375
1678842258016 0.205503 0.126233 0.304005 0.921637
1678842258081 0.195871 0.139263 0.314150 0.918450
1678842258154 0.176886 0.133008 0.335798 0.915565
1678842258192 0.168743 0.122604 0.350915 0.912882
1678842258239 0.162424 0.110387 0.365796 0.909740
1678842258325 0.155237 0.103942 0.382825 0.904734
1678842258363 0.158102 0.094980 0.391401 0.901547
1678842258440 0.166998 0.084977 0.398675 0.897747
1678842258481 0.182726 0.076459 0.400090 0.894815
1678842258546 0.187700 0.073649 0.396059 0.895814
1678842258592 0.190559 0.078650 0.385419 0.899419
1678842258648 0.199733 0.079466 0.369878 0.903871
1678842258702 0.214751 0.085290 0.355697 0.905587
1678842258749 0.227597 0.089494 0.337622 0.908956
1678842258825 0.243455 0.099360 0.315448 0.911784
1678842258844 0.248613 0.097898 0.306060 0.913748
1678842258912 0.241136 0.102554 0.292813 0.919563
1678842258970 0.255418 0.095291 0.265668 0.924717
1678842259028 0.248084 0.095903 0.239897 0.933652
1678842259074 0.256257 0.085515 0.208190 0.940041
1678842259132 0.239739 0.083467 0.167929 0.952554
1678842259167 0.233880 0.080871 0.139923 0.958739
1678842259234 0.225621 0.082502 0.110235 0.964436
1678842259287 0.234174 0.069025 0.093059 0.965266
1678842259336 0.238139 0.063101 0.081605 0.965737
1678842259372 0.234630 0.050149 0.068282 0.968386
1678842259427 0.235481 0.044694 0.057775 0.969130
1678842259477 0.227514 0.043756 0.048256 0.971594
1678842259531 0.215318 0.036534 0.037376 0.975144
1678842259586 0.216526 0.028074 0.020778 0.975652
1678842259670 0.207806 0.025225 -0.002058 0.977843
1678842259715 0.211330 0.023006 -0.019285 0.976954
1678842259744 0.204657 0.025260 -0.029126 0.978074
1678842259806 0.185982 0.031285 -0.055451 0.980488
1678842259868 0.182509 0.034441 -0.075242 0.979716
1678842259917 0.185020 0.030954 -0.090583 0.978061
1678842259992 0.188813 0.027829 -0.103794 0.976116
1678842260021 0.190100 0.020989 -0.113100 0.975002
1678842260075 0.196788 0.020609 -0.119785 0.972883
1678842260146 0.198715 0.023831 -0.125914 0.971643
1678842260201 0.198918 0.016692 -0.131472 0.971014
1678842260262 0.184797 0.018833 -0.128428 0.974167
1678842260304 0.181737 0.015012 -0.126584 0.975050
1678842260359 0.187298 0.022277 -0.125885 0.973949
1678842260375 0.182186 0.025380 -0.123611 0.975133
1678842260452 0.180682 0.047704 -0.122393 0.974730
1678842260525 0.179893 0.056276 -0.119257 0.974808
1678842260564 0.181148 0.055022 -0.118725 0.974711
1678842260619 0.184941 0.058556 -0.117932 0.973889
1678842260675 0.197524 0.054549 -0.117180 0.971739
1678842260729 0.210840 0.047890 -0.121528 0.968754
1678842260786 0.222658 0.051923 -0.124021 0.965581
1678842260848 0.212383 0.055043 -0.122762 0.967881
1678842260903 0.209784 0.055635 -0.125068 0.968118
1678842260959 0.185875 0.048697 -0.130366 0.972669
1678842261015 0.168826 0.054067 -0.132501 0.975202
1678842261077 0.158698 0.055394 -0.129601 0.977215
1678842261125 0.155765 0.055779 -0.121601 0.978693
1678842261180 0.159814 0.060681 -0.106897 0.979464
1678842261235 0.159196 0.070035 -0.088954 0.980734
1678842261293 0.162068 0.079323 -0.065082 0.981431
1678842261345 0.159961 0.082228 -0.036525 0.983014
1678842261402 0.156337 0.081209 -0.005702 0.984343
1678842261456 0.147217 0.089995 0.024132 0.984706
1678842261529 0.132342 0.095926 0.064555 0.984437
1678842261566 0.121756 0.097323 0.101912 0.982506
1678842261627 0.103901 0.105803 0.127312 0.980715
1678842261660 0.097438 0.121363 0.144856 0.977136
1678842261717 0.093647 0.133146 0.171570 0.971631
1678842261771 0.091879 0.133684 0.197643 0.966760
1678842261874 0.100933 0.135243 0.227342 0.959082
1678842261909 0.108524 0.131505 0.246453 0.954039
1678842261962 0.116506 0.128927 0.265105 0.948432
1678842262000 0.118327 0.127073 0.276996 0.945053
1678842262064 0.119654 0.119907 0.290169 0.941864
1678842262107 0.118176 0.118698 0.296298 0.940294
1678842262145 0.115968 0.114678 0.300730 0.939661
1678842262203 0.115107 0.113989 0.303545 0.938945
1678842262259 0.116010 0.116578 0.306748 0.937474
1678842262321 0.117166 0.120223 0.309170 0.936073
1678842262378 0.117049 0.120419 0.309750 0.935871
1678842262462 0.113061 0.121049 0.309717 0.936290
1678842262526 0.113389 0.121310 0.309061 0.936434
