1678842675875 -0.660 -0.460 -0.600
1678842675876 -0.650 -0.450 -0.610
1678842675895 -0.640 -0.460 -0.620
1678842675895 -0.640 -0.470 -0.620
1678842675895 -0.630 -0.470 -0.630
1678842675903 -0.620 -0.460 -0.630
1678842675939 -0.610 -0.470 -0.640
1678842675939 -0.600 -0.470 -0.640
1678842675940 -0.600 -0.480 -0.640
1678842675940 -0.590 -0.480 -0.650
1678842675946 -0.590 -0.480 -0.650
1678842675968 -0.580 -0.470 -0.660
1678842675968 -0.580 -0.480 -0.670
1678842675968 -0.580 -0.480 -0.660
1678842675968 -0.570 -0.480 -0.670
1678842675986 -0.570 -0.480 -0.680
1678842676001 -0.550 -0.470 -0.690
1678842676001 -0.550 -0.470 -0.690
1678842676010 -0.540 -0.470 -0.700
1678842676041 -0.520 -0.480 -0.710
1678842676041 -0.520 -0.480 -0.710
1678842676041 -0.510 -0.480 -0.720
1678842676041 -0.500 -0.480 -0.720
1678842676045 -0.500 -0.470 -0.720
1678842676079 -0.490 -0.470 -0.720
1678842676079 -0.490 -0.470 -0.730
1678842676079 -0.480 -0.470 -0.740
1678842676080 -0.480 -0.470 -0.740
1678842676105 -0.480 -0.470 -0.750
1678842676105 -0.470 -0.460 -0.760
1678842676106 -0.460 -0.450 -0.760
1678842676112 -0.450 -0.440 -0.760
1678842676121 -0.450 -0.440 -0.770
1678842676186 -0.450 -0.440 -0.780
1678842676621 -0.450 -0.430 -0.790
1678842676621 -0.450 -0.430 -0.790
1678842676621 -0.440 -0.420 -0.790
1678842678033 -0.440 -0.430 -0.790
1678842678034 -0.420 -0.420 -0.800
1678842678034 -0.420 -0.420 -0.800
1678842678034 -0.420 -0.420 -0.800
1678842678034 -0.420 -0.410 -0.810
1678842678034 -0.400 -0.390 -0.830
1678842678053 -0.160 -0.350 -0.920
1678842678053 -0.150 -0.350 -0.920
1678842678086 -0.150 -0.370 -0.920
1678842678087 -0.230 -0.590 -0.770
1678842678095 -0.220 -0.590 -0.780
1678842678102 -0.230 -0.590 -0.780
1678842678140 -0.220 -0.580 -0.780
1678842678152 -0.210 -0.570 -0.790
1678842678152 -0.210 -0.570 -0.790
1678842678167 -0.200 -0.570 -0.800
1678842678177 -0.200 -0.560 -0.800
1678842678178 -0.190 -0.560 -0.810
1678842678178 -0.200 -0.560 -0.810
1678842678179 -0.190 -0.550 -0.810
1678842678188 -0.190 -0.550 -0.820
1678842678193 -0.170 -0.530 -0.830
1678842678204 -0.170 -0.530 -0.830
1678842678221 -0.170 -0.530 -0.830
1678842678221 -0.160 -0.520 -0.840
1678842678229 -0.160 -0.520 -0.850
1678842678241 -0.160 -0.510 -0.850
1678842678241 -0.150 -0.510 -0.850
1678842678280 -0.140 -0.500 -0.850
1678842678297 -0.140 -0.490 -0.860
1678842678306 -0.140 -0.490 -0.860
1678842678320 -0.140 -0.490 -0.860
1678842678320 -0.140 -0.490 -0.870
1678842678339 -0.140 -0.480 -0.870
1678842678345 -0.140 -0.480 -0.860
1678842678345 -0.140 -0.470 -0.870
1678842678361 -0.130 -0.470 -0.870
1678842678380 -0.120 -0.470 -0.880
1678842678394 -0.120 -0.470 -0.880
1678842678411 -0.110 -0.460 -0.880
1678842678412 -0.110 -0.470 -0.880
1678842678451 -0.100 -0.460 -0.890
1678842678470 -0.090 -0.450 -0.890
1678842678493 -0.100 -0.450 -0.890
1678842678493 -0.100 -0.440 -0.900
1678842678506 -0.110 -0.390 -0.910
1678842678509 -0.100 -0.390 -0.920
1678842678533 -0.080 -0.380 -0.920
1678842678550 -0.070 -0.380 -0.920
1678842678557 -0.060 -0.400 -0.910
1678842678561 -0.050 -0.400 -0.920
1678842678570 -0.060 -0.360 -0.930
1678842678584 -0.060 -0.350 -0.940
1678842678590 -0.060 -0.330 -0.940
1678842678605 -0.060 -0.340 -0.940
1678842678618 -0.050 -0.330 -0.940
1678842678639 -0.050 -0.330 -0.950
1678842678665 -0.040 -0.330 -0.940
1678842678687 -0.050 -0.330 -0.940
1678842678700 -0.040 -0.340 -0.940
1678842678708 -0.040 -0.330 -0.940
1678842678709 -0.040 -0.330 -0.940
1678842678720 -0.040 -0.340 -0.940
1678842678735 -0.030 -0.340 -0.930
1678842678751 -0.010 -0.350 -0.940
1678842678762 0.010 -0.350 -0.930
1678842678769 0.010 -0.350 -0.940
1678842678782 0.010 -0.350 -0.940
1678842678802 0.010 -0.340 -0.940
1678842678810 0.020 -0.340 -0.930
1678842678819 0.020 -0.340 -0.940
1678842678835 0.020 -0.340 -0.940
1678842678835 0.020 -0.340 -0.940
1678842678835 0.020 -0.340 -0.940
1678842678849 0.020 -0.340 -0.940
1678842678852 0.010 -0.340 -0.940
1678842678868 0.020 -0.340 -0.940
1678842678881 0.020 -0.350 -0.930
1678842678888 0.010 -0.350 -0.940
1678842678889 0.010 -0.350 -0.930
1678842678906 0.010 -0.360 -0.930
1678842678927 0.010 -0.360 -0.930
1678842678927 0.010 -0.360 -0.940
1678842678930 0.010 -0.360 -0.930
1678842678930 0.000 -0.360 -0.930
1678842678931 0.000 -0.360 -0.930
1678842678934 0.000 -0.350 -0.940
1678842678953 0.000 -0.360 -0.940
1678842678973 0.000 -0.360 -0.930
1678842678990 0.000 -0.370 -0.930
1678842679003 0.000 -0.380 -0.930
1678842679034 0.000 -0.380 -0.930
1678842679034 0.000 -0.390 -0.920
1678842679034 0.000 -0.390 -0.920
1678842679040 0.000 -0.390 -0.920
1678842679041 0.000 -0.390 -0.920
1678842679058 -0.010 -0.380 -0.930
1678842679064 -0.010 -0.380 -0.920
1678842679077 0.000 -0.370 -0.930
1678842679089 0.010 -0.350 -0.930
1678842679105 0.000 -0.350 -0.940
1678842679105 0.010 -0.360 -0.930
1678842679105 0.000 -0.360 -0.940
1678842679106 0.000 -0.370 -0.930
1678842679111 -0.010 -0.370 -0.930
1678842679111 -0.010 -0.370 -0.930
1678842679121 -0.010 -0.360 -0.940
1678842679124 -0.010 -0.360 -0.940
1678842679139 -0.020 -0.340 -0.940
1678842679160 -0.020 -0.340 -0.940
1678842679160 -0.030 -0.330 -0.950
1678842679165 -0.030 -0.320 -0.950
1678842679199 -0.030 -0.320 -0.950
1678842679199 -0.030 -0.320 -0.950
1678842679202 -0.030 -0.310 -0.950
1678842679202 -0.040 -0.320 -0.940
1678842679217 -0.030 -0.320 -0.950
1678842679222 -0.030 -0.320 -0.940
1678842679245 -0.030 -0.330 -0.940
1678842679245 -0.040 -0.330 -0.940
1678842679258 -0.040 -0.340 -0.940
1678842679266 -0.040 -0.330 -0.940
1678842679272 -0.050 -0.340 -0.940
1678842679274 -0.050 -0.340 -0.940
1678842679278 -0.050 -0.340 -0.940
1678842679288 -0.050 -0.350 -0.940
1678842679299 -0.050 -0.350 -0.930
1678842679308 -0.050 -0.360 -0.930
1678842679318 -0.050 -0.370 -0.930
1678842679328 -0.050 -0.380 -0.920
1678842679338 -0.050 -0.380 -0.920
1678842679348 -0.060 -0.380 -0.920
1678842679364 -0.060 -0.390 -0.920
1678842679369 -0.060 -0.390 -0.920
1678842679385 -0.060 -0.390 -0.920
1678842679392 -0.070 -0.400 -0.920
1678842679403 -0.070 -0.390 -0.920
1678842679422 -0.070 -0.400 -0.920
1678842679435 -0.070 -0.400 -0.910
1678842679435 -0.070 -0.410 -0.910
1678842679455 -0.080 -0.420 -0.910
1678842679468 -0.080 -0.420 -0.910
1678842679468 -0.080 -0.420 -0.910
1678842679476 -0.080 -0.420 -0.900
1678842679486 -0.080 -0.430 -0.900
1678842679508 -0.080 -0.420 -0.900
1678842679525 -0.080 -0.430 -0.900
1678842679530 -0.080 -0.440 -0.900
1678842679538 -0.080 -0.440 -0.900
1678842679538 -0.080 -0.430 -0.890
1678842679554 -0.090 -0.430 -0.900
1678842679554 -0.090 -0.420 -0.900
1678842679558 -0.100 -0.410 -0.900
1678842679569 -0.100 -0.410 -0.910
1678842679598 -0.090 -0.410 -0.900
1678842679607 -0.090 -0.410 -0.910
1678842679613 -0.090 -0.420 -0.910
1678842679621 -0.080 -0.430 -0.900
1678842679626 -0.080 -0.430 -0.900
1678842679629 -0.070 -0.430 -0.900
1678842679630 -0.070 -0.430 -0.900
1678842679638 -0.070 -0.430 -0.900
1678842679654 -0.070 -0.430 -0.900
1678842679669 -0.080 -0.420 -0.900
1678842679672 -0.080 -0.410 -0.910
1678842679673 -0.080 -0.410 -0.910
1678842679683 -0.090 -0.410 -0.910
1678842679699 -0.080 -0.410 -0.910
1678842679706 -0.080 -0.390 -0.920
1678842679707 -0.080 -0.390 -0.920
1678842679713 -0.070 -0.390 -0.920
1678842679721 -0.070 -0.380 -0.920
1678842679729 -0.060 -0.380 -0.920
1678842679741 -0.050 -0.380 -0.920
1678842679741 -0.050 -0.380 -0.930
1678842679752 -0.050 -0.380 -0.920
1678842679752 -0.040 -0.380 -0.920
1678842679776 -0.050 -0.380 -0.920
1678842679776 -0.050 -0.380 -0.920
1678842679787 -0.050 -0.370 -0.920
1678842679800 -0.060 -0.370 -0.920
1678842679800 -0.050 -0.370 -0.930
1678842679809 -0.050 -0.360 -0.930
1678842679819 -0.050 -0.370 -0.920
1678842679839 -0.060 -0.360 -0.930
1678842679839 -0.050 -0.370 -0.930
1678842679848 -0.050 -0.360 -0.930
1678842679854 -0.050 -0.360 -0.930
1678842679868 -0.050 -0.370 -0.930
1678842679877 -0.050 -0.370 -0.930
1678842679893 -0.040 -0.370 -0.930
1678842679893 -0.050 -0.370 -0.930
1678842679903 -0.040 -0.380 -0.930
1678842679908 -0.040 -0.380 -0.930
1678842679911 -0.030 -0.390 -0.920
1678842679925 -0.040 -0.390 -0.920
1678842679932 -0.030 -0.390 -0.920
1678842679937 -0.030 -0.400 -0.920
1678842679944 -0.020 -0.400 -0.920
1678842679956 -0.020 -0.400 -0.920
1678842679960 -0.020 -0.400 -0.910
1678842679971 -0.020 -0.400 -0.910
1678842679979 -0.020 -0.400 -0.920
1678842679984 -0.020 -0.390 -0.920
1678842679990 -0.030 -0.390 -0.920
1678842680006 -0.020 -0.400 -0.910
1678842680014 -0.030 -0.400 -0.920
1678842680016 -0.020 -0.390 -0.920
1678842680024 -0.030 -0.390 -0.920
1678842680033 -0.030 -0.390 -0.920
1678842680039 -0.030 -0.390 -0.920
1678842680044 -0.040 -0.390 -0.920
1678842680055 -0.040 -0.390 -0.920
1678842680058 -0.040 -0.390 -0.920
1678842680076 -0.050 -0.390 -0.920
1678842680085 -0.040 -0.400 -0.920
1678842680097 -0.040 -0.400 -0.920
1678842680099 -0.050 -0.400 -0.920
1678842680117 -0.050 -0.400 -0.920
1678842680126 -0.060 -0.410 -0.910
1678842680135 -0.060 -0.410 -0.920
1678842680138 -0.070 -0.400 -0.910
1678842680143 -0.060 -0.400 -0.910
1678842680160 -0.060 -0.400 -0.910
1678842680166 -0.070 -0.390 -0.920
1678842680168 -0.070 -0.390 -0.920
1678842680180 -0.070 -0.390 -0.930
1678842680184 -0.060 -0.390 -0.920
1678842680188 -0.070 -0.380 -0.920
1678842680204 -0.060 -0.380 -0.920
1678842680214 -0.060 -0.370 -0.930
1678842680221 -0.070 -0.370 -0.930
1678842680224 -0.070 -0.360 -0.930
1678842680239 -0.060 -0.350 -0.930
1678842680244 -0.060 -0.350 -0.940
1678842680249 -0.060 -0.340 -0.930
1678842680254 -0.070 -0.340 -0.930
1678842680271 -0.060 -0.340 -0.940
1678842680279 -0.060 -0.340 -0.940
1678842680284 -0.060 -0.340 -0.930
1678842680299 -0.060 -0.340 -0.940
1678842680309 -0.060 -0.360 -0.930
1678842680314 -0.060 -0.370 -0.920
1678842680319 -0.060 -0.380 -0.920
1678842680328 -0.070 -0.380 -0.920
1678842680334 -0.070 -0.380 -0.920
1678842680344 -0.060 -0.390 -0.920
1678842680349 -0.070 -0.390 -0.920
1678842680362 -0.070 -0.380 -0.930
1678842680368 -0.070 -0.380 -0.920
1678842680376 -0.070 -0.370 -0.930
1678842680385 -0.070 -0.370 -0.920
1678842680390 -0.070 -0.370 -0.930
1678842680395 -0.060 -0.360 -0.930
1678842680400 -0.060 -0.350 -0.940
1678842680410 -0.060 -0.350 -0.930
1678842680414 -0.060 -0.350 -0.930
1678842680430 -0.060 -0.350 -0.940
1678842680445 -0.050 -0.360 -0.930
1678842680445 -0.050 -0.360 -0.930
1678842680451 -0.050 -0.360 -0.930
1678842680465 -0.050 -0.370 -0.930
1678842680473 -0.050 -0.370 -0.930
1678842680479 -0.050 -0.370 -0.920
1678842680491 -0.050 -0.380 -0.920
1678842680494 -0.050 -0.380 -0.930
1678842680500 -0.050 -0.380 -0.920
1678842680509 -0.040 -0.390 -0.920
1678842680531 -0.050 -0.400 -0.920
1678842680531 -0.040 -0.390 -0.920
1678842680539 -0.050 -0.410 -0.920
1678842680549 -0.040 -0.410 -0.910
1678842680554 -0.040 -0.420 -0.910
1678842680559 -0.040 -0.420 -0.910
1678842680574 -0.040 -0.420 -0.910
1678842680585 -0.040 -0.420 -0.910
1678842680589 -0.030 -0.410 -0.910
1678842680600 -0.040 -0.420 -0.910
1678842680612 -0.040 -0.420 -0.910
1678842680613 -0.040 -0.420 -0.900
1678842680620 -0.040 -0.420 -0.910
1678842680632 -0.040 -0.420 -0.910
1678842680638 -0.030 -0.420 -0.910
1678842680646 -0.040 -0.420 -0.910
1678842680659 -0.040 -0.430 -0.900
1678842680665 -0.040 -0.430 -0.900
1678842680675 -0.040 -0.430 -0.900
1678842680684 -0.040 -0.430 -0.900
1678842680690 -0.040 -0.430 -0.900
1678842680699 -0.040 -0.430 -0.910
1678842680724 -0.040 -0.420 -0.910
1678842680751 -0.040 -0.420 -0.910
1678842680775 -0.040 -0.420 -0.910
1678842680798 -0.040 -0.420 -0.900
1678842680808 -0.040 -0.420 -0.910
1678842680827 -0.040 -0.420 -0.900
1678842680827 -0.030 -0.430 -0.910
1678842680827 -0.030 -0.430 -0.900
1678842680834 -0.020 -0.440 -0.900
1678842680834 -0.020 -0.430 -0.900
1678842680836 -0.010 -0.440 -0.900
1678842680875 -0.020 -0.450 -0.900
1678842680875 -0.020 -0.440 -0.900
1678842680901 -0.020 -0.430 -0.900
1678842680901 -0.040 -0.430 -0.900
1678842680913 -0.030 -0.430 -0.900
1678842680930 -0.030 -0.420 -0.900
1678842680938 -0.020 -0.430 -0.900
1678842680941 -0.030 -0.430 -0.900
1678842680942 -0.010 -0.430 -0.900
1678842680942 0.000 -0.440 -0.900
1678842680942 0.000 -0.440 -0.900
1678842680958 0.010 -0.440 -0.900
1678842680969 0.010 -0.440 -0.900
1678842680981 0.010 -0.420 -0.900
1678842680995 0.000 -0.420 -0.900
1678842681003 0.000 -0.410 -0.910
1678842681019 0.000 -0.410 -0.910
1678842681029 0.010 -0.400 -0.910
1678842681049 0.010 -0.410 -0.910
1678842681049 0.000 -0.400 -0.910
1678842681108 0.010 -0.410 -0.910
1678842681129 0.010 -0.420 -0.910
1678842681137 0.010 -0.410 -0.910
1678842681137 0.020 -0.420 -0.910
1678842681137 0.020 -0.430 -0.910
1678842681153 0.020 -0.430 -0.900
1678842681173 0.020 -0.430 -0.910
1678842681176 0.020 -0.440 -0.900
1678842681207 0.020 -0.440 -0.900
1678842681217 0.030 -0.440 -0.900
1678842681227 0.030 -0.440 -0.900
1678842681249 0.030 -0.440 -0.900
1678842681249 0.030 -0.430 -0.900
1678842681253 0.030 -0.440 -0.900
1678842681279 0.040 -0.440 -0.900
1678842681285 0.030 -0.430 -0.900
1678842681327 0.030 -0.430 -0.900
1678842681327 0.030 -0.430 -0.900
1678842681330 0.030 -0.440 -0.900
1678842681331 0.020 -0.430 -0.900
1678842681369 0.020 -0.430 -0.910
1678842681382 0.020 -0.430 -0.900
1678842681410 0.020 -0.420 -0.910
1678842681435 0.020 -0.420 -0.900
1678842681435 0.020 -0.410 -0.910
1678842681452 0.010 -0.400 -0.910
1678842681454 0.010 -0.400 -0.910
1678842681475 0.000 -0.400 -0.920
1678842681491 0.010 -0.410 -0.920
1678842681504 0.010 -0.380 -0.930
1678842681515 0.010 -0.380 -0.930
1678842681532 0.010 -0.390 -0.920
1678842681543 0.020 -0.400 -0.910
1678842681544 0.020 -0.400 -0.910
1678842681556 0.010 -0.420 -0.910
1678842681570 0.000 -0.420 -0.910
1678842681573 0.000 -0.410 -0.910
1678842681585 0.000 -0.410 -0.910
1678842681590 0.000 -0.400 -0.920
1678842681590 0.000 -0.390 -0.920
1678842681630 0.010 -0.390 -0.920
1678842681631 0.010 -0.380 -0.920
1678842681663 0.010 -0.380 -0.930
1678842681685 0.020 -0.380 -0.920
1678842681686 0.010 -0.380 -0.920
1678842681686 0.010 -0.390 -0.920
1678842681688 0.010 -0.390 -0.920
1678842681706 0.010 -0.390 -0.920
1678842681707 0.020 -0.390 -0.920
1678842681707 0.020 -0.400 -0.910
1678842681732 0.020 -0.400 -0.910
1678842681757 0.020 -0.430 -0.900
1678842681780 0.020 -0.440 -0.900
1678842681788 0.020 -0.440 -0.900
1678842681788 0.020 -0.450 -0.890
1678842681788 0.020 -0.450 -0.890
1678842681799 0.020 -0.450 -0.900
1678842681818 0.020 -0.450 -0.890
1678842681818 0.020 -0.450 -0.890
1678842681833 0.020 -0.450 -0.890
1678842681834 0.020 -0.450 -0.890
1678842681834 0.020 -0.450 -0.900
1678842681839 0.030 -0.450 -0.900
1678842681857 0.030 -0.450 -0.890
1678842681857 0.030 -0.460 -0.890
1678842681859 0.030 -0.450 -0.890
1678842681894 0.030 -0.450 -0.890
1678842681894 0.030 -0.460 -0.890
1678842681909 0.020 -0.460 -0.890
1678842681924 0.020 -0.460 -0.890
1678842681943 0.020 -0.460 -0.890
1678842681954 0.020 -0.460 -0.890
1678842681954 0.010 -0.460 -0.890
1678842681968 0.020 -0.450 -0.890
1678842681968 0.030 -0.460 -0.890
1678842681970 0.030 -0.470 -0.880
1678842682004 0.040 -0.470 -0.890
1678842682004 0.030 -0.470 -0.880
1678842682004 0.040 -0.480 -0.880
1678842682005 0.040 -0.470 -0.890
1678842682018 0.030 -0.460 -0.890
1678842682030 0.030 -0.460 -0.890
1678842682044 0.040 -0.460 -0.890
1678842682044 0.030 -0.440 -0.900
1678842682046 0.040 -0.440 -0.900
1678842682062 0.050 -0.440 -0.900
1678842682062 0.060 -0.440 -0.900
1678842682063 0.060 -0.450 -0.900
1678842682073 0.060 -0.450 -0.890
1678842682075 0.070 -0.450 -0.880
1678842682075 0.070 -0.450 -0.890
1678842682097 0.070 -0.450 -0.890
1678842682112 0.070 -0.450 -0.890
1678842682125 0.060 -0.440 -0.900
1678842682130 0.060 -0.440 -0.900
1678842682138 0.060 -0.430 -0.900
1678842682154 0.060 -0.420 -0.900
1678842682195 0.070 -0.420 -0.900
1678842682195 0.070 -0.420 -0.910
1678842682195 0.070 -0.410 -0.910
1678842682195 0.080 -0.420 -0.900
1678842682208 0.080 -0.430 -0.900
1678842682225 0.080 -0.430 -0.900
1678842682225 0.090 -0.430 -0.900
1678842682238 0.080 -0.440 -0.900
1678842682242 0.090 -0.450 -0.890
1678842682242 0.090 -0.460 -0.890
1678842682259 0.090 -0.460 -0.880
1678842682286 0.090 -0.450 -0.880
1678842682286 0.100 -0.460 -0.880
1678842682286 0.100 -0.460 -0.880
1678842682287 0.100 -0.460 -0.890
1678842682288 0.100 -0.460 -0.880
1678842682303 0.100 -0.460 -0.890
1678842682324 0.110 -0.460 -0.890
1678842682338 0.100 -0.460 -0.880
1678842682373 0.110 -0.460 -0.890
1678842682373 0.110 -0.450 -0.890
1678842682379 0.110 -0.460 -0.880
1678842682380 0.100 -0.460 -0.880
1678842682380 0.110 -0.460 -0.880
1678842682403 0.110 -0.460 -0.880
1678842682403 0.100 -0.470 -0.880
1678842682411 0.100 -0.470 -0.880
1678842682412 0.090 -0.460 -0.880
1678842682414 0.090 -0.470 -0.890
1678842682415 0.090 -0.460 -0.890
1678842682450 0.090 -0.470 -0.880
1678842682459 0.090 -0.460 -0.880
1678842682470 0.100 -0.460 -0.880
1678842682478 0.100 -0.460 -0.880
1678842682490 0.100 -0.460 -0.880
1678842682498 0.100 -0.480 -0.870
1678842682509 0.110 -0.480 -0.870
1678842682518 0.100 -0.480 -0.870
1678842682519 0.110 -0.480 -0.870
1678842682556 0.110 -0.480 -0.870
1678842682556 0.100 -0.460 -0.880
1678842682556 0.100 -0.460 -0.890
1678842682557 0.100 -0.430 -0.890
1678842682574 0.100 -0.420 -0.900
1678842682581 0.110 -0.420 -0.900
1678842682581 0.120 -0.420 -0.900
1678842682581 0.110 -0.410 -0.900
1678842682581 0.120 -0.420 -0.900
1678842682614 0.120 -0.420 -0.900
1678842682617 0.120 -0.430 -0.900
1678842682617 0.120 -0.440 -0.890
1678842682638 0.120 -0.440 -0.890
1678842682638 0.120 -0.440 -0.880
1678842682667 0.110 -0.450 -0.880
1678842682695 0.100 -0.440 -0.890
1678842682715 0.110 -0.440 -0.890
1678842682715 0.100 -0.440 -0.890
1678842682717 0.100 -0.430 -0.890
1678842682718 0.090 -0.410 -0.910
1678842682731 0.090 -0.400 -0.910
1678842682740 0.090 -0.410 -0.920
1678842682741 0.090 -0.400 -0.910
1678842682744 0.100 -0.410 -0.910
1678842682749 0.100 -0.400 -0.910
1678842682784 0.100 -0.410 -0.910
1678842682797 0.100 -0.400 -0.910
1678842682801 0.100 -0.410 -0.910
1678842682812 0.090 -0.410 -0.910
1678842682827 0.090 -0.410 -0.910
1678842682828 0.090 -0.420 -0.910
1678842682838 0.090 -0.420 -0.900
1678842682858 0.090 -0.420 -0.900
1678842682900 0.090 -0.430 -0.900
1678842682911 0.090 -0.430 -0.900
1678842682911 0.090 -0.430 -0.890
1678842682911 0.090 -0.440 -0.900
1678842682933 0.090 -0.450 -0.890
1678842682966 0.100 -0.450 -0.890
1678842682980 0.100 -0.450 -0.890
1678842682990 0.090 -0.450 -0.890
1678842682997 0.090 -0.480 -0.870
1678842683027 0.080 -0.490 -0.870
1678842683044 0.090 -0.490 -0.870
1678842683044 0.090 -0.500 -0.870
1678842683044 0.080 -0.500 -0.870
1678842683044 0.090 -0.490 -0.860
1678842683049 0.080 -0.500 -0.860
1678842683049 0.090 -0.500 -0.870
1678842683078 0.090 -0.490 -0.860
1678842683086 0.090 -0.500 -0.860
1678842683103 0.120 -0.500 -0.860
1678842683103 0.120 -0.500 -0.850
1678842683116 0.120 -0.510 -0.850
1678842683131 0.130 -0.510 -0.850
1678842683131 0.140 -0.510 -0.850
1678842683170 0.130 -0.500 -0.850
1678842683178 0.110 -0.490 -0.860
1678842683190 0.100 -0.480 -0.870
1678842683202 0.090 -0.470 -0.880
1678842683202 0.080 -0.450 -0.880
1678842683245 0.090 -0.450 -0.880
1678842683265 0.090 -0.450 -0.890
1678842683265 0.100 -0.450 -0.890
1678842683265 0.110 -0.460 -0.880
1678842683279 0.120 -0.460 -0.880
1678842683312 0.130 -0.460 -0.880
1678842683312 0.120 -0.470 -0.870
1678842683312 0.120 -0.470 -0.870
1678842683312 0.120 -0.470 -0.880
1678842683318 0.100 -0.430 -0.900
1678842683335 0.100 -0.430 -0.900
1678842683347 0.090 -0.420 -0.900
1678842683357 0.100 -0.430 -0.900
1678842683371 0.090 -0.450 -0.890
1678842683388 0.080 -0.440 -0.890
1678842683398 0.080 -0.440 -0.890
1678842683408 0.080 -0.440 -0.890
1678842683417 0.080 -0.440 -0.900
1678842683417 0.070 -0.450 -0.900
1678842683417 0.070 -0.440 -0.890
1678842683425 0.070 -0.440 -0.900
1678842683425 0.080 -0.440 -0.890
1678842683426 0.080 -0.440 -0.900
1678842683427 0.090 -0.450 -0.890
1678842683427 0.090 -0.450 -0.880
1678842683435 0.090 -0.450 -0.880
1678842683465 0.090 -0.450 -0.890
1678842683465 0.090 -0.450 -0.890
1678842683465 0.080 -0.450 -0.890
1678842683482 0.080 -0.450 -0.890
1678842683483 0.080 -0.440 -0.890
1678842683490 0.080 -0.440 -0.890
1678842683514 0.080 -0.440 -0.890
1678842683552 0.080 -0.440 -0.890
1678842683552 0.080 -0.440 -0.890
1678842683588 0.080 -0.450 -0.890
1678842683617 0.080 -0.450 -0.890
1678842683640 0.080 -0.450 -0.890
1678842683640 0.080 -0.450 -0.890
1678842683655 0.090 -0.450 -0.890
1678842683656 0.090 -0.460 -0.890
1678842683686 0.090 -0.450 -0.890
1678842683693 0.090 -0.450 -0.890
1678842683701 0.090 -0.460 -0.890
1678842683709 0.080 -0.450 -0.890
1678842683726 0.080 -0.460 -0.880
1678842683736 0.070 -0.450 -0.890
1678842683736 0.060 -0.450 -0.890
1678842683758 0.060 -0.440 -0.900
1678842683758 0.060 -0.440 -0.890
1678842683777 0.060 -0.400 -0.910
1678842683791 0.070 -0.400 -0.920
1678842683808 0.070 -0.390 -0.920
1678842683808 0.070 -0.390 -0.910
1678842683808 0.080 -0.410 -0.910
1678842683817 0.080 -0.410 -0.910
1678842683832 0.080 -0.420 -0.900
1678842683840 0.080 -0.420 -0.900
1678842683840 0.080 -0.420 -0.900
1678842683840 0.070 -0.430 -0.900
1678842683840 0.080 -0.410 -0.900
1678842683850 0.080 -0.410 -0.910
1678842683850 0.080 -0.410 -0.910
1678842683874 0.090 -0.400 -0.910
1678842683882 0.090 -0.390 -0.920
1678842683897 0.100 -0.380 -0.920
1678842683919 0.100 -0.390 -0.910
1678842683924 0.100 -0.380 -0.910
1678842683938 0.100 -0.380 -0.920
1678842683956 0.110 -0.370 -0.920
1678842683961 0.110 -0.370 -0.920
1678842683985 0.110 -0.380 -0.920
1678842683991 0.110 -0.370 -0.930
1678842683991 0.110 -0.370 -0.930
1678842684018 0.100 -0.360 -0.920
1678842684035 0.100 -0.360 -0.920
1678842684049 0.110 -0.360 -0.930
1678842684049 0.100 -0.360 -0.930
1678842684071 0.100 -0.360 -0.930
1678842684088 0.100 -0.350 -0.930
1678842684103 0.110 -0.360 -0.930
1678842684104 0.110 -0.360 -0.930
1678842684104 0.100 -0.360 -0.920
1678842684118 0.090 -0.370 -0.920
1678842684136 0.080 -0.400 -0.920
1678842684136 0.070 -0.400 -0.910
1678842684154 0.080 -0.400 -0.910
1678842684177 0.070 -0.420 -0.900
1678842684205 0.060 -0.430 -0.900
1678842684206 0.060 -0.430 -0.900
1678842684206 0.060 -0.440 -0.900
1678842684206 0.060 -0.440 -0.890
1678842684213 0.050 -0.440 -0.900
1678842684223 0.060 -0.440 -0.890
1678842684229 0.050 -0.440 -0.900
1678842684229 0.050 -0.440 -0.890
1678842684246 0.050 -0.430 -0.910
1678842684246 0.050 -0.420 -0.910
1678842684254 0.050 -0.430 -0.910
1678842684257 0.050 -0.420 -0.910
1678842684292 0.050 -0.420 -0.910
1678842684315 0.050 -0.410 -0.900
1678842684317 0.050 -0.420 -0.900
1678842684333 0.050 -0.420 -0.910
1678842684364 0.050 -0.420 -0.910
1678842684374 0.060 -0.420 -0.910
1678842684392 0.060 -0.420 -0.910
1678842684409 0.060 -0.420 -0.910
1678842684409 0.060 -0.420 -0.900
1678842684417 0.050 -0.420 -0.910
1678842684418 0.030 -0.410 -0.910
1678842684418 0.030 -0.400 -0.910
1678842684418 0.030 -0.350 -0.930
1678842684424 0.030 -0.350 -0.940
1678842684435 0.050 -0.350 -0.930
1678842684448 0.050 -0.360 -0.930
1678842684451 0.050 -0.370 -0.930
1678842684451 0.040 -0.370 -0.930
1678842684460 0.040 -0.370 -0.930
1678842684494 0.030 -0.350 -0.940
1678842684498 0.030 -0.350 -0.930
1678842684498 0.020 -0.340 -0.930
1678842684511 0.020 -0.320 -0.950
1678842684526 0.020 -0.310 -0.960
1678842684531 0.020 -0.300 -0.950
1678842684531 0.020 -0.300 -0.950
1678842684539 0.030 -0.290 -0.950
1678842684554 0.030 -0.290 -0.950
1678842684568 0.030 -0.290 -0.950
1678842684590 0.030 -0.300 -0.950
1678842684603 0.030 -0.300 -0.960
1678842684619 0.020 -0.300 -0.960
1678842684619 0.020 -0.290 -0.960
1678842684622 0.030 -0.290 -0.960
1678842684622 0.020 -0.290 -0.950
1678842684640 0.020 -0.290 -0.950
1678842684644 0.030 -0.280 -0.960
1678842684644 0.020 -0.260 -0.960
1678842684644 0.030 -0.260 -0.970
1678842684645 0.030 -0.260 -0.970
1678842684658 0.030 -0.250 -0.970
1678842684674 0.020 -0.250 -0.970
1678842684701 0.020 -0.250 -0.960
1678842684701 0.010 -0.250 -0.970
1678842684701 0.000 -0.250 -0.970
1678842684702 0.000 -0.250 -0.970
1678842684703 -0.020 -0.240 -0.970
1678842684707 -0.020 -0.240 -0.970
1678842684715 -0.030 -0.240 -0.970
1678842684725 -0.030 -0.230 -0.970
1678842684734 -0.040 -0.230 -0.970
1678842684734 -0.050 -0.230 -0.980
1678842684747 -0.050 -0.220 -0.970
1678842684747 -0.050 -0.230 -0.970
1678842684769 -0.070 -0.230 -0.970
1678842684776 -0.070 -0.230 -0.960
1678842684787 -0.080 -0.240 -0.960
1678842684788 -0.080 -0.260 -0.970
1678842684801 -0.090 -0.260 -0.960
1678842684801 -0.100 -0.260 -0.960
1678842684815 -0.110 -0.260 -0.970
1678842684845 -0.110 -0.240 -0.960
1678842684849 -0.120 -0.230 -0.960
1678842684866 -0.120 -0.230 -0.970
1678842684876 -0.130 -0.220 -0.970
1678842684884 -0.120 -0.210 -0.970
1678842684890 -0.120 -0.200 -0.970
1678842684892 -0.120 -0.210 -0.970
1678842684896 -0.110 -0.220 -0.970
1678842684906 -0.120 -0.220 -0.960
1678842684906 -0.120 -0.230 -0.960
1678842684927 -0.120 -0.240 -0.960
1678842684927 -0.130 -0.240 -0.970
1678842684937 -0.130 -0.250 -0.960
1678842684948 -0.130 -0.240 -0.960
1678842684961 -0.130 -0.250 -0.960
1678842684968 -0.140 -0.250 -0.960
1678842684985 -0.150 -0.250 -0.950
1678842685002 -0.150 -0.250 -0.950
1678842685008 -0.140 -0.260 -0.950
1678842685024 -0.150 -0.280 -0.950
1678842685024 -0.150 -0.280 -0.950
1678842685026 -0.160 -0.290 -0.950
1678842685036 -0.170 -0.290 -0.940
1678842685056 -0.160 -0.300 -0.940
1678842685056 -0.170 -0.310 -0.930
1678842685074 -0.180 -0.320 -0.930
1678842685120 -0.180 -0.320 -0.930
1678842685131 -0.190 -0.320 -0.930
1678842685140 -0.190 -0.320 -0.930
1678842685159 -0.190 -0.330 -0.930
1678842685161 -0.200 -0.330 -0.920
1678842685170 -0.210 -0.340 -0.920
1678842685176 -0.220 -0.330 -0.920
1678842685180 -0.220 -0.330 -0.910
1678842685187 -0.230 -0.340 -0.910
1678842685202 -0.230 -0.340 -0.910
1678842685207 -0.240 -0.340 -0.920
1678842685213 -0.240 -0.340 -0.900
1678842685218 -0.240 -0.350 -0.910
1678842685218 -0.250 -0.360 -0.900
1678842685242 -0.250 -0.360 -0.900
1678842685245 -0.260 -0.370 -0.900
1678842685245 -0.260 -0.370 -0.900
1678842685255 -0.260 -0.370 -0.890
1678842685255 -0.260 -0.370 -0.890
1678842685262 -0.270 -0.380 -0.880
1678842685272 -0.260 -0.380 -0.890
1678842685282 -0.270 -0.390 -0.890
1678842685287 -0.270 -0.390 -0.880
1678842685308 -0.270 -0.400 -0.880
1678842685308 -0.260 -0.400 -0.870
1678842685313 -0.260 -0.410 -0.870
1678842685316 -0.260 -0.410 -0.870
1678842685327 -0.260 -0.420 -0.870
1678842685345 -0.250 -0.420 -0.870
1678842685353 -0.260 -0.430 -0.870
1678842685362 -0.260 -0.430 -0.870
1678842685367 -0.250 -0.430 -0.870
1678842685375 -0.260 -0.430 -0.870
1678842685392 -0.260 -0.440 -0.870
1678842685398 -0.250 -0.440 -0.860
1678842685404 -0.240 -0.440 -0.870
1678842685404 -0.240 -0.450 -0.860
1678842685425 -0.240 -0.440 -0.860
1678842685431 -0.230 -0.450 -0.860
1678842685440 -0.220 -0.450 -0.860
1678842685450 -0.220 -0.450 -0.870
1678842685451 -0.220 -0.450 -0.860
1678842685471 -0.220 -0.460 -0.860
1678842685475 -0.210 -0.470 -0.860
1678842685489 -0.220 -0.460 -0.850
1678842685503 -0.220 -0.470 -0.860
1678842685511 -0.210 -0.480 -0.850
1678842685518 -0.210 -0.490 -0.840
1678842685522 -0.210 -0.490 -0.840
1678842685544 -0.210 -0.500 -0.850
1678842685552 -0.210 -0.510 -0.840
1678842685569 -0.210 -0.510 -0.840
1678842685569 -0.210 -0.510 -0.830
1678842685577 -0.210 -0.510 -0.830
1678842685589 -0.210 -0.500 -0.840
1678842685597 -0.210 -0.510 -0.840
1678842685607 -0.200 -0.500 -0.840
1678842685610 -0.210 -0.500 -0.840
1678842685630 -0.200 -0.510 -0.840
1678842685653 -0.190 -0.520 -0.830
1678842685661 -0.180 -0.520 -0.830
1678842685673 -0.190 -0.530 -0.830
1678842685678 -0.180 -0.550 -0.810
1678842685680 -0.180 -0.550 -0.820
1678842685681 -0.180 -0.550 -0.810
1678842685681 -0.190 -0.550 -0.810
1678842685691 -0.180 -0.560 -0.810
1678842685698 -0.180 -0.560 -0.810
1678842685725 -0.180 -0.550 -0.820
1678842685740 -0.180 -0.550 -0.820
1678842685745 -0.170 -0.560 -0.810
1678842685750 -0.170 -0.560 -0.820
1678842685754 -0.160 -0.570 -0.810
1678842685754 -0.160 -0.570 -0.810
1678842685768 -0.160 -0.580 -0.800
1678842685791 -0.160 -0.580 -0.790
1678842685797 -0.150 -0.590 -0.790
1678842685797 -0.150 -0.590 -0.790
1678842685819 -0.140 -0.600 -0.790
1678842685819 -0.140 -0.590 -0.790
1678842685832 -0.140 -0.590 -0.790
1678842685840 -0.140 -0.600 -0.790
1678842685848 -0.130 -0.590 -0.790
1678842685854 -0.130 -0.590 -0.800
1678842685859 -0.130 -0.590 -0.800
1678842685859 -0.130 -0.590 -0.800
1678842685868 -0.130 -0.590 -0.800
1678842685878 -0.140 -0.590 -0.790
1678842685913 -0.140 -0.600 -0.800
1678842685921 -0.140 -0.600 -0.790
1678842685930 -0.140 -0.610 -0.780
1678842685939 -0.150 -0.610 -0.780
1678842685951 -0.150 -0.610 -0.780
1678842685954 -0.150 -0.620 -0.770
1678842685964 -0.150 -0.620 -0.770
1678842685971 -0.150 -0.630 -0.770
1678842685980 -0.150 -0.620 -0.770
1678842685984 -0.150 -0.630 -0.760
1678842685987 -0.160 -0.620 -0.760
1678842685995 -0.160 -0.630 -0.760
1678842685996 -0.160 -0.640 -0.760
1678842686006 -0.170 -0.640 -0.760
1678842686018 -0.170 -0.640 -0.740
1678842686032 -0.170 -0.650 -0.740
1678842686032 -0.170 -0.650 -0.750
1678842686040 -0.170 -0.650 -0.750
1678842686046 -0.170 -0.650 -0.740
1678842686062 -0.180 -0.660 -0.740
1678842686077 -0.170 -0.650 -0.740
1678842686086 -0.160 -0.650 -0.740
1678842686086 -0.160 -0.650 -0.730
1678842686100 -0.150 -0.660 -0.740
1678842686102 -0.150 -0.660 -0.740
1678842686107 -0.150 -0.650 -0.750
1678842686121 -0.150 -0.640 -0.750
1678842686134 -0.150 -0.630 -0.760
1678842686139 -0.150 -0.620 -0.770
1678842686155 -0.150 -0.610 -0.780
1678842686162 -0.150 -0.600 -0.790
1678842686168 -0.150 -0.590 -0.790
1678842686172 -0.150 -0.590 -0.800
1678842686186 -0.140 -0.580 -0.800
1678842686191 -0.150 -0.580 -0.790
1678842686204 -0.150 -0.590 -0.800
1678842686213 -0.150 -0.590 -0.790
1678842686217 -0.150 -0.590 -0.790
1678842686227 -0.140 -0.590 -0.790
1678842686245 -0.150 -0.600 -0.780
1678842686257 -0.150 -0.590 -0.790
1678842686257 -0.150 -0.590 -0.790
1678842686269 -0.150 -0.600 -0.790
1678842686279 -0.170 -0.580 -0.800
1678842686285 -0.170 -0.590 -0.790
1678842686297 -0.170 -0.590 -0.790
1678842686319 -0.170 -0.590 -0.790
1678842686319 -0.170 -0.600 -0.780
1678842686319 -0.170 -0.600 -0.780
1678842686332 -0.180 -0.610 -0.770
1678842686339 -0.180 -0.620 -0.770
1678842686355 -0.180 -0.640 -0.750
1678842686363 -0.190 -0.640 -0.750
1678842686364 -0.190 -0.650 -0.740
1678842686378 -0.190 -0.650 -0.730
1678842686378 -0.190 -0.650 -0.730
1678842686405 -0.190 -0.650 -0.730
1678842686413 -0.190 -0.650 -0.730
1678842686427 -0.190 -0.650 -0.730
1678842686431 -0.180 -0.660 -0.730
1678842686445 -0.180 -0.660 -0.730
1678842686483 -0.180 -0.670 -0.720
1678842686489 -0.170 -0.670 -0.720
1678842686490 -0.170 -0.670 -0.710
1678842686491 -0.170 -0.680 -0.710
1678842686492 -0.170 -0.680 -0.710
1678842686492 -0.180 -0.680 -0.710
1678842686503 -0.180 -0.680 -0.710
1678842686512 -0.180 -0.680 -0.710
1678842686532 -0.170 -0.680 -0.710
1678842686532 -0.170 -0.680 -0.710
1678842686541 -0.170 -0.680 -0.720
1678842686542 -0.160 -0.680 -0.710
1678842686545 -0.160 -0.690 -0.700
1678842686548 -0.160 -0.690 -0.710
1678842686559 -0.150 -0.700 -0.700
1678842686572 -0.150 -0.700 -0.700
1678842686577 -0.150 -0.700 -0.700
1678842686593 -0.150 -0.690 -0.710
1678842686597 -0.140 -0.690 -0.710
1678842686607 -0.140 -0.680 -0.720
1678842686631 -0.130 -0.680 -0.720
1678842686635 -0.120 -0.690 -0.720
1678842686640 -0.110 -0.680 -0.720
1678842686647 -0.110 -0.690 -0.720
1678842686657 -0.090 -0.690 -0.720
1678842686672 -0.090 -0.690 -0.720
1678842686681 -0.090 -0.690 -0.720
1678842686688 -0.100 -0.690 -0.720
1678842686704 -0.100 -0.680 -0.720
1678842686709 -0.110 -0.680 -0.720
1678842686709 -0.120 -0.680 -0.740
1678842686713 -0.130 -0.670 -0.740
1678842686722 -0.120 -0.660 -0.740
1678842686748 -0.130 -0.660 -0.740
1678842686748 -0.130 -0.670 -0.740
1678842686756 -0.130 -0.660 -0.730
1678842686769 -0.120 -0.670 -0.730
1678842686772 -0.120 -0.680 -0.730
1678842686788 -0.120 -0.680 -0.730
1678842686800 -0.120 -0.680 -0.730
1678842686800 -0.120 -0.670 -0.730
1678842686803 -0.130 -0.670 -0.730
1678842686821 -0.130 -0.660 -0.740
1678842686851 -0.140 -0.640 -0.750
1678842686858 -0.140 -0.640 -0.760
1678842686863 -0.150 -0.630 -0.760
1678842686877 -0.150 -0.620 -0.770
1678842686877 -0.160 -0.620 -0.770
1678842686883 -0.160 -0.610 -0.780
1678842686883 -0.170 -0.620 -0.770
1678842686890 -0.170 -0.610 -0.770
1678842686897 -0.170 -0.620 -0.770
1678842686902 -0.170 -0.620 -0.770
1678842686914 -0.170 -0.620 -0.770
1678842686922 -0.170 -0.630 -0.760
1678842686938 -0.180 -0.630 -0.760
1678842686951 -0.170 -0.630 -0.750
1678842686953 -0.170 -0.630 -0.760
1678842686962 -0.170 -0.630 -0.750
1678842686996 -0.170 -0.640 -0.750
1678842687032 -0.180 -0.650 -0.750
1678842687042 -0.170 -0.640 -0.740
1678842687070 -0.180 -0.650 -0.730
1678842687070 -0.180 -0.650 -0.730
1678842687070 -0.180 -0.650 -0.740
1678842687070 -0.180 -0.650 -0.750
1678842687083 -0.190 -0.650 -0.750
1678842687089 -0.180 -0.640 -0.750
1678842687089 -0.180 -0.630 -0.750
1678842687097 -0.180 -0.640 -0.750
1678842687101 -0.180 -0.630 -0.750
1678842687102 -0.170 -0.640 -0.750
1678842687126 -0.170 -0.630 -0.750
1678842687135 -0.180 -0.640 -0.750
1678842687146 -0.170 -0.640 -0.750
1678842687146 -0.170 -0.640 -0.750
1678842687146 -0.170 -0.640 -0.750
1678842687147 -0.170 -0.650 -0.750
1678842687152 -0.160 -0.640 -0.750
1678842687172 -0.160 -0.640 -0.750
1678842687172 -0.160 -0.640 -0.760
1678842687172 -0.170 -0.640 -0.750
1678842687194 -0.160 -0.630 -0.760
1678842687196 -0.170 -0.630 -0.750
1678842687203 -0.160 -0.640 -0.760
1678842687214 -0.160 -0.630 -0.750
1678842687233 -0.160 -0.630 -0.750
1678842687237 -0.170 -0.640 -0.760
1678842687237 -0.160 -0.640 -0.760
1678842687254 -0.160 -0.640 -0.750
1678842687254 -0.160 -0.640 -0.750
1678842687265 -0.160 -0.630 -0.760
1678842687277 -0.170 -0.630 -0.760
1678842687277 -0.160 -0.630 -0.760
1678842687293 -0.160 -0.630 -0.760
1678842687298 -0.160 -0.620 -0.770
1678842687321 -0.160 -0.610 -0.770
1678842687329 -0.160 -0.620 -0.780
1678842687337 -0.150 -0.600 -0.790
1678842687344 -0.160 -0.590 -0.790
1678842687347 -0.150 -0.600 -0.790
1678842687347 -0.150 -0.590 -0.790
1678842687354 -0.150 -0.590 -0.790
1678842687369 -0.160 -0.590 -0.790
1678842687385 -0.150 -0.590 -0.790
1678842687396 -0.150 -0.590 -0.790
1678842687400 -0.160 -0.590 -0.790
1678842687401 -0.150 -0.590 -0.800
1678842687404 -0.140 -0.580 -0.800
1678842687419 -0.140 -0.580 -0.800
1678842687423 -0.140 -0.570 -0.810
1678842687434 -0.140 -0.570 -0.810
1678842687439 -0.120 -0.560 -0.820
1678842687446 -0.120 -0.560 -0.820
1678842687467 -0.120 -0.550 -0.820
1678842687478 -0.120 -0.560 -0.820
1678842687486 -0.120 -0.560 -0.820
1678842687494 -0.120 -0.560 -0.820
1678842687512 -0.130 -0.580 -0.810
1678842687515 -0.120 -0.580 -0.810
1678842687523 -0.130 -0.580 -0.810
1678842687527 -0.140 -0.580 -0.800
1678842687557 -0.130 -0.580 -0.800
1678842687567 -0.130 -0.580 -0.800
1678842687567 -0.140 -0.580 -0.800
1678842687567 -0.140 -0.580 -0.800
1678842687574 -0.140 -0.590 -0.790
1678842687592 -0.140 -0.590 -0.800
1678842687593 -0.140 -0.590 -0.790
1678842687632 -0.140 -0.590 -0.800
1678842687632 -0.130 -0.590 -0.790
1678842687644 -0.130 -0.600 -0.790
1678842687645 -0.140 -0.600 -0.790
1678842687647 -0.130 -0.600 -0.790
1678842687647 -0.130 -0.600 -0.790
1678842687657 -0.130 -0.600 -0.790
1678842687657 -0.130 -0.600 -0.790
1678842687674 -0.120 -0.600 -0.790
1678842687674 -0.120 -0.600 -0.790
1678842687692 -0.110 -0.610 -0.790
1678842687701 -0.110 -0.610 -0.780
1678842687703 -0.110 -0.610 -0.790
1678842687721 -0.120 -0.610 -0.780
1678842687730 -0.110 -0.610 -0.780
1678842687743 -0.100 -0.620 -0.780
1678842687747 -0.110 -0.620 -0.780
1678842687762 -0.100 -0.620 -0.780
1678842687765 -0.100 -0.620 -0.780
1678842687778 -0.100 -0.610 -0.780
1678842687781 -0.090 -0.610 -0.780
1678842687793 -0.100 -0.610 -0.780
1678842687815 -0.100 -0.620 -0.780
1678842687852 -0.090 -0.610 -0.780
1678842687862 -0.090 -0.620 -0.780
1678842687864 -0.090 -0.620 -0.780
1678842687865 -0.090 -0.630 -0.770
1678842687867 -0.080 -0.620 -0.770
1678842687879 -0.080 -0.620 -0.770
1678842687903 -0.080 -0.620 -0.780
1678842687903 -0.070 -0.620 -0.770
1678842687930 -0.070 -0.620 -0.780
1678842687932 -0.060 -0.620 -0.780
1678842687940 -0.060 -0.630 -0.780
1678842687941 -0.060 -0.630 -0.780
1678842687947 -0.050 -0.620 -0.780
1678842687951 -0.040 -0.620 -0.780
1678842687967 -0.040 -0.620 -0.780
1678842687975 -0.030 -0.620 -0.780
1678842687975 -0.030 -0.630 -0.790
1678842687979 -0.030 -0.620 -0.780
1678842687989 -0.030 -0.630 -0.780
1678842687989 -0.010 -0.620 -0.780
1678842688002 -0.010 -0.630 -0.780
1678842688010 -0.010 -0.630 -0.780
1678842688030 0.010 -0.640 -0.770
1678842688034 0.010 -0.640 -0.770
1678842688045 0.010 -0.650 -0.760
1678842688051 0.020 -0.640 -0.770
1678842688066 0.020 -0.660 -0.750
1678842688066 0.020 -0.660 -0.750
1678842688082 0.020 -0.660 -0.750
1678842688082 0.030 -0.660 -0.750
1678842688113 0.040 -0.650 -0.760
1678842688113 0.050 -0.650 -0.760
1678842688118 0.060 -0.640 -0.770
1678842688123 0.070 -0.640 -0.770
1678842688136 0.090 -0.620 -0.780
1678842688147 0.100 -0.620 -0.790
1678842688147 0.120 -0.610 -0.790
1678842688166 0.130 -0.600 -0.780
1678842688170 0.140 -0.600 -0.790
1678842688174 0.150 -0.590 -0.790
1678842688194 0.160 -0.590 -0.790
1678842688198 0.160 -0.580 -0.800
1678842688204 0.170 -0.580 -0.790
1678842688215 0.190 -0.580 -0.800
1678842688230 0.190 -0.570 -0.790
1678842688238 0.200 -0.570 -0.800
1678842688258 0.200 -0.570 -0.790
1678842688269 0.210 -0.570 -0.790
1678842688277 0.220 -0.580 -0.790
1678842688278 0.220 -0.580 -0.780
1678842688293 0.220 -0.580 -0.790
1678842688298 0.220 -0.570 -0.790
1678842688317 0.230 -0.580 -0.790
1678842688317 0.230 -0.580 -0.790
1678842688337 0.230 -0.570 -0.790
1678842688353 0.230 -0.560 -0.790
1678842688368 0.220 -0.570 -0.800
1678842688385 0.230 -0.560 -0.790
1678842688385 0.230 -0.560 -0.790
1678842688395 0.230 -0.560 -0.790
1678842688395 0.240 -0.550 -0.800
1678842688413 0.230 -0.540 -0.810
1678842688413 0.230 -0.530 -0.810
1678842688417 0.240 -0.530 -0.810
1678842688424 0.240 -0.530 -0.810
1678842688448 0.240 -0.530 -0.810
1678842688454 0.230 -0.520 -0.820
1678842688454 0.220 -0.520 -0.820
1678842688474 0.220 -0.520 -0.820
1678842688483 0.220 -0.530 -0.820
1678842688484 0.210 -0.540 -0.820
1678842688500 0.200 -0.540 -0.820
1678842688506 0.200 -0.540 -0.820
1678842688514 0.190 -0.530 -0.820
1678842688520 0.180 -0.540 -0.820
1678842688533 0.180 -0.540 -0.820
1678842688542 0.170 -0.550 -0.830
1678842688558 0.160 -0.550 -0.820
1678842688565 0.160 -0.550 -0.820
1678842688578 0.140 -0.560 -0.820
1678842688586 0.140 -0.560 -0.820
1678842688590 0.140 -0.560 -0.820
1678842688594 0.120 -0.570 -0.810
1678842688615 0.120 -0.560 -0.810
1678842688634 0.110 -0.570 -0.810
1678842688647 0.120 -0.590 -0.800
1678842688678 0.120 -0.590 -0.800
1678842689191 0.120 -0.590 -0.800
1678842689191 0.110 -0.580 -0.810
1678842689191 0.100 -0.580 -0.810
1678842689191 0.090 -0.560 -0.830
1678842689191 0.100 -0.540 -0.840
1678842689191 0.100 -0.520 -0.840
1678842689191 0.090 -0.510 -0.850
1678842689191 0.100 -0.500 -0.860
1678842689199 0.100 -0.490 -0.870
1678842689214 -0.110 -0.300 -0.940
1678842689231 -0.100 -0.300 -0.940
1678842689240 -0.100 -0.300 -0.950
1678842689248 -0.090 -0.290 -0.950
1678842689248 -0.090 -0.290 -0.950
1678842689267 -0.070 -0.300 -0.950
1678842689273 -0.050 -0.300 -0.960
1678842689286 -0.050 -0.300 -0.950
1678842689293 -0.050 -0.310 -0.950
1678842689301 -0.050 -0.310 -0.950
1678842689310 -0.050 -0.330 -0.940
1678842689310 -0.050 -0.340 -0.940
1678842689333 -0.050 -0.330 -0.940
1678842689334 -0.060 -0.330 -0.940
1678842689355 -0.050 -0.330 -0.950
1678842689368 -0.050 -0.320 -0.940
1678842689368 -0.040 -0.320 -0.950
1678842689370 -0.040 -0.320 -0.950
1678842689388 -0.030 -0.330 -0.950
1678842689411 -0.020 -0.340 -0.940
1678842689411 -0.010 -0.350 -0.940
1678842689426 -0.010 -0.350 -0.930
1678842689431 0.000 -0.360 -0.930
1678842689438 0.000 -0.370 -0.930
1678842689443 0.000 -0.370 -0.930
1678842689449 0.010 -0.370 -0.930
1678842689466 0.020 -0.360 -0.930
1678842689471 0.020 -0.370 -0.930
1678842689474 0.020 -0.370 -0.930
1678842689498 0.020 -0.360 -0.930
1678842689506 0.030 -0.360 -0.930
1678842689506 0.030 -0.360 -0.930
1678842689522 0.030 -0.350 -0.940
1678842689522 0.030 -0.350 -0.930
1678842689542 0.030 -0.350 -0.940
1678842689556 0.030 -0.340 -0.950
1678842689577 0.020 -0.340 -0.940
1678842689577 0.030 -0.340 -0.940
1678842689590 0.020 -0.340 -0.940
1678842689609 0.030 -0.330 -0.940
1678842689617 0.030 -0.330 -0.950
1678842689623 0.030 -0.320 -0.940
1678842689623 0.030 -0.320 -0.940
1678842689623 0.030 -0.330 -0.950
1678842689638 0.020 -0.320 -0.950
1678842689643 0.020 -0.320 -0.950
1678842689643 0.030 -0.320 -0.950
1678842689650 0.020 -0.320 -0.940
1678842689660 0.030 -0.310 -0.950
1678842689671 0.030 -0.310 -0.950
1678842689676 0.030 -0.310 -0.950
1678842689682 0.030 -0.300 -0.950
1678842689689 0.020 -0.300 -0.950
1678842689705 0.030 -0.310 -0.960
1678842689712 0.030 -0.310 -0.950
1678842689736 0.040 -0.320 -0.950
1678842689736 0.030 -0.310 -0.940
1678842689746 0.030 -0.320 -0.940
1678842689751 0.030 -0.320 -0.950
1678842689761 0.040 -0.330 -0.940
1678842689764 0.040 -0.330 -0.950
1678842689770 0.040 -0.330 -0.940
1678842689780 0.040 -0.330 -0.940
1678842689789 0.040 -0.340 -0.940
1678842689794 0.040 -0.340 -0.940
1678842689804 0.050 -0.340 -0.940
1678842689820 0.060 -0.340 -0.940
1678842689830 0.050 -0.340 -0.940
1678842689838 0.060 -0.350 -0.930
1678842689845 0.060 -0.350 -0.930
1678842689859 0.060 -0.360 -0.930
1678842689870 0.070 -0.360 -0.930
1678842689876 0.070 -0.370 -0.930
1678842689876 0.070 -0.380 -0.930
1678842689884 0.080 -0.370 -0.920
1678842689889 0.070 -0.390 -0.920
1678842689907 0.080 -0.400 -0.920
1678842689908 0.070 -0.390 -0.910
1678842689917 0.070 -0.400 -0.920
1678842689925 0.080 -0.400 -0.910
1678842689940 0.080 -0.410 -0.910
1678842689947 0.090 -0.410 -0.910
1678842689956 0.100 -0.420 -0.900
1678842689966 0.110 -0.430 -0.890
1678842689969 0.110 -0.440 -0.900
1678842689985 0.120 -0.440 -0.900
1678842689990 0.120 -0.430 -0.890
1678842690010 0.120 -0.420 -0.900
1678842690042 0.110 -0.420 -0.910
1678842690047 0.110 -0.410 -0.910
1678842690059 0.110 -0.400 -0.910
1678842690065 0.110 -0.400 -0.910
1678842690065 0.100 -0.390 -0.910
1678842690076 0.100 -0.400 -0.910
1678842690091 0.100 -0.400 -0.910
1678842690091 0.100 -0.420 -0.900
1678842690096 0.100 -0.420 -0.910
1678842690097 0.100 -0.420 -0.900
1678842690107 0.090 -0.420 -0.900
1678842690110 0.090 -0.410 -0.910
1678842690133 0.100 -0.410 -0.910
1678842690133 0.090 -0.410 -0.910
1678842690140 0.080 -0.400 -0.910
1678842690154 0.080 -0.400 -0.910
1678842690175 0.070 -0.400 -0.920
1678842690175 0.060 -0.400 -0.910
1678842690194 0.050 -0.410 -0.910
1678842690194 0.040 -0.420 -0.900
1678842690199 0.030 -0.420 -0.910
1678842690209 0.030 -0.420 -0.900
1678842690229 0.020 -0.420 -0.900
1678842690239 0.020 -0.420 -0.910
1678842690254 0.010 -0.420 -0.910
1678842690260 0.010 -0.410 -0.910
1678842690264 0.010 -0.410 -0.910
1678842690271 0.010 -0.400 -0.910
1678842690274 0.000 -0.400 -0.920
1678842690291 0.000 -0.390 -0.920
1678842690296 -0.010 -0.390 -0.930
1678842690311 0.000 -0.380 -0.920
1678842690330 -0.010 -0.370 -0.920
1678842690334 -0.010 -0.370 -0.920
1678842690334 -0.010 -0.370 -0.930
1678842690338 -0.020 -0.370 -0.930
1678842690349 -0.030 -0.370 -0.930
1678842690367 -0.030 -0.370 -0.930
1678842690375 -0.030 -0.380 -0.930
1678842690385 -0.040 -0.380 -0.920
1678842690389 -0.040 -0.370 -0.930
1678842690398 -0.040 -0.370 -0.930
1678842690412 -0.050 -0.370 -0.930
1678842690412 -0.040 -0.370 -0.930
1678842690423 -0.050 -0.370 -0.930
1678842690429 -0.050 -0.360 -0.930
1678842690436 -0.050 -0.360 -0.930
1678842690454 -0.030 -0.360 -0.940
1678842690466 -0.030 -0.360 -0.930
1678842690473 -0.030 -0.360 -0.930
1678842690483 -0.040 -0.360 -0.940
1678842690483 -0.040 -0.360 -0.930
1678842690492 -0.020 -0.360 -0.930
1678842690509 -0.030 -0.360 -0.930
1678842690509 -0.020 -0.360 -0.930
1678842690518 -0.010 -0.350 -0.940
1678842690526 -0.010 -0.350 -0.940
1678842690534 -0.010 -0.350 -0.940
1678842690545 -0.010 -0.350 -0.940
1678842690553 0.010 -0.340 -0.940
1678842690555 0.010 -0.340 -0.940
1678842690570 0.010 -0.350 -0.940
1678842690575 0.020 -0.340 -0.940
1678842690585 0.010 -0.350 -0.940
1678842690589 0.010 -0.340 -0.930
1678842690605 0.020 -0.350 -0.930
1678842690617 0.020 -0.360 -0.930
1678842690626 0.020 -0.350 -0.930
1678842690630 0.020 -0.350 -0.940
1678842690652 0.030 -0.340 -0.930
1678842690661 0.040 -0.340 -0.940
1678842690661 0.040 -0.340 -0.940
1678842690669 0.050 -0.340 -0.940
1678842690678 0.060 -0.330 -0.940
1678842690690 0.050 -0.340 -0.940
1678842690700 0.070 -0.330 -0.950
1678842690701 0.070 -0.330 -0.940
1678842690715 0.080 -0.330 -0.940
1678842690722 0.090 -0.330 -0.940
1678842690732 0.100 -0.330 -0.940
1678842690736 0.100 -0.330 -0.940
1678842690750 0.100 -0.330 -0.940
1678842690760 0.110 -0.330 -0.940
1678842690768 0.110 -0.330 -0.930
1678842690780 0.120 -0.330 -0.930
1678842690789 0.120 -0.330 -0.930
1678842690789 0.120 -0.340 -0.930
1678842690805 0.130 -0.340 -0.930
1678842690816 0.130 -0.350 -0.930
1678842690827 0.140 -0.350 -0.930
1678842690829 0.140 -0.350 -0.930
1678842690837 0.140 -0.350 -0.920
1678842690850 0.150 -0.350 -0.930
1678842690868 0.170 -0.350 -0.920
1678842690882 0.160 -0.360 -0.920
1678842690884 0.170 -0.360 -0.910
1678842690891 0.180 -0.360 -0.910
1678842690900 0.180 -0.360 -0.910
1678842690911 0.190 -0.360 -0.910
1678842690924 0.190 -0.360 -0.920
1678842690928 0.200 -0.360 -0.910
1678842690935 0.210 -0.360 -0.910
1678842690940 0.210 -0.360 -0.900
1678842690973 0.210 -0.370 -0.910
1678842690973 0.210 -0.370 -0.910
1678842690977 0.210 -0.360 -0.900
1678842690981 0.220 -0.370 -0.910
1678842690987 0.230 -0.370 -0.900
1678842690995 0.220 -0.380 -0.900
1678842691001 0.220 -0.380 -0.900
1678842691016 0.220 -0.380 -0.900
1678842691021 0.230 -0.390 -0.890
1678842691035 0.230 -0.390 -0.890
1678842693542 0.230 -0.390 -0.890
1678842693542 0.220 -0.400 -0.900
1678842693542 0.230 -0.390 -0.890
1678842693542 0.220 -0.400 -0.890
1678842693542 0.220 -0.400 -0.890
1678842693542 0.220 -0.400 -0.890
1678842693542 0.210 -0.400 -0.890
1678842693542 0.220 -0.400 -0.890
1678842693578 0.210 -0.410 -0.890
1678842693595 -0.570 -0.350 -0.750
1678842693601 -0.570 -0.350 -0.740
1678842693607 -0.560 -0.350 -0.750
1678842693611 -0.550 -0.360 -0.750
1678842693656 -0.550 -0.350 -0.760
1678842693663 -0.540 -0.350 -0.760
1678842693686 -0.540 -0.350 -0.760
1678842693697 -0.520 -0.360 -0.770
1678842693697 -0.520 -0.360 -0.770
1678842693697 -0.520 -0.360 -0.770
1678842693697 -0.510 -0.370 -0.780
1678842693697 -0.510 -0.360 -0.780
1678842693700 -0.490 -0.370 -0.790
1678842693700 -0.490 -0.360 -0.790
1678842693705 -0.470 -0.370 -0.800
1678842693713 -0.470 -0.370 -0.800
1678842693723 -0.470 -0.380 -0.800
1678842693730 -0.460 -0.380 -0.800
1678842693733 -0.450 -0.380 -0.800
1678842693741 -0.450 -0.380 -0.800
1678842693752 -0.440 -0.380 -0.810
1678842693757 -0.430 -0.390 -0.820
1678842693761 -0.440 -0.390 -0.810
1678842693776 -0.440 -0.390 -0.810
1678842693782 -0.420 -0.390 -0.810
1678842693792 -0.420 -0.390 -0.820
1678842693796 -0.420 -0.400 -0.820
1678842693803 -0.420 -0.400 -0.820
1678842693811 -0.410 -0.400 -0.820
1678842693819 -0.400 -0.400 -0.820
1678842693836 -0.400 -0.400 -0.820
1678842693837 -0.390 -0.410 -0.830
1678842693843 -0.390 -0.410 -0.820
1678842693860 -0.390 -0.410 -0.830
1678842693867 -0.370 -0.420 -0.830
1678842693871 -0.360 -0.420 -0.830
1678842693890 -0.360 -0.420 -0.830
1678842693893 -0.350 -0.420 -0.840
1678842693902 -0.350 -0.430 -0.840
1678842693909 -0.340 -0.430 -0.840
1678842693923 -0.330 -0.430 -0.840
1678842693927 -0.330 -0.430 -0.840
1678842693932 -0.320 -0.440 -0.850
1678842693950 -0.320 -0.430 -0.840
1678842693957 -0.310 -0.430 -0.850
1678842693962 -0.310 -0.430 -0.850
1678842693977 -0.300 -0.430 -0.850
1678842693995 -0.290 -0.420 -0.860
1678842693996 -0.290 -0.410 -0.860
1678842694011 -0.280 -0.410 -0.870
1678842694017 -0.260 -0.410 -0.880
1678842694034 -0.260 -0.410 -0.880
1678842694035 -0.260 -0.410 -0.870
1678842694043 -0.250 -0.410 -0.880
1678842694052 -0.230 -0.400 -0.890
1678842694057 -0.230 -0.400 -0.890
1678842694067 -0.220 -0.390 -0.890
1678842694073 -0.220 -0.380 -0.890
1678842694087 -0.220 -0.380 -0.900
1678842694098 -0.200 -0.370 -0.900
1678842694107 -0.200 -0.360 -0.920
1678842694114 -0.190 -0.370 -0.920
1678842694123 -0.180 -0.360 -0.910
1678842694133 -0.180 -0.360 -0.920
1678842694137 -0.170 -0.350 -0.920
1678842694148 -0.160 -0.360 -0.920
1678842694152 -0.160 -0.360 -0.920
1678842694167 -0.160 -0.360 -0.920
1678842694177 -0.140 -0.360 -0.920
1678842694182 -0.140 -0.350 -0.920
1678842694188 -0.140 -0.360 -0.920
1678842694197 -0.130 -0.350 -0.930
1678842694209 -0.120 -0.350 -0.930
1678842694218 -0.120 -0.340 -0.930
1678842694228 -0.100 -0.340 -0.930
1678842694232 -0.100 -0.340 -0.940
1678842694238 -0.090 -0.340 -0.930
1678842694254 -0.090 -0.330 -0.940
1678842694258 -0.080 -0.330 -0.940
1678842694269 -0.070 -0.320 -0.940
1678842694272 -0.070 -0.320 -0.940
1678842694277 -0.070 -0.320 -0.940
1678842694287 -0.060 -0.310 -0.950
1678842694292 -0.060 -0.320 -0.950
1678842694297 -0.050 -0.310 -0.950
1678842694308 -0.040 -0.310 -0.950
1678842694317 -0.040 -0.300 -0.960
1678842694323 -0.040 -0.290 -0.950
1678842694332 -0.030 -0.290 -0.960
1678842694348 -0.030 -0.290 -0.960
1678842694349 -0.020 -0.280 -0.960
1678842694360 -0.020 -0.280 -0.960
1678842694360 -0.020 -0.280 -0.960
1678842694372 -0.010 -0.280 -0.960
1678842694378 -0.010 -0.280 -0.960
1678842694387 0.000 -0.280 -0.960
1678842694392 0.000 -0.280 -0.960
1678842694397 0.000 -0.290 -0.960
1678842694411 0.010 -0.280 -0.960
1678842694418 0.010 -0.280 -0.960
1678842694430 0.010 -0.280 -0.960
1678842694433 0.010 -0.280 -0.960
1678842694457 0.010 -0.280 -0.960
1678842694457 0.010 -0.270 -0.970
1678842694458 0.010 -0.270 -0.970
1678842694468 0.010 -0.270 -0.970
1678842694478 0.010 -0.260 -0.960
1678842694483 0.010 -0.250 -0.960
1678842694501 0.010 -0.260 -0.970
1678842694502 0.020 -0.260 -0.970
1678842694512 0.020 -0.250 -0.960
1678842694512 0.030 -0.250 -0.970
1678842694523 0.030 -0.250 -0.970
1678842694533 0.030 -0.240 -0.970
1678842694543 0.030 -0.230 -0.970
1678842694555 0.040 -0.240 -0.970
1678842694562 0.040 -0.230 -0.970
1678842694569 0.040 -0.230 -0.970
1678842694573 0.040 -0.230 -0.970
1678842694586 0.050 -0.230 -0.980
1678842694593 0.040 -0.220 -0.970
1678842694602 0.050 -0.220 -0.970
1678842694617 0.050 -0.210 -0.970
1678842694622 0.060 -0.210 -0.980
1678842694627 0.060 -0.210 -0.980
1678842694639 0.070 -0.200 -0.980
1678842694642 0.070 -0.190 -0.980
1678842694654 0.080 -0.180 -0.980
1678842694657 0.070 -0.190 -0.980
1678842694667 0.080 -0.180 -0.980
1678842694672 0.080 -0.180 -0.980
1678842694691 0.090 -0.180 -0.970
1678842694691 0.100 -0.180 -0.980
1678842694702 0.100 -0.180 -0.980
1678842694713 0.110 -0.180 -0.980
1678842694722 0.110 -0.180 -0.980
1678842694734 0.110 -0.180 -0.980
1678842694737 0.120 -0.170 -0.980
1678842694742 0.120 -0.180 -0.980
1678842694752 0.110 -0.180 -0.980
1678842694766 0.120 -0.180 -0.980
1678842694773 0.120 -0.180 -0.970
1678842694786 0.110 -0.180 -0.980
1678842694792 0.110 -0.180 -0.980
1678842694802 0.100 -0.180 -0.980
1678842694812 0.100 -0.190 -0.980
1678842694824 0.100 -0.190 -0.980
1678842694832 0.090 -0.180 -0.980
1678842694844 0.080 -0.180 -0.980
1678842694859 0.080 -0.180 -0.980
1678842694863 0.080 -0.170 -0.980
1678842694873 0.070 -0.160 -0.990
1678842694883 0.070 -0.160 -0.980
1678842694893 0.070 -0.150 -0.990
1678842694903 0.070 -0.150 -0.990
1678842694912 0.060 -0.150 -0.990
1678842694923 0.070 -0.150 -0.990
1678842694933 0.060 -0.150 -0.980
1678842694939 0.070 -0.150 -0.980
1678842694947 0.060 -0.150 -0.990
1678842694961 0.060 -0.150 -0.990
1678842694970 0.050 -0.160 -0.980
1678842694979 0.050 -0.160 -0.990
1678842694992 0.050 -0.160 -0.990
1678842694997 0.040 -0.170 -0.980
1678842695007 0.040 -0.170 -0.980
1678842695022 0.030 -0.170 -0.990
1678842695031 0.030 -0.180 -0.990
1678842695037 0.020 -0.180 -0.990
1678842695049 0.020 -0.180 -0.990
1678842695062 0.020 -0.180 -0.990
1678842695069 0.020 -0.180 -0.980
1678842695077 0.010 -0.190 -0.980
1678842695091 0.010 -0.190 -0.980
1678842695100 0.010 -0.190 -0.980
1678842695108 0.010 -0.190 -0.980
1678842695119 0.000 -0.180 -0.990
1678842695127 0.000 -0.180 -0.990
1678842695143 0.000 -0.180 -0.990
1678842695153 0.000 -0.170 -0.980
1678842695158 0.000 -0.180 -0.990
1678842695169 0.000 -0.180 -0.990
1678842695178 0.000 -0.180 -0.980
1678842695188 -0.010 -0.180 -0.980
1678842695202 -0.010 -0.180 -0.990
1678842695207 -0.010 -0.180 -0.990
1678842695217 -0.010 -0.190 -0.990
1678842695230 -0.020 -0.190 -0.990
1678842695240 -0.020 -0.190 -0.980
1678842695249 -0.020 -0.190 -0.980
1678842695260 -0.030 -0.200 -0.980
1678842695269 -0.020 -0.190 -0.980
1678842695269 -0.020 -0.190 -0.980
1678842695278 -0.030 -0.200 -0.980
1678842695292 -0.030 -0.200 -0.970
1678842695297 -0.030 -0.210 -0.980
1678842695307 -0.030 -0.210 -0.970
1678842695313 -0.040 -0.210 -0.980
1678842695322 -0.030 -0.210 -0.970
1678842695330 -0.040 -0.210 -0.980
1678842695340 -0.040 -0.210 -0.970
1678842695344 -0.040 -0.210 -0.980
1678842695353 -0.040 -0.210 -0.970
1678842695357 -0.050 -0.210 -0.980
1678842695378 -0.050 -0.210 -0.980
1678842695391 -0.050 -0.210 -0.980
1678842695392 -0.050 -0.220 -0.980
1678842695396 -0.050 -0.210 -0.970
1678842695398 -0.050 -0.210 -0.980
1678842695408 -0.050 -0.220 -0.970
1678842695412 -0.050 -0.220 -0.970
1678842695418 -0.050 -0.220 -0.980
1678842695430 -0.050 -0.220 -0.970
1678842695438 -0.060 -0.230 -0.980
1678842695447 -0.050 -0.220 -0.970
1678842695453 -0.060 -0.220 -0.970
1678842695464 -0.060 -0.230 -0.980
1678842695474 -0.060 -0.220 -0.980
1678842695475 -0.060 -0.230 -0.970
1678842695490 -0.060 -0.230 -0.970
1678842695501 -0.060 -0.230 -0.970
1678842695503 -0.070 -0.230 -0.970
1678842695508 -0.060 -0.230 -0.970
1678842695523 -0.070 -0.230 -0.970
1678842695523 -0.070 -0.230 -0.970
1678842695538 -0.070 -0.240 -0.970
1678842695544 -0.070 -0.240 -0.970
1678842695549 -0.070 -0.240 -0.970
1678842695563 -0.070 -0.230 -0.970
1678842695573 -0.070 -0.240 -0.970
1678842695579 -0.070 -0.240 -0.960
1678842695583 -0.070 -0.240 -0.970
1678842695600 -0.080 -0.240 -0.960
1678842695603 -0.080 -0.250 -0.960
1678842695608 -0.080 -0.250 -0.970
1678842695613 -0.080 -0.260 -0.960
1678842695623 -0.090 -0.260 -0.960
1678842695631 -0.090 -0.250 -0.970
1678842695638 -0.090 -0.250 -0.970
1678842695643 -0.090 -0.250 -0.970
1678842695654 -0.090 -0.260 -0.960
1678842695658 -0.090 -0.260 -0.960
1678842695667 -0.090 -0.260 -0.960
1678842695674 -0.090 -0.250 -0.960
1678842695678 -0.090 -0.250 -0.960
1678842695695 -0.090 -0.260 -0.970
1678842695703 -0.100 -0.260 -0.960
1678842695712 -0.090 -0.260 -0.960
1678842695716 -0.090 -0.270 -0.960
1678842695724 -0.100 -0.260 -0.960
1678842695734 -0.100 -0.260 -0.960
1678842695738 -0.100 -0.260 -0.960
1678842695744 -0.100 -0.270 -0.960
1678842695758 -0.090 -0.270 -0.960
1678842695766 -0.100 -0.280 -0.960
1678842695768 -0.100 -0.280 -0.950
1678842695776 -0.100 -0.280 -0.960
1678842695784 -0.100 -0.280 -0.960
1678842695793 -0.110 -0.280 -0.960
1678842695799 -0.110 -0.280 -0.950
1678842695807 -0.100 -0.280 -0.950
1678842695814 -0.100 -0.280 -0.950
1678842695823 -0.110 -0.280 -0.960
1678842695828 -0.110 -0.290 -0.950
1678842695839 -0.110 -0.280 -0.960
1678842695844 -0.110 -0.280 -0.950
1678842695848 -0.110 -0.280 -0.960
1678842695863 -0.110 -0.280 -0.950
1678842695873 -0.100 -0.290 -0.950
1678842695879 -0.110 -0.290 -0.960
1678842695883 -0.110 -0.290 -0.950
1678842695893 -0.100 -0.290 -0.950
1678842695900 -0.110 -0.290 -0.950
1678842695914 -0.110 -0.290 -0.950
1678842695924 -0.110 -0.290 -0.950
1678842695930 -0.110 -0.290 -0.950
1678842695933 -0.110 -0.290 -0.950
1678842695943 -0.100 -0.290 -0.950
1678842695948 -0.100 -0.290 -0.950
1678842695963 -0.100 -0.290 -0.950
1678842695975 -0.110 -0.290 -0.950
1678842695978 -0.110 -0.290 -0.950
1678842695983 -0.110 -0.290 -0.940
1678842695992 -0.110 -0.300 -0.950
1678842696004 -0.110 -0.300 -0.950
1678842696013 -0.100 -0.300 -0.950
1678842696021 -0.110 -0.300 -0.950
1678842696030 -0.110 -0.300 -0.950
1678842696033 -0.110 -0.290 -0.950
1678842696043 -0.100 -0.300 -0.950
1678842696053 -0.100 -0.300 -0.950
1678842696059 -0.100 -0.300 -0.950
1678842696064 -0.100 -0.300 -0.950
1678842696078 -0.100 -0.300 -0.950
1678842696084 -0.100 -0.290 -0.950
1678842696089 -0.100 -0.290 -0.950
1678842696093 -0.100 -0.290 -0.950
1678842696109 -0.090 -0.290 -0.950
1678842696110 -0.100 -0.290 -0.950
1678842696113 -0.100 -0.290 -0.950
1678842696123 -0.100 -0.290 -0.960
1678842696130 -0.090 -0.290 -0.950
1678842696139 -0.090 -0.290 -0.960
1678842696146 -0.090 -0.290 -0.950
1678842696150 -0.100 -0.290 -0.950
1678842696159 -0.100 -0.290 -0.950
1678842696168 -0.100 -0.290 -0.950
1678842696175 -0.100 -0.300 -0.960
1678842696187 -0.090 -0.300 -0.950
1678842696196 -0.100 -0.300 -0.950
1678842696199 -0.100 -0.290 -0.950
1678842696209 -0.100 -0.290 -0.950
1678842696222 -0.100 -0.290 -0.950
1678842696230 -0.100 -0.290 -0.950
1678842696238 -0.100 -0.300 -0.950
1678842696244 -0.100 -0.290 -0.950
1678842696249 -0.100 -0.290 -0.950
1678842696258 -0.100 -0.300 -0.950
1678842696264 -0.100 -0.300 -0.950
1678842696278 -0.100 -0.300 -0.950
1678842696283 -0.100 -0.300 -0.940
1678842696293 -0.100 -0.300 -0.950
1678842696299 -0.100 -0.310 -0.950
1678842696315 -0.100 -0.300 -0.940
1678842696318 -0.100 -0.310 -0.950
1678842696328 -0.100 -0.300 -0.950
1678842696338 -0.100 -0.300 -0.950
1678842696348 -0.100 -0.310 -0.950
1678842696356 -0.090 -0.310 -0.940
1678842696363 -0.090 -0.310 -0.950
1678842696368 -0.090 -0.310 -0.950
1678842696380 -0.090 -0.310 -0.950
1678842696391 -0.100 -0.300 -0.950
1678842696396 -0.100 -0.300 -0.950
1678842696417 -0.090 -0.310 -0.950
1678842696417 -0.100 -0.310 -0.950
1678842696429 -0.090 -0.300 -0.950
1678842696430 -0.080 -0.300 -0.950
1678842696439 -0.080 -0.300 -0.950
1678842696448 -0.080 -0.300 -0.950
1678842696459 -0.080 -0.310 -0.950
1678842696469 -0.090 -0.300 -0.950
1678842696478 -0.080 -0.310 -0.950
1678842696488 -0.080 -0.300 -0.950
1678842696498 -0.080 -0.300 -0.950
1678842696511 -0.080 -0.310 -0.950
1678842696523 -0.080 -0.300 -0.950
1678842696529 -0.070 -0.310 -0.950
1678842696539 -0.070 -0.310 -0.950
1678842696549 -0.070 -0.310 -0.950
1678842696558 -0.070 -0.310 -0.950
1678842696568 -0.070 -0.310 -0.950
1678842696578 -0.070 -0.320 -0.940
1678842696592 -0.070 -0.320 -0.950
1678842696600 -0.070 -0.320 -0.950
1678842696608 -0.070 -0.310 -0.950
1678842696618 -0.070 -0.320 -0.940
1678842696633 -0.070 -0.320 -0.940
1678842696639 -0.060 -0.320 -0.940
1678842696648 -0.060 -0.320 -0.950
1678842696658 -0.060 -0.330 -0.940
1678842696671 -0.050 -0.330 -0.950
1678842696679 -0.050 -0.330 -0.940
1678842696690 -0.060 -0.340 -0.940
1678842696698 -0.050 -0.340 -0.940
1678842696708 -0.050 -0.340 -0.940
1678842696719 -0.050 -0.350 -0.930
1678842696730 -0.050 -0.340 -0.940
1678842696740 -0.050 -0.340 -0.940
1678842696743 -0.050 -0.340 -0.940
1678842696753 -0.050 -0.350 -0.940
1678842696766 -0.040 -0.340 -0.940
1678842696773 -0.050 -0.340 -0.940
1678842696784 -0.050 -0.340 -0.940
1678842696795 -0.050 -0.350 -0.930
1678842696808 -0.050 -0.340 -0.940
1678842696814 -0.050 -0.340 -0.940
1678842696823 -0.050 -0.350 -0.940
1678842696835 -0.050 -0.340 -0.930
1678842696844 -0.050 -0.340 -0.940
1678842696859 -0.050 -0.350 -0.940
1678842696867 -0.050 -0.340 -0.930
1678842696877 -0.050 -0.350 -0.940
1678842696884 -0.050 -0.350 -0.940
1678842696894 -0.050 -0.350 -0.940
1678842696911 -0.060 -0.350 -0.940
1678842696914 -0.050 -0.350 -0.930
1678842696924 -0.050 -0.360 -0.930
1678842696933 -0.050 -0.360 -0.940
1678842696943 -0.050 -0.370 -0.930
1678842696955 -0.060 -0.370 -0.930
1678842696961 -0.060 -0.360 -0.930
1678842696965 -0.060 -0.360 -0.930
1678842696973 -0.060 -0.370 -0.930
1678842696989 -0.050 -0.360 -0.930
1678842696994 -0.060 -0.370 -0.920
1678842697000 -0.060 -0.370 -0.930
1678842697007 -0.060 -0.370 -0.930
1678842697019 -0.060 -0.370 -0.920
1678842697026 -0.070 -0.370 -0.930
1678842697034 -0.060 -0.380 -0.930
1678842697038 -0.070 -0.370 -0.930
1678842697048 -0.070 -0.370 -0.930
1678842697055 -0.080 -0.370 -0.920
1678842697058 -0.070 -0.370 -0.920
1678842697074 -0.070 -0.380 -0.920
1678842697085 -0.070 -0.380 -0.920
1678842697096 -0.070 -0.380 -0.920
1678842697099 -0.080 -0.380 -0.920
1678842697109 -0.070 -0.380 -0.930
1678842697120 -0.070 -0.380 -0.920
1678842697123 -0.070 -0.380 -0.930
1678842697139 -0.080 -0.370 -0.920
1678842697139 -0.070 -0.380 -0.930
1678842697144 -0.080 -0.380 -0.920
1678842697159 -0.070 -0.370 -0.920
1678842697165 -0.080 -0.370 -0.930
