1678842675875 -4.46 0.55 -21.48
1678842675876 -3.48 -2.44 -15.99
1678842675895 -1.53 -5.98 -12.57
1678842675895 -0.24 -7.51 -11.35
1678842675895 0.55 -8.73 -10.44
1678842675903 0.79 -9.52 -9.70
1678842675939 -3.42 -9.70 -8.91
1678842675939 -7.69 -9.28 -8.67
1678842675940 -9.09 -9.22 -8.36
1678842675940 -10.01 -9.28 -7.75
1678842675946 -10.50 -9.16 -7.08
1678842675968 -8.73 -6.47 -4.27
1678842675968 -6.04 -2.75 -2.26
1678842675968 -4.52 -0.79 -1.28
1678842675968 -3.11 1.04 -0.49
1678842675986 -2.14 2.56 0.24
1678842676001 1.59 1.46 1.59
1678842676001 3.17 -1.10 1.95
1678842676010 11.41 -8.85 2.87
1678842676041 22.22 -17.64 3.42
1678842676041 23.19 -20.75 3.48
1678842676041 13.06 -21.79 3.23
1678842676041 4.88 -20.02 3.36
1678842676045 -2.75 -17.03 3.17
1678842676079 -8.24 -13.43 2.62
1678842676079 -10.74 2.56 1.89
1678842676079 -8.12 5.98 2.69
1678842676080 -5.43 8.85 3.91
1678842676105 -3.05 11.35 5.31
1678842676105 -0.67 15.26 8.85
1678842676106 -2.87 14.47 11.11
1678842676112 -4.27 13.31 12.27
1678842676121 -8.24 10.01 15.14
1678842676186 -9.95 8.00 16.72
1678842676621 -10.56 5.25 18.31
1678842676621 -7.39 -2.08 21.06
1678842676621 -4.82 -6.04 21.91
1678842678033 -2.50 -9.83 22.40
1678842678034 1.65 -18.25 23.68
1678842678034 1.71 -18.98 24.17
1678842678034 0.61 -19.04 24.78
1678842678034 -2.50 -18.37 25.76
1678842678034 -20.69 -0.55 32.96
1678842678053 -5.43 -2.44 -5.98
1678842678053 1.22 -12.45 -7.14
1678842678086 2.99 -15.87 -8.79
1678842678087 25.88 -15.32 42.11
1678842678095 31.13 -12.27 41.08
1678842678102 35.89 -10.31 40.16
1678842678140 41.32 -8.36 38.88
1678842678152 41.44 -8.24 38.57
1678842678152 40.53 -8.48 38.39
1678842678167 34.48 -10.86 38.45
1678842678177 30.70 -13.06 39.06
1678842678178 28.69 -14.22 39.55
1678842678178 27.04 -15.32 39.79
1678842678179 25.57 -18.62 40.59
1678842678188 26.31 -19.65 40.95
1678842678193 33.87 -18.92 44.13
1678842678204 33.45 -17.70 43.82
1678842678221 32.96 -16.54 43.58
1678842678221 33.08 -13.31 41.69
1678842678229 33.87 -11.72 40.47
1678842678241 34.79 -10.99 40.47
1678842678241 34.97 -10.31 40.89
1678842678280 30.46 -8.12 46.02
1678842678297 29.54 -7.87 47.79
1678842678306 28.44 -7.81 49.62
1678842678320 21.85 -9.09 54.81
1678842678320 20.14 -10.44 56.09
1678842678339 19.47 -12.27 57.01
1678842678345 19.65 -14.16 57.62
1678842678345 22.77 -18.31 58.11
1678842678361 24.78 -19.17 58.35
1678842678380 46.26 -22.58 59.75
1678842678394 51.70 -22.64 60.00
1678842678411 43.21 -15.08 62.50
1678842678412 34.06 -9.16 64.09
1678842678451 16.30 6.71 66.47
1678842678470 4.70 24.96 64.64
1678842678493 1.40 33.51 62.62
1678842678493 -0.55 41.14 60.49
1678842678506 9.95 49.44 64.09
1678842678509 18.19 41.44 66.83
1678842678533 66.89 -43.03 75.07
1678842678550 63.84 -61.89 74.16
1678842678557 13.79 -40.89 71.35
1678842678561 4.88 -28.81 71.11
1678842678570 1.40 37.48 76.35
1678842678584 8.73 35.83 75.50
1678842678590 11.96 31.37 74.16
1678842678605 14.95 24.84 72.20
1678842678618 20.57 -11.72 62.87
1678842678639 18.62 -21.12 60.79
1678842678665 8.79 -44.49 56.95
1678842678687 7.81 -45.90 56.95
1678842678700 8.61 -44.74 57.68
1678842678708 9.83 -42.72 57.98
1678842678709 13.61 -37.35 57.80
1678842678720 16.05 -34.18 57.01
1678842678735 28.63 -15.87 47.97
1678842678751 31.13 -9.83 43.21
1678842678762 13.73 -0.79 31.25
1678842678769 11.17 -0.55 31.86
1678842678782 10.19 -1.04 39.06
1678842678802 11.11 -1.40 40.10
1678842678810 12.57 -1.71 41.20
1678842678819 13.37 -2.01 41.32
1678842678835 13.24 -3.05 40.22
1678842678835 12.15 -3.72 39.37
1678842678835 6.04 -7.75 36.56
1678842678849 5.07 -8.67 36.32
1678842678852 5.43 -11.23 36.80
1678842678868 6.23 -11.72 36.93
1678842678881 8.42 -9.95 35.77
1678842678888 8.61 -8.91 34.97
1678842678889 10.50 -4.39 28.93
1678842678906 10.74 -3.30 26.98
1678842678927 10.50 -1.22 22.83
1678842678927 10.38 -0.24 20.87
1678842678930 10.07 0.79 19.23
1678842678930 8.91 2.81 17.15
1678842678931 8.18 3.60 16.97
1678842678934 8.54 2.87 18.25
1678842678953 9.77 0.31 20.81
1678842678973 10.50 -1.65 22.28
1678842678990 19.41 -17.52 26.86
1678842679003 23.38 -20.81 26.67
1678842679034 26.06 -22.83 25.70
1678842679034 12.94 -14.34 18.55
1678842679034 7.08 -3.42 14.47
1678842679040 5.62 2.99 11.72
1678842679041 4.76 9.64 8.61
1678842679058 5.80 21.91 3.30
1678842679064 7.87 26.61 2.26
1678842679077 15.50 30.76 3.72
1678842679089 38.45 -1.89 18.98
1678842679105 35.64 -17.15 22.58
1678842679105 32.41 -23.44 24.54
1678842679105 23.74 -32.04 27.16
1678842679106 16.42 -34.18 27.77
1678842679111 12.63 -29.72 27.10
1678842679111 10.68 -19.47 26.92
1678842679121 9.28 -5.80 27.77
1678842679124 8.00 8.61 29.30
1678842679139 5.19 20.08 31.25
1678842679160 5.07 25.02 32.78
1678842679160 9.52 22.46 33.63
1678842679165 17.88 13.24 33.57
1678842679199 26.37 0.12 33.51
1678842679199 30.33 -13.85 33.87
1678842679202 26.79 -25.82 35.46
1678842679202 23.07 -30.27 36.80
1678842679217 18.37 -33.51 38.09
1678842679222 9.46 -36.25 40.10
1678842679245 6.71 -35.64 40.89
1678842679245 4.82 -30.70 42.11
1678842679258 6.41 -23.62 42.60
1678842679266 11.23 -17.46 42.30
1678842679272 18.74 -13.49 41.20
1678842679274 25.94 -11.29 40.28
1678842679278 30.70 -11.54 40.16
1678842679288 31.86 -14.10 40.53
1678842679299 30.58 -18.13 41.26
1678842679308 26.31 -21.67 41.63
1678842679318 20.63 -23.50 41.87
1678842679328 15.63 -22.28 42.18
1678842679338 11.96 -18.13 42.48
1678842679348 10.93 -12.33 42.91
1678842679364 13.24 -7.02 43.15
1678842679369 17.21 -3.54 43.46
1678842679385 21.61 -2.69 43.76
1678842679392 25.76 -5.07 43.82
1678842679403 28.20 -9.89 43.40
1678842679422 27.34 -14.89 42.72
1678842679435 23.68 -18.13 42.42
1678842679435 18.62 -19.10 43.09
1678842679455 15.81 -18.49 44.49
1678842679468 17.15 -17.03 45.96
1678842679468 20.63 -14.95 46.75
1678842679476 23.93 -12.82 47.12
1678842679486 25.82 -10.86 47.06
1678842679508 25.51 -9.46 46.45
1678842679525 22.52 -8.24 44.92
1678842679530 16.78 -6.53 42.97
1678842679538 11.41 -4.64 41.87
1678842679538 8.30 -2.38 41.93
1678842679554 6.84 -0.61 42.85
1678842679554 8.30 -0.92 44.68
1678842679558 11.90 -4.21 46.94
1678842679569 18.37 -10.62 48.65
1678842679598 33.81 -19.41 49.07
1678842679607 42.42 -24.05 48.83
1678842679613 48.28 -28.08 48.40
1678842679621 41.08 -33.08 48.40
1678842679626 33.14 -32.59 49.01
1678842679629 17.09 -29.30 49.62
1678842679630 4.70 -23.44 49.13
1678842679638 -3.97 -16.05 49.13
1678842679654 -8.91 -8.36 52.12
1678842679669 -7.02 -2.14 57.31
1678842679672 1.53 2.38 60.85
1678842679673 7.45 3.85 61.34
1678842679683 14.10 4.76 60.91
1678842679699 21.48 5.37 59.63
1678842679706 40.71 4.39 53.89
1678842679707 44.31 3.11 52.55
1678842679713 45.96 1.22 52.12
1678842679721 43.82 -4.27 53.28
1678842679729 35.83 -9.95 56.52
1678842679741 30.27 -12.57 58.90
1678842679741 23.74 -14.77 61.71
1678842679752 10.19 -16.91 68.36
1678842679752 4.70 -16.97 71.72
1678842679776 0.67 -16.42 74.77
1678842679776 0.12 -12.51 80.57
1678842679787 1.65 -10.74 81.05
1678842679800 3.48 -9.03 80.81
1678842679800 12.27 -4.70 76.97
1678842679809 15.38 -3.97 75.01
1678842679819 18.19 -3.91 72.94
1678842679839 23.68 -9.16 66.71
1678842679839 23.44 -11.35 66.04
1678842679848 22.64 -13.61 65.67
1678842679854 21.97 -16.05 65.73
1678842679868 22.64 -23.74 66.59
1678842679877 23.68 -24.66 66.53
1678842679893 24.84 -25.15 66.28
1678842679893 28.93 -23.93 64.21
1678842679903 30.94 -20.63 62.13
1678842679908 31.49 -18.80 61.22
1678842679911 31.86 -16.85 60.24
1678842679925 31.68 -14.83 59.27
1678842679932 27.47 -8.91 56.64
1678842679937 25.63 -7.08 55.79
1678842679944 24.48 -3.42 54.38
1678842679956 24.11 -1.53 53.83
1678842679960 23.38 0.24 53.53
1678842679971 22.83 1.89 53.34
1678842679979 23.38 5.92 52.67
1678842679984 23.93 6.84 52.37
1678842679990 24.54 7.63 52.00
1678842680006 24.72 8.36 51.45
1678842680014 22.58 10.86 49.93
1678842680016 21.18 11.29 49.07
1678842680024 19.90 11.35 48.10
1678842680033 16.17 7.08 43.76
1678842680039 15.69 5.31 42.79
1678842680044 14.83 3.30 41.99
1678842680055 14.53 -1.59 40.34
1678842680058 14.95 -4.21 39.61
1678842680076 15.87 -6.71 38.70
1678842680085 19.53 -15.32 34.85
1678842680097 17.82 -17.64 32.78
1678842680099 15.75 -17.70 31.74
1678842680117 12.57 -17.09 30.52
1678842680126 -2.87 -9.40 25.09
1678842680135 -7.69 -3.30 21.73
1678842680138 -8.91 -0.31 20.20
1678842680143 -9.28 2.62 18.68
1678842680160 -7.75 5.07 17.46
1678842680166 8.85 7.93 15.26
1678842680168 14.28 7.63 14.16
1678842680180 17.03 7.51 11.47
1678842680184 14.89 8.06 10.31
1678842680188 12.21 8.73 9.16
1678842680204 9.95 9.40 8.12
1678842680214 9.52 10.44 4.70
1678842680221 10.74 10.25 4.46
1678842680224 12.15 9.70 4.82
1678842680239 13.49 8.79 5.86
1678842680244 15.99 3.48 11.29
1678842680249 16.66 0.61 13.43
1678842680254 18.07 -2.81 15.44
1678842680271 20.32 -6.65 17.40
1678842680279 33.33 -22.89 23.62
1678842680284 36.62 -26.55 24.17
1678842680299 39.12 -29.66 24.23
1678842680309 36.44 -34.24 23.38
1678842680314 32.23 -32.41 23.19
1678842680319 27.34 -29.48 22.83
1678842680328 16.91 -20.81 20.63
1678842680334 11.41 -15.38 19.23
1678842680344 1.22 -3.60 15.75
1678842680349 -2.26 2.14 14.04
1678842680362 -4.39 11.47 11.96
1678842680368 -3.36 14.71 11.60
1678842680376 2.14 17.88 11.23
1678842680385 6.29 17.88 11.29
1678842680390 11.23 16.60 11.54
1678842680395 23.01 11.05 13.00
1678842680400 28.75 7.14 13.98
1678842680410 36.50 -1.65 16.48
1678842680414 37.66 -6.16 17.76
1678842680430 36.80 -10.50 18.98
1678842680445 19.59 -24.41 22.16
1678842680445 14.04 -26.55 22.34
1678842680451 9.46 -27.95 22.34
1678842680465 6.41 -28.32 22.28
1678842680473 11.11 -21.97 22.03
1678842680479 14.59 -19.90 22.22
1678842680491 21.85 -16.48 22.83
1678842680494 25.39 -15.08 23.01
1678842680500 28.08 -13.98 23.19
1678842680509 29.79 -12.57 23.50
1678842680531 29.17 -12.33 23.74
1678842680531 27.59 -12.21 23.80
1678842680539 17.33 -12.70 22.58
1678842680549 13.98 -12.27 22.22
1678842680554 13.18 -11.72 22.58
1678842680559 12.82 -10.80 23.13
1678842680574 13.06 -9.70 23.93
1678842680585 19.10 -6.65 29.36
1678842680589 20.75 -6.53 30.82
1678842680600 22.71 -6.59 33.51
1678842680612 22.28 -7.32 35.40
1678842680613 21.55 -7.81 36.01
1678842680620 20.51 -8.61 36.68
1678842680632 18.62 -10.50 38.21
1678842680638 17.52 -12.45 39.67
1678842680646 17.09 -13.18 40.34
1678842680659 17.03 -13.92 40.95
1678842680665 18.01 -14.59 42.91
1678842680675 17.33 -13.49 43.88
1678842680684 16.48 -12.45 44.31
1678842680690 15.26 -9.83 45.35
1678842680699 15.87 -6.65 46.81
1678842680724 18.74 -3.66 49.07
1678842680751 20.63 -2.87 50.05
1678842680775 22.89 -2.99 50.72
1678842680798 29.48 -8.18 51.94
1678842680808 34.97 -15.08 52.25
1678842680827 39.37 -19.35 51.88
1678842680827 45.47 -26.79 50.60
1678842680827 37.72 -29.17 51.03
1678842680834 31.43 -28.75 51.76
1678842680834 24.05 -27.71 52.67
1678842680836 9.22 -21.00 51.82
1678842680875 0.37 -13.73 51.45
1678842680875 -13.12 -0.55 56.95
1678842680901 -13.06 3.78 61.16
1678842680901 -3.78 1.40 62.32
1678842680913 13.18 -6.53 60.61
1678842680930 34.48 -17.03 58.04
1678842680938 43.88 -21.97 56.88
1678842680941 51.15 -25.70 56.15
1678842680942 55.73 -28.26 55.05
1678842680942 46.51 -22.64 55.24
1678842680942 39.00 -18.31 55.48
1678842680958 13.79 -1.89 57.74
1678842680969 -0.18 8.06 59.75
1678842680981 -5.25 18.43 65.37
1678842680995 -2.87 18.62 66.59
1678842681003 4.27 15.01 68.30
1678842681019 13.18 5.92 68.66
1678842681029 23.80 -6.77 67.63
1678842681049 28.26 -13.55 67.02
1678842681049 31.98 -25.33 65.86
1678842681108 29.60 -33.14 65.25
1678842681129 25.21 -36.74 64.33
1678842681137 23.13 -36.93 63.60
1678842681137 19.59 -34.55 61.95
1678842681137 18.43 -32.47 61.34
1678842681153 16.78 -27.59 60.36
1678842681173 16.48 -25.15 59.94
1678842681176 16.60 -17.70 57.92
1678842681207 16.42 -15.63 57.25
1678842681217 12.70 -11.05 41.08
1678842681227 14.40 -8.79 42.85
1678842681249 14.77 -5.74 43.76
1678842681249 13.37 -2.87 42.97
1678842681253 11.41 -0.85 40.89
1678842681279 10.56 -0.12 37.60
1678842681285 10.38 -0.55 34.06
1678842681327 10.74 -1.40 30.46
1678842681327 11.05 -2.75 27.16
1678842681330 10.56 -2.69 26.12
1678842681331 10.13 2.62 21.91
1678842681369 10.99 6.77 20.32
1678842681382 11.35 8.85 19.53
1678842681410 11.78 11.60 18.43
1678842681435 12.94 11.35 18.31
1678842681435 13.55 10.31 18.98
1678842681452 5.31 6.65 23.62
1678842681454 1.16 9.64 23.44
1678842681475 -0.73 12.94 22.77
1678842681491 1.71 19.29 21.06
1678842681504 27.77 20.51 20.69
1678842681515 28.87 12.08 24.05
1678842681532 25.70 -25.15 36.01
1678842681543 24.48 -25.57 36.68
1678842681544 20.20 -23.32 37.23
1678842681556 13.12 -17.88 36.19
1678842681570 3.30 -6.10 31.49
1678842681573 1.40 -1.83 29.24
1678842681585 2.50 11.72 16.42
1678842681590 4.76 12.51 14.83
1678842681590 19.47 4.70 13.49
1678842681630 22.40 0.98 13.85
1678842681631 26.92 -8.18 15.32
1678842681663 28.81 -16.91 17.21
1678842681685 25.63 -26.37 21.42
1678842681686 23.86 -28.20 22.58
1678842681686 22.28 -30.03 23.86
1678842681688 23.07 -29.42 23.86
1678842681706 24.48 -28.32 23.50
1678842681707 26.12 -26.92 23.25
1678842681707 29.79 -21.42 22.28
1678842681732 29.85 -20.51 22.09
1678842681757 17.88 -17.21 21.61
1678842681780 17.76 -16.97 21.30
1678842681788 17.27 -15.81 21.30
1678842681788 16.78 -14.89 21.61
1678842681788 16.24 -13.73 22.09
1678842681799 15.56 -12.63 22.77
1678842681818 14.65 -9.95 24.35
1678842681818 14.83 -9.22 24.78
1678842681833 17.03 -6.59 25.94
1678842681834 17.64 -6.10 26.12
1678842681834 22.64 -8.24 30.70
1678842681839 23.13 -9.22 32.41
1678842681857 23.93 -11.47 35.64
1678842681857 23.25 -13.61 38.27
1678842681859 21.97 -14.40 39.31
1678842681894 20.02 -14.71 39.98
1678842681894 11.23 -12.08 40.95
1678842681909 8.24 -10.68 41.08
1678842681924 4.46 -9.09 40.59
1678842681943 4.33 -9.09 40.41
1678842681954 5.98 -9.64 40.34
1678842681954 8.91 -10.68 40.41
1678842681968 24.23 -17.82 42.36
1678842681968 42.30 -25.70 44.62
1678842681970 53.16 -31.37 46.08
1678842682004 51.21 -31.98 46.69
1678842682004 26.86 -25.15 48.03
1678842682004 19.29 -20.81 48.34
1678842682005 -3.91 10.86 45.35
1678842682018 -5.55 17.27 46.26
1678842682030 -3.97 22.22 47.49
1678842682044 1.04 25.33 49.32
1678842682044 27.77 20.14 54.81
1678842682046 36.99 13.79 55.91
1678842682062 52.37 -9.83 55.60
1678842682062 50.90 -16.42 54.99
1678842682063 45.17 -21.42 54.57
1678842682073 9.03 -24.17 54.02
1678842682075 -0.18 -20.02 54.08
1678842682075 -8.36 -13.98 54.14
1678842682097 -15.01 -6.41 54.14
1678842682112 -20.14 18.25 54.57
1678842682125 -11.17 29.05 53.22
1678842682130 -3.78 31.19 52.06
1678842682138 3.97 31.13 50.42
1678842682154 18.62 23.99 46.57
1678842682195 25.15 17.27 44.43
1678842682195 33.94 0.49 40.53
1678842682195 35.10 -8.24 39.12
1678842682195 34.67 -16.66 38.15
1678842682208 25.57 -40.04 38.57
1678842682225 21.24 -42.24 39.73
1678842682225 16.36 -42.85 41.20
1678842682238 4.15 -38.45 46.45
1678842682242 6.47 -16.91 48.10
1678842682242 8.79 -12.63 47.12
1678842682259 11.47 -8.54 45.72
1678842682286 14.34 -4.82 44.13
1678842682286 18.31 4.09 37.23
1678842682286 17.27 4.15 35.83
1678842682287 15.56 3.42 34.55
1678842682288 13.73 2.32 33.45
1678842682303 8.54 -4.39 33.57
1678842682324 9.28 -5.98 34.42
1678842682338 10.19 -7.39 35.28
1678842682373 11.05 -9.22 36.32
1678842682373 10.99 -9.89 36.38
1678842682379 11.05 -10.25 36.32
1678842682380 9.70 -9.77 34.55
1678842682380 6.65 -9.09 32.59
1678842682403 3.66 -8.42 30.64
1678842682403 2.08 -8.00 29.54
1678842682411 0.18 -7.69 28.26
1678842682412 -0.18 -9.83 17.21
1678842682414 2.75 -10.62 16.42
1678842682415 5.55 -11.23 15.69
1678842682450 20.87 -15.32 11.90
1678842682459 28.81 -19.17 9.28
1678842682470 31.31 -21.42 8.18
1678842682478 33.26 -23.62 7.32
1678842682490 35.58 -25.63 6.84
1678842682498 35.95 -22.28 2.56
1678842682509 15.69 -7.63 -0.73
1678842682518 3.42 2.20 -2.14
1678842682519 -7.26 12.51 -3.60
1678842682556 -16.91 31.68 -6.96
1678842682556 -15.32 38.94 -8.67
1678842682556 -10.07 44.49 -10.44
1678842682557 21.79 44.86 -7.26
1678842682574 36.13 28.69 -1.34
1678842682581 41.50 16.78 1.22
1678842682581 44.74 3.23 3.30
1678842682581 45.72 -10.86 4.82
1678842682581 35.64 -52.31 10.74
1678842682614 32.04 -56.88 12.45
1678842682617 24.78 -59.02 15.69
1678842682617 15.99 -51.76 17.52
1678842682638 10.93 -44.92 17.70
1678842682638 6.23 -36.38 17.64
1678842682667 -1.22 -15.20 17.21
1678842682695 -3.78 7.81 16.66
1678842682715 -3.60 18.25 16.05
1678842682715 -2.87 26.98 15.14
1678842682717 -1.53 33.57 14.10
1678842682718 6.96 33.20 8.54
1678842682731 10.38 27.71 7.26
1678842682740 14.59 21.12 6.41
1678842682741 23.32 6.90 6.04
1678842682744 21.67 -19.90 9.89
1678842682749 18.25 -20.57 10.44
1678842682784 11.35 -18.25 11.05
1678842682797 9.34 -13.49 10.86
1678842682801 9.46 -10.68 10.86
1678842682812 11.47 -5.43 10.74
1678842682827 12.39 -3.23 10.50
1678842682828 13.37 -1.65 9.95
1678842682838 15.69 0.12 8.61
1678842682858 15.99 0.18 7.63
1678842682900 15.81 -3.60 4.39
1678842682911 15.44 -4.70 3.85
1678842682911 13.24 -6.29 3.48
1678842682911 11.17 -7.57 4.46
1678842682933 8.48 -8.54 7.93
1678842682966 7.69 -8.42 9.28
1678842682980 6.96 -8.24 11.72
1678842682990 7.57 -8.54 12.39
1678842682997 11.90 -15.26 6.47
1678842683027 11.11 -14.16 7.32
1678842683044 12.15 -13.37 8.00
1678842683044 14.04 -12.33 8.12
1678842683044 16.24 -11.47 7.69
1678842683044 16.66 -10.86 7.08
1678842683049 7.32 -1.89 5.49
1678842683049 4.82 -2.26 4.88
1678842683078 4.82 -3.91 4.09
1678842683086 8.79 -6.90 4.03
1678842683103 50.35 -17.70 7.75
1678842683103 46.26 -16.60 8.48
1678842683116 38.94 -14.22 9.58
1678842683131 29.42 -10.31 10.99
1678842683131 -6.84 9.70 16.54
1678842683170 -35.52 29.79 19.71
1678842683178 -53.53 46.08 23.19
1678842683190 -54.50 50.54 24.05
1678842683202 -41.93 41.32 21.18
1678842683202 -14.65 21.00 16.54
1678842683245 23.38 -4.09 14.65
1678842683265 55.66 -25.88 15.75
1678842683265 69.27 -39.67 18.74
1678842683265 66.77 -45.41 24.29
1678842683279 53.22 -43.40 32.17
1678842683312 43.09 -39.49 36.13
1678842683312 -15.20 -7.75 48.10
1678842683312 -38.82 12.76 51.03
1678842683312 -45.65 22.28 51.94
1678842683318 19.47 15.63 27.59
1678842683335 30.15 -0.85 24.41
1678842683347 26.98 -14.47 22.71
1678842683357 12.45 -23.74 22.03
1678842683371 -13.61 -28.26 22.34
1678842683388 -19.47 -26.25 22.58
1678842683398 -22.34 -17.27 22.58
1678842683408 -21.24 -11.84 22.77
1678842683417 -14.53 -2.69 21.55
1678842683417 -8.97 0.37 19.84
1678842683417 5.07 3.11 14.83
1678842683425 16.85 2.32 10.74
1678842683425 21.24 -1.40 8.97
1678842683426 18.98 -5.49 8.48
1678842683427 7.02 -6.90 9.03
1678842683427 1.89 -6.23 9.83
1678842683435 -8.06 -4.39 12.15
1678842683465 -14.10 -2.44 14.10
1678842683465 -16.05 -0.18 15.14
1678842683465 -13.92 2.01 15.56
1678842683482 -8.97 3.85 15.81
1678842683483 -2.69 3.54 15.32
1678842683490 3.97 0.67 14.04
1678842683514 9.09 -4.39 11.90
1678842683552 12.27 -10.99 9.03
1678842683552 13.31 -17.15 6.23
1678842683588 12.27 -20.32 3.91
1678842683617 11.35 -20.45 3.17
1678842683640 10.56 -19.59 2.93
1678842683640 9.89 -17.64 2.93
1678842683655 7.87 -7.45 3.23
1678842683656 5.00 0.61 3.54
1678842683686 3.17 4.21 3.66
1678842683693 1.10 7.26 3.91
1678842683701 -1.46 9.58 4.09
1678842683709 -1.46 -9.40 8.73
1678842683726 -4.64 -11.23 8.36
1678842683736 -21.97 -4.39 7.87
1678842683736 -30.46 8.54 6.29
1678842683758 -34.67 23.99 2.93
1678842683758 -33.51 30.94 1.10
1678842683777 19.17 26.98 6.04
1678842683791 25.82 16.91 7.75
1678842683808 34.91 -5.19 11.11
1678842683808 35.95 -15.63 13.18
1678842683808 19.17 -43.76 21.55
1678842683817 13.85 -46.33 22.83
1678842683832 9.58 -46.51 23.68
1678842683840 2.93 -40.47 23.62
1678842683840 -0.06 -34.61 22.46
1678842683840 -3.91 0.55 11.11
1678842683840 16.30 38.39 -1.83
1678842683850 20.87 40.41 -2.93
1678842683850 25.02 40.71 -3.85
1678842683874 28.93 39.49 -4.52
1678842683882 35.52 31.31 -5.31
1678842683897 34.91 25.63 -4.03
1678842683919 32.78 23.13 -3.42
1678842683924 29.72 20.81 -2.93
1678842683938 25.82 18.55 -2.50
1678842683956 7.39 12.39 0.18
1678842683961 4.15 11.11 1.46
1678842683985 1.89 9.95 2.69
1678842683991 0.49 8.79 3.78
1678842683991 4.15 6.84 6.84
1678842684018 10.50 7.08 8.48
1678842684035 13.73 7.32 9.09
1678842684049 19.10 8.24 9.64
1678842684049 21.06 8.67 9.64
1678842684071 24.78 7.75 9.89
1678842684088 24.96 6.84 10.07
1678842684103 15.99 0.37 13.31
1678842684104 13.73 -0.98 14.59
1678842684104 11.60 -2.62 16.11
1678842684118 7.51 -10.19 21.73
1678842684136 8.73 -21.00 25.15
1678842684136 8.61 -22.89 25.88
1678842684154 8.24 -23.01 26.00
1678842684177 8.06 -19.41 24.96
1678842684205 12.51 -4.03 20.51
1678842684206 13.49 -0.92 19.84
1678842684206 14.10 1.71 19.23
1678842684206 14.28 3.36 18.55
1678842684213 10.38 1.83 15.63
1678842684223 8.97 -0.18 15.01
1678842684229 6.35 -4.21 13.85
1678842684229 5.07 -6.04 13.00
1678842684246 13.06 1.71 0.24
1678842684246 18.86 4.82 0.67
1678842684254 21.48 5.19 1.16
1678842684257 25.39 3.60 2.20
1678842684292 26.31 1.59 2.93
1678842684315 26.18 -0.67 3.66
1678842684317 24.78 -2.93 4.58
1678842684333 16.60 -12.02 9.70
1678842684364 17.03 -14.04 11.29
1678842684374 18.07 -16.05 13.24
1678842684392 17.94 -17.52 15.38
1678842684409 -1.53 -12.63 27.65
1678842684409 -10.80 -7.93 30.58
1678842684417 -34.55 6.84 31.92
1678842684418 -59.14 27.47 26.55
1678842684418 -66.28 37.78 21.91
1678842684418 24.96 30.58 -0.55
1678842684424 43.95 17.33 -0.98
1678842684435 36.25 -28.99 -1.16
1678842684448 20.14 -30.52 -1.04
1678842684451 -16.36 -26.18 -1.71
1678842684451 -48.34 -12.70 -4.76
1678842684460 -66.22 8.91 -10.38
1678842684494 -67.63 32.84 -15.56
1678842684498 -62.19 43.03 -18.43
1678842684498 -53.71 50.90 -21.36
1678842684511 -18.31 57.92 -30.88
1678842684526 3.66 47.12 -36.87
1678842684531 12.33 37.66 -39.49
1678842684531 18.62 26.55 -41.81
1678842684539 12.08 -15.93 -45.47
1678842684554 -3.54 -27.40 -44.98
1678842684568 -10.80 -29.48 -44.74
1678842684590 -23.62 -26.31 -44.80
1678842684603 -33.33 -14.95 -45.53
1678842684619 -35.64 -7.63 -46.39
1678842684619 -34.24 7.75 -49.26
1678842684622 -30.88 14.71 -51.27
1678842684622 -20.51 25.94 -55.42
1678842684640 -15.44 29.72 -57.25
1678842684644 -11.66 32.17 -58.59
1678842684644 -9.03 31.49 -59.20
1678842684644 -17.64 26.18 -57.37
1678842684645 -22.09 22.95 -56.15
1678842684658 -33.26 15.87 -54.81
1678842684674 -39.98 12.15 -54.87
1678842684701 -46.57 8.61 -55.18
1678842684701 -56.82 2.75 -55.91
1678842684701 -61.22 -0.06 -57.43
1678842684702 -61.34 0.00 -58.59
1678842684703 -59.02 2.20 -61.46
1678842684707 -54.63 6.23 -64.70
1678842684715 -51.51 8.36 -66.53
1678842684725 -47.91 10.25 -68.24
1678842684734 -37.29 11.84 -73.85
1678842684734 -38.09 8.97 -75.93
1678842684747 -40.41 3.42 -76.54
1678842684747 -42.36 -3.85 -75.81
1678842684769 -42.91 -7.69 -75.13
1678842684776 -43.46 -13.98 -73.73
1678842684787 -45.35 -15.44 -74.77
1678842684788 -53.22 -8.85 -78.61
1678842684801 -64.27 6.71 -85.88
1678842684801 -71.90 26.98 -95.95
1678842684815 -71.23 46.45 -106.45
1678842684845 -60.18 61.22 -113.95
1678842684849 -43.64 68.05 -116.03
1678842684866 -35.34 67.57 -115.30
1678842684876 -21.79 58.53 -111.27
1678842684884 -12.94 40.22 -106.08
1678842684890 -7.75 17.94 -100.89
1678842684892 -6.41 -2.38 -94.91
1678842684896 -12.70 -16.72 -88.75
1678842684906 -23.74 -23.68 -83.50
1678842684906 -33.87 -23.01 -79.41
1678842684927 -42.60 -14.34 -75.62
1678842684927 -48.34 -0.31 -71.11
1678842684937 -47.49 14.65 -66.83
1678842684948 -40.65 24.90 -64.51
1678842684961 -31.98 27.10 -64.64
1678842684968 -24.35 22.09 -65.80
1678842684985 -18.86 13.31 -67.20
1678842685002 -15.56 3.97 -67.63
1678842685008 -17.27 -3.60 -66.35
1678842685024 -23.80 -8.48 -64.88
1678842685024 -30.94 -10.68 -64.03
1678842685026 -35.95 -10.74 -63.72
1678842685036 -38.76 -8.91 -63.84
1678842685056 -38.33 -5.68 -64.58
1678842685056 -35.28 -1.83 -65.73
1678842685074 -32.10 2.08 -67.26
1678842685120 -30.94 5.31 -68.42
1678842685131 -32.23 7.75 -69.27
1678842685140 -35.16 9.89 -69.82
1678842685159 -38.27 11.78 -69.82
1678842685161 -41.38 13.79 -69.70
1678842685170 -43.82 16.48 -69.82
1678842685176 -44.31 19.17 -70.07
1678842685180 -42.11 20.45 -70.19
1678842685187 -39.31 20.02 -70.19
1678842685202 -36.93 17.94 -70.50
1678842685207 -36.50 15.14 -71.29
1678842685213 -38.88 11.96 -71.78
1678842685218 -42.48 9.46 -72.02
1678842685218 -44.98 8.61 -71.96
1678842685242 -45.90 10.31 -71.84
1678842685245 -45.41 13.85 -72.14
1678842685245 -44.80 15.93 -72.57
1678842685255 -44.25 17.94 -72.75
1678842685255 -43.15 21.73 -73.24
1678842685262 -42.97 21.30 -73.43
1678842685272 -42.79 20.20 -73.55
1678842685282 -42.66 18.55 -73.73
1678842685287 -39.98 12.82 -74.22
1678842685308 -38.94 11.23 -74.10
1678842685308 -38.02 10.13 -73.97
1678842685313 -36.32 8.91 -72.69
1678842685316 -35.58 9.28 -71.90
1678842685327 -36.93 11.72 -70.25
1678842685345 -40.83 15.32 -68.54
1678842685353 -42.48 16.97 -67.81
1678842685362 -43.58 18.37 -67.44
1678842685367 -42.18 19.23 -66.71
1678842685375 -40.34 18.68 -66.77
1678842685392 -38.15 17.70 -66.96
1678842685398 -30.88 13.79 -67.44
1678842685404 -28.02 11.35 -67.38
1678842685404 -28.02 10.80 -67.32
1678842685425 -28.81 10.56 -67.26
1678842685431 -34.30 11.60 -63.48
1678842685440 -34.97 11.29 -61.77
1678842685450 -34.55 8.48 -58.47
1678842685451 -33.45 5.92 -56.88
1678842685471 -31.68 2.93 -55.30
1678842685475 -28.56 -11.60 -48.77
1678842685489 -29.60 -14.65 -47.55
1678842685503 -31.01 -17.15 -46.57
1678842685511 -33.33 -22.95 -45.59
1678842685518 -32.71 -23.44 -46.63
1678842685522 -31.80 -22.34 -47.36
1678842685544 -31.31 -20.08 -48.03
1678842685552 -31.86 -8.18 -49.74
1678842685569 -33.26 -2.38 -50.66
1678842685569 -35.10 4.15 -51.76
1678842685577 -37.78 27.71 -55.30
1678842685589 -35.89 30.03 -55.54
1678842685597 -32.53 30.46 -55.54
1678842685607 -18.37 18.92 -53.22
1678842685610 -14.16 11.60 -52.31
1678842685630 -11.11 3.36 -51.39
1678842685653 -13.31 -18.49 -49.19
1678842685661 -18.55 -22.52 -48.71
1678842685673 -25.51 -24.48 -48.34
1678842685678 -48.77 -14.83 -49.44
1678842685680 -50.84 -9.09 -50.23
1678842685681 -51.70 -2.50 -51.27
1678842685681 -42.05 21.48 -56.88
1678842685691 -37.66 24.48 -58.35
1678842685698 -33.20 26.00 -59.57
1678842685725 -24.66 21.12 -61.58
1678842685740 -21.24 11.23 -61.46
1678842685745 -20.02 5.49 -60.97
1678842685750 -19.35 -0.18 -60.12
1678842685754 -24.11 -13.24 -57.80
1678842685754 -29.66 -16.91 -58.53
1678842685768 -32.10 -16.85 -59.57
1678842685791 -34.06 -15.63 -60.85
1678842685797 -39.06 -0.92 -64.88
1678842685797 -39.31 3.66 -65.19
1678842685819 -39.18 7.75 -65.49
1678842685819 -39.49 17.82 -65.49
1678842685832 -40.47 18.19 -64.94
1678842685840 -40.59 17.21 -64.76
1678842685848 -40.47 15.63 -64.51
1678842685854 -40.34 8.61 -64.21
1678842685859 -41.20 3.91 -63.78
1678842685859 -41.81 1.77 -63.23
1678842685868 -42.18 -0.18 -62.44
1678842685878 -40.59 -5.68 -58.35
1678842685913 -39.86 -6.71 -57.68
1678842685921 -39.49 -7.63 -57.31
1678842685930 -42.18 -9.46 -58.17
1678842685939 -44.01 -9.34 -58.96
1678842685951 -46.20 -8.67 -60.12
1678842685954 -51.64 -2.56 -63.17
1678842685964 -52.31 -0.79 -63.42
1678842685971 -54.26 2.38 -63.72
1678842685980 -55.48 3.48 -63.84
1678842685984 -56.58 3.54 -63.84
1678842685987 -56.58 2.69 -63.78
1678842685995 -56.52 1.53 -63.78
1678842685996 -56.15 -3.05 -65.86
1678842686006 -55.97 -3.78 -67.14
1678842686018 -56.09 -3.66 -70.37
1678842686032 -57.37 -0.73 -74.65
1678842686032 -57.92 1.46 -76.84
1678842686040 -57.50 5.92 -81.73
1678842686046 -54.63 9.34 -86.06
1678842686062 -49.50 10.86 -89.78
1678842686077 -43.33 10.13 -92.59
1678842686086 -41.38 9.40 -94.06
1678842686086 -40.77 9.03 -95.76
1678842686100 -52.73 22.83 -101.44
1678842686102 -61.10 38.88 -104.00
1678842686107 -64.27 47.55 -105.71
1678842686121 -68.79 62.68 -109.44
1678842686134 -68.36 72.94 -112.61
1678842686139 -59.69 76.60 -113.22
1678842686155 -49.50 72.51 -111.02
1678842686162 -39.18 59.08 -107.12
1678842686168 -26.55 37.96 -102.42
1678842686172 -20.75 26.00 -100.04
1678842686186 -14.40 3.17 -95.64
1678842686191 -13.98 -6.35 -93.51
1678842686204 -17.76 -18.62 -89.17
1678842686213 -24.11 -21.06 -85.27
1678842686217 -30.76 -14.22 -82.03
1678842686227 -36.80 -1.16 -78.98
1678842686245 -42.18 14.77 -75.07
1678842686257 -44.31 28.63 -70.25
1678842686257 -41.81 36.56 -65.06
1678842686269 -39.06 37.48 -62.68
1678842686279 -33.45 32.78 -59.14
1678842686285 -28.50 20.87 -56.64
1678842686297 -26.37 13.31 -55.73
1678842686319 -23.80 -2.38 -54.57
1678842686319 -23.74 -9.34 -54.02
1678842686319 -24.72 -15.08 -53.77
1678842686332 -31.13 -22.64 -52.43
1678842686339 -35.77 -19.29 -51.39
1678842686355 -40.59 -11.29 -50.90
1678842686363 -42.54 -6.65 -51.15
1678842686364 -43.52 2.99 -52.73
1678842686378 -38.57 11.23 -55.11
1678842686378 -30.46 17.21 -57.56
1678842686405 -23.50 19.04 -59.14
1678842686413 -18.62 16.78 -60.24
1678842686427 -16.60 14.77 -60.61
1678842686431 -15.08 12.33 -60.85
1678842686445 -15.56 6.29 -59.63
1678842686483 -20.02 3.91 -57.92
1678842686489 -23.13 3.48 -56.88
1678842686490 -31.19 3.54 -55.42
1678842686491 -39.12 5.07 -54.57
1678842686492 -43.03 7.45 -54.32
1678842686492 -43.46 8.79 -54.14
1678842686503 -42.85 10.25 -54.08
1678842686512 -35.28 11.96 -53.77
1678842686532 -26.18 9.64 -53.22
1678842686532 -21.55 7.39 -52.86
1678842686541 -15.08 2.81 -52.55
1678842686542 -14.04 -0.73 -52.12
1678842686545 -18.49 -1.89 -51.88
1678842686548 -25.57 -0.24 -51.39
1678842686559 -31.49 3.66 -49.99
1678842686572 -35.16 8.36 -48.77
1678842686577 -34.85 11.96 -48.34
1678842686593 -29.48 12.57 -48.95
1678842686597 -19.41 10.68 -50.17
1678842686607 -8.06 7.63 -50.96
1678842686631 1.71 3.91 -50.96
1678842686635 7.63 0.67 -49.93
1678842686640 8.36 -0.85 -48.22
1678842686647 2.75 -0.18 -46.75
1678842686657 -10.07 3.05 -45.10
1678842686672 -20.02 5.92 -43.88
1678842686681 -31.68 9.64 -42.48
1678842686688 -56.46 17.58 -39.98
1678842686704 -66.10 20.51 -39.55
1678842686709 -73.73 21.12 -39.67
1678842686709 -65.55 14.53 -39.37
1678842686713 -46.39 1.71 -37.29
1678842686722 -19.84 -14.40 -32.84
1678842686748 2.20 -27.28 -28.14
1678842686748 10.74 -32.04 -25.27
1678842686756 9.77 -29.54 -24.78
1678842686769 5.07 -21.24 -26.37
1678842686772 -3.72 -8.91 -27.59
1678842686788 -9.70 -1.53 -27.77
1678842686800 -16.24 6.41 -27.53
1678842686800 -38.88 32.35 -23.80
1678842686803 -44.43 40.28 -21.85
1678842686821 -49.80 52.67 -18.92
1678842686851 -47.91 57.43 -18.62
1678842686858 -44.86 56.52 -19.10
1678842686863 -35.83 48.10 -21.30
1678842686877 -30.15 40.89 -22.95
1678842686877 -19.90 22.03 -27.40
1678842686883 -16.24 0.73 -32.17
1678842686883 -18.49 -17.46 -36.01
1678842686890 -22.16 -27.65 -37.48
1678842686897 -23.80 -29.60 -37.05
1678842686902 -23.62 -25.63 -36.13
1678842686914 -24.35 -19.10 -35.77
1678842686922 -25.82 -12.33 -36.56
1678842686938 -27.40 -6.23 -38.21
1678842686951 -29.36 -1.46 -40.16
1678842686953 -31.19 1.04 -42.66
1678842686962 -32.96 0.85 -44.98
1678842686996 -35.40 -1.16 -47.49
1678842687032 -38.57 -3.54 -50.42
1678842687042 -43.09 -4.52 -53.53
1678842687070 -48.16 -2.32 -56.76
1678842687070 -52.19 1.71 -59.81
1678842687070 -53.96 6.10 -62.38
1678842687070 -52.55 9.22 -64.82
1678842687083 -49.80 10.93 -67.44
1678842687089 -47.42 11.05 -70.25
1678842687089 -45.35 8.85 -73.73
1678842687097 -44.19 6.84 -75.44
1678842687101 -40.59 -1.04 -80.75
1678842687102 -40.89 -5.13 -84.17
1678842687126 -42.05 -6.23 -85.88
1678842687135 -46.08 -6.47 -89.05
1678842687146 -47.97 -5.68 -90.52
1678842687146 -52.61 -2.75 -93.63
1678842687146 -58.59 1.89 -97.17
1678842687147 -64.33 7.14 -100.71
1678842687152 -66.16 10.01 -102.29
1678842687172 -67.02 12.88 -103.58
1678842687172 -67.57 18.07 -105.83
1678842687172 -66.59 18.07 -106.69
1678842687194 -64.94 15.69 -109.44
1678842687196 -64.09 13.00 -111.08
1678842687203 -63.17 9.70 -112.49
1678842687214 -65.25 -0.79 -114.93
1678842687233 -71.11 -5.74 -114.87
1678842687237 -74.16 -7.08 -114.56
1678842687237 -76.66 -7.32 -114.44
1678842687254 -80.44 -2.44 -114.69
1678842687254 -80.87 0.73 -115.42
1678842687265 -81.36 4.39 -116.94
1678842687277 -79.41 23.01 -129.03
1678842687277 -78.37 28.08 -133.18
1678842687293 -76.84 33.08 -137.08
1678842687298 -70.80 45.10 -145.26
1678842687321 -69.40 47.36 -146.48
1678842687329 -68.60 48.46 -147.09
1678842687337 -69.15 42.60 -143.86
1678842687344 -70.19 37.84 -141.85
1678842687347 -71.90 31.74 -139.77
1678842687347 -76.78 11.72 -136.11
1678842687354 -77.70 6.77 -136.54
1678842687369 -78.25 3.54 -137.57
1678842687385 -77.70 5.37 -142.88
1678842687396 -76.54 9.09 -144.71
1678842687400 -74.71 14.16 -146.55
1678842687401 -63.96 32.84 -149.72
1678842687404 -58.96 38.94 -149.35
1678842687419 -50.05 47.55 -146.12
1678842687423 -45.53 49.19 -143.31
1678842687434 -41.69 48.77 -139.95
1678842687439 -35.95 35.89 -127.38
1678842687446 -35.10 28.75 -122.44
1678842687467 -34.85 21.06 -117.37
1678842687478 -48.28 -9.09 -98.63
1678842687486 -54.93 -15.26 -95.21
1678842687494 -60.91 -20.08 -92.59
1678842687512 -77.88 -21.97 -88.44
1678842687515 -80.14 -17.94 -88.26
1678842687523 -81.60 -12.82 -88.13
1678842687527 -81.12 2.81 -88.62
1678842687557 -75.81 9.95 -90.70
1678842687567 -72.69 11.90 -91.98
1678842687567 -70.25 12.88 -93.38
1678842687567 -69.09 7.63 -98.33
1678842687574 -69.34 4.33 -99.55
1678842687592 -69.46 -2.69 -101.26
1678842687593 -69.40 -5.68 -101.81
1678842687632 -69.21 -8.00 -102.11
1678842687632 -66.10 -8.06 -101.50
1678842687644 -64.76 -6.35 -101.38
1678842687645 -63.48 -4.64 -101.38
1678842687647 -62.44 0.92 -103.27
1678842687647 -62.87 2.93 -105.22
1678842687657 -62.99 3.05 -105.96
1678842687657 -62.62 1.04 -106.69
1678842687674 -61.58 -2.87 -105.96
1678842687674 -61.28 -5.19 -105.10
1678842687692 -61.34 -7.63 -104.13
1678842687701 -63.54 -14.34 -100.89
1678842687703 -63.72 -14.71 -100.34
1678842687721 -63.72 -14.59 -100.04
1678842687730 -65.25 -8.97 -101.62
1678842687743 -66.77 -5.00 -104.13
1678842687747 -67.44 -3.05 -105.59
1678842687762 -67.87 -1.34 -106.93
1678842687765 -68.12 2.32 -109.50
1678842687778 -68.97 3.30 -109.74
1678842687781 -69.82 3.11 -109.50
1678842687793 -71.11 2.44 -108.89
1678842687815 -75.32 -2.75 -105.53
1678842687852 -75.68 -4.15 -104.92
1678842687862 -75.62 -5.25 -104.61
1678842687864 -75.93 -6.10 -106.45
1678842687865 -75.38 -5.13 -109.13
1678842687867 -74.65 -4.15 -110.29
1678842687879 -73.85 -2.87 -111.21
1678842687903 -70.98 0.49 -111.39
1678842687903 -69.21 0.92 -110.05
1678842687930 -68.97 -0.12 -108.46
1678842687932 -69.70 -0.98 -107.42
1678842687940 -70.80 -1.65 -106.45
1678842687941 -74.34 -1.22 -104.00
1678842687947 -76.66 1.22 -103.70
1678842687951 -77.64 2.26 -104.13
1678842687967 -78.98 3.23 -104.98
1678842687975 -85.63 7.63 -108.64
1678842687975 -86.43 9.16 -108.64
1678842687979 -85.63 9.03 -108.09
1678842687989 -84.17 8.12 -107.42
1678842687989 -75.68 -0.79 -101.99
1678842688002 -73.49 -3.91 -99.91
1678842688010 -70.56 -10.01 -96.31
1678842688030 -71.78 -14.59 -94.06
1678842688034 -79.28 -15.75 -93.57
1678842688045 -85.14 -14.65 -93.69
1678842688051 -91.86 -12.39 -93.93
1678842688066 -117.49 7.63 -98.08
1678842688066 -120.24 22.71 -103.82
1678842688082 -114.50 36.99 -111.88
1678842688082 -102.84 48.58 -121.77
1678842688113 -90.39 56.70 -131.10
1678842688113 -80.38 60.18 -137.94
1678842688118 -76.05 60.30 -139.95
1678842688123 -72.51 59.57 -140.99
1678842688136 -70.68 54.26 -138.12
1678842688147 -74.71 48.77 -133.12
1678842688147 -80.08 41.99 -128.11
1678842688166 -83.86 35.83 -124.33
1678842688170 -87.16 32.10 -121.89
1678842688174 -87.77 31.19 -120.85
1678842688194 -85.82 30.40 -118.53
1678842688198 -81.30 29.54 -115.23
1678842688204 -76.78 27.34 -112.30
1678842688215 -72.75 23.38 -108.89
1678842688230 -71.17 17.40 -105.29
1678842688238 -70.43 9.52 -102.60
1678842688258 -70.80 1.28 -99.98
1678842688269 -74.10 -4.94 -98.63
1678842688277 -78.31 -8.24 -98.45
1678842688278 -81.79 -8.79 -99.73
1678842688293 -83.13 -7.14 -100.95
1678842688298 -81.54 -3.23 -101.75
1678842688317 -78.00 1.71 -102.42
1678842688317 -75.38 6.23 -103.39
1678842688337 -71.90 9.77 -105.22
1678842688353 -67.69 11.96 -108.03
1678842688368 -64.39 13.67 -111.02
1678842688385 -62.26 15.20 -114.01
1678842688385 -62.07 15.69 -115.05
1678842688395 -62.01 15.87 -115.78
1678842688395 -62.56 16.17 -114.44
1678842688413 -62.62 16.91 -111.33
1678842688413 -61.83 18.13 -106.63
1678842688417 -60.42 18.86 -101.44
1678842688424 -58.53 18.62 -97.05
1678842688448 -56.76 16.24 -94.18
1678842688454 -56.21 12.33 -92.29
1678842688454 -57.37 8.06 -90.64
1678842688474 -60.85 4.94 -88.68
1678842688483 -65.98 4.03 -86.36
1678842688484 -68.54 4.27 -85.39
1678842688500 -72.51 5.07 -83.37
1678842688506 -73.67 5.13 -81.73
1678842688514 -72.75 3.78 -80.38
1678842688520 -71.04 0.79 -79.04
1678842688533 -69.89 -2.93 -78.00
1678842688542 -70.50 -6.65 -77.27
1678842688558 -73.91 -10.19 -76.60
1678842688565 -78.80 -12.70 -76.05
1678842688578 -83.44 -14.10 -75.32
1678842688586 -85.27 -14.71 -74.65
1678842688590 -86.73 -15.50 -73.79
1678842688594 -84.78 -20.02 -72.02
1678842688615 -81.12 -21.97 -71.96
1678842688634 -76.17 -23.86 -72.33
1678842688647 -65.06 -24.84 -76.17
1678842688678 -68.05 -18.07 -79.83
1678842689191 -80.08 -4.03 -85.75
1678842689191 -96.98 15.32 -92.96
1678842689191 -106.93 34.61 -99.00
1678842689191 -101.14 46.94 -103.88
1678842689191 -82.95 50.11 -107.12
1678842689191 -62.26 44.74 -108.89
1678842689191 -44.25 32.47 -110.23
1678842689191 -34.42 17.40 -112.61
1678842689199 -32.41 5.74 -115.05
1678842689214 -63.54 53.47 -56.82
1678842689231 -52.31 54.26 -60.49
1678842689240 -40.34 53.34 -63.42
1678842689248 -11.05 40.41 -65.67
1678842689248 -6.23 33.45 -64.03
1678842689267 -3.60 26.12 -61.46
1678842689273 -15.56 -2.14 -45.90
1678842689286 -35.52 -11.60 -37.84
1678842689293 -47.42 -13.92 -34.79
1678842689301 -59.08 -14.16 -32.90
1678842689310 -89.29 4.09 -34.97
1678842689310 -90.21 12.33 -36.80
1678842689333 -88.87 20.69 -39.00
1678842689334 -64.51 44.49 -49.56
1678842689355 -56.64 45.59 -52.19
1678842689368 -49.07 44.13 -54.57
1678842689368 -25.39 15.69 -63.96
1678842689370 -22.83 5.74 -65.92
1678842689388 -22.28 -3.54 -67.63
1678842689411 -35.83 -23.01 -71.23
1678842689411 -40.04 -22.89 -72.14
1678842689426 -43.40 -20.87 -73.12
1678842689431 -50.72 -3.72 -80.38
1678842689438 -50.78 1.10 -82.95
1678842689443 -50.17 5.55 -85.75
1678842689449 -48.28 13.00 -91.13
1678842689466 -47.42 17.27 -95.58
1678842689471 -49.13 17.40 -98.88
1678842689474 -51.09 15.93 -100.46
1678842689498 -53.22 13.49 -101.81
1678842689506 -60.73 1.40 -104.31
1678842689506 -61.95 -0.98 -104.43
1678842689522 -62.13 -3.72 -104.06
1678842689522 -61.77 -4.21 -103.76
1678842689542 -62.19 -4.33 -103.33
1678842689556 -66.83 -5.19 -103.45
1678842689577 -67.08 -4.88 -104.06
1678842689577 -67.08 -4.09 -104.68
1678842689590 -65.73 4.52 -105.53
1678842689609 -65.00 7.20 -105.47
1678842689617 -64.45 9.77 -105.22
1678842689623 -67.81 16.36 -105.10
1678842689623 -70.01 17.15 -105.29
1678842689623 -72.02 17.64 -105.35
1678842689638 -77.82 18.80 -103.82
1678842689643 -80.57 20.75 -101.99
1678842689643 -81.18 22.16 -100.89
1678842689650 -80.57 24.90 -98.51
1678842689660 -79.53 26.18 -97.05
1678842689671 -76.29 28.08 -94.24
1678842689676 -74.89 28.56 -92.77
1678842689682 -71.90 28.14 -90.76
1678842689689 -69.40 25.33 -88.50
1678842689705 -66.96 21.00 -86.36
1678842689712 -65.12 16.48 -83.74
1678842689736 -64.64 13.06 -80.87
1678842689736 -64.94 11.66 -78.19
1678842689746 -65.25 11.78 -77.09
1678842689751 -65.73 12.27 -76.17
1678842689761 -67.69 14.89 -73.97
1678842689764 -68.91 17.03 -72.39
1678842689770 -68.66 17.52 -71.41
1678842689780 -66.04 16.91 -69.09
1678842689789 -60.61 14.04 -66.65
1678842689794 -57.43 12.39 -65.19
1678842689804 -51.76 9.83 -61.77
1678842689820 -49.74 8.61 -59.81
1678842689830 -46.94 6.04 -55.54
1678842689838 -45.59 4.52 -53.22
1678842689845 -44.37 1.40 -48.46
1678842689859 -44.62 -0.18 -46.33
1678842689870 -46.69 -2.87 -43.21
1678842689876 -47.85 -3.85 -41.08
1678842689876 -48.58 -3.54 -40.28
1678842689884 -49.56 -2.81 -39.92
1678842689889 -51.39 -1.22 -38.33
1678842689907 -46.45 -1.89 -37.35
1678842689908 -43.15 -2.50 -36.93
1678842689917 -35.16 -3.66 -35.64
1678842689925 -27.16 -5.62 -32.96
1678842689940 -17.40 -9.40 -29.54
1678842689947 -6.65 -12.82 -26.67
1678842689956 -0.49 -11.60 -25.39
1678842689966 0.31 -2.44 -24.17
1678842689969 -7.08 12.21 -23.74
1678842689985 -13.73 28.02 -24.11
1678842689990 -15.20 41.93 -26.55
1678842690010 -12.88 51.64 -28.38
1678842690042 -4.09 55.05 -25.39
1678842690047 7.14 51.09 -17.70
1678842690059 18.74 38.88 -9.52
1678842690065 24.48 30.40 -6.23
1678842690065 29.05 21.06 -3.66
1678842690076 34.06 3.05 -0.24
1678842690091 32.78 -9.89 2.32
1678842690091 26.92 -15.26 5.55
1678842690096 21.55 -13.43 10.31
1678842690097 20.87 -7.20 17.40
1678842690107 23.32 1.40 25.76
1678842690110 28.14 10.68 34.24
1678842690133 35.16 18.37 42.85
1678842690133 42.18 21.06 52.00
1678842690140 45.47 17.82 60.97
1678842690154 44.92 8.97 68.66
1678842690175 44.98 -3.97 74.95
1678842690175 45.04 -17.46 79.77
1678842690194 40.34 -27.89 82.34
1678842690194 34.12 -34.42 82.95
1678842690199 32.71 -36.38 82.89
1678842690209 34.48 -32.17 82.52
1678842690229 38.57 -22.34 83.01
1678842690239 45.78 -10.44 85.33
1678842690254 53.47 1.40 88.50
1678842690260 59.51 11.78 92.10
1678842690264 63.29 18.80 96.19
1678842690271 63.66 20.32 98.14
1678842690274 63.05 19.65 101.56
1678842690291 60.97 15.87 104.06
1678842690296 58.11 9.77 107.24
1678842690311 54.20 2.62 111.45
1678842690330 52.06 -0.85 113.95
1678842690334 50.66 -3.72 116.64
1678842690334 50.84 -7.93 121.95
1678842690338 54.44 -9.89 126.83
1678842690349 59.14 -9.03 129.70
1678842690367 61.34 -6.29 130.00
1678842690375 60.00 -2.99 127.56
1678842690385 57.56 -0.37 123.41
1678842690389 54.93 1.22 119.02
1678842690398 53.59 1.95 117.13
1678842690412 52.98 2.32 115.66
1678842690412 54.26 2.01 114.81
1678842690423 58.41 0.43 117.19
1678842690429 60.85 -0.55 119.08
1678842690436 63.23 -1.83 121.03
1678842690454 67.02 -6.16 126.71
1678842690466 62.44 -6.96 126.65
1678842690473 59.88 -7.39 125.85
1678842690483 57.50 -7.81 125.12
1678842690483 55.73 -8.61 124.45
1678842690492 56.27 -11.29 123.47
1678842690509 58.23 -10.99 123.90
1678842690509 60.79 -10.07 124.76
1678842690518 70.19 -6.10 127.87
1678842690526 73.85 -3.36 130.19
1678842690534 73.43 -2.20 130.98
1678842690545 71.78 -1.65 132.08
1678842690553 63.60 -5.13 137.39
1678842690555 60.30 -7.87 139.77
1678842690570 57.19 -11.05 142.03
1678842690575 49.13 -20.94 147.46
1678842690585 45.47 -25.76 148.19
1678842690589 44.56 -27.22 147.58
1678842690605 44.43 -27.89 146.48
1678842690617 48.65 -22.34 139.65
1678842690626 52.49 -18.07 136.78
1678842690630 55.11 -16.24 135.56
1678842690652 57.74 -14.47 134.83
1678842690661 66.35 -10.50 135.25
1678842690661 67.93 -10.68 136.17
1678842690669 69.03 -13.24 137.70
1678842690678 69.64 -15.08 138.18
1678842690690 70.25 -17.03 138.49
1678842690700 69.09 -22.46 138.92
1678842690701 69.09 -23.68 139.04
1678842690715 68.66 -24.05 139.16
1678842690722 65.73 -22.34 139.22
1678842690732 64.88 -20.57 139.10
1678842690736 63.84 -19.65 139.34
1678842690750 63.66 -18.80 140.01
1678842690760 61.10 -16.72 141.48
1678842690768 59.81 -16.91 140.81
1678842690780 58.35 -17.03 139.59
1678842690789 51.51 -17.52 133.61
1678842690789 48.89 -17.88 130.86
1678842690805 46.63 -18.25 127.93
1678842690816 48.16 -20.81 118.77
1678842690827 51.03 -21.30 117.43
1678842690829 57.37 -21.67 115.60
1678842690837 60.30 -21.67 114.93
1678842690850 62.93 -21.55 114.20
1678842690868 65.37 -20.39 109.56
1678842690882 64.21 -20.02 108.03
1678842690884 62.50 -19.71 106.63
1678842690891 57.50 -18.68 104.25
1678842690900 56.52 -17.70 104.92
1678842690911 56.95 -17.40 105.59
1678842690924 58.41 -17.27 106.26
1678842690928 65.00 -16.48 108.64
1678842690935 67.14 -16.11 110.17
1678842690940 67.99 -16.30 110.90
1678842690973 68.24 -16.72 111.76
1678842690973 65.67 -19.65 114.69
1678842690977 64.15 -21.06 115.97
1678842690981 62.62 -22.52 117.19
1678842690987 59.75 -25.02 120.30
1678842690995 57.37 -24.29 122.01
1678842691001 56.15 -23.38 122.44
1678842691016 55.36 -22.22 122.68
1678842691021 54.08 -17.46 121.70
1678842691035 52.98 -14.10 120.48
1678842693542 52.00 -10.62 118.71
1678842693542 51.09 -9.03 118.04
1678842693542 49.93 -7.57 117.37
1678842693542 44.80 -5.07 115.23
1678842693542 42.91 -5.07 114.14
1678842693542 41.87 -5.62 113.16
1678842693542 43.03 -9.09 111.27
1678842693542 44.68 -10.07 110.78
1678842693578 46.33 -10.99 109.99
1678842693595 -20.94 -11.78 0.00
1678842693601 -20.69 -9.95 -2.14
1678842693607 -18.19 -5.92 -6.71
1678842693611 -13.67 -0.98 -10.93
1678842693656 -7.51 3.97 -14.28
1678842693663 -1.59 7.26 -16.85
1678842693686 1.28 8.36 -18.74
1678842693697 0.18 7.69 -20.08
1678842693697 -1.89 7.14 -20.32
1678842693697 -3.97 6.47 -20.20
1678842693697 -7.63 5.98 -19.23
1678842693697 -11.60 6.96 -18.01
1678842693700 -16.30 8.79 -17.70
1678842693700 -17.03 8.67 -18.43
1678842693705 -18.01 7.81 -22.28
1678842693713 -18.31 7.45 -23.50
1678842693723 -16.60 5.43 -23.74
1678842693730 -15.87 4.33 -23.44
1678842693733 -15.81 3.11 -23.13
1678842693741 -16.97 1.16 -22.46
1678842693752 -19.41 -0.79 -22.09
1678842693757 -20.94 -2.01 -22.34
1678842693761 -22.34 -3.36 -22.77
1678842693776 -23.74 -4.64 -23.44
1678842693782 -26.92 -5.92 -24.90
1678842693792 -27.47 -5.31 -25.57
1678842693796 -28.50 -3.54 -27.22
1678842693803 -28.20 -2.50 -28.26
1678842693811 -27.04 -0.43 -30.52
1678842693819 -26.49 0.61 -31.62
1678842693836 -26.37 1.28 -32.65
1678842693837 -27.77 1.10 -35.10
1678842693843 -28.38 0.31 -35.95
1678842693860 -29.11 -0.73 -36.62
1678842693867 -32.17 -5.62 -38.09
1678842693871 -32.65 -6.59 -37.78
1678842693890 -32.78 -7.39 -37.11
1678842693893 -29.66 -9.77 -35.03
1678842693902 -25.82 -10.13 -34.91
1678842693909 -24.23 -10.07 -35.22
1678842693923 -24.23 -9.28 -35.58
1678842693927 -32.35 -2.32 -35.77
1678842693932 -35.52 0.55 -36.13
1678842693950 -37.90 3.30 -37.11
1678842693957 -42.48 14.53 -44.43
1678842693962 -43.46 17.15 -45.65
1678842693977 -44.01 19.17 -46.26
1678842693995 -32.23 17.52 -45.47
1678842693996 -25.88 14.40 -45.04
1678842694011 -18.86 10.80 -44.74
1678842694017 2.44 4.33 -42.79
1678842694034 2.56 6.23 -41.14
1678842694035 0.43 9.09 -39.12
1678842694043 -3.17 12.39 -37.05
1678842694052 -19.53 24.54 -31.86
1678842694057 -21.73 26.79 -31.25
1678842694067 -22.28 29.11 -30.52
1678842694073 -20.75 29.11 -29.97
1678842694087 -18.25 28.38 -29.11
1678842694098 -3.30 18.31 -20.02
1678842694107 2.14 9.22 -13.92
1678842694114 3.36 3.91 -10.99
1678842694123 3.30 -1.71 -8.24
1678842694133 2.32 -7.39 -5.92
1678842694137 -3.11 -20.69 -1.71
1678842694148 -5.68 -22.28 -1.22
1678842694152 -6.59 -21.06 -1.34
1678842694167 -7.63 -18.68 -1.65
1678842694177 -7.26 -4.15 -4.09
1678842694182 -4.58 -0.49 -4.15
1678842694188 -1.10 2.26 -3.91
1678842694197 6.47 4.94 -1.83
1678842694209 9.52 4.94 -0.61
1678842694218 11.90 4.09 0.49
1678842694228 9.70 0.79 2.50
1678842694232 7.63 0.85 2.87
1678842694238 6.23 1.40 3.36
1678842694254 5.49 2.44 3.97
1678842694258 4.76 7.14 5.92
1678842694269 5.49 9.52 6.29
1678842694272 6.59 10.74 6.35
1678842694277 8.18 12.21 6.41
1678842694287 11.60 15.56 7.20
1678842694292 13.49 17.15 8.06
1678842694297 14.89 18.55 8.97
1678842694308 16.05 20.20 11.47
1678842694317 16.05 19.59 14.53
1678842694323 16.54 18.07 16.91
1678842694332 17.33 15.81 19.59
1678842694348 17.58 10.80 25.51
1678842694349 15.81 4.27 30.46
1678842694360 14.71 0.43 31.98
1678842694360 13.67 -3.66 33.20
1678842694372 12.57 -7.75 34.06
1678842694378 10.86 -16.05 36.25
1678842694387 11.41 -16.97 38.57
1678842694392 11.78 -16.05 39.98
1678842694397 11.78 -14.59 41.38
1678842694411 10.80 -10.19 42.66
1678842694418 10.93 -5.43 42.72
1678842694430 12.27 -1.46 42.05
1678842694433 9.28 1.59 41.99
1678842694457 -0.31 8.54 42.66
1678842694457 -2.38 10.56 43.27
1678842694458 -3.05 11.17 43.82
1678842694468 -2.81 10.56 44.01
1678842694478 9.28 -1.95 41.20
1678842694483 12.33 -5.19 39.92
1678842694501 14.47 -7.69 38.51
1678842694502 15.56 -9.34 36.68
1678842694512 14.89 -8.73 36.68
1678842694512 14.28 -5.80 37.29
1678842694523 13.37 -2.32 38.15
1678842694533 11.05 0.92 39.06
1678842694543 9.83 4.09 39.49
1678842694555 5.25 5.92 37.78
1678842694562 1.59 5.19 33.75
1678842694569 0.79 4.70 31.56
1678842694573 0.06 4.58 29.48
1678842694586 -1.59 5.86 25.94
1678842694593 -2.99 9.58 22.16
1678842694602 -2.20 15.26 18.19
1678842694617 0.73 20.45 15.01
1678842694622 5.13 23.07 13.37
1678842694627 7.32 23.19 12.94
1678842694639 9.95 21.24 11.66
1678842694642 10.99 19.23 10.56
1678842694654 13.55 12.94 7.87
1678842694657 14.71 9.52 6.65
1678842694667 15.38 3.85 3.91
1678842694672 14.95 2.01 2.50
1678842694691 14.40 0.06 0.06
1678842694691 13.24 0.00 -2.26
1678842694702 11.23 1.53 -3.78
1678842694713 9.03 3.72 -4.46
1678842694722 6.53 5.07 -4.52
1678842694734 5.80 4.70 -4.94
1678842694737 6.47 4.21 -5.25
1678842694742 7.08 3.54 -5.68
1678842694752 6.90 2.26 -6.16
1678842694766 4.09 0.18 -6.71
1678842694773 -0.61 -2.14 -7.45
1678842694786 -6.16 -3.97 -8.48
1678842694792 -11.23 -5.19 -9.34
1678842694802 -13.37 -5.92 -10.38
1678842694812 -13.31 -5.68 -11.60
1678842694824 -13.79 -3.78 -12.02
1678842694832 -15.44 -0.18 -11.90
1678842694844 -17.70 5.55 -12.51
1678842694859 -19.04 12.08 -13.67
1678842694863 -16.60 16.54 -15.20
1678842694873 -10.31 17.33 -17.46
1678842694883 -2.69 15.08 -19.65
1678842694893 1.04 9.77 -21.06
1678842694903 1.65 3.36 -21.12
1678842694912 0.79 -1.77 -19.90
1678842694923 -0.73 -4.82 -17.09
1678842694933 -2.01 -5.19 -13.85
1678842694939 -2.38 -4.46 -12.21
1678842694947 -2.56 -1.59 -9.52
1678842694961 -2.38 1.83 -7.08
1678842694970 -1.95 5.25 -5.07
1678842694979 -1.53 7.26 -4.03
1678842694992 -1.53 7.02 -3.60
1678842694997 -2.38 5.00 -3.48
1678842695007 -2.75 3.30 -3.05
1678842695022 -4.39 2.01 -1.46
1678842695031 -8.30 0.98 0.55
1678842695037 -12.45 -0.18 1.95
1678842695049 -14.71 -0.79 2.32
1678842695062 -14.77 -0.55 1.77
1678842695069 -13.92 1.22 0.55
1678842695077 -12.27 3.72 -1.04
1678842695091 -10.99 6.35 -2.81
1678842695100 -11.05 8.00 -4.58
1678842695108 -10.86 7.69 -5.92
1678842695119 -9.16 5.80 -6.04
1678842695127 -7.63 4.15 -5.62
1678842695143 -5.13 3.17 -4.82
1678842695153 -1.83 2.93 -3.60
1678842695158 1.16 3.42 -2.69
1678842695169 2.38 4.15 -2.93
1678842695178 2.75 4.52 -3.91
1678842695188 2.26 4.52 -4.64
1678842695202 1.22 4.46 -4.76
1678842695207 0.85 3.66 -4.21
1678842695217 1.04 2.26 -3.48
1678842695230 0.73 0.98 -2.87
1678842695240 0.18 -0.31 -1.95
1678842695249 -0.24 -1.46 -0.85
1678842695260 -0.37 -1.83 -0.12
1678842695269 0.00 -1.95 -0.06
1678842695269 0.37 -1.77 0.18
1678842695278 1.16 -1.10 0.12
1678842695292 1.71 -0.24 -0.06
1678842695297 1.65 0.49 -0.55
1678842695307 0.55 0.92 -0.92
1678842695313 -0.43 1.22 -1.16
1678842695322 -1.46 1.46 -1.16
1678842695330 -2.81 1.59 -1.16
1678842695340 -3.17 1.16 -0.79
1678842695344 -3.30 1.04 -0.92
1678842695353 -3.05 0.98 -1.04
1678842695357 -2.32 0.73 -1.28
1678842695378 -1.53 0.49 -1.34
1678842695391 -0.43 0.06 -1.40
1678842695392 1.40 -0.55 -1.28
1678842695396 1.10 -0.49 -0.85
1678842695398 0.85 -0.49 -0.43
1678842695408 0.00 -0.43 0.37
1678842695412 -0.73 -0.43 0.67
1678842695418 -1.40 -0.61 0.92
1678842695430 -2.75 -0.92 1.04
1678842695438 -3.54 -0.61 0.98
1678842695447 -3.85 0.06 0.24
1678842695453 -3.78 0.55 -0.18
1678842695464 -2.81 1.40 -1.22
1678842695474 -1.65 1.53 -1.77
1678842695475 -0.61 1.46 -2.32
1678842695490 0.12 1.46 -2.81
1678842695501 -0.18 0.37 -4.52
1678842695503 -0.92 -0.12 -4.64
1678842695508 -1.83 -0.49 -4.70
1678842695523 -3.17 -1.04 -4.15
1678842695523 -3.54 -1.10 -3.78
1678842695538 -3.48 -1.16 -3.30
1678842695544 -0.98 -1.28 -2.69
1678842695549 0.31 -1.34 -2.50
1678842695563 1.59 -1.28 -2.50
1678842695573 2.20 0.00 -2.75
1678842695579 1.22 0.43 -2.93
1678842695583 -0.06 0.73 -3.42
1678842695600 -1.10 0.67 -3.97
1678842695603 -5.68 2.81 -8.91
1678842695608 -5.49 3.42 -9.64
1678842695613 -4.82 3.78 -10.13
1678842695623 -4.76 4.58 -11.29
1678842695631 -4.39 4.82 -11.29
1678842695638 -1.65 5.00 -10.31
1678842695643 -0.73 4.88 -9.58
1678842695654 -0.31 3.85 -8.91
1678842695658 0.24 3.05 -8.54
1678842695667 0.92 2.14 -8.06
1678842695674 1.59 0.61 -6.96
1678842695678 1.04 -0.06 -6.53
1678842695695 0.18 -0.61 -6.29
1678842695703 -2.75 -1.40 -6.77
1678842695712 -3.30 -1.34 -6.90
1678842695716 -3.30 -1.22 -6.84
1678842695724 -2.08 -0.92 -6.35
1678842695734 -0.24 -1.16 -5.25
1678842695738 0.49 -1.40 -4.64
1678842695744 0.92 -1.71 -3.97
1678842695758 1.04 -2.08 -3.48
1678842695766 -1.89 -3.36 -3.05
1678842695768 -3.42 -3.54 -3.11
1678842695776 -5.00 -3.36 -3.23
1678842695784 -8.12 -2.08 -3.48
1678842695793 -9.22 -0.24 -3.54
1678842695799 -8.79 0.43 -3.48
1678842695807 -6.59 1.65 -3.66
1678842695814 -5.49 1.95 -3.72
1678842695823 -3.54 1.95 -3.97
1678842695828 -2.81 1.65 -4.03
1678842695839 -2.08 0.61 -4.15
1678842695844 -1.89 0.12 -4.15
1678842695848 -2.01 -0.61 -4.09
1678842695863 -2.20 -1.22 -3.97
1678842695873 -2.75 -2.20 -2.44
1678842695879 -3.23 -2.01 -1.89
1678842695883 -3.85 -1.59 -1.53
1678842695893 -4.52 -0.49 -1.28
1678842695900 -4.58 0.12 -1.34
1678842695914 -4.46 0.61 -1.40
1678842695924 -1.59 1.65 -2.44
1678842695930 -0.98 1.65 -2.69
1678842695933 -0.43 1.46 -2.99
1678842695943 0.12 1.16 -2.99
1678842695948 0.06 0.92 -2.93
1678842695963 -0.31 0.67 -2.69
1678842695975 -3.17 -0.37 -2.38
1678842695978 -3.54 -0.49 -2.56
1678842695983 -3.66 -0.43 -2.99
1678842695992 -2.38 0.00 -3.97
1678842696004 -1.22 0.49 -4.39
1678842696013 0.12 1.16 -4.64
1678842696021 3.91 3.36 -4.39
1678842696030 4.64 4.46 -3.78
1678842696033 4.09 4.88 -3.60
1678842696043 1.95 5.49 -3.11
1678842696053 -0.31 5.74 -2.20
1678842696059 -0.98 5.49 -1.65
1678842696064 -1.22 5.00 -1.22
1678842696078 -0.85 4.09 -0.12
1678842696084 -0.12 3.60 1.10
1678842696089 0.12 3.60 1.83
1678842696093 0.43 3.66 2.38
1678842696109 1.40 4.03 3.72
1678842696110 1.95 4.21 4.58
1678842696113 2.69 4.15 5.43
1678842696123 3.48 4.21 6.90
1678842696130 3.42 4.21 7.32
1678842696139 2.75 3.91 7.93
1678842696146 2.01 3.91 8.00
1678842696150 1.34 3.78 8.06
1678842696159 0.37 3.91 7.81
1678842696168 0.43 3.97 7.57
1678842696175 1.04 4.33 7.45
1678842696187 1.46 4.58 7.20
1678842696196 2.08 4.15 7.08
1678842696199 4.46 2.87 7.14
1678842696209 6.04 1.10 7.81
1678842696222 6.29 -0.79 8.48
1678842696230 7.08 -2.75 9.28
1678842696238 6.96 -3.91 9.83
1678842696244 6.71 -4.15 10.01
1678842696249 6.53 -4.39 10.01
1678842696258 6.16 -4.09 9.34
1678842696264 5.49 -3.54 8.79
1678842696278 4.64 -2.87 8.24
1678842696283 3.11 -0.24 6.65
1678842696293 2.87 1.34 5.92
1678842696299 2.69 1.89 5.49
1678842696315 2.81 2.20 5.00
1678842696318 3.91 1.59 5.49
1678842696328 4.21 0.37 6.53
1678842696338 4.21 -1.89 7.26
1678842696348 4.03 -3.05 7.51
1678842696356 3.48 -4.64 7.45
1678842696363 2.01 -4.82 7.45
1678842696368 1.71 -4.70 7.63
1678842696380 0.79 -3.36 8.18
1678842696391 0.24 -1.04 9.46
1678842696396 0.43 0.00 10.38
1678842696417 2.20 1.10 12.45
1678842696417 3.72 1.10 13.43
1678842696429 6.16 0.06 15.14
1678842696430 7.20 -1.95 16.60
1678842696439 7.14 -4.52 17.70
1678842696448 5.86 -6.71 18.43
1678842696459 3.91 -7.45 19.23
1678842696469 3.11 -6.77 20.02
1678842696478 4.27 -4.58 20.87
1678842696488 6.47 -2.08 21.73
1678842696498 8.85 -0.31 22.83
1678842696511 11.23 0.37 24.05
1678842696523 12.63 -0.92 25.63
1678842696529 12.57 -4.03 26.79
1678842696539 11.05 -7.93 27.59
1678842696549 8.12 -10.99 28.20
1678842696558 5.00 -11.96 28.50
1678842696568 2.01 -10.44 28.38
1678842696578 0.73 -7.51 28.02
1678842696592 2.56 -4.64 27.28
1678842696600 7.14 -2.62 26.37
1678842696608 11.90 -1.95 24.84
1678842696618 15.56 -2.99 23.01
1678842696633 16.24 -5.25 21.48
1678842696639 13.43 -7.08 20.69
1678842696648 9.40 -8.18 21.00
1678842696658 6.29 -8.85 22.16
1678842696671 5.37 -9.16 23.32
1678842696679 5.68 -8.85 24.60
1678842696690 6.47 -7.93 25.45
1678842696698 6.29 -6.77 25.88
1678842696708 4.46 -5.19 25.51
1678842696719 1.71 -2.32 24.96
1678842696730 -0.61 0.98 23.56
1678842696740 -1.65 3.78 21.36
1678842696743 -1.71 4.88 20.26
1678842696753 -1.53 6.23 18.43
1678842696766 -1.16 6.65 17.64
1678842696773 -1.04 6.16 18.01
1678842696784 -0.61 4.88 19.35
1678842696795 0.37 3.11 20.94
1678842696808 1.04 1.46 21.79
1678842696814 1.59 0.18 21.85
1678842696823 1.95 -0.73 21.12
1678842696835 2.44 -1.10 20.57
1678842696844 2.81 -1.59 20.39
1678842696859 2.50 -1.65 21.42
1678842696867 1.22 -1.53 23.19
1678842696877 -0.55 -1.83 24.90
1678842696884 -2.50 -2.50 25.88
1678842696894 -3.42 -3.36 26.00
1678842696911 -2.69 -4.09 25.63
1678842696914 -1.22 -4.94 25.02
1678842696924 -0.98 -5.31 24.29
1678842696933 -2.69 -4.82 23.50
1678842696943 -5.07 -4.03 22.89
1678842696955 -6.90 -3.23 22.22
1678842696961 -7.51 -2.81 21.85
1678842696965 -7.63 -2.32 21.42
1678842696973 -7.57 -1.83 20.69
1678842696989 -6.84 -2.32 20.39
1678842696994 -6.59 -3.48 20.08
1678842697000 -7.08 -4.46 19.71
1678842697007 -7.63 -5.43 19.17
1678842697019 -8.42 -6.59 18.49
1678842697026 -9.64 -9.77 15.87
1678842697034 -7.63 -11.47 13.85
1678842697038 -6.10 -12.08 12.82
1678842697048 -2.75 -12.94 10.74
1678842697055 -1.53 -13.24 9.52
1678842697058 -0.43 -13.43 8.18
1678842697074 0.67 -13.79 6.84
1678842697085 6.35 -14.59 3.42
1678842697096 6.35 -14.71 2.81
1678842697099 5.80 -14.47 2.87
1678842697109 4.82 -13.85 2.99
1678842697120 3.60 -12.82 3.11
1678842697123 2.62 -8.67 3.42
1678842697139 5.49 -5.00 1.77
1678842697139 6.47 -3.05 0.55
1678842697144 7.20 -1.10 -0.73
1678842697159 7.57 0.92 -1.83
1678842697165 7.87 7.14 -4.46
