1678842675875 0.25 0.60 -0.28
1678842675876 0.22 0.60 -0.29
1678842675895 0.20 0.61 -0.30
1678842675895 0.19 0.62 -0.29
1678842675895 0.17 0.62 -0.29
1678842675903 0.16 0.62 -0.29
1678842675939 0.13 0.62 -0.29
1678842675939 0.11 0.61 -0.31
1678842675940 0.11 0.61 -0.32
1678842675940 0.10 0.61 -0.33
1678842675946 0.10 0.61 -0.35
1678842675968 0.10 0.61 -0.39
1678842675968 0.10 0.62 -0.42
1678842675968 0.10 0.63 -0.44
1678842675968 0.10 0.63 -0.44
1678842675986 0.10 0.64 -0.45
1678842676001 0.10 0.65 -0.48
1678842676001 0.10 0.64 -0.48
1678842676010 0.07 0.58 -0.46
1678842676041 0.05 0.57 -0.37
1678842676041 0.06 0.58 -0.33
1678842676041 0.08 0.60 -0.29
1678842676041 0.08 0.59 -0.29
1678842676045 0.08 0.57 -0.30
1678842676079 0.07 0.55 -0.32
1678842676079 0.12 0.53 -0.39
1678842676079 0.13 0.54 -0.39
1678842676080 0.14 0.55 -0.39
1678842676105 0.15 0.55 -0.38
1678842676105 0.16 0.55 -0.35
1678842676106 0.17 0.56 -0.33
1678842676112 0.18 0.56 -0.32
1678842676121 0.19 0.57 -0.30
1678842676186 0.19 0.57 -0.29
1678842676621 0.18 0.56 -0.28
1678842676621 0.17 0.54 -0.25
1678842676621 0.16 0.52 -0.23
1678842678033 0.15 0.51 -0.21
1678842678034 0.13 0.46 -0.11
1678842678034 0.13 0.45 -0.09
1678842678034 0.13 0.44 -0.07
1678842678034 0.13 0.43 -0.05
1678842678034 0.06 0.50 -0.14
1678842678053 -0.33 0.54 -0.18
1678842678053 -0.35 0.54 -0.14
1678842678086 -0.34 0.56 -0.12
1678842678087 -0.13 0.73 -0.09
1678842678095 -0.14 0.74 -0.08
1678842678102 -0.14 0.74 -0.07
1678842678140 -0.15 0.74 -0.04
1678842678152 -0.16 0.73 -0.03
1678842678152 -0.16 0.73 -0.02
1678842678167 -0.17 0.72 -0.02
1678842678177 -0.17 0.72 -0.03
1678842678178 -0.18 0.72 -0.03
1678842678178 -0.18 0.72 -0.04
1678842678179 -0.19 0.72 -0.06
1678842678188 -0.19 0.72 -0.06
1678842678193 -0.24 0.72 -0.03
1678842678204 -0.25 0.72 -0.03
1678842678221 -0.25 0.72 -0.04
1678842678221 -0.28 0.70 -0.03
1678842678229 -0.28 0.69 -0.04
1678842678241 -0.28 0.68 -0.04
1678842678241 -0.28 0.68 -0.04
1678842678280 -0.28 0.66 -0.04
1678842678297 -0.28 0.66 -0.04
1678842678306 -0.28 0.67 -0.04
1678842678320 -0.29 0.69 -0.06
1678842678320 -0.29 0.69 -0.07
1678842678339 -0.30 0.69 -0.08
1678842678345 -0.30 0.69 -0.10
1678842678345 -0.30 0.69 -0.12
1678842678361 -0.31 0.68 -0.13
1678842678380 -0.38 0.56 -0.08
1678842678394 -0.38 0.56 -0.05
1678842678411 -0.34 0.58 -0.00
1678842678412 -0.34 0.58 -0.03
1678842678451 -0.38 0.54 -0.11
1678842678470 -0.37 0.55 -0.23
1678842678493 -0.34 0.57 -0.29
1678842678493 -0.30 0.58 -0.34
1678842678506 -0.22 0.59 -0.49
1678842678509 -0.22 0.59 -0.48
1678842678533 -0.27 0.54 -0.11
1678842678550 -0.28 0.50 0.01
1678842678557 -0.28 0.41 0.12
1678842678561 -0.28 0.40 0.10
1678842678570 -0.24 0.47 -0.15
1678842678584 -0.26 0.48 -0.17
1678842678590 -0.27 0.47 -0.17
1678842678605 -0.28 0.48 -0.17
1678842678618 -0.28 0.47 -0.10
1678842678639 -0.27 0.46 -0.07
1678842678665 -0.25 0.42 -0.02
1678842678687 -0.24 0.42 -0.01
1678842678700 -0.25 0.42 0.02
1678842678708 -0.26 0.41 0.03
1678842678709 -0.28 0.41 0.06
1678842678720 -0.29 0.42 0.07
1678842678735 -0.33 0.42 0.12
1678842678751 -0.35 0.42 0.15
1678842678762 -0.34 0.39 0.13
1678842678769 -0.33 0.38 0.12
1678842678782 -0.34 0.39 0.04
1678842678802 -0.35 0.39 0.03
1678842678810 -0.37 0.40 0.01
1678842678819 -0.38 0.41 0.01
1678842678835 -0.40 0.42 0.01
1678842678835 -0.40 0.42 0.01
1678842678835 -0.41 0.44 -0.04
1678842678849 -0.41 0.44 -0.05
1678842678852 -0.42 0.45 -0.07
1678842678868 -0.43 0.46 -0.07
1678842678881 -0.46 0.48 -0.08
1678842678888 -0.46 0.49 -0.07
1678842678889 -0.49 0.50 -0.07
1678842678906 -0.49 0.51 -0.07
1678842678927 -0.49 0.51 -0.07
1678842678927 -0.48 0.51 -0.07
1678842678930 -0.48 0.51 -0.08
1678842678930 -0.46 0.50 -0.09
1678842678931 -0.45 0.50 -0.10
1678842678934 -0.45 0.50 -0.11
1678842678953 -0.45 0.51 -0.12
1678842678973 -0.45 0.52 -0.13
1678842678990 -0.53 0.48 -0.10
1678842679003 -0.54 0.49 -0.08
1678842679034 -0.54 0.51 -0.05
1678842679034 -0.49 0.57 -0.03
1678842679034 -0.48 0.56 -0.06
1678842679040 -0.48 0.55 -0.08
1678842679041 -0.47 0.55 -0.11
1678842679058 -0.42 0.55 -0.15
1678842679064 -0.39 0.56 -0.18
1678842679077 -0.35 0.56 -0.19
1678842679089 -0.36 0.51 -0.07
1678842679105 -0.35 0.51 -0.00
1678842679105 -0.35 0.52 0.02
1678842679105 -0.35 0.51 0.05
1678842679106 -0.35 0.50 0.05
1678842679111 -0.34 0.50 0.04
1678842679111 -0.32 0.51 0.03
1678842679121 -0.30 0.51 -0.00
1678842679124 -0.29 0.53 -0.04
1678842679139 -0.28 0.54 -0.09
1678842679160 -0.28 0.55 -0.14
1678842679160 -0.28 0.54 -0.17
1678842679165 -0.29 0.53 -0.17
1678842679199 -0.29 0.52 -0.13
1678842679199 -0.29 0.50 -0.07
1678842679202 -0.29 0.48 -0.00
1678842679202 -0.29 0.48 0.02
1678842679217 -0.30 0.47 0.04
1678842679222 -0.30 0.46 0.04
1678842679245 -0.30 0.47 0.04
1678842679245 -0.30 0.48 0.03
1678842679258 -0.30 0.50 0.03
1678842679266 -0.31 0.49 0.03
1678842679272 -0.32 0.50 0.03
1678842679274 -0.32 0.50 0.06
1678842679278 -0.33 0.50 0.10
1678842679288 -0.34 0.50 0.12
1678842679299 -0.35 0.50 0.15
1678842679308 -0.36 0.50 0.17
1678842679318 -0.36 0.51 0.17
1678842679328 -0.36 0.53 0.15
1678842679338 -0.36 0.54 0.12
1678842679348 -0.36 0.55 0.09
1678842679364 -0.36 0.56 0.06
1678842679369 -0.37 0.58 0.04
1678842679385 -0.38 0.58 0.03
1678842679392 -0.38 0.59 0.04
1678842679403 -0.39 0.59 0.06
1678842679422 -0.39 0.59 0.07
1678842679435 -0.39 0.60 0.07
1678842679435 -0.38 0.60 0.06
1678842679455 -0.38 0.61 0.04
1678842679468 -0.39 0.61 0.02
1678842679468 -0.40 0.62 0.02
1678842679476 -0.41 0.62 0.01
1678842679486 -0.42 0.63 0.02
1678842679508 -0.43 0.63 0.03
1678842679525 -0.44 0.63 0.02
1678842679530 -0.44 0.64 -0.01
1678842679538 -0.42 0.64 -0.05
1678842679538 -0.40 0.64 -0.11
1678842679554 -0.38 0.65 -0.15
1678842679554 -0.37 0.65 -0.18
1678842679558 -0.36 0.65 -0.21
1678842679569 -0.38 0.62 -0.23
1678842679598 -0.42 0.57 -0.20
1678842679607 -0.42 0.56 -0.15
1678842679613 -0.41 0.57 -0.10
1678842679621 -0.38 0.60 0.02
1678842679626 -0.38 0.59 0.03
1678842679629 -0.39 0.56 0.03
1678842679630 -0.39 0.53 -0.00
1678842679638 -0.36 0.55 -0.05
1678842679654 -0.32 0.58 -0.11
1678842679669 -0.31 0.59 -0.18
1678842679672 -0.32 0.60 -0.22
1678842679673 -0.32 0.60 -0.23
1678842679683 -0.32 0.60 -0.24
1678842679699 -0.33 0.60 -0.23
1678842679706 -0.31 0.55 -0.15
1678842679707 -0.30 0.53 -0.11
1678842679713 -0.30 0.51 -0.08
1678842679721 -0.29 0.46 -0.01
1678842679729 -0.28 0.43 0.03
1678842679741 -0.28 0.42 0.04
1678842679741 -0.28 0.41 0.05
1678842679752 -0.27 0.41 0.03
1678842679752 -0.28 0.41 0.01
1678842679776 -0.28 0.42 -0.01
1678842679776 -0.30 0.46 -0.05
1678842679787 -0.31 0.47 -0.06
1678842679800 -0.31 0.48 -0.07
1678842679800 -0.33 0.50 -0.07
1678842679809 -0.33 0.50 -0.06
1678842679819 -0.33 0.51 -0.06
1678842679839 -0.30 0.50 0.01
1678842679839 -0.30 0.50 0.02
1678842679848 -0.30 0.49 0.03
1678842679854 -0.29 0.49 0.04
1678842679868 -0.30 0.48 0.08
1678842679877 -0.30 0.48 0.10
1678842679893 -0.31 0.47 0.11
1678842679893 -0.32 0.47 0.14
1678842679903 -0.33 0.47 0.16
1678842679908 -0.34 0.47 0.17
1678842679911 -0.35 0.48 0.17
1678842679925 -0.35 0.48 0.18
1678842679932 -0.36 0.49 0.17
1678842679937 -0.36 0.49 0.16
1678842679944 -0.37 0.50 0.14
1678842679956 -0.37 0.50 0.13
1678842679960 -0.37 0.51 0.11
1678842679971 -0.37 0.51 0.10
1678842679979 -0.38 0.53 0.07
1678842679984 -0.39 0.53 0.06
1678842679990 -0.39 0.54 0.05
1678842680006 -0.40 0.55 0.03
1678842680014 -0.41 0.57 -0.01
1678842680016 -0.42 0.57 -0.02
1678842680024 -0.42 0.57 -0.03
1678842680033 -0.43 0.59 -0.07
1678842680039 -0.43 0.60 -0.08
1678842680044 -0.42 0.60 -0.09
1678842680055 -0.43 0.60 -0.10
1678842680058 -0.43 0.60 -0.11
1678842680076 -0.43 0.60 -0.11
1678842680085 -0.45 0.61 -0.09
1678842680097 -0.45 0.61 -0.06
1678842680099 -0.44 0.61 -0.06
1678842680117 -0.44 0.62 -0.05
1678842680126 -0.42 0.64 -0.10
1678842680135 -0.40 0.66 -0.14
1678842680138 -0.39 0.66 -0.17
1678842680143 -0.39 0.65 -0.20
1678842680160 -0.39 0.65 -0.23
1678842680166 -0.40 0.62 -0.24
1678842680168 -0.39 0.62 -0.23
1678842680180 -0.37 0.65 -0.20
1678842680184 -0.37 0.65 -0.20
1678842680188 -0.36 0.65 -0.20
1678842680204 -0.36 0.64 -0.21
1678842680214 -0.32 0.62 -0.22
1678842680221 -0.30 0.62 -0.22
1678842680224 -0.28 0.62 -0.21
1678842680239 -0.27 0.61 -0.21
1678842680244 -0.25 0.60 -0.17
1678842680249 -0.25 0.59 -0.16
1678842680254 -0.25 0.59 -0.15
1678842680271 -0.26 0.59 -0.13
1678842680279 -0.30 0.57 -0.02
1678842680284 -0.31 0.56 0.01
1678842680299 -0.32 0.55 0.06
1678842680309 -0.33 0.55 0.17
1678842680314 -0.33 0.56 0.18
1678842680319 -0.33 0.56 0.19
1678842680328 -0.33 0.56 0.18
1678842680334 -0.33 0.56 0.16
1678842680344 -0.32 0.56 0.11
1678842680349 -0.31 0.56 0.07
1678842680362 -0.29 0.55 -0.00
1678842680368 -0.28 0.55 -0.03
1678842680376 -0.27 0.55 -0.08
1678842680385 -0.26 0.55 -0.10
1678842680390 -0.26 0.54 -0.11
1678842680395 -0.26 0.53 -0.10
1678842680400 -0.26 0.52 -0.08
1678842680410 -0.27 0.52 -0.03
1678842680414 -0.28 0.52 0.00
1678842680430 -0.29 0.51 0.04
1678842680445 -0.32 0.52 0.11
1678842680445 -0.32 0.51 0.11
1678842680451 -0.33 0.51 0.10
1678842680465 -0.33 0.51 0.09
1678842680473 -0.32 0.52 0.07
1678842680479 -0.33 0.52 0.07
1678842680491 -0.34 0.52 0.09
1678842680494 -0.34 0.52 0.11
1678842680500 -0.35 0.52 0.12
1678842680509 -0.37 0.53 0.15
1678842680531 -0.37 0.54 0.16
1678842680531 -0.38 0.54 0.16
1678842680539 -0.39 0.54 0.15
1678842680549 -0.38 0.54 0.12
1678842680554 -0.38 0.55 0.10
1678842680559 -0.37 0.55 0.08
1678842680574 -0.37 0.55 0.07
1678842680585 -0.38 0.55 0.04
1678842680589 -0.39 0.55 0.04
1678842680600 -0.40 0.56 0.04
1678842680612 -0.41 0.56 0.03
1678842680613 -0.41 0.56 0.03
1678842680620 -0.42 0.56 0.03
1678842680632 -0.43 0.56 0.02
1678842680638 -0.44 0.56 -0.00
1678842680646 -0.44 0.56 -0.01
1678842680659 -0.44 0.57 -0.02
1678842680665 -0.45 0.57 -0.03
1678842680675 -0.45 0.58 -0.05
1678842680684 -0.45 0.59 -0.06
1678842680690 -0.44 0.60 -0.10
1678842680699 -0.42 0.60 -0.14
1678842680724 -0.42 0.60 -0.17
1678842680751 -0.43 0.60 -0.18
1678842680775 -0.44 0.60 -0.19
1678842680798 -0.46 0.59 -0.19
1678842680808 -0.50 0.54 -0.17
1678842680827 -0.52 0.52 -0.15
1678842680827 -0.50 0.54 -0.09
1678842680827 -0.46 0.55 -0.05
1678842680834 -0.47 0.54 -0.04
1678842680834 -0.49 0.51 -0.05
1678842680836 -0.51 0.47 -0.08
1678842680875 -0.47 0.51 -0.12
1678842680875 -0.44 0.57 -0.22
1678842680901 -0.44 0.59 -0.28
1678842680901 -0.44 0.60 -0.31
1678842680913 -0.44 0.59 -0.30
1678842680930 -0.43 0.56 -0.21
1678842680938 -0.43 0.54 -0.15
1678842680941 -0.42 0.52 -0.09
1678842680942 -0.42 0.47 0.08
1678842680942 -0.42 0.45 0.15
1678842680942 -0.42 0.44 0.16
1678842680958 -0.41 0.41 0.13
1678842680969 -0.40 0.41 0.06
1678842680981 -0.36 0.45 -0.08
1678842680995 -0.35 0.46 -0.10
1678842681003 -0.35 0.48 -0.12
1678842681019 -0.36 0.48 -0.12
1678842681029 -0.37 0.48 -0.08
1678842681049 -0.37 0.49 -0.05
1678842681049 -0.36 0.49 0.01
1678842681108 -0.37 0.49 0.06
1678842681129 -0.38 0.48 0.09
1678842681137 -0.38 0.47 0.11
1678842681137 -0.40 0.47 0.13
1678842681137 -0.40 0.47 0.13
1678842681153 -0.40 0.48 0.14
1678842681173 -0.41 0.48 0.15
1678842681176 -0.42 0.49 0.14
1678842681207 -0.43 0.50 0.14
1678842681217 -0.42 0.50 0.04
1678842681227 -0.42 0.50 0.03
1678842681249 -0.45 0.51 0.02
1678842681249 -0.47 0.52 0.00
1678842681253 -0.49 0.54 -0.01
1678842681279 -0.50 0.56 -0.03
1678842681285 -0.50 0.57 -0.05
1678842681327 -0.50 0.58 -0.07
1678842681327 -0.49 0.59 -0.08
1678842681330 -0.50 0.60 -0.10
1678842681331 -0.49 0.61 -0.15
1678842681369 -0.49 0.61 -0.17
1678842681382 -0.49 0.61 -0.18
1678842681410 -0.48 0.60 -0.19
1678842681435 -0.48 0.60 -0.20
1678842681435 -0.48 0.59 -0.20
1678842681452 -0.49 0.62 -0.15
1678842681454 -0.49 0.62 -0.17
1678842681475 -0.48 0.62 -0.19
1678842681491 -0.48 0.62 -0.23
1678842681504 -0.42 0.62 -0.16
1678842681515 -0.41 0.61 -0.12
1678842681532 -0.43 0.57 0.06
1678842681543 -0.44 0.57 0.07
1678842681544 -0.45 0.58 0.09
1678842681556 -0.45 0.61 0.09
1678842681570 -0.45 0.63 0.03
1678842681573 -0.45 0.63 0.01
1678842681585 -0.40 0.63 -0.11
1678842681590 -0.39 0.62 -0.12
1678842681590 -0.35 0.59 -0.14
1678842681630 -0.35 0.58 -0.12
1678842681631 -0.35 0.56 -0.08
1678842681663 -0.35 0.55 -0.03
1678842681685 -0.36 0.55 0.03
1678842681686 -0.36 0.55 0.04
1678842681686 -0.37 0.56 0.06
1678842681688 -0.38 0.57 0.09
1678842681706 -0.38 0.57 0.10
1678842681707 -0.39 0.57 0.11
1678842681707 -0.41 0.58 0.16
1678842681732 -0.41 0.58 0.17
1678842681757 -0.47 0.59 0.14
1678842681780 -0.47 0.59 0.13
1678842681788 -0.47 0.60 0.12
1678842681788 -0.47 0.61 0.11
1678842681788 -0.47 0.61 0.10
1678842681799 -0.47 0.61 0.10
1678842681818 -0.48 0.61 0.06
1678842681818 -0.48 0.62 0.06
1678842681833 -0.49 0.62 0.01
1678842681834 -0.49 0.62 0.00
1678842681834 -0.50 0.61 -0.03
1678842681839 -0.51 0.61 -0.03
1678842681857 -0.53 0.61 -0.03
1678842681857 -0.54 0.62 -0.02
1678842681859 -0.55 0.62 -0.02
1678842681894 -0.55 0.63 -0.03
1678842681894 -0.56 0.66 -0.07
1678842681909 -0.56 0.67 -0.09
1678842681924 -0.56 0.67 -0.13
1678842681943 -0.55 0.67 -0.16
1678842681954 -0.54 0.67 -0.18
1678842681954 -0.53 0.67 -0.20
1678842681968 -0.54 0.62 -0.19
1678842681968 -0.57 0.58 -0.13
1678842681970 -0.57 0.59 -0.04
1678842682004 -0.56 0.60 0.01
1678842682004 -0.56 0.57 0.02
1678842682004 -0.57 0.55 0.01
1678842682005 -0.50 0.57 -0.16
1678842682018 -0.48 0.57 -0.21
1678842682030 -0.46 0.58 -0.25
1678842682044 -0.46 0.58 -0.27
1678842682044 -0.47 0.55 -0.25
1678842682046 -0.49 0.53 -0.21
1678842682062 -0.52 0.49 -0.05
1678842682062 -0.53 0.49 -0.00
1678842682063 -0.53 0.48 0.04
1678842682073 -0.53 0.42 0.08
1678842682075 -0.53 0.42 0.05
1678842682075 -0.53 0.42 0.02
1678842682097 -0.52 0.43 -0.03
1678842682112 -0.49 0.48 -0.16
1678842682125 -0.48 0.51 -0.22
1678842682130 -0.48 0.52 -0.23
1678842682138 -0.48 0.52 -0.23
1678842682154 -0.48 0.52 -0.20
1678842682195 -0.48 0.51 -0.17
1678842682195 -0.47 0.51 -0.09
1678842682195 -0.47 0.50 -0.04
1678842682195 -0.46 0.50 0.00
1678842682208 -0.43 0.48 0.14
1678842682225 -0.43 0.47 0.17
1678842682225 -0.44 0.47 0.18
1678842682238 -0.45 0.46 0.19
1678842682242 -0.51 0.48 0.15
1678842682242 -0.52 0.49 0.14
1678842682259 -0.52 0.50 0.13
1678842682286 -0.53 0.50 0.13
1678842682286 -0.55 0.52 0.12
1678842682286 -0.55 0.51 0.11
1678842682287 -0.55 0.51 0.11
1678842682288 -0.55 0.50 0.09
1678842682303 -0.53 0.50 0.03
1678842682324 -0.54 0.50 0.02
1678842682338 -0.54 0.50 0.01
1678842682373 -0.56 0.51 -0.00
1678842682373 -0.57 0.51 -0.00
1678842682379 -0.58 0.52 -0.01
1678842682380 -0.60 0.55 -0.02
1678842682380 -0.62 0.57 -0.04
1678842682403 -0.64 0.59 -0.07
1678842682403 -0.65 0.61 -0.08
1678842682411 -0.66 0.62 -0.11
1678842682412 -0.65 0.67 -0.25
1678842682414 -0.65 0.68 -0.26
1678842682415 -0.64 0.68 -0.27
1678842682450 -0.65 0.68 -0.26
1678842682459 -0.65 0.67 -0.21
1678842682470 -0.65 0.66 -0.18
1678842682478 -0.66 0.64 -0.16
1678842682490 -0.68 0.61 -0.13
1678842682498 -0.68 0.63 -0.00
1678842682509 -0.66 0.67 -0.01
1678842682518 -0.65 0.67 -0.05
1678842682519 -0.65 0.66 -0.11
1678842682556 -0.64 0.64 -0.24
1678842682556 -0.62 0.63 -0.29
1678842682556 -0.59 0.64 -0.33
1678842682557 -0.50 0.68 -0.37
1678842682574 -0.51 0.66 -0.30
1678842682581 -0.52 0.64 -0.26
1678842682581 -0.53 0.63 -0.20
1678842682581 -0.53 0.62 -0.16
1678842682581 -0.50 0.60 0.02
1678842682614 -0.49 0.59 0.05
1678842682617 -0.49 0.58 0.11
1678842682617 -0.50 0.58 0.13
1678842682638 -0.50 0.58 0.13
1678842682638 -0.50 0.58 0.12
1678842682667 -0.48 0.61 0.08
1678842682695 -0.47 0.63 0.03
1678842682715 -0.48 0.64 0.00
1678842682715 -0.48 0.65 -0.03
1678842682717 -0.48 0.65 -0.05
1678842682718 -0.48 0.64 -0.09
1678842682731 -0.48 0.63 -0.10
1678842682740 -0.47 0.63 -0.09
1678842682741 -0.46 0.61 -0.06
1678842682744 -0.48 0.57 0.11
1678842682749 -0.48 0.56 0.12
1678842682784 -0.49 0.56 0.14
1678842682797 -0.49 0.56 0.14
1678842682801 -0.50 0.57 0.14
1678842682812 -0.51 0.58 0.14
1678842682827 -0.52 0.58 0.14
1678842682828 -0.53 0.59 0.14
1678842682838 -0.54 0.60 0.14
1678842682858 -0.55 0.60 0.14
1678842682900 -0.57 0.58 0.15
1678842682911 -0.57 0.58 0.15
1678842682911 -0.57 0.57 0.14
1678842682911 -0.57 0.57 0.13
1678842682933 -0.58 0.58 0.11
1678842682966 -0.59 0.59 0.10
1678842682980 -0.60 0.61 0.08
1678842682990 -0.61 0.61 0.07
1678842682997 -0.65 0.66 0.05
1678842683027 -0.65 0.66 0.04
1678842683044 -0.67 0.67 0.03
1678842683044 -0.68 0.68 0.02
1678842683044 -0.69 0.68 0.02
1678842683044 -0.70 0.67 0.02
1678842683049 -0.71 0.65 -0.07
1678842683049 -0.71 0.66 -0.10
1678842683078 -0.70 0.65 -0.14
1678842683086 -0.68 0.64 -0.17
1678842683103 -0.71 0.54 0.01
1678842683103 -0.70 0.54 0.03
1678842683116 -0.70 0.54 0.06
1678842683131 -0.71 0.53 0.06
1678842683131 -0.72 0.55 -0.02
1678842683170 -0.69 0.63 -0.16
1678842683178 -0.64 0.70 -0.30
1678842683190 -0.61 0.74 -0.41
1678842683202 -0.59 0.74 -0.48
1678842683202 -0.54 0.71 -0.47
1678842683245 -0.49 0.67 -0.36
1678842683265 -0.46 0.61 -0.19
1678842683265 -0.45 0.55 -0.01
1678842683265 -0.46 0.49 0.14
1678842683279 -0.49 0.43 0.25
1678842683312 -0.51 0.42 0.28
1678842683312 -0.55 0.46 0.23
1678842683312 -0.55 0.52 0.11
1678842683312 -0.55 0.56 0.05
1678842683318 -0.54 0.65 -0.11
1678842683335 -0.53 0.63 0.01
1678842683347 -0.53 0.61 0.11
1678842683357 -0.53 0.59 0.18
1678842683371 -0.52 0.57 0.17
1678842683388 -0.52 0.56 0.14
1678842683398 -0.51 0.57 0.10
1678842683408 -0.51 0.58 0.08
1678842683417 -0.53 0.58 0.06
1678842683417 -0.53 0.58 0.05
1678842683417 -0.54 0.58 0.06
1678842683425 -0.53 0.58 0.11
1678842683425 -0.53 0.56 0.15
1678842683426 -0.54 0.54 0.19
1678842683427 -0.54 0.54 0.19
1678842683427 -0.54 0.53 0.17
1678842683435 -0.55 0.53 0.13
1678842683465 -0.56 0.54 0.08
1678842683465 -0.57 0.56 0.02
1678842683465 -0.57 0.58 -0.02
1678842683482 -0.58 0.60 -0.06
1678842683483 -0.59 0.62 -0.08
1678842683490 -0.60 0.63 -0.08
1678842683514 -0.61 0.63 -0.07
1678842683552 -0.63 0.62 -0.04
1678842683552 -0.63 0.61 -0.01
1678842683588 -0.63 0.60 0.01
1678842683617 -0.62 0.60 0.02
1678842683640 -0.62 0.59 0.03
1678842683640 -0.62 0.58 0.03
1678842683655 -0.63 0.57 0.03
1678842683656 -0.63 0.58 0.02
1678842683686 -0.63 0.58 0.02
1678842683693 -0.63 0.59 -0.00
1678842683701 -0.63 0.60 -0.02
1678842683709 -0.65 0.64 -0.05
1678842683726 -0.64 0.66 -0.04
1678842683736 -0.60 0.68 -0.07
1678842683736 -0.57 0.68 -0.14
1678842683758 -0.54 0.66 -0.23
1678842683758 -0.52 0.66 -0.28
1678842683777 -0.47 0.60 -0.27
1678842683791 -0.48 0.58 -0.22
1678842683808 -0.49 0.55 -0.10
1678842683808 -0.49 0.55 -0.05
1678842683808 -0.53 0.52 0.14
1678842683817 -0.54 0.51 0.15
1678842683832 -0.54 0.52 0.16
1678842683840 -0.56 0.53 0.17
1678842683840 -0.56 0.54 0.17
1678842683840 -0.56 0.56 0.09
1678842683840 -0.52 0.56 0.01
1678842683850 -0.52 0.55 0.02
1678842683850 -0.52 0.54 0.02
1678842683874 -0.52 0.53 0.03
1678842683882 -0.51 0.52 0.07
1678842683897 -0.52 0.50 0.10
1678842683919 -0.52 0.50 0.11
1678842683924 -0.52 0.49 0.12
1678842683938 -0.52 0.49 0.13
1678842683956 -0.51 0.49 0.10
1678842683961 -0.51 0.49 0.08
1678842683985 -0.51 0.50 0.06
1678842683991 -0.51 0.50 0.05
1678842683991 -0.50 0.53 0.01
1678842684018 -0.50 0.54 0.00
1678842684035 -0.50 0.54 0.00
1678842684049 -0.52 0.55 0.02
1678842684049 -0.52 0.55 0.02
1678842684071 -0.55 0.53 0.06
1678842684088 -0.56 0.52 0.07
1678842684103 -0.57 0.52 0.10
1678842684104 -0.57 0.52 0.10
1678842684104 -0.56 0.52 0.09
1678842684118 -0.58 0.56 0.08
1678842684136 -0.60 0.61 0.10
1678842684136 -0.61 0.62 0.11
1678842684154 -0.62 0.62 0.11
1678842684177 -0.64 0.63 0.10
1678842684205 -0.66 0.64 0.07
1678842684206 -0.66 0.64 0.07
1678842684206 -0.66 0.65 0.07
1678842684206 -0.67 0.65 0.06
1678842684213 -0.67 0.66 0.05
1678842684223 -0.67 0.67 0.04
1678842684229 -0.66 0.68 0.03
1678842684229 -0.66 0.69 0.02
1678842684246 -0.57 0.68 -0.04
1678842684246 -0.56 0.67 -0.03
1678842684254 -0.56 0.67 -0.02
1678842684257 -0.55 0.66 0.01
1678842684292 -0.54 0.66 0.02
1678842684315 -0.53 0.65 0.03
1678842684317 -0.52 0.65 0.04
1678842684333 -0.52 0.58 0.05
1678842684364 -0.53 0.56 0.05
1678842684374 -0.54 0.55 0.06
1678842684392 -0.53 0.55 0.08
1678842684409 -0.53 0.58 0.10
1678842684409 -0.53 0.60 0.08
1678842684417 -0.53 0.68 -0.01
1678842684418 -0.49 0.73 -0.18
1678842684418 -0.47 0.74 -0.27
1678842684418 -0.39 0.64 -0.37
1678842684424 -0.39 0.61 -0.26
1678842684435 -0.45 0.52 0.16
1678842684448 -0.46 0.50 0.20
1678842684451 -0.48 0.47 0.19
1678842684451 -0.47 0.46 0.09
1678842684460 -0.44 0.51 -0.07
1678842684494 -0.41 0.55 -0.20
1678842684498 -0.40 0.57 -0.26
1678842684498 -0.39 0.57 -0.30
1678842684511 -0.37 0.58 -0.31
1678842684526 -0.36 0.56 -0.24
1678842684531 -0.36 0.54 -0.19
1678842684531 -0.36 0.52 -0.13
1678842684539 -0.34 0.46 0.10
1678842684554 -0.33 0.43 0.16
1678842684568 -0.33 0.42 0.18
1678842684590 -0.33 0.41 0.19
1678842684603 -0.33 0.40 0.17
1678842684619 -0.33 0.40 0.16
1678842684619 -0.33 0.40 0.13
1678842684622 -0.33 0.40 0.12
1678842684622 -0.31 0.40 0.10
1678842684640 -0.30 0.40 0.11
1678842684644 -0.30 0.39 0.12
1678842684644 -0.28 0.37 0.14
1678842684644 -0.29 0.36 0.14
1678842684645 -0.29 0.35 0.13
1678842684658 -0.30 0.36 0.11
1678842684674 -0.30 0.36 0.09
1678842684701 -0.31 0.37 0.07
1678842684701 -0.30 0.40 0.02
1678842684701 -0.29 0.43 -0.02
1678842684702 -0.29 0.44 -0.05
1678842684703 -0.27 0.46 -0.08
1678842684707 -0.27 0.47 -0.11
1678842684715 -0.26 0.48 -0.12
1678842684725 -0.26 0.47 -0.13
1678842684734 -0.27 0.46 -0.10
1678842684734 -0.27 0.45 -0.07
1678842684747 -0.28 0.43 -0.05
1678842684747 -0.30 0.42 -0.02
1678842684769 -0.30 0.42 0.00
1678842684776 -0.32 0.41 0.03
1678842684787 -0.33 0.43 0.06
1678842684788 -0.33 0.47 0.06
1678842684801 -0.33 0.49 0.00
1678842684801 -0.31 0.51 -0.09
1678842684815 -0.26 0.51 -0.19
1678842684845 -0.20 0.50 -0.28
1678842684849 -0.16 0.49 -0.31
1678842684866 -0.16 0.49 -0.30
1678842684876 -0.14 0.46 -0.27
1678842684884 -0.15 0.43 -0.22
1678842684890 -0.15 0.40 -0.15
1678842684892 -0.15 0.39 -0.05
1678842684896 -0.16 0.38 0.02
1678842684906 -0.17 0.34 0.07
1678842684906 -0.18 0.33 0.09
1678842684927 -0.18 0.34 0.08
1678842684927 -0.17 0.37 0.04
1678842684937 -0.18 0.40 -0.02
1678842684948 -0.20 0.41 -0.04
1678842684961 -0.23 0.42 -0.05
1678842684968 -0.24 0.43 -0.05
1678842684985 -0.23 0.43 -0.03
1678842685002 -0.22 0.44 0.01
1678842685008 -0.22 0.45 0.05
1678842685024 -0.21 0.46 0.08
1678842685024 -0.21 0.46 0.09
1678842685026 -0.20 0.48 0.08
1678842685036 -0.19 0.49 0.06
1678842685056 -0.19 0.50 0.05
1678842685056 -0.18 0.52 0.04
1678842685074 -0.17 0.53 0.05
1678842685120 -0.17 0.53 0.07
1678842685131 -0.16 0.54 0.08
1678842685140 -0.16 0.55 0.08
1678842685159 -0.15 0.57 0.07
1678842685161 -0.14 0.59 0.04
1678842685170 -0.14 0.60 0.00
1678842685176 -0.13 0.60 -0.03
1678842685180 -0.13 0.60 -0.05
1678842685187 -0.13 0.61 -0.05
1678842685202 -0.14 0.61 -0.03
1678842685207 -0.14 0.61 -0.00
1678842685213 -0.14 0.61 0.01
1678842685218 -0.14 0.61 0.02
1678842685218 -0.14 0.61 0.01
1678842685242 -0.14 0.62 0.01
1678842685245 -0.14 0.62 -0.00
1678842685245 -0.14 0.62 -0.00
1678842685255 -0.14 0.62 -0.01
1678842685255 -0.15 0.62 -0.02
1678842685262 -0.15 0.62 -0.03
1678842685272 -0.16 0.62 -0.03
1678842685282 -0.16 0.62 -0.03
1678842685287 -0.15 0.61 -0.03
1678842685308 -0.15 0.61 -0.02
1678842685308 -0.15 0.60 -0.02
1678842685313 -0.15 0.58 -0.01
1678842685316 -0.15 0.58 0.00
1678842685327 -0.15 0.59 0.01
1678842685345 -0.17 0.59 -0.01
1678842685353 -0.17 0.59 -0.02
1678842685362 -0.18 0.59 -0.03
1678842685367 -0.19 0.59 -0.08
1678842685375 -0.19 0.59 -0.09
1678842685392 -0.19 0.59 -0.10
1678842685398 -0.20 0.58 -0.11
1678842685404 -0.20 0.58 -0.09
1678842685404 -0.20 0.58 -0.10
1678842685425 -0.20 0.57 -0.10
1678842685431 -0.18 0.57 -0.15
1678842685440 -0.19 0.57 -0.16
1678842685450 -0.20 0.56 -0.18
1678842685451 -0.21 0.56 -0.19
1678842685471 -0.21 0.57 -0.19
1678842685475 -0.22 0.62 -0.15
1678842685489 -0.22 0.62 -0.15
1678842685503 -0.23 0.63 -0.14
1678842685511 -0.26 0.63 -0.12
1678842685518 -0.27 0.62 -0.11
1678842685522 -0.27 0.62 -0.10
1678842685544 -0.27 0.63 -0.09
1678842685552 -0.26 0.65 -0.09
1678842685569 -0.26 0.66 -0.10
1678842685569 -0.25 0.66 -0.12
1678842685577 -0.24 0.68 -0.22
1678842685589 -0.24 0.67 -0.24
1678842685597 -0.24 0.68 -0.25
1678842685607 -0.26 0.65 -0.22
1678842685610 -0.27 0.64 -0.18
1678842685630 -0.29 0.63 -0.15
1678842685653 -0.32 0.61 -0.03
1678842685661 -0.33 0.61 -0.00
1678842685673 -0.33 0.61 0.02
1678842685678 -0.33 0.62 -0.03
1678842685680 -0.33 0.63 -0.05
1678842685681 -0.32 0.64 -0.08
1678842685681 -0.30 0.67 -0.16
1678842685691 -0.30 0.68 -0.16
1678842685698 -0.30 0.68 -0.16
1678842685725 -0.28 0.67 -0.13
1678842685740 -0.28 0.65 -0.10
1678842685745 -0.28 0.65 -0.08
1678842685750 -0.29 0.65 -0.05
1678842685754 -0.31 0.65 0.02
1678842685754 -0.32 0.64 0.04
1678842685768 -0.32 0.64 0.04
1678842685791 -0.32 0.64 0.04
1678842685797 -0.30 0.64 0.02
1678842685797 -0.30 0.64 0.01
1678842685819 -0.30 0.64 -0.00
1678842685819 -0.30 0.66 -0.05
1678842685832 -0.30 0.67 -0.08
1678842685840 -0.30 0.68 -0.10
1678842685848 -0.31 0.68 -0.11
1678842685854 -0.31 0.69 -0.12
1678842685859 -0.30 0.71 -0.13
1678842685859 -0.30 0.71 -0.13
1678842685868 -0.30 0.71 -0.13
1678842685878 -0.31 0.71 -0.12
1678842685913 -0.32 0.72 -0.10
1678842685921 -0.33 0.72 -0.09
1678842685930 -0.36 0.73 -0.06
1678842685939 -0.36 0.73 -0.06
1678842685951 -0.36 0.73 -0.06
1678842685954 -0.35 0.75 -0.08
1678842685964 -0.35 0.75 -0.09
1678842685971 -0.35 0.76 -0.11
1678842685980 -0.36 0.76 -0.12
1678842685984 -0.36 0.78 -0.14
1678842685987 -0.36 0.78 -0.15
1678842685995 -0.36 0.79 -0.16
1678842685996 -0.38 0.82 -0.17
1678842686006 -0.38 0.83 -0.17
1678842686018 -0.38 0.84 -0.18
1678842686032 -0.39 0.85 -0.19
1678842686032 -0.39 0.85 -0.19
1678842686040 -0.39 0.84 -0.20
1678842686046 -0.39 0.83 -0.22
1678842686062 -0.38 0.81 -0.21
1678842686077 -0.39 0.78 -0.18
1678842686086 -0.39 0.78 -0.15
1678842686086 -0.38 0.78 -0.14
1678842686100 -0.33 0.82 -0.14
1678842686102 -0.31 0.83 -0.19
1678842686107 -0.30 0.83 -0.22
1678842686121 -0.28 0.85 -0.32
1678842686134 -0.24 0.86 -0.41
1678842686139 -0.21 0.88 -0.47
1678842686155 -0.19 0.89 -0.50
1678842686162 -0.18 0.88 -0.49
1678842686168 -0.18 0.86 -0.44
1678842686172 -0.18 0.85 -0.39
1678842686186 -0.19 0.82 -0.28
1678842686191 -0.19 0.81 -0.24
1678842686204 -0.19 0.79 -0.15
1678842686213 -0.19 0.78 -0.09
1678842686217 -0.19 0.76 -0.06
1678842686227 -0.20 0.75 -0.05
1678842686245 -0.19 0.76 -0.08
1678842686257 -0.19 0.78 -0.12
1678842686257 -0.20 0.80 -0.16
1678842686269 -0.21 0.81 -0.16
1678842686279 -0.22 0.81 -0.16
1678842686285 -0.24 0.82 -0.15
1678842686297 -0.25 0.82 -0.12
1678842686319 -0.26 0.82 -0.07
1678842686319 -0.26 0.82 -0.04
1678842686319 -0.26 0.81 -0.02
1678842686332 -0.26 0.80 0.03
1678842686339 -0.26 0.81 0.05
1678842686355 -0.27 0.83 0.04
1678842686363 -0.27 0.83 0.03
1678842686364 -0.28 0.84 -0.00
1678842686378 -0.27 0.85 -0.04
1678842686378 -0.26 0.86 -0.05
1678842686405 -0.26 0.86 -0.04
1678842686413 -0.26 0.84 -0.03
1678842686427 -0.26 0.84 -0.02
1678842686431 -0.26 0.84 -0.01
1678842686445 -0.27 0.83 0.02
1678842686483 -0.27 0.83 0.02
1678842686489 -0.28 0.83 0.03
1678842686490 -0.29 0.83 0.01
1678842686491 -0.30 0.84 -0.03
1678842686492 -0.30 0.86 -0.08
1678842686492 -0.30 0.86 -0.12
1678842686503 -0.30 0.87 -0.14
1678842686512 -0.31 0.86 -0.20
1678842686532 -0.33 0.86 -0.20
1678842686532 -0.34 0.86 -0.20
1678842686541 -0.35 0.85 -0.16
1678842686542 -0.37 0.84 -0.14
1678842686545 -0.38 0.84 -0.13
1678842686548 -0.38 0.83 -0.15
1678842686559 -0.38 0.84 -0.20
1678842686572 -0.38 0.85 -0.26
1678842686577 -0.39 0.86 -0.33
1678842686593 -0.39 0.85 -0.37
1678842686597 -0.39 0.84 -0.40
1678842686607 -0.39 0.82 -0.38
1678842686631 -0.40 0.79 -0.34
1678842686635 -0.42 0.76 -0.29
1678842686640 -0.45 0.73 -0.23
1678842686647 -0.46 0.73 -0.18
1678842686657 -0.46 0.76 -0.15
1678842686672 -0.45 0.79 -0.16
1678842686681 -0.44 0.81 -0.18
1678842686688 -0.42 0.85 -0.28
1678842686704 -0.41 0.85 -0.34
1678842686709 -0.37 0.86 -0.45
1678842686709 -0.33 0.88 -0.50
1678842686713 -0.28 0.88 -0.50
1678842686722 -0.26 0.87 -0.43
1678842686748 -0.26 0.86 -0.30
1678842686748 -0.29 0.84 -0.17
1678842686756 -0.31 0.80 -0.08
1678842686769 -0.32 0.77 -0.02
1678842686772 -0.32 0.76 -0.00
1678842686788 -0.31 0.75 -0.00
1678842686800 -0.30 0.74 -0.01
1678842686800 -0.27 0.77 -0.13
1678842686803 -0.26 0.80 -0.19
1678842686821 -0.26 0.85 -0.29
1678842686851 -0.25 0.88 -0.38
1678842686858 -0.25 0.90 -0.41
1678842686863 -0.25 0.92 -0.45
1678842686877 -0.25 0.92 -0.45
1678842686877 -0.24 0.92 -0.41
1678842686883 -0.24 0.89 -0.33
1678842686883 -0.22 0.85 -0.27
1678842686890 -0.20 0.82 -0.21
1678842686897 -0.19 0.79 -0.16
1678842686902 -0.21 0.77 -0.11
1678842686914 -0.22 0.76 -0.06
1678842686922 -0.24 0.77 -0.03
1678842686938 -0.24 0.78 -0.02
1678842686951 -0.25 0.79 -0.02
1678842686953 -0.25 0.79 -0.01
1678842686962 -0.26 0.79 -0.02
1678842686996 -0.27 0.79 -0.02
1678842687032 -0.27 0.80 -0.02
1678842687042 -0.27 0.79 -0.04
1678842687070 -0.26 0.80 -0.08
1678842687070 -0.25 0.80 -0.12
1678842687070 -0.24 0.81 -0.16
1678842687070 -0.22 0.82 -0.20
1678842687083 -0.21 0.84 -0.23
1678842687089 -0.21 0.85 -0.25
1678842687089 -0.21 0.84 -0.26
1678842687097 -0.21 0.84 -0.25
1678842687101 -0.22 0.82 -0.21
1678842687102 -0.22 0.82 -0.16
1678842687126 -0.22 0.81 -0.14
1678842687135 -0.22 0.81 -0.12
1678842687146 -0.23 0.81 -0.11
1678842687146 -0.23 0.81 -0.09
1678842687146 -0.24 0.81 -0.10
1678842687147 -0.24 0.82 -0.13
1678842687152 -0.24 0.82 -0.15
1678842687172 -0.23 0.82 -0.17
1678842687172 -0.22 0.85 -0.20
1678842687172 -0.21 0.86 -0.21
1678842687194 -0.22 0.86 -0.21
1678842687196 -0.21 0.86 -0.21
1678842687203 -0.21 0.87 -0.20
1678842687214 -0.20 0.86 -0.17
1678842687233 -0.20 0.85 -0.17
1678842687237 -0.20 0.85 -0.17
1678842687237 -0.20 0.85 -0.18
1678842687254 -0.20 0.87 -0.21
1678842687254 -0.20 0.87 -0.22
1678842687265 -0.20 0.87 -0.23
1678842687277 -0.18 0.89 -0.29
1678842687277 -0.17 0.90 -0.31
1678842687293 -0.15 0.91 -0.33
1678842687298 -0.10 0.92 -0.37
1678842687321 -0.09 0.92 -0.39
1678842687329 -0.09 0.93 -0.39
1678842687337 -0.10 0.94 -0.41
1678842687344 -0.10 0.94 -0.41
1678842687347 -0.11 0.96 -0.41
1678842687347 -0.13 0.98 -0.40
1678842687354 -0.13 0.98 -0.40
1678842687369 -0.13 0.98 -0.39
1678842687385 -0.11 0.97 -0.37
1678842687396 -0.09 0.96 -0.37
1678842687400 -0.07 0.95 -0.38
1678842687401 -0.02 0.92 -0.39
1678842687404 -0.01 0.91 -0.39
1678842687419 0.01 0.89 -0.37
1678842687423 0.01 0.87 -0.35
1678842687434 -0.00 0.85 -0.34
1678842687439 -0.03 0.81 -0.26
1678842687446 -0.04 0.80 -0.23
1678842687467 -0.04 0.80 -0.20
1678842687478 -0.11 0.80 -0.06
1678842687486 -0.13 0.79 -0.04
1678842687494 -0.15 0.79 -0.03
1678842687512 -0.18 0.80 -0.04
1678842687515 -0.19 0.81 -0.05
1678842687523 -0.19 0.82 -0.07
1678842687527 -0.20 0.83 -0.13
1678842687557 -0.21 0.84 -0.16
1678842687567 -0.21 0.85 -0.17
1678842687567 -0.20 0.86 -0.18
1678842687567 -0.19 0.87 -0.20
1678842687574 -0.18 0.87 -0.21
1678842687592 -0.16 0.87 -0.21
1678842687593 -0.15 0.86 -0.22
1678842687632 -0.14 0.85 -0.22
1678842687632 -0.13 0.83 -0.23
1678842687644 -0.13 0.83 -0.22
1678842687645 -0.13 0.83 -0.22
1678842687647 -0.15 0.84 -0.22
1678842687647 -0.15 0.84 -0.23
1678842687657 -0.15 0.84 -0.24
1678842687657 -0.14 0.84 -0.25
1678842687674 -0.14 0.84 -0.24
1678842687674 -0.14 0.84 -0.23
1678842687692 -0.15 0.85 -0.23
1678842687701 -0.16 0.86 -0.21
1678842687703 -0.16 0.86 -0.20
1678842687721 -0.16 0.86 -0.20
1678842687730 -0.18 0.88 -0.18
1678842687743 -0.19 0.89 -0.18
1678842687747 -0.18 0.89 -0.18
1678842687762 -0.18 0.89 -0.19
1678842687765 -0.17 0.88 -0.19
1678842687778 -0.17 0.87 -0.19
1678842687781 -0.17 0.87 -0.19
1678842687793 -0.17 0.87 -0.19
1678842687815 -0.19 0.87 -0.20
1678842687852 -0.20 0.86 -0.20
1678842687862 -0.21 0.87 -0.19
1678842687864 -0.23 0.87 -0.18
1678842687865 -0.22 0.87 -0.19
1678842687867 -0.22 0.86 -0.19
1678842687879 -0.21 0.86 -0.19
1678842687903 -0.20 0.83 -0.18
1678842687903 -0.21 0.81 -0.17
1678842687930 -0.22 0.80 -0.16
1678842687932 -0.23 0.80 -0.15
1678842687940 -0.24 0.80 -0.15
1678842687941 -0.26 0.80 -0.17
1678842687947 -0.30 0.79 -0.17
1678842687951 -0.32 0.79 -0.18
1678842687967 -0.33 0.79 -0.19
1678842687975 -0.34 0.80 -0.25
1678842687975 -0.34 0.80 -0.28
1678842687979 -0.34 0.79 -0.29
1678842687989 -0.35 0.78 -0.30
1678842687989 -0.40 0.74 -0.27
1678842688002 -0.42 0.73 -0.25
1678842688010 -0.48 0.71 -0.18
1678842688030 -0.54 0.71 -0.11
1678842688034 -0.58 0.71 -0.05
1678842688045 -0.59 0.72 -0.04
1678842688051 -0.61 0.72 -0.03
1678842688066 -0.65 0.76 -0.12
1678842688066 -0.67 0.75 -0.19
1678842688082 -0.68 0.74 -0.24
1678842688082 -0.67 0.74 -0.27
1678842688113 -0.64 0.72 -0.26
1678842688113 -0.60 0.70 -0.25
1678842688118 -0.59 0.68 -0.23
1678842688123 -0.57 0.66 -0.21
1678842688136 -0.55 0.62 -0.15
1678842688147 -0.56 0.60 -0.11
1678842688147 -0.58 0.58 -0.10
1678842688166 -0.60 0.57 -0.10
1678842688170 -0.61 0.56 -0.10
1678842688174 -0.61 0.55 -0.11
1678842688194 -0.62 0.53 -0.11
1678842688198 -0.62 0.51 -0.10
1678842688204 -0.63 0.50 -0.09
1678842688215 -0.65 0.50 -0.06
1678842688230 -0.66 0.49 -0.05
1678842688238 -0.67 0.50 -0.02
1678842688258 -0.68 0.51 0.00
1678842688269 -0.69 0.52 0.01
1678842688277 -0.71 0.53 0.02
1678842688278 -0.71 0.54 0.00
1678842688293 -0.70 0.55 -0.01
1678842688298 -0.70 0.55 -0.03
1678842688317 -0.70 0.57 -0.04
1678842688317 -0.71 0.59 -0.06
1678842688337 -0.72 0.61 -0.07
1678842688353 -0.72 0.62 -0.08
1678842688368 -0.72 0.63 -0.08
1678842688385 -0.72 0.62 -0.09
1678842688385 -0.71 0.62 -0.09
1678842688395 -0.71 0.61 -0.09
1678842688395 -0.69 0.57 -0.10
1678842688413 -0.68 0.56 -0.11
1678842688413 -0.69 0.56 -0.13
1678842688417 -0.72 0.57 -0.14
1678842688424 -0.75 0.59 -0.15
1678842688448 -0.77 0.61 -0.15
1678842688454 -0.78 0.62 -0.13
1678842688454 -0.78 0.63 -0.12
1678842688474 -0.78 0.64 -0.10
1678842688483 -0.78 0.66 -0.11
1678842688484 -0.77 0.67 -0.11
1678842688500 -0.76 0.68 -0.13
1678842688506 -0.75 0.70 -0.15
1678842688514 -0.73 0.71 -0.16
1678842688520 -0.72 0.73 -0.16
1678842688533 -0.71 0.74 -0.15
1678842688542 -0.70 0.76 -0.12
1678842688558 -0.69 0.77 -0.11
1678842688565 -0.68 0.78 -0.10
1678842688578 -0.66 0.79 -0.11
1678842688586 -0.65 0.79 -0.11
1678842688590 -0.65 0.79 -0.12
1678842688594 -0.64 0.78 -0.13
1678842688615 -0.64 0.77 -0.12
1678842688634 -0.64 0.77 -0.10
1678842688647 -0.64 0.77 -0.01
1678842688678 -0.61 0.78 0.03
1678842689191 -0.58 0.79 0.01
1678842689191 -0.54 0.80 -0.08
1678842689191 -0.49 0.81 -0.23
1678842689191 -0.43 0.81 -0.34
1678842689191 -0.40 0.82 -0.40
1678842689191 -0.38 0.82 -0.40
1678842689191 -0.36 0.82 -0.33
1678842689191 -0.37 0.80 -0.23
1678842689199 -0.36 0.77 -0.12
1678842689214 -0.36 0.51 -0.34
1678842689231 -0.34 0.50 -0.34
1678842689240 -0.32 0.49 -0.32
1678842689248 -0.28 0.40 -0.18
1678842689248 -0.27 0.37 -0.13
1678842689267 -0.28 0.35 -0.07
1678842689273 -0.32 0.29 0.14
1678842689286 -0.36 0.29 0.18
1678842689293 -0.38 0.29 0.18
1678842689301 -0.40 0.30 0.17
1678842689310 -0.41 0.38 -0.02
1678842689310 -0.40 0.41 -0.08
1678842689333 -0.40 0.42 -0.12
1678842689334 -0.37 0.48 -0.26
1678842689355 -0.37 0.49 -0.26
1678842689368 -0.37 0.49 -0.27
1678842689368 -0.38 0.47 -0.16
1678842689370 -0.38 0.47 -0.11
1678842689388 -0.38 0.47 -0.07
1678842689411 -0.38 0.45 0.04
1678842689411 -0.39 0.45 0.05
1678842689426 -0.39 0.44 0.05
1678842689431 -0.41 0.45 0.04
1678842689438 -0.41 0.46 0.03
1678842689443 -0.40 0.46 0.02
1678842689449 -0.39 0.47 -0.00
1678842689466 -0.38 0.48 -0.02
1678842689471 -0.37 0.49 -0.03
1678842689474 -0.36 0.49 -0.03
1678842689498 -0.35 0.49 -0.04
1678842689506 -0.31 0.49 -0.07
1678842689506 -0.30 0.49 -0.08
1678842689522 -0.29 0.49 -0.08
1678842689522 -0.28 0.49 -0.07
1678842689542 -0.29 0.49 -0.05
1678842689556 -0.32 0.45 -0.01
1678842689577 -0.32 0.45 -0.01
1678842689577 -0.33 0.44 0.00
1678842689590 -0.33 0.42 0.03
1678842689609 -0.34 0.41 0.04
1678842689617 -0.34 0.41 0.06
1678842689623 -0.37 0.37 0.09
1678842689623 -0.37 0.36 0.09
1678842689623 -0.37 0.35 0.09
1678842689638 -0.37 0.32 0.07
1678842689643 -0.38 0.30 0.04
1678842689643 -0.39 0.29 0.03
1678842689650 -0.40 0.27 0.00
1678842689660 -0.41 0.26 -0.01
1678842689671 -0.42 0.26 -0.02
1678842689676 -0.43 0.26 -0.03
1678842689682 -0.44 0.25 -0.02
1678842689689 -0.45 0.24 -0.02
1678842689705 -0.47 0.23 -0.00
1678842689712 -0.48 0.21 0.02
1678842689736 -0.51 0.20 0.04
1678842689736 -0.53 0.18 0.05
1678842689746 -0.54 0.18 0.06
1678842689751 -0.55 0.18 0.07
1678842689761 -0.56 0.18 0.06
1678842689764 -0.55 0.17 0.04
1678842689770 -0.55 0.17 0.02
1678842689780 -0.54 0.16 0.00
1678842689789 -0.53 0.16 -0.02
1678842689794 -0.52 0.17 -0.02
1678842689804 -0.51 0.18 -0.01
1678842689820 -0.51 0.18 -0.00
1678842689830 -0.51 0.18 0.01
1678842689838 -0.52 0.18 0.02
1678842689845 -0.54 0.18 0.03
1678842689859 -0.55 0.19 0.04
1678842689870 -0.58 0.20 0.04
1678842689876 -0.59 0.22 0.04
1678842689876 -0.60 0.23 0.03
1678842689884 -0.60 0.23 0.02
1678842689889 -0.59 0.24 -0.02
1678842689907 -0.59 0.25 -0.05
1678842689908 -0.58 0.25 -0.06
1678842689917 -0.57 0.26 -0.06
1678842689925 -0.58 0.25 -0.05
1678842689940 -0.61 0.23 -0.03
1678842689947 -0.65 0.20 -0.00
1678842689956 -0.66 0.21 0.02
1678842689966 -0.65 0.24 0.03
1678842689969 -0.66 0.26 0.01
1678842689985 -0.68 0.27 -0.05
1678842689990 -0.68 0.30 -0.14
1678842690010 -0.65 0.33 -0.22
1678842690042 -0.62 0.37 -0.27
1678842690047 -0.62 0.40 -0.29
1678842690059 -0.64 0.42 -0.28
1678842690065 -0.65 0.43 -0.26
1678842690065 -0.65 0.43 -0.23
1678842690076 -0.66 0.44 -0.15
1678842690091 -0.64 0.43 -0.09
1678842690091 -0.61 0.42 -0.06
1678842690096 -0.58 0.39 -0.05
1678842690097 -0.55 0.37 -0.06
1678842690107 -0.53 0.37 -0.08
1678842690110 -0.52 0.38 -0.10
1678842690133 -0.51 0.42 -0.12
1678842690133 -0.49 0.47 -0.11
1678842690140 -0.48 0.51 -0.09
1678842690154 -0.48 0.54 -0.08
1678842690175 -0.47 0.57 -0.05
1678842690175 -0.47 0.59 -0.01
1678842690194 -0.46 0.61 0.03
1678842690194 -0.45 0.60 0.04
1678842690199 -0.42 0.58 0.05
1678842690209 -0.40 0.57 0.04
1678842690229 -0.37 0.56 0.03
1678842690239 -0.35 0.55 0.03
1678842690254 -0.33 0.55 0.03
1678842690260 -0.33 0.56 0.02
1678842690264 -0.33 0.57 0.03
1678842690271 -0.33 0.57 0.03
1678842690274 -0.33 0.57 0.03
1678842690291 -0.33 0.58 0.03
1678842690296 -0.32 0.58 0.04
1678842690311 -0.32 0.57 0.03
1678842690330 -0.31 0.57 0.02
1678842690334 -0.31 0.57 0.01
1678842690334 -0.31 0.58 0.00
1678842690338 -0.32 0.59 -0.00
1678842690349 -0.34 0.60 0.01
1678842690367 -0.37 0.61 0.04
1678842690375 -0.39 0.62 0.05
1678842690385 -0.38 0.62 0.04
1678842690389 -0.37 0.61 0.03
1678842690398 -0.36 0.60 0.02
1678842690412 -0.34 0.59 -0.00
1678842690412 -0.32 0.57 -0.02
1678842690423 -0.30 0.57 -0.02
1678842690429 -0.30 0.56 -0.02
1678842690436 -0.30 0.56 -0.01
1678842690454 -0.33 0.57 0.04
1678842690466 -0.34 0.57 0.04
1678842690473 -0.34 0.56 0.03
1678842690483 -0.33 0.55 0.03
1678842690483 -0.33 0.55 0.01
1678842690492 -0.31 0.51 -0.05
1678842690509 -0.30 0.51 -0.05
1678842690509 -0.30 0.50 -0.06
1678842690518 -0.31 0.48 -0.05
1678842690526 -0.32 0.47 -0.04
1678842690534 -0.32 0.47 -0.04
1678842690545 -0.32 0.47 -0.04
1678842690553 -0.32 0.46 -0.06
1678842690555 -0.32 0.46 -0.07
1678842690570 -0.32 0.47 -0.08
1678842690575 -0.34 0.47 -0.11
1678842690585 -0.34 0.49 -0.13
1678842690589 -0.34 0.49 -0.15
1678842690605 -0.34 0.50 -0.16
1678842690617 -0.29 0.50 -0.20
1678842690626 -0.27 0.47 -0.21
1678842690630 -0.25 0.47 -0.21
1678842690652 -0.24 0.46 -0.22
1678842690661 -0.21 0.43 -0.21
1678842690661 -0.20 0.42 -0.20
1678842690669 -0.21 0.41 -0.18
1678842690678 -0.21 0.40 -0.16
1678842690690 -0.20 0.40 -0.14
1678842690700 -0.20 0.38 -0.10
1678842690701 -0.20 0.38 -0.09
1678842690715 -0.20 0.37 -0.09
1678842690722 -0.23 0.36 -0.08
1678842690732 -0.25 0.35 -0.08
1678842690736 -0.26 0.35 -0.08
1678842690750 -0.27 0.35 -0.08
1678842690760 -0.33 0.37 -0.08
1678842690768 -0.34 0.37 -0.09
1678842690780 -0.36 0.38 -0.09
1678842690789 -0.39 0.39 -0.12
1678842690789 -0.39 0.39 -0.14
1678842690805 -0.40 0.39 -0.16
1678842690816 -0.37 0.37 -0.24
1678842690827 -0.37 0.37 -0.25
1678842690829 -0.37 0.37 -0.25
1678842690837 -0.37 0.37 -0.25
1678842690850 -0.38 0.36 -0.24
1678842690868 -0.40 0.36 -0.19
1678842690882 -0.39 0.36 -0.18
1678842690884 -0.39 0.36 -0.18
1678842690891 -0.37 0.35 -0.18
1678842690900 -0.36 0.35 -0.19
1678842690911 -0.36 0.35 -0.20
1678842690924 -0.36 0.35 -0.20
1678842690928 -0.36 0.36 -0.19
1678842690935 -0.36 0.36 -0.17
1678842690940 -0.36 0.36 -0.16
1678842690973 -0.36 0.37 -0.14
1678842690973 -0.37 0.37 -0.11
1678842690977 -0.37 0.37 -0.11
1678842690981 -0.38 0.38 -0.10
1678842690987 -0.39 0.39 -0.09
1678842690995 -0.39 0.41 -0.08
1678842691001 -0.40 0.41 -0.08
1678842691016 -0.41 0.41 -0.08
1678842691021 -0.44 0.43 -0.08
1678842691035 -0.45 0.43 -0.08
1678842693542 -0.46 0.44 -0.08
1678842693542 -0.46 0.44 -0.08
1678842693542 -0.47 0.44 -0.08
1678842693542 -0.48 0.46 -0.09
1678842693542 -0.48 0.46 -0.11
1678842693542 -0.48 0.46 -0.12
1678842693542 -0.47 0.46 -0.14
1678842693542 -0.48 0.46 -0.14
1678842693578 -0.48 0.46 -0.13
1678842693595 0.29 0.51 -0.21
1678842693601 0.29 0.50 -0.21
1678842693607 0.29 0.49 -0.19
1678842693611 0.28 0.50 -0.17
1678842693656 0.28 0.49 -0.13
1678842693663 0.26 0.49 -0.08
1678842693686 0.24 0.49 -0.04
1678842693697 0.22 0.49 -0.00
1678842693697 0.21 0.49 0.00
1678842693697 0.21 0.48 0.01
1678842693697 0.19 0.49 0.01
1678842693697 0.17 0.49 -0.00
1678842693700 0.11 0.51 -0.04
1678842693700 0.10 0.51 -0.05
1678842693705 0.07 0.52 -0.08
1678842693713 0.07 0.51 -0.11
1678842693723 0.07 0.51 -0.12
1678842693730 0.07 0.51 -0.12
1678842693733 0.06 0.51 -0.12
1678842693741 0.06 0.51 -0.10
1678842693752 0.05 0.50 -0.07
1678842693757 0.04 0.50 -0.06
1678842693761 0.04 0.50 -0.06
1678842693776 0.04 0.50 -0.05
1678842693782 0.02 0.50 -0.06
1678842693792 0.01 0.50 -0.06
1678842693796 -0.00 0.50 -0.08
1678842693803 -0.00 0.51 -0.09
1678842693811 -0.01 0.53 -0.12
1678842693819 -0.01 0.54 -0.13
1678842693836 -0.02 0.55 -0.14
1678842693837 -0.03 0.58 -0.17
1678842693843 -0.03 0.58 -0.18
1678842693860 -0.03 0.59 -0.18
1678842693867 -0.03 0.60 -0.18
1678842693871 -0.04 0.60 -0.18
1678842693890 -0.04 0.60 -0.17
1678842693893 -0.07 0.59 -0.14
1678842693902 -0.10 0.57 -0.10
1678842693909 -0.11 0.57 -0.08
1678842693923 -0.11 0.57 -0.06
1678842693927 -0.11 0.60 -0.09
1678842693932 -0.12 0.61 -0.11
1678842693950 -0.13 0.61 -0.15
1678842693957 -0.11 0.66 -0.32
1678842693962 -0.10 0.68 -0.36
1678842693977 -0.09 0.69 -0.40
1678842693995 -0.08 0.68 -0.46
1678842693996 -0.08 0.66 -0.43
1678842694011 -0.08 0.64 -0.37
1678842694017 -0.05 0.58 -0.05
1678842694034 -0.04 0.57 0.01
1678842694035 -0.04 0.56 0.05
1678842694043 -0.05 0.56 0.09
1678842694052 -0.11 0.59 0.06
1678842694057 -0.11 0.61 0.02
1678842694067 -0.12 0.63 -0.05
1678842694073 -0.12 0.63 -0.08
1678842694087 -0.12 0.63 -0.10
1678842694098 -0.11 0.60 -0.16
1678842694107 -0.11 0.58 -0.13
1678842694114 -0.12 0.58 -0.11
1678842694123 -0.13 0.57 -0.09
1678842694133 -0.14 0.56 -0.06
1678842694137 -0.16 0.55 0.02
1678842694148 -0.18 0.55 0.06
1678842694152 -0.18 0.55 0.07
1678842694167 -0.19 0.55 0.09
1678842694177 -0.20 0.53 0.05
1678842694182 -0.19 0.52 0.02
1678842694188 -0.18 0.52 -0.01
1678842694197 -0.18 0.51 -0.03
1678842694209 -0.18 0.51 -0.03
1678842694218 -0.19 0.50 -0.02
1678842694228 -0.22 0.51 0.05
1678842694232 -0.23 0.51 0.06
1678842694238 -0.24 0.51 0.07
1678842694254 -0.24 0.51 0.09
1678842694258 -0.27 0.52 0.10
1678842694269 -0.29 0.52 0.09
1678842694272 -0.29 0.52 0.08
1678842694277 -0.29 0.53 0.07
1678842694287 -0.29 0.52 0.07
1678842694292 -0.29 0.52 0.07
1678842694297 -0.29 0.51 0.06
1678842694308 -0.29 0.49 0.05
1678842694317 -0.28 0.46 0.03
1678842694323 -0.27 0.45 0.01
1678842694332 -0.27 0.45 -0.00
1678842694348 -0.28 0.46 -0.02
1678842694349 -0.32 0.47 -0.03
1678842694360 -0.33 0.48 -0.03
1678842694360 -0.34 0.49 -0.03
1678842694372 -0.35 0.50 -0.02
1678842694378 -0.34 0.50 -0.01
1678842694387 -0.34 0.49 0.01
1678842694392 -0.34 0.48 0.03
1678842694397 -0.34 0.49 0.04
1678842694411 -0.35 0.48 0.04
1678842694418 -0.36 0.47 0.05
1678842694430 -0.34 0.48 0.09
1678842694433 -0.33 0.49 0.12
1678842694457 -0.31 0.47 0.10
1678842694457 -0.31 0.46 0.07
1678842694458 -0.31 0.46 0.04
1678842694468 -0.31 0.47 -0.01
1678842694478 -0.33 0.52 -0.18
1678842694483 -0.33 0.52 -0.20
1678842694501 -0.33 0.52 -0.20
1678842694502 -0.30 0.49 -0.17
1678842694512 -0.29 0.46 -0.15
1678842694512 -0.28 0.42 -0.11
1678842694523 -0.27 0.38 -0.07
1678842694533 -0.27 0.34 -0.02
1678842694543 -0.29 0.33 0.05
1678842694555 -0.34 0.35 0.06
1678842694562 -0.37 0.36 0.02
1678842694569 -0.37 0.37 -0.02
1678842694573 -0.37 0.38 -0.04
1678842694586 -0.37 0.39 -0.08
1678842694593 -0.36 0.38 -0.13
1678842694602 -0.34 0.36 -0.17
1678842694617 -0.32 0.33 -0.19
1678842694622 -0.30 0.31 -0.17
1678842694627 -0.30 0.30 -0.16
1678842694639 -0.31 0.28 -0.12
1678842694642 -0.31 0.27 -0.11
1678842694654 -0.32 0.25 -0.06
1678842694657 -0.32 0.25 -0.04
1678842694667 -0.33 0.23 -0.01
1678842694672 -0.33 0.23 0.01
1678842694691 -0.34 0.22 0.02
1678842694691 -0.36 0.22 0.03
1678842694702 -0.36 0.23 0.02
1678842694713 -0.37 0.23 0.01
1678842694722 -0.38 0.24 -0.01
1678842694734 -0.39 0.25 -0.03
1678842694737 -0.40 0.25 -0.03
1678842694742 -0.40 0.27 -0.02
1678842694752 -0.40 0.28 -0.00
1678842694766 -0.41 0.29 0.02
1678842694773 -0.41 0.30 0.03
1678842694786 -0.41 0.31 0.04
1678842694792 -0.40 0.32 0.03
1678842694802 -0.39 0.31 0.01
1678842694812 -0.37 0.32 -0.00
1678842694824 -0.35 0.33 -0.02
1678842694832 -0.34 0.33 -0.05
1678842694844 -0.33 0.34 -0.09
1678842694859 -0.32 0.35 -0.14
1678842694863 -0.32 0.34 -0.16
1678842694873 -0.31 0.33 -0.16
1678842694883 -0.30 0.32 -0.13
1678842694893 -0.29 0.29 -0.07
1678842694903 -0.29 0.26 -0.02
1678842694912 -0.28 0.26 0.02
1678842694923 -0.29 0.25 0.05
1678842694933 -0.30 0.26 0.06
1678842694939 -0.31 0.26 0.07
1678842694947 -0.32 0.27 0.08
1678842694961 -0.34 0.29 0.09
1678842694970 -0.35 0.31 0.09
1678842694979 -0.37 0.33 0.09
1678842694992 -0.38 0.33 0.10
1678842694997 -0.38 0.34 0.09
1678842695007 -0.37 0.34 0.09
1678842695022 -0.36 0.33 0.10
1678842695031 -0.36 0.32 0.10
1678842695037 -0.35 0.31 0.09
1678842695049 -0.34 0.31 0.07
1678842695062 -0.33 0.31 0.05
1678842695069 -0.32 0.31 0.02
1678842695077 -0.30 0.31 -0.01
1678842695091 -0.30 0.31 -0.03
1678842695100 -0.29 0.31 -0.06
1678842695108 -0.28 0.31 -0.09
1678842695119 -0.27 0.31 -0.10
1678842695127 -0.27 0.31 -0.11
1678842695143 -0.27 0.32 -0.10
1678842695153 -0.28 0.31 -0.08
1678842695158 -0.29 0.32 -0.04
1678842695169 -0.30 0.33 -0.01
1678842695178 -0.31 0.33 0.01
1678842695188 -0.30 0.34 0.02
1678842695202 -0.30 0.34 0.03
1678842695207 -0.30 0.34 0.03
1678842695217 -0.30 0.35 0.03
1678842695230 -0.30 0.35 0.03
1678842695240 -0.30 0.35 0.02
1678842695249 -0.31 0.36 0.01
1678842695260 -0.31 0.36 0.00
1678842695269 -0.31 0.36 0.00
1678842695269 -0.31 0.36 0.00
1678842695278 -0.31 0.37 0.01
1678842695292 -0.31 0.37 0.01
1678842695297 -0.31 0.37 0.02
1678842695307 -0.30 0.37 0.02
1678842695313 -0.29 0.37 0.03
1678842695322 -0.29 0.37 0.02
1678842695330 -0.28 0.36 0.01
1678842695340 -0.28 0.36 -0.01
1678842695344 -0.28 0.37 -0.01
1678842695353 -0.28 0.37 -0.02
1678842695357 -0.27 0.37 -0.03
1678842695378 -0.27 0.37 -0.03
1678842695391 -0.27 0.37 -0.03
1678842695392 -0.27 0.37 -0.00
1678842695396 -0.27 0.36 0.01
1678842695398 -0.27 0.36 0.02
1678842695408 -0.27 0.36 0.02
1678842695412 -0.26 0.36 0.02
1678842695418 -0.27 0.36 0.02
1678842695430 -0.27 0.37 0.01
1678842695438 -0.26 0.38 0.01
1678842695447 -0.27 0.38 0.00
1678842695453 -0.26 0.38 -0.00
1678842695464 -0.26 0.38 -0.01
1678842695474 -0.26 0.38 -0.01
1678842695475 -0.26 0.38 -0.01
1678842695490 -0.26 0.38 -0.01
1678842695501 -0.27 0.38 0.00
1678842695503 -0.26 0.38 0.00
1678842695508 -0.26 0.38 -0.00
1678842695523 -0.25 0.38 -0.01
1678842695523 -0.25 0.38 -0.02
1678842695538 -0.26 0.39 -0.02
1678842695544 -0.26 0.39 -0.03
1678842695549 -0.27 0.39 -0.02
1678842695563 -0.27 0.39 -0.01
1678842695573 -0.28 0.39 0.04
1678842695579 -0.28 0.39 0.04
1678842695583 -0.27 0.40 0.04
1678842695600 -0.27 0.41 0.03
1678842695603 -0.30 0.42 0.02
1678842695608 -0.30 0.42 0.01
1678842695613 -0.28 0.43 0.00
1678842695623 -0.26 0.43 -0.02
1678842695631 -0.26 0.42 -0.02
1678842695638 -0.26 0.42 -0.02
1678842695643 -0.26 0.42 -0.02
1678842695654 -0.26 0.42 -0.02
1678842695658 -0.26 0.42 -0.02
1678842695667 -0.25 0.42 -0.02
1678842695674 -0.25 0.42 -0.01
1678842695678 -0.26 0.42 -0.01
1678842695695 -0.26 0.43 -0.00
1678842695703 -0.26 0.43 0.00
1678842695712 -0.26 0.43 -0.00
1678842695716 -0.26 0.43 -0.00
1678842695724 -0.25 0.42 -0.01
1678842695734 -0.25 0.42 -0.00
1678842695738 -0.25 0.42 0.01
1678842695744 -0.25 0.43 0.01
1678842695758 -0.26 0.43 0.02
1678842695766 -0.26 0.43 0.04
1678842695768 -0.26 0.43 0.03
1678842695776 -0.27 0.43 0.03
1678842695784 -0.26 0.43 0.01
1678842695793 -0.25 0.43 -0.01
1678842695799 -0.25 0.43 -0.02
1678842695807 -0.25 0.43 -0.03
1678842695814 -0.25 0.43 -0.03
1678842695823 -0.24 0.43 -0.02
1678842695828 -0.24 0.43 -0.02
1678842695839 -0.24 0.42 -0.01
1678842695844 -0.24 0.42 -0.01
1678842695848 -0.24 0.41 -0.00
1678842695863 -0.24 0.41 0.00
1678842695873 -0.24 0.41 0.01
1678842695879 -0.24 0.41 0.01
1678842695883 -0.24 0.41 0.00
1678842695893 -0.25 0.41 -0.00
1678842695900 -0.25 0.41 -0.01
1678842695914 -0.25 0.41 -0.01
1678842695924 -0.25 0.42 -0.02
1678842695930 -0.25 0.42 -0.01
1678842695933 -0.25 0.42 -0.01
1678842695943 -0.25 0.42 -0.00
1678842695948 -0.25 0.42 -0.00
1678842695963 -0.25 0.42 -0.00
1678842695975 -0.25 0.43 -0.00
1678842695978 -0.25 0.43 -0.01
1678842695983 -0.25 0.43 -0.02
1678842695992 -0.24 0.43 -0.02
1678842696004 -0.24 0.43 -0.02
1678842696013 -0.24 0.43 -0.02
1678842696021 -0.23 0.42 -0.01
1678842696030 -0.23 0.42 0.01
1678842696033 -0.23 0.41 0.01
1678842696043 -0.23 0.41 0.01
1678842696053 -0.23 0.41 0.00
1678842696059 -0.23 0.41 -0.00
1678842696064 -0.23 0.41 -0.01
1678842696078 -0.22 0.41 -0.02
1678842696084 -0.22 0.40 -0.02
1678842696089 -0.22 0.40 -0.02
1678842696093 -0.22 0.40 -0.03
1678842696109 -0.23 0.40 -0.03
1678842696110 -0.23 0.40 -0.03
1678842696113 -0.23 0.40 -0.03
1678842696123 -0.24 0.40 -0.02
1678842696130 -0.25 0.40 -0.02
1678842696139 -0.26 0.41 -0.02
1678842696146 -0.26 0.41 -0.03
1678842696150 -0.26 0.41 -0.03
1678842696159 -0.26 0.42 -0.03
1678842696168 -0.26 0.42 -0.05
1678842696175 -0.26 0.43 -0.05
1678842696187 -0.26 0.43 -0.06
1678842696196 -0.26 0.43 -0.07
1678842696199 -0.26 0.43 -0.07
1678842696209 -0.25 0.43 -0.07
1678842696222 -0.25 0.42 -0.06
1678842696230 -0.26 0.42 -0.05
1678842696238 -0.26 0.43 -0.03
1678842696244 -0.26 0.43 -0.03
1678842696249 -0.27 0.43 -0.02
1678842696258 -0.27 0.44 -0.01
1678842696264 -0.27 0.44 -0.01
1678842696278 -0.27 0.44 -0.00
1678842696283 -0.26 0.44 -0.02
1678842696293 -0.26 0.43 -0.02
1678842696299 -0.26 0.43 -0.03
1678842696315 -0.25 0.42 -0.04
1678842696318 -0.24 0.42 -0.04
1678842696328 -0.24 0.41 -0.04
1678842696338 -0.25 0.41 -0.03
1678842696348 -0.25 0.41 -0.03
1678842696356 -0.25 0.41 -0.03
1678842696363 -0.25 0.40 -0.02
1678842696368 -0.25 0.39 -0.01
1678842696380 -0.24 0.39 -0.02
1678842696391 -0.23 0.38 -0.03
1678842696396 -0.23 0.38 -0.04
1678842696417 -0.23 0.38 -0.04
1678842696417 -0.23 0.38 -0.05
1678842696429 -0.24 0.38 -0.04
1678842696430 -0.25 0.38 -0.03
1678842696439 -0.25 0.38 -0.01
1678842696448 -0.25 0.38 -0.01
1678842696459 -0.25 0.38 -0.01
1678842696469 -0.24 0.37 -0.02
1678842696478 -0.24 0.37 -0.02
1678842696488 -0.24 0.36 -0.02
1678842696498 -0.24 0.37 -0.03
1678842696511 -0.24 0.37 -0.02
1678842696523 -0.25 0.36 -0.01
1678842696529 -0.26 0.37 0.01
1678842696539 -0.27 0.37 0.02
1678842696549 -0.27 0.37 0.03
1678842696558 -0.28 0.38 0.02
1678842696568 -0.28 0.39 0.01
1678842696578 -0.29 0.40 -0.02
1678842696592 -0.29 0.41 -0.04
1678842696600 -0.30 0.41 -0.05
1678842696608 -0.31 0.41 -0.04
1678842696618 -0.31 0.40 -0.02
1678842696633 -0.32 0.39 0.01
1678842696639 -0.32 0.38 0.01
1678842696648 -0.32 0.37 0.02
1678842696658 -0.32 0.36 0.01
1678842696671 -0.33 0.35 0.01
1678842696679 -0.34 0.35 0.01
1678842696690 -0.34 0.36 0.02
1678842696698 -0.35 0.37 0.03
1678842696708 -0.36 0.38 0.03
1678842696719 -0.36 0.39 0.02
1678842696730 -0.37 0.39 0.01
1678842696740 -0.37 0.39 -0.01
1678842696743 -0.37 0.39 -0.02
1678842696753 -0.36 0.40 -0.03
1678842696766 -0.36 0.39 -0.04
1678842696773 -0.35 0.39 -0.05
1678842696784 -0.34 0.39 -0.05
1678842696795 -0.34 0.40 -0.06
1678842696808 -0.35 0.40 -0.05
1678842696814 -0.35 0.41 -0.04
1678842696823 -0.35 0.41 -0.03
1678842696835 -0.35 0.40 -0.02
1678842696844 -0.34 0.39 -0.00
1678842696859 -0.33 0.39 0.01
1678842696867 -0.33 0.39 0.02
1678842696877 -0.33 0.40 0.03
1678842696884 -0.34 0.41 0.03
1678842696894 -0.35 0.41 0.03
1678842696911 -0.35 0.41 0.03
1678842696914 -0.36 0.41 0.03
1678842696924 -0.37 0.41 0.04
1678842696933 -0.37 0.41 0.05
1678842696943 -0.37 0.41 0.04
1678842696955 -0.37 0.41 0.02
1678842696961 -0.37 0.41 0.02
1678842696965 -0.37 0.41 0.00
1678842696973 -0.37 0.42 -0.02
1678842696989 -0.38 0.42 -0.03
1678842696994 -0.38 0.43 -0.05
1678842697000 -0.39 0.43 -0.05
1678842697007 -0.39 0.44 -0.06
1678842697019 -0.39 0.45 -0.07
1678842697026 -0.38 0.46 -0.09
1678842697034 -0.38 0.48 -0.10
1678842697038 -0.37 0.48 -0.10
1678842697048 -0.37 0.49 -0.10
1678842697055 -0.36 0.49 -0.10
1678842697058 -0.36 0.49 -0.10
1678842697074 -0.36 0.49 -0.09
1678842697085 -0.34 0.48 -0.06
1678842697096 -0.33 0.48 -0.04
1678842697099 -0.32 0.48 -0.03
1678842697109 -0.32 0.48 -0.03
1678842697120 -0.32 0.49 -0.04
1678842697123 -0.32 0.49 -0.05
1678842697139 -0.32 0.50 -0.05
1678842697139 -0.32 0.51 -0.04
1678842697144 -0.31 0.52 -0.04
1678842697159 -0.31 0.52 -0.04
1678842697165 -0.29 0.52 -0.02
