1678842675875 753.85 643.10 -540.69
1678842675876 753.85 643.10 -540.69
1678842675895 739.56 632.38 -530.36
1678842675895 739.56 632.38 -530.36
1678842675895 735.99 660.96 -564.80
1678842675903 735.99 660.96 -564.80
1678842675939 746.71 653.82 -537.25
1678842675939 746.71 653.82 -544.14
1678842675940 746.71 653.82 -544.14
1678842675940 734.20 652.03 -545.86
1678842675946 734.20 652.03 -545.86
1678842675968 728.84 668.11 -551.03
1678842675968 737.78 659.17 -549.30
1678842675968 737.78 659.17 -549.30
1678842675968 750.28 657.39 -540.69
1678842675986 750.28 657.39 -540.69
1678842676001 741.35 655.60 -556.19
1678842676001 755.64 634.17 -542.42
1678842676010 762.79 655.60 -549.30
1678842676041 762.79 655.60 -549.30
1678842676041 752.07 648.46 -556.19
1678842676041 759.21 637.74 -528.64
1678842676041 759.21 637.74 -528.64
1678842676045 748.49 644.88 -538.97
1678842676079 748.49 644.88 -538.97
1678842676079 748.49 644.88 -538.97
1678842676079 762.79 644.88 -518.31
1678842676080 762.79 644.88 -518.31
1678842676105 768.14 643.10 -540.69
1678842676105 753.85 643.10 -523.47
1678842676106 753.85 643.10 -523.47
1678842676112 752.07 627.02 -521.75
1678842676121 741.35 662.75 -549.30
1678842676186 741.35 662.75 -549.30
1678842676621 766.36 634.17 -528.64
1678842676621 757.43 646.67 -537.25
1678842676621 757.43 646.67 -537.25
1678842678033 735.99 646.67 -544.14
1678842678034 746.71 650.24 -530.36
1678842678034 746.71 650.24 -530.36
1678842678034 748.49 666.32 -525.20
1678842678034 748.49 666.32 -525.20
1678842678034 728.84 685.97 -530.36
1678842678053 728.84 685.97 -530.36
1678842678053 702.05 694.90 -532.08
1678842678086 702.05 694.90 -532.08
1678842678087 702.05 694.90 -532.08
1678842678095 702.05 694.90 -532.08
1678842678102 652.03 802.09 -497.65
1678842678140 637.74 805.66 -497.65
1678842678152 637.74 805.66 -497.65
1678842678152 648.46 798.51 -476.98
1678842678167 634.17 802.09 -497.65
1678842678177 641.31 805.66 -490.76
1678842678178 637.74 802.09 -487.31
1678842678178 637.74 802.09 -487.31
1678842678179 637.74 802.09 -487.31
1678842678188 637.74 802.09 -487.31
1678842678193 652.03 812.80 -470.09
1678842678204 652.03 812.80 -470.09
1678842678221 635.95 825.31 -478.70
1678842678221 646.67 828.88 -489.04
1678842678229 646.67 836.03 -468.37
1678842678241 652.03 834.24 -463.21
1678842678241 652.03 834.24 -463.21
1678842678280 652.03 834.24 -463.21
1678842678297 648.46 819.95 -470.09
1678842678306 648.46 819.95 -470.09
1678842678320 648.46 819.95 -470.09
1678842678320 648.46 819.95 -470.09
1678842678339 641.31 844.96 -459.76
1678842678345 641.31 844.96 -459.76
1678842678345 641.31 844.96 -459.76
1678842678361 641.31 844.96 -459.76
1678842678380 641.31 844.96 -459.76
1678842678394 632.38 846.75 -458.04
1678842678411 625.23 839.60 -458.04
1678842678412 628.81 843.17 -454.60
1678842678451 618.09 853.89 -458.04
1678842678470 610.94 836.03 -464.93
1678842678493 610.94 836.03 -464.93
1678842678493 619.87 844.96 -452.87
1678842678506 619.87 844.96 -452.87
1678842678509 603.80 832.45 -464.93
1678842678533 602.01 844.96 -470.09
1678842678550 596.65 836.03 -468.37
1678842678557 593.08 861.04 -447.71
1678842678561 593.08 861.04 -447.71
1678842678570 562.71 869.97 -466.65
1678842678584 555.56 869.97 -463.21
1678842678590 555.56 869.97 -463.21
1678842678605 550.21 861.04 -464.93
1678842678618 541.27 859.25 -463.21
1678842678639 541.27 859.25 -463.21
1678842678665 541.27 859.25 -463.21
1678842678687 541.27 859.25 -463.21
1678842678700 534.13 862.82 -449.43
1678842678708 544.85 866.40 -452.87
1678842678709 532.34 871.75 -451.15
1678842678720 532.34 871.75 -451.15
1678842678735 532.34 871.75 -451.15
1678842678751 534.13 880.69 -428.77
1678842678762 526.98 877.11 -428.77
1678842678769 526.98 877.11 -428.77
1678842678782 526.98 877.11 -428.77
1678842678802 526.98 877.11 -428.77
1678842678810 510.91 889.62 -451.15
1678842678819 526.98 873.54 -439.10
1678842678835 532.34 864.61 -437.38
1678842678835 514.48 871.75 -433.93
1678842678835 514.48 871.75 -433.93
1678842678849 523.41 873.54 -421.88
1678842678852 512.69 869.97 -432.21
1678842678868 505.55 852.10 -439.10
1678842678881 505.55 852.10 -439.10
1678842678888 505.55 852.10 -439.10
1678842678889 505.55 852.10 -439.10
1678842678906 496.61 875.33 -447.71
1678842678927 493.04 868.18 -437.38
1678842678927 493.04 868.18 -437.38
1678842678930 509.12 884.26 -442.54
1678842678930 500.19 889.62 -447.71
1678842678931 494.83 873.54 -442.54
1678842678934 510.91 868.18 -437.38
1678842678953 489.47 871.75 -444.26
1678842678973 489.47 871.75 -444.26
1678842678990 489.47 871.75 -444.26
1678842679003 489.47 871.75 -444.26
1678842679034 489.47 871.75 -444.26
1678842679034 494.83 869.97 -425.32
1678842679034 491.26 877.11 -445.99
1678842679040 491.26 877.11 -445.99
1678842679041 496.61 868.18 -440.82
1678842679058 487.68 880.69 -432.21
1678842679064 487.68 880.69 -432.21
1678842679077 505.55 884.26 -432.21
1678842679089 505.55 884.26 -432.21
1678842679105 487.68 887.83 -449.43
1678842679105 500.19 875.33 -420.16
1678842679105 494.83 873.54 -435.65
1678842679106 491.26 894.98 -439.10
1678842679111 491.26 869.97 -435.65
1678842679111 487.68 877.11 -428.77
1678842679121 478.75 896.76 -437.38
1678842679124 485.90 861.04 -433.93
1678842679139 494.83 884.26 -418.44
1678842679160 473.39 873.54 -449.43
1678842679160 468.03 896.76 -454.60
1678842679165 487.68 880.69 -425.32
1678842679199 487.68 877.11 -442.54
1678842679199 466.25 894.98 -452.87
1678842679202 466.25 894.98 -452.87
1678842679202 478.75 878.90 -430.49
1678842679217 494.83 873.54 -439.10
1678842679222 494.83 873.54 -439.10
1678842679245 475.18 878.90 -430.49
1678842679245 462.67 880.69 -439.10
1678842679258 475.18 875.33 -416.71
1678842679266 469.82 866.40 -414.99
1678842679272 466.25 894.98 -442.54
1678842679274 469.82 880.69 -428.77
1678842679278 480.54 869.97 -411.55
1678842679288 460.89 878.90 -423.60
1678842679299 468.03 878.90 -420.16
1678842679308 476.96 887.83 -411.55
1678842679318 443.02 882.47 -420.16
1678842679328 457.31 878.90 -423.60
1678842679338 464.46 878.90 -416.71
1678842679348 444.81 877.11 -418.44
1678842679364 430.52 894.98 -425.32
1678842679369 455.53 873.54 -401.22
1678842679385 446.60 871.75 -409.83
1678842679392 448.38 891.40 -421.88
1678842679403 464.46 878.90 -420.16
1678842679422 451.95 869.97 -411.55
1678842679435 428.73 900.34 -420.16
1678842679435 437.66 884.26 -418.44
1678842679455 432.30 886.05 -420.16
1678842679468 443.02 882.47 -430.49
1678842679468 430.52 894.98 -425.32
1678842679476 434.09 877.11 -418.44
1678842679486 437.66 877.11 -404.66
1678842679508 426.95 877.11 -432.21
1678842679525 421.59 871.75 -416.71
1678842679530 419.80 869.97 -404.66
1678842679538 423.37 891.40 -425.32
1678842679538 421.59 871.75 -413.27
1678842679554 409.08 887.83 -414.99
1678842679554 410.87 886.05 -427.04
1678842679558 410.87 882.47 -420.16
1678842679569 405.51 880.69 -421.88
1678842679598 410.87 878.90 -430.49
1678842679607 410.87 878.90 -430.49
1678842679613 394.79 884.26 -418.44
1678842679621 412.65 884.26 -411.55
1678842679626 391.22 855.68 -408.10
1678842679629 389.43 893.19 -416.71
1678842679630 389.43 861.04 -409.83
1678842679638 405.51 869.97 -411.55
1678842679654 391.22 884.26 -435.65
1678842679669 393.00 857.46 -402.94
1678842679672 394.79 869.97 -394.33
1678842679673 394.79 869.97 -394.33
1678842679683 384.07 866.40 -404.66
1678842679699 384.07 866.40 -404.66
1678842679706 384.07 866.40 -404.66
1678842679707 384.07 866.40 -404.66
1678842679713 369.78 852.10 -408.10
1678842679721 366.21 869.97 -439.10
1678842679729 360.85 853.89 -409.83
1678842679741 360.85 853.89 -409.83
1678842679741 376.93 859.25 -421.88
1678842679752 376.93 862.82 -428.77
1678842679752 376.93 862.82 -428.77
1678842679776 362.64 852.10 -418.44
1678842679776 353.70 868.18 -420.16
1678842679787 355.49 855.68 -401.22
1678842679800 355.49 855.68 -401.22
1678842679800 357.28 846.75 -402.94
1678842679809 357.28 846.75 -402.94
1678842679819 335.84 839.60 -413.27
1678842679839 334.05 852.10 -414.99
1678842679839 337.63 837.81 -411.55
1678842679848 337.63 837.81 -411.55
1678842679854 337.63 837.81 -408.10
1678842679868 328.69 832.45 -416.71
1678842679877 328.69 832.45 -416.71
1678842679893 344.77 841.39 -408.10
1678842679893 300.11 828.88 -406.38
1678842679903 300.11 828.88 -406.38
1678842679908 303.68 821.74 -416.71
1678842679911 303.68 821.74 -416.71
1678842679925 319.76 837.81 -408.10
1678842679932 307.26 850.32 -427.04
1678842679937 307.26 814.59 -416.71
1678842679944 307.26 814.59 -423.60
1678842679956 307.26 814.59 -423.60
1678842679960 314.40 818.16 -420.16
1678842679971 314.40 818.16 -420.16
1678842679979 314.40 818.16 -420.16
1678842679984 314.40 818.16 -420.16
1678842679990 296.54 825.31 -420.16
1678842680006 296.54 825.31 -420.16
1678842680014 296.54 825.31 -420.16
1678842680016 296.54 825.31 -420.16
1678842680024 305.47 798.51 -435.65
1678842680033 300.11 793.15 -423.60
1678842680039 300.11 793.15 -423.60
1678842680044 296.54 796.73 -427.04
1678842680055 287.61 816.38 -442.54
1678842680058 287.61 816.38 -442.54
1678842680076 287.61 791.37 -439.10
1678842680085 292.97 800.30 -427.04
1678842680097 280.46 787.79 -435.65
1678842680099 280.46 787.79 -435.65
1678842680117 284.03 784.22 -425.32
1678842680126 284.03 791.37 -428.77
1678842680135 280.46 787.79 -425.32
1678842680138 280.46 787.79 -425.32
1678842680143 276.89 787.79 -414.99
1678842680160 276.89 787.79 -414.99
1678842680166 276.89 787.79 -414.99
1678842680168 276.89 787.79 -414.99
1678842680180 298.33 780.65 -425.32
1678842680184 287.61 802.09 -432.21
1678842680188 287.61 802.09 -432.21
1678842680204 271.53 786.01 -433.93
1678842680214 280.46 784.22 -428.77
1678842680221 280.46 784.22 -428.77
1678842680224 278.68 771.72 -451.15
1678842680239 278.68 771.72 -451.15
1678842680244 278.68 771.72 -451.15
1678842680249 278.68 771.72 -451.15
1678842680254 284.03 802.09 -459.76
1678842680271 284.03 802.09 -459.76
1678842680279 284.03 802.09 -459.76
1678842680284 273.32 780.65 -456.32
1678842680299 273.32 780.65 -456.32
1678842680309 273.32 780.65 -456.32
1678842680314 278.68 800.30 -454.60
1678842680319 278.68 800.30 -454.60
1678842680328 285.82 782.44 -444.26
1678842680334 292.97 786.01 -440.82
1678842680344 287.61 780.65 -445.99
1678842680349 287.61 780.65 -445.99
1678842680362 260.81 796.73 -464.93
1678842680368 278.68 778.86 -437.38
1678842680376 276.89 766.36 -449.43
1678842680385 276.89 766.36 -449.43
1678842680390 285.82 793.15 -437.38
1678842680395 284.03 769.93 -452.87
1678842680400 284.03 769.93 -452.87
1678842680410 309.04 784.22 -435.65
1678842680414 289.39 782.44 -451.15
1678842680430 289.39 782.44 -451.15
1678842680445 289.39 778.86 -444.26
1678842680445 289.39 778.86 -444.26
1678842680451 292.97 761.00 -440.82
1678842680465 292.97 761.00 -440.82
1678842680473 292.97 761.00 -440.82
1678842680479 284.03 762.79 -445.99
1678842680491 276.89 769.93 -445.99
1678842680494 276.89 769.93 -445.99
1678842680500 285.82 771.72 -444.26
1678842680509 300.11 764.57 -451.15
1678842680531 300.11 764.57 -451.15
1678842680531 285.82 793.15 -454.60
1678842680539 291.18 773.50 -432.21
1678842680549 282.25 778.86 -444.26
1678842680554 282.25 778.86 -444.26
1678842680559 282.25 778.86 -461.48
1678842680574 282.25 778.86 -461.48
1678842680585 282.25 778.86 -461.48
1678842680589 273.32 784.22 -470.09
1678842680600 287.61 780.65 -470.09
1678842680612 276.89 769.93 -449.43
1678842680613 276.89 769.93 -449.43
1678842680620 266.17 780.65 -466.65
1678842680632 278.68 768.14 -471.82
1678842680638 285.82 761.00 -458.04
1678842680646 285.82 761.00 -458.04
1678842680659 287.61 766.36 -463.21
1678842680665 278.68 746.71 -458.04
1678842680675 262.60 759.21 -466.65
1678842680684 273.32 762.79 -463.21
1678842680690 267.96 764.57 -464.93
1678842680699 291.18 762.79 -445.99
1678842680724 282.25 746.71 -454.60
1678842680751 282.25 746.71 -454.60
1678842680775 259.03 773.50 -463.21
1678842680798 267.96 746.71 -454.60
1678842680808 266.17 737.78 -463.21
1678842680827 276.89 737.78 -476.98
1678842680827 253.67 735.99 -464.93
1678842680827 278.68 743.13 -458.04
1678842680834 278.68 743.13 -458.04
1678842680834 280.46 748.49 -466.65
1678842680836 257.24 743.13 -471.82
1678842680875 278.68 743.13 -464.93
1678842680875 278.68 743.13 -464.93
1678842680901 257.24 728.84 -471.82
1678842680901 271.53 718.13 -461.48
1678842680913 259.03 727.06 -466.65
1678842680930 242.95 721.70 -464.93
1678842680938 242.95 721.70 -464.93
1678842680941 242.95 718.13 -475.26
1678842680942 244.73 727.06 -476.98
1678842680942 246.52 721.70 -489.04
1678842680942 251.88 712.77 -480.43
1678842680958 241.16 712.77 -459.76
1678842680969 241.16 723.48 -476.98
1678842680981 241.16 723.48 -476.98
1678842680995 237.59 705.62 -473.54
1678842681003 246.52 693.12 -475.26
1678842681019 239.38 693.12 -468.37
1678842681029 234.02 709.19 -487.31
1678842681049 234.02 709.19 -487.31
1678842681049 230.44 705.62 -483.87
1678842681108 251.88 687.76 -487.31
1678842681129 239.38 700.26 -471.82
1678842681137 225.08 700.26 -489.04
1678842681137 250.09 685.97 -499.37
1678842681137 250.09 685.97 -499.37
1678842681153 234.02 673.47 -473.54
1678842681173 230.44 684.18 -494.20
1678842681176 244.73 680.61 -494.20
1678842681207 244.73 680.61 -494.20
1678842681217 244.73 680.61 -494.20
1678842681227 221.51 678.83 -495.92
1678842681249 226.87 652.03 -483.87
1678842681249 228.66 675.25 -502.81
1678842681253 221.51 668.11 -502.81
1678842681279 232.23 643.10 -485.59
1678842681285 225.08 643.10 -495.92
1678842681327 232.23 664.53 -492.48
1678842681327 216.15 662.75 -511.42
1678842681330 230.44 655.60 -483.87
1678842681331 214.37 650.24 -499.37
1678842681369 228.66 657.39 -492.48
1678842681382 228.66 657.39 -492.48
1678842681410 212.58 659.17 -504.53
1678842681435 225.08 635.95 -506.25
1678842681435 223.30 652.03 -487.31
1678842681452 230.44 637.74 -504.53
1678842681454 230.44 637.74 -504.53
1678842681475 230.44 644.88 -514.86
1678842681491 244.73 637.74 -497.65
1678842681504 244.73 637.74 -497.65
1678842681515 248.31 627.02 -511.42
1678842681532 248.31 627.02 -511.42
1678842681543 239.38 625.23 -520.03
1678842681544 246.52 610.94 -506.25
1678842681556 253.67 618.09 -513.14
1678842681570 255.45 605.58 -511.42
1678842681573 260.81 610.94 -506.25
1678842681585 260.81 610.94 -506.25
1678842681590 246.52 585.93 -523.47
1678842681590 246.52 585.93 -523.47
1678842681630 251.88 584.15 -514.86
1678842681631 260.81 610.94 -523.47
1678842681663 242.95 603.80 -520.03
1678842681685 244.73 594.87 -518.31
1678842681686 253.67 603.80 -520.03
1678842681686 262.60 609.16 -518.31
1678842681688 259.03 612.73 -514.86
1678842681706 259.03 612.73 -514.86
1678842681707 264.38 600.22 -523.47
1678842681707 262.60 609.16 -532.08
1678842681732 262.60 609.16 -532.08
1678842681757 262.60 609.16 -532.08
1678842681780 262.60 616.30 -525.20
1678842681788 262.60 616.30 -525.20
1678842681788 273.32 605.58 -538.97
1678842681788 273.32 605.58 -538.97
1678842681799 271.53 607.37 -537.25
1678842681818 282.25 607.37 -557.91
1678842681818 282.25 607.37 -557.91
1678842681833 282.25 607.37 -557.91
1678842681834 282.25 607.37 -557.91
1678842681834 282.25 607.37 -557.91
1678842681839 273.32 602.01 -549.30
1678842681857 266.17 605.58 -545.86
1678842681857 269.74 605.58 -559.64
1678842681859 269.74 605.58 -559.64
1678842681894 285.82 607.37 -533.81
1678842681894 275.10 610.94 -544.14
1678842681909 292.97 603.80 -557.91
1678842681924 282.25 589.51 -557.91
1678842681943 282.25 589.51 -557.91
1678842681954 300.11 600.22 -551.03
1678842681954 300.11 600.22 -551.03
1678842681968 300.11 600.22 -551.03
1678842681968 296.54 600.22 -540.69
1678842681970 287.61 609.16 -552.75
1678842682004 287.61 609.16 -552.75
1678842682004 298.33 587.72 -549.30
1678842682004 298.33 587.72 -549.30
1678842682005 298.33 587.72 -549.30
1678842682018 298.33 587.72 -549.30
1678842682030 296.54 593.08 -540.69
1678842682044 296.54 593.08 -540.69
1678842682044 296.54 593.08 -540.69
1678842682046 296.54 593.08 -540.69
1678842682062 292.97 596.65 -575.13
1678842682062 292.97 596.65 -575.13
1678842682063 312.62 566.28 -566.52
1678842682073 307.26 575.22 -582.02
1678842682075 307.26 575.22 -582.02
1678842682075 310.83 564.50 -557.91
1678842682097 310.83 564.50 -557.91
1678842682112 310.83 564.50 -557.91
1678842682125 305.47 559.14 -552.75
1678842682130 305.47 559.14 -552.75
1678842682138 314.40 553.78 -551.03
1678842682154 305.47 555.56 -563.08
1678842682195 305.47 555.56 -563.08
1678842682195 301.90 577.00 -576.85
1678842682195 305.47 551.99 -563.08
1678842682195 305.47 551.99 -563.08
1678842682208 305.47 551.99 -563.08
1678842682225 323.34 551.99 -569.97
1678842682225 323.34 551.99 -569.97
1678842682238 325.12 568.07 -568.25
1678842682242 316.19 566.28 -563.08
1678842682242 316.19 566.28 -563.08
1678842682259 292.97 568.07 -568.25
1678842682286 292.97 568.07 -568.25
1678842682286 335.84 550.21 -571.69
1678842682286 316.19 555.56 -573.41
1678842682287 316.19 555.56 -573.41
1678842682288 334.05 537.70 -559.64
1678842682303 321.55 560.92 -557.91
1678842682324 321.55 560.92 -557.91
1678842682338 326.91 555.56 -552.75
1678842682373 334.05 544.85 -580.30
1678842682373 334.05 544.85 -580.30
1678842682379 337.63 555.56 -569.97
1678842682380 314.40 560.92 -571.69
1678842682380 330.48 544.85 -559.64
1678842682403 326.91 537.70 -563.08
1678842682403 326.91 537.70 -563.08
1678842682411 326.91 562.71 -559.64
1678842682412 326.91 562.71 -559.64
1678842682414 334.05 534.13 -559.64
1678842682415 334.05 534.13 -559.64
1678842682450 334.05 534.13 -559.64
1678842682459 326.91 551.99 -549.30
1678842682470 330.48 541.27 -566.52
1678842682478 330.48 541.27 -566.52
1678842682490 325.12 539.49 -568.25
1678842682498 341.20 562.71 -559.64
1678842682509 353.70 560.92 -551.03
1678842682518 353.70 560.92 -551.03
1678842682519 344.77 548.42 -556.19
1678842682556 342.99 550.21 -561.36
1678842682556 342.99 550.21 -561.36
1678842682556 344.77 555.56 -556.19
1678842682557 360.85 535.91 -564.80
1678842682574 344.77 534.13 -556.19
1678842682581 344.77 534.13 -556.19
1678842682581 348.34 544.85 -556.19
1678842682581 348.34 544.85 -556.19
1678842682581 348.34 544.85 -556.19
1678842682614 359.06 548.42 -552.75
1678842682617 353.70 560.92 -568.25
1678842682617 373.35 537.70 -563.08
1678842682638 373.35 537.70 -563.08
1678842682638 355.49 544.85 -549.30
1678842682667 348.34 555.56 -556.19
1678842682695 348.34 541.27 -566.52
1678842682715 348.34 541.27 -566.52
1678842682715 366.21 548.42 -549.30
1678842682717 366.21 548.42 -549.30
1678842682718 366.21 548.42 -549.30
1678842682731 360.85 528.77 -551.03
1678842682740 360.85 528.77 -551.03
1678842682741 382.29 525.20 -551.03
1678842682744 382.29 525.20 -551.03
1678842682749 366.21 534.13 -563.08
1678842682784 378.71 525.20 -561.36
1678842682797 380.50 537.70 -573.41
1678842682801 369.78 562.71 -566.52
1678842682812 359.06 534.13 -559.64
1678842682827 359.06 534.13 -559.64
1678842682828 362.64 537.70 -559.64
1678842682838 375.14 550.21 -578.58
1678842682858 375.14 550.21 -578.58
1678842682900 375.14 550.21 -578.58
1678842682911 389.43 539.49 -564.80
1678842682911 364.42 550.21 -585.46
1678842682911 380.50 548.42 -576.85
1678842682933 369.78 537.70 -569.97
1678842682966 376.93 551.99 -563.08
1678842682980 360.85 564.50 -571.69
1678842682990 360.85 564.50 -571.69
1678842682997 355.49 551.99 -569.97
1678842683027 366.21 573.43 -587.19
1678842683044 384.07 544.85 -563.08
1678842683044 378.71 543.06 -568.25
1678842683044 371.57 543.06 -571.69
1678842683044 371.57 543.06 -571.69
1678842683049 373.35 537.70 -587.19
1678842683049 387.64 555.56 -583.74
1678842683078 387.64 551.99 -604.41
1678842683086 373.35 555.56 -587.19
1678842683103 373.35 555.56 -587.19
1678842683103 373.35 555.56 -587.19
1678842683116 373.35 555.56 -587.19
1678842683131 373.35 555.56 -587.19
1678842683131 373.35 555.56 -587.19
1678842683170 394.79 555.56 -590.63
1678842683178 382.29 546.63 -588.91
1678842683190 355.49 555.56 -590.63
1678842683202 376.93 523.41 -580.30
1678842683202 376.93 534.13 -590.63
1678842683245 371.57 525.20 -585.46
1678842683265 376.93 530.56 -594.07
1678842683265 385.86 521.62 -592.35
1678842683265 394.79 541.27 -580.30
1678842683279 389.43 553.78 -602.68
1678842683312 389.43 553.78 -602.68
1678842683312 389.43 553.78 -602.68
1678842683312 380.50 537.70 -597.52
1678842683312 389.43 546.63 -588.91
1678842683318 373.35 519.84 -604.41
1678842683335 389.43 521.62 -592.35
1678842683347 393.00 510.91 -595.80
1678842683357 387.64 530.56 -587.19
1678842683371 389.43 543.06 -613.02
1678842683388 385.86 518.05 -588.91
1678842683398 394.79 519.84 -594.07
1678842683408 394.79 519.84 -594.07
1678842683417 389.43 525.20 -606.13
1678842683417 387.64 530.56 -587.19
1678842683417 376.93 530.56 -597.52
1678842683425 375.14 532.34 -592.35
1678842683425 401.94 530.56 -583.74
1678842683426 407.30 525.20 -609.57
1678842683427 389.43 535.91 -606.13
1678842683427 375.14 535.91 -613.02
1678842683435 394.79 530.56 -590.63
1678842683465 425.16 518.05 -588.91
1678842683465 366.21 523.41 -618.18
1678842683465 387.64 519.84 -600.96
1678842683482 401.94 512.69 -587.19
1678842683483 385.86 535.91 -602.68
1678842683490 373.35 523.41 -587.19
1678842683514 403.72 518.05 -585.46
1678842683552 385.86 521.62 -599.24
1678842683552 382.29 521.62 -616.46
1678842683588 385.86 528.77 -595.80
1678842683617 385.86 528.77 -595.80
1678842683640 385.86 532.34 -599.24
1678842683640 385.86 532.34 -599.24
1678842683655 405.51 526.98 -614.74
1678842683656 396.58 525.20 -599.24
1678842683686 396.58 525.20 -599.24
1678842683693 382.29 518.05 -606.13
1678842683701 382.29 518.05 -606.13
1678842683709 382.29 518.05 -606.13
1678842683726 414.44 514.48 -609.57
1678842683736 393.00 543.06 -613.02
1678842683736 393.00 543.06 -613.02
1678842683758 407.30 514.48 -592.35
1678842683758 400.15 521.62 -599.24
1678842683777 400.15 521.62 -599.24
1678842683791 389.43 507.33 -595.80
1678842683808 412.65 498.40 -611.29
1678842683808 412.65 498.40 -611.29
1678842683808 412.65 498.40 -611.29
1678842683817 400.15 525.20 -609.57
1678842683832 400.15 525.20 -609.57
1678842683840 391.22 516.26 -607.85
1678842683840 405.51 516.26 -594.07
1678842683840 410.87 528.77 -616.46
1678842683840 410.87 528.77 -616.46
1678842683850 400.15 510.91 -613.02
1678842683850 400.15 510.91 -613.02
1678842683874 416.23 509.12 -594.07
1678842683882 416.23 519.84 -611.29
1678842683897 416.23 526.98 -625.07
1678842683919 407.30 493.04 -616.46
1678842683924 407.30 493.04 -616.46
1678842683938 419.80 519.84 -607.85
1678842683956 410.87 507.33 -623.35
1678842683961 410.87 507.33 -623.35
1678842683985 419.80 491.26 -618.18
1678842683991 419.80 491.26 -618.18
1678842683991 419.80 491.26 -618.18
1678842684018 435.88 489.47 -623.35
1678842684035 435.88 489.47 -623.35
1678842684049 421.59 507.33 -616.46
1678842684049 432.30 514.48 -630.24
1678842684071 439.45 500.19 -619.90
1678842684088 439.45 500.19 -619.90
1678842684103 446.60 500.19 -602.68
1678842684104 446.60 500.19 -602.68
1678842684104 439.45 493.04 -609.57
1678842684118 437.66 509.12 -628.51
1678842684136 437.66 509.12 -628.51
1678842684136 443.02 496.61 -613.02
1678842684154 428.73 500.19 -606.13
1678842684177 441.24 516.26 -625.07
1678842684205 453.74 500.19 -619.90
1678842684206 453.74 500.19 -619.90
1678842684206 453.74 496.61 -619.90
1678842684206 453.74 496.61 -619.90
1678842684213 453.74 496.61 -619.90
1678842684223 455.53 516.26 -642.29
1678842684229 453.74 503.76 -619.90
1678842684229 453.74 503.76 -619.90
1678842684246 453.74 503.76 -619.90
1678842684246 453.74 503.76 -619.90
1678842684254 453.74 503.76 -619.90
1678842684257 466.25 491.26 -621.63
1678842684292 466.25 491.26 -621.63
1678842684315 464.46 528.77 -633.68
1678842684317 464.46 528.77 -633.68
1678842684333 464.46 528.77 -633.68
1678842684364 464.46 514.48 -630.24
1678842684374 464.46 514.48 -630.24
1678842684392 475.18 514.48 -661.23
1678842684409 480.54 491.26 -628.51
1678842684409 480.54 491.26 -628.51
1678842684417 462.67 523.41 -638.85
1678842684418 466.25 498.40 -631.96
1678842684418 478.75 510.91 -630.24
1678842684418 478.75 510.91 -630.24
1678842684424 457.31 507.33 -623.35
1678842684435 457.31 507.33 -623.35
1678842684448 455.53 491.26 -645.73
1678842684451 475.18 514.48 -650.90
1678842684451 460.89 503.76 -630.24
1678842684460 476.96 501.97 -625.07
1678842684494 460.89 503.76 -616.46
1678842684498 460.89 503.76 -616.46
1678842684498 460.89 496.61 -613.02
1678842684511 473.39 498.40 -642.29
1678842684526 435.88 503.76 -623.35
1678842684531 443.02 482.32 -626.79
1678842684531 443.02 482.32 -626.79
1678842684539 443.02 482.32 -626.79
1678842684554 448.38 501.97 -652.62
1678842684568 464.46 493.04 -619.90
1678842684590 448.38 505.55 -635.40
1678842684603 437.66 519.84 -638.85
1678842684619 437.66 519.84 -638.85
1678842684619 448.38 501.97 -638.85
1678842684622 460.89 503.76 -623.35
1678842684622 446.60 514.48 -647.46
1678842684640 446.60 514.48 -647.46
1678842684644 443.02 503.76 -630.24
1678842684644 426.95 498.40 -618.18
1678842684644 444.81 494.83 -635.40
1678842684645 421.59 521.62 -637.12
1678842684658 430.52 498.40 -642.29
1678842684674 430.52 498.40 -642.29
1678842684701 426.95 491.26 -625.07
1678842684701 425.16 510.91 -623.35
1678842684701 426.95 501.97 -625.07
1678842684702 426.95 501.97 -625.07
1678842684703 414.44 493.04 -602.68
1678842684707 425.16 493.04 -613.02
1678842684715 412.65 484.11 -604.41
1678842684725 412.65 484.11 -604.41
1678842684734 412.65 484.11 -604.41
1678842684734 412.65 509.12 -628.51
1678842684747 398.36 484.11 -600.96
1678842684747 401.94 509.12 -618.18
1678842684769 389.43 518.05 -626.79
1678842684776 389.43 507.33 -609.57
1678842684787 407.30 507.33 -606.13
1678842684788 393.00 518.05 -619.90
1678842684801 385.86 507.33 -595.80
1678842684801 380.50 505.55 -590.63
1678842684815 376.93 519.84 -604.41
1678842684845 353.70 525.20 -595.80
1678842684849 353.70 525.20 -595.80
1678842684866 366.21 494.83 -583.74
1678842684876 359.06 523.41 -583.74
1678842684884 369.78 523.41 -604.41
1678842684890 364.42 510.91 -582.02
1678842684892 359.06 519.84 -600.96
1678842684896 326.91 519.84 -607.85
1678842684906 350.13 525.20 -585.46
1678842684906 332.27 539.49 -599.24
1678842684927 342.99 564.50 -592.35
1678842684927 332.27 521.62 -602.68
1678842684937 360.85 525.20 -582.02
1678842684948 346.56 532.34 -592.35
1678842684961 328.69 546.63 -595.80
1678842684968 335.84 546.63 -592.35
1678842684985 341.20 548.42 -587.19
1678842685002 328.69 546.63 -582.02
1678842685008 332.27 568.07 -585.46
1678842685024 335.84 553.78 -595.80
1678842685024 316.19 562.71 -604.41
1678842685026 310.83 553.78 -588.91
1678842685036 314.40 568.07 -582.02
1678842685056 294.75 584.15 -580.30
1678842685056 314.40 571.64 -592.35
1678842685074 317.98 546.63 -588.91
1678842685120 319.76 587.72 -583.74
1678842685131 305.47 580.57 -604.41
1678842685140 323.34 569.86 -563.08
1678842685159 314.40 571.64 -564.80
1678842685161 312.62 577.00 -583.74
1678842685170 294.75 569.86 -580.30
1678842685176 323.34 566.28 -569.97
1678842685180 309.04 577.00 -566.52
1678842685187 284.03 580.57 -590.63
1678842685202 300.11 582.36 -557.91
1678842685207 291.18 587.72 -569.97
1678842685213 291.18 609.16 -583.74
1678842685218 309.04 594.87 -563.08
1678842685218 280.46 605.58 -556.19
1678842685242 264.38 593.08 -588.91
1678842685245 285.82 582.36 -557.91
1678842685245 285.82 582.36 -557.91
1678842685255 298.33 605.58 -552.75
1678842685255 280.46 616.30 -569.97
1678842685262 285.82 621.66 -554.47
1678842685272 275.10 607.37 -557.91
1678842685282 275.10 607.37 -557.91
1678842685287 275.10 607.37 -557.91
1678842685308 275.10 607.37 -557.91
1678842685308 285.82 610.94 -551.03
1678842685313 269.74 612.73 -556.19
1678842685316 271.53 628.81 -551.03
1678842685327 260.81 621.66 -547.58
1678842685345 276.89 619.87 -545.86
1678842685353 276.89 619.87 -545.86
1678842685362 284.03 616.30 -542.42
1678842685367 266.17 634.17 -559.64
1678842685375 282.25 635.95 -551.03
1678842685392 282.25 635.95 -551.03
1678842685398 260.81 643.10 -537.25
1678842685404 257.24 635.95 -523.47
1678842685404 257.24 635.95 -523.47
1678842685425 266.17 644.88 -545.86
1678842685431 259.03 627.02 -518.31
1678842685440 259.03 627.02 -518.31
1678842685450 260.81 646.67 -537.25
1678842685451 260.81 646.67 -537.25
1678842685471 242.95 664.53 -533.81
1678842685475 259.03 652.03 -535.53
1678842685489 259.03 652.03 -535.53
1678842685503 259.03 662.75 -535.53
1678842685511 257.24 664.53 -523.47
1678842685518 257.24 664.53 -523.47
1678842685522 259.03 669.89 -528.64
1678842685544 259.03 669.89 -528.64
1678842685552 259.03 669.89 -528.64
1678842685569 259.03 669.89 -528.64
1678842685569 271.53 682.40 -509.70
1678842685577 260.81 678.83 -516.59
1678842685589 260.81 678.83 -516.59
1678842685597 255.45 666.32 -514.86
1678842685607 250.09 675.25 -523.47
1678842685610 253.67 678.83 -523.47
1678842685630 253.67 678.83 -523.47
1678842685653 253.67 678.83 -523.47
1678842685661 253.67 678.83 -523.47
1678842685673 257.24 689.54 -520.03
1678842685678 255.45 687.76 -504.53
1678842685680 255.45 687.76 -504.53
1678842685681 262.60 712.77 -501.09
1678842685681 262.60 702.05 -494.20
1678842685691 262.60 702.05 -494.20
1678842685698 239.38 707.41 -492.48
1678842685725 237.59 723.48 -507.98
1678842685740 244.73 709.19 -494.20
1678842685745 241.16 712.77 -501.09
1678842685750 241.16 712.77 -501.09
1678842685754 241.16 712.77 -501.09
1678842685754 275.10 707.41 -478.70
1678842685768 275.10 707.41 -478.70
1678842685791 234.02 734.20 -497.65
1678842685797 278.68 728.84 -461.48
1678842685797 278.68 728.84 -461.48
1678842685819 269.74 727.06 -487.31
1678842685819 267.96 743.13 -475.26
1678842685832 267.96 735.99 -471.82
1678842685840 267.96 735.99 -471.82
1678842685848 266.17 748.49 -483.87
1678842685854 282.25 735.99 -468.37
1678842685859 259.03 755.64 -452.87
1678842685859 269.74 737.78 -476.98
1678842685868 269.74 737.78 -476.98
1678842685878 269.74 737.78 -476.98
1678842685913 273.32 769.93 -470.09
1678842685921 273.32 769.93 -470.09
1678842685930 273.32 737.78 -445.99
1678842685939 273.32 737.78 -445.99
1678842685951 271.53 768.14 -464.93
1678842685954 287.61 755.64 -452.87
1678842685964 287.61 755.64 -452.87
1678842685971 278.68 775.29 -447.71
1678842685980 255.45 773.50 -463.21
1678842685984 289.39 793.15 -451.15
1678842685987 289.39 793.15 -451.15
1678842685995 269.74 777.08 -435.65
1678842685996 282.25 778.86 -437.38
1678842686006 282.25 778.86 -437.38
1678842686018 280.46 794.94 -449.43
1678842686032 269.74 802.09 -449.43
1678842686032 269.74 787.79 -439.10
1678842686040 280.46 791.37 -425.32
1678842686046 278.68 814.59 -437.38
1678842686062 278.68 814.59 -437.38
1678842686077 267.96 821.74 -430.49
1678842686086 296.54 803.87 -440.82
1678842686086 296.54 803.87 -440.82
1678842686100 296.54 803.87 -440.82
1678842686102 296.54 800.30 -420.16
1678842686107 309.04 816.38 -421.88
1678842686121 303.68 821.74 -427.04
1678842686134 300.11 814.59 -413.27
1678842686139 328.69 825.31 -420.16
1678842686155 321.55 825.31 -427.04
1678842686162 317.98 843.17 -423.60
1678842686168 323.34 827.09 -418.44
1678842686172 323.34 827.09 -418.44
1678842686186 323.34 830.67 -428.77
1678842686191 312.62 837.81 -435.65
1678842686204 335.84 839.60 -430.49
1678842686213 342.99 857.46 -413.27
1678842686217 346.56 861.04 -430.49
1678842686227 355.49 848.53 -425.32
1678842686245 366.21 859.25 -432.21
1678842686257 350.13 853.89 -420.16
1678842686257 337.63 866.40 -445.99
1678842686269 337.63 866.40 -445.99
1678842686279 359.06 862.82 -442.54
1678842686285 355.49 859.25 -411.55
1678842686297 351.92 880.69 -442.54
1678842686319 359.06 844.96 -418.44
1678842686319 359.06 844.96 -418.44
1678842686319 362.64 866.40 -442.54
1678842686332 364.42 861.04 -413.27
1678842686339 373.35 859.25 -414.99
1678842686355 376.93 869.97 -408.10
1678842686363 376.93 877.11 -411.55
1678842686364 362.64 884.26 -408.10
1678842686378 373.35 877.11 -404.66
1678842686378 369.78 880.69 -411.55
1678842686405 384.07 884.26 -428.77
1678842686413 387.64 880.69 -411.55
1678842686427 387.64 880.69 -411.55
1678842686431 378.71 875.33 -420.16
1678842686445 375.14 882.47 -416.71
1678842686483 394.79 877.11 -401.22
1678842686489 400.15 893.19 -402.94
1678842686490 419.80 869.97 -414.99
1678842686491 423.37 866.40 -411.55
1678842686492 409.08 862.82 -401.22
1678842686492 409.08 862.82 -401.22
1678842686503 400.15 886.05 -406.38
1678842686512 414.44 886.05 -413.27
1678842686532 412.65 866.40 -411.55
1678842686532 419.80 880.69 -397.77
1678842686541 409.08 887.83 -408.10
1678842686542 430.52 884.26 -401.22
1678842686545 414.44 882.47 -402.94
1678842686548 423.37 884.26 -401.22
1678842686559 421.59 886.05 -392.61
1678842686572 418.01 882.47 -399.49
1678842686577 430.52 880.69 -401.22
1678842686593 446.60 886.05 -389.16
1678842686597 437.66 884.26 -401.22
1678842686607 437.66 891.40 -414.99
1678842686631 446.60 896.76 -416.71
1678842686635 462.67 887.83 -397.77
1678842686640 475.18 878.90 -389.16
1678842686647 455.53 891.40 -397.77
1678842686657 455.53 891.40 -397.77
1678842686672 446.60 878.90 -396.05
1678842686681 478.75 868.18 -371.94
1678842686688 478.75 868.18 -371.94
1678842686704 464.46 903.91 -392.61
1678842686709 448.38 902.12 -414.99
1678842686709 459.10 884.26 -390.88
1678842686713 462.67 894.98 -384.00
1678842686722 453.74 889.62 -409.83
1678842686748 455.53 880.69 -390.88
1678842686748 484.11 898.55 -380.55
1678842686756 471.60 893.19 -385.72
1678842686769 473.39 891.40 -377.11
1678842686772 482.32 882.47 -382.27
1678842686788 482.32 882.47 -382.27
1678842686800 484.11 891.40 -384.00
1678842686800 480.54 887.83 -390.88
1678842686803 469.82 887.83 -370.22
1678842686821 469.82 873.54 -394.33
1678842686851 484.11 898.55 -397.77
1678842686858 484.11 898.55 -397.77
1678842686863 484.11 880.69 -394.33
1678842686877 485.90 871.75 -389.16
1678842686877 480.54 894.98 -408.10
1678842686883 485.90 878.90 -399.49
1678842686883 494.83 859.25 -384.00
1678842686890 469.82 887.83 -408.10
1678842686897 466.25 887.83 -397.77
1678842686902 484.11 887.83 -397.77
1678842686914 493.04 900.34 -402.94
1678842686922 480.54 909.27 -408.10
1678842686938 484.11 877.11 -390.88
1678842686951 496.61 886.05 -389.16
1678842686953 503.76 914.63 -399.49
1678842686962 496.61 889.62 -392.61
1678842686996 496.61 893.19 -392.61
1678842687032 503.76 893.19 -385.72
1678842687042 485.90 889.62 -378.83
1678842687070 521.62 893.19 -371.94
1678842687070 498.40 887.83 -373.66
1678842687070 500.19 878.90 -371.94
1678842687070 501.97 869.97 -387.44
1678842687083 518.05 871.75 -382.27
1678842687089 523.41 902.12 -390.88
1678842687089 535.91 875.33 -368.50
1678842687097 535.91 875.33 -368.50
1678842687101 537.70 884.26 -370.22
1678842687102 519.84 884.26 -373.66
1678842687126 519.84 884.26 -373.66
1678842687135 560.92 893.19 -382.27
1678842687146 546.63 896.76 -375.39
1678842687146 539.49 896.76 -389.16
1678842687146 550.21 878.90 -371.94
1678842687147 571.64 875.33 -365.05
1678842687152 571.64 875.33 -365.05
1678842687172 560.92 896.76 -382.27
1678842687172 562.71 880.69 -373.66
1678842687172 568.07 882.47 -382.27
1678842687194 551.99 877.11 -404.66
1678842687196 551.99 877.11 -404.66
1678842687203 573.43 887.83 -377.11
1678842687214 578.79 875.33 -371.94
1678842687233 593.08 878.90 -368.50
1678842687237 602.01 873.54 -370.22
1678842687237 602.01 873.54 -370.22
1678842687254 609.16 891.40 -397.77
1678842687254 609.16 891.40 -397.77
1678842687265 609.16 891.40 -387.44
1678842687277 621.66 868.18 -378.83
1678842687277 602.01 880.69 -384.00
1678842687293 602.01 880.69 -384.00
1678842687298 602.01 880.69 -384.00
1678842687321 602.01 880.69 -384.00
1678842687329 643.10 875.33 -399.49
1678842687337 637.74 869.97 -428.77
1678842687344 637.74 855.68 -401.22
1678842687347 637.74 855.68 -401.22
1678842687347 637.74 855.68 -401.22
1678842687354 637.74 855.68 -401.22
1678842687369 643.10 850.32 -420.16
1678842687385 668.11 853.89 -409.83
1678842687396 671.68 843.17 -420.16
1678842687400 671.68 843.17 -420.16
1678842687401 671.68 843.17 -420.16
1678842687404 671.68 843.17 -420.16
1678842687419 696.69 814.59 -427.04
1678842687423 698.48 834.24 -428.77
1678842687434 698.48 834.24 -428.77
1678842687439 698.48 834.24 -428.77
1678842687446 698.48 834.24 -428.77
1678842687467 716.34 819.95 -428.77
1678842687478 727.06 787.79 -432.21
1678842687486 727.06 787.79 -432.21
1678842687494 716.34 798.51 -445.99
1678842687512 734.20 784.22 -439.10
1678842687515 734.20 784.22 -439.10
1678842687523 739.56 793.15 -447.71
1678842687527 721.70 786.01 -444.26
1678842687557 735.99 789.58 -444.26
1678842687567 732.42 793.15 -447.71
1678842687567 732.42 793.15 -447.71
1678842687567 732.42 793.15 -447.71
1678842687574 734.20 766.36 -466.65
1678842687592 737.78 769.93 -456.32
1678842687593 737.78 769.93 -456.32
1678842687632 727.06 773.50 -463.21
1678842687632 750.28 761.00 -461.48
1678842687644 750.28 761.00 -461.48
1678842687645 727.06 752.07 -470.09
1678842687647 746.71 753.85 -464.93
1678842687647 735.99 743.13 -482.15
1678842687657 734.20 737.78 -480.43
1678842687657 735.99 739.56 -471.82
1678842687674 750.28 750.28 -468.37
1678842687674 750.28 750.28 -468.37
1678842687692 743.13 743.13 -478.70
1678842687701 730.63 727.06 -476.98
1678842687703 730.63 727.06 -476.98
1678842687721 739.56 735.99 -492.48
1678842687730 735.99 732.42 -495.92
1678842687743 737.78 716.34 -497.65
1678842687747 737.78 716.34 -497.65
1678842687762 741.35 723.48 -494.20
1678842687765 739.56 718.13 -492.48
1678842687778 741.35 712.77 -483.87
1678842687781 748.49 723.48 -501.09
1678842687793 748.49 723.48 -501.09
1678842687815 743.13 693.12 -506.25
1678842687852 730.63 694.90 -504.53
1678842687862 730.63 694.90 -504.53
1678842687864 748.49 705.62 -532.08
1678842687865 728.84 685.97 -509.70
1678842687867 728.84 685.97 -509.70
1678842687879 728.84 685.97 -509.70
1678842687903 728.84 685.97 -509.70
1678842687903 741.35 687.76 -521.75
1678842687930 730.63 680.61 -538.97
1678842687932 730.63 680.61 -538.97
1678842687940 730.63 684.18 -532.08
1678842687941 709.19 673.47 -538.97
1678842687947 709.19 673.47 -538.97
1678842687951 734.20 677.04 -559.64
1678842687967 734.20 677.04 -559.64
1678842687975 734.20 677.04 -559.64
1678842687975 719.91 655.60 -556.19
1678842687979 714.55 635.95 -554.47
1678842687989 714.55 635.95 -554.47
1678842687989 714.55 635.95 -554.47
1678842688002 710.98 643.10 -575.13
1678842688010 716.34 627.02 -556.19
1678842688030 721.70 635.95 -561.36
1678842688034 696.69 660.96 -571.69
1678842688045 696.69 660.96 -571.69
1678842688051 694.90 634.17 -583.74
1678842688066 685.97 635.95 -578.58
1678842688066 689.54 632.38 -585.46
1678842688082 668.11 618.09 -595.80
1678842688082 668.11 625.23 -599.24
1678842688113 671.68 596.65 -595.80
1678842688113 659.17 609.16 -590.63
1678842688118 659.17 609.16 -590.63
1678842688123 653.82 600.22 -602.68
1678842688136 635.95 589.51 -606.13
1678842688147 625.23 578.79 -606.13
1678842688147 628.81 575.22 -619.90
1678842688166 643.10 589.51 -616.46
1678842688170 641.31 577.00 -611.29
1678842688174 635.95 568.07 -626.79
1678842688194 602.01 573.43 -625.07
1678842688198 610.94 550.21 -623.35
1678842688204 607.37 553.78 -626.79
1678842688215 585.93 546.63 -619.90
1678842688230 602.01 544.85 -618.18
1678842688238 602.01 559.14 -625.07
1678842688258 587.72 555.56 -618.18
1678842688269 587.72 559.14 -628.51
1678842688277 587.72 548.42 -625.07
1678842688278 591.29 526.98 -614.74
1678842688293 560.92 539.49 -633.68
1678842688298 560.92 553.78 -633.68
1678842688317 580.57 548.42 -625.07
1678842688317 560.92 539.49 -623.35
1678842688337 543.06 546.63 -640.57
1678842688353 539.49 546.63 -619.90
1678842688368 523.41 534.13 -642.29
1678842688385 523.41 544.85 -625.07
1678842688385 523.41 544.85 -625.07
1678842688395 543.06 535.91 -626.79
1678842688395 510.91 539.49 -633.68
1678842688413 523.41 519.84 -631.96
1678842688413 505.55 534.13 -628.51
1678842688417 519.84 526.98 -631.96
1678842688424 496.61 514.48 -637.12
1678842688448 491.26 519.84 -621.63
1678842688454 489.47 514.48 -630.24
1678842688454 489.47 514.48 -630.24
1678842688474 469.82 537.70 -659.51
1678842688483 493.04 546.63 -619.90
1678842688484 478.75 525.20 -626.79
1678842688500 459.10 534.13 -631.96
1678842688506 491.26 541.27 -635.40
1678842688514 471.60 543.06 -630.24
1678842688520 453.74 550.21 -623.35
1678842688533 446.60 535.91 -623.35
1678842688542 453.74 535.91 -633.68
1678842688558 460.89 560.92 -630.24
1678842688565 446.60 546.63 -633.68
1678842688578 450.17 550.21 -599.24
1678842688586 450.17 550.21 -599.24
1678842688590 437.66 555.56 -614.74
1678842688594 419.80 566.28 -631.96
1678842688615 428.73 560.92 -616.46
1678842688634 428.73 560.92 -616.46
1678842688647 428.73 560.92 -616.46
1678842688678 385.86 553.78 -613.02
1678842689191 382.29 578.79 -602.68
1678842689191 394.79 569.86 -607.85
1678842689191 396.58 560.92 -602.68
1678842689191 385.86 564.50 -599.24
1678842689191 373.35 591.29 -607.85
1678842689191 357.28 582.36 -609.57
1678842689191 359.06 580.57 -597.52
1678842689191 355.49 587.72 -604.41
1678842689199 357.28 585.93 -609.57
1678842689214 357.28 585.93 -609.57
1678842689231 257.24 718.13 -506.25
1678842689240 257.24 718.13 -506.25
1678842689248 257.24 718.13 -506.25
1678842689248 257.24 718.13 -506.25
1678842689267 267.96 696.69 -506.25
1678842689273 278.68 689.54 -506.25
1678842689286 262.60 702.05 -504.53
1678842689293 262.60 702.05 -504.53
1678842689301 267.96 728.84 -523.47
1678842689310 276.89 702.05 -494.20
1678842689310 276.89 702.05 -494.20
1678842689333 267.96 714.55 -509.70
1678842689334 257.24 718.13 -485.59
1678842689355 257.24 718.13 -485.59
1678842689368 244.73 716.34 -487.31
1678842689368 241.16 716.34 -504.53
1678842689370 241.16 716.34 -504.53
1678842689388 244.73 709.19 -487.31
1678842689411 266.17 719.91 -490.76
1678842689411 266.17 719.91 -490.76
1678842689426 260.81 721.70 -489.04
1678842689431 253.67 750.28 -482.15
1678842689438 253.67 750.28 -482.15
1678842689443 262.60 730.63 -463.21
1678842689449 251.88 759.21 -473.54
1678842689466 248.31 744.92 -487.31
1678842689471 271.53 757.43 -458.04
1678842689474 271.53 757.43 -458.04
1678842689498 257.24 761.00 -461.48
1678842689506 262.60 766.36 -456.32
1678842689506 262.60 766.36 -456.32
1678842689522 275.10 768.14 -451.15
1678842689522 275.10 789.58 -461.48
1678842689542 275.10 789.58 -461.48
1678842689556 266.17 798.51 -445.99
1678842689577 291.18 780.65 -442.54
1678842689577 291.18 780.65 -442.54
1678842689590 285.82 800.30 -440.82
1678842689609 275.10 803.87 -430.49
1678842689617 275.10 803.87 -430.49
1678842689623 292.97 814.59 -437.38
1678842689623 300.11 818.16 -430.49
1678842689623 300.11 818.16 -430.49
1678842689638 303.68 818.16 -430.49
1678842689643 301.90 816.38 -425.32
1678842689643 301.90 816.38 -425.32
1678842689650 312.62 834.24 -421.88
1678842689660 312.62 834.24 -421.88
1678842689671 309.04 841.39 -408.10
1678842689676 303.68 818.16 -423.60
1678842689682 303.68 846.75 -399.49
1678842689689 317.98 846.75 -423.60
1678842689705 316.19 855.68 -408.10
1678842689712 330.48 844.96 -404.66
1678842689736 316.19 866.40 -411.55
1678842689736 314.40 864.61 -399.49
1678842689746 314.40 864.61 -399.49
1678842689751 325.12 868.18 -392.61
1678842689761 332.27 868.18 -402.94
1678842689764 321.55 857.46 -402.94
1678842689770 335.84 864.61 -385.72
1678842689780 344.77 869.97 -401.22
1678842689789 332.27 871.75 -399.49
1678842689794 332.27 871.75 -399.49
1678842689804 335.84 875.33 -396.05
1678842689820 342.99 878.90 -389.16
1678842689830 341.20 887.83 -384.00
1678842689838 341.20 887.83 -384.00
1678842689845 330.48 869.97 -380.55
1678842689859 344.77 884.26 -380.55
1678842689870 380.50 873.54 -384.00
1678842689876 339.41 875.33 -382.27
1678842689876 339.41 875.33 -382.27
1678842689884 344.77 880.69 -380.55
1678842689889 344.77 905.70 -387.44
1678842689907 342.99 893.19 -378.83
1678842689908 341.20 898.55 -401.22
1678842689917 355.49 887.83 -390.88
1678842689925 346.56 903.91 -389.16
1678842689940 342.99 893.19 -371.94
1678842689947 350.13 903.91 -378.83
1678842689956 350.13 914.63 -368.50
1678842689966 364.42 882.47 -371.94
1678842689969 353.70 907.48 -368.50
1678842689985 362.64 884.26 -363.33
1678842689990 355.49 909.27 -377.11
1678842690010 359.06 898.55 -366.78
1678842690042 360.85 907.48 -378.83
1678842690047 357.28 900.34 -399.49
1678842690059 360.85 893.19 -375.39
1678842690065 360.85 893.19 -375.39
1678842690065 387.64 887.83 -394.33
1678842690076 362.64 905.70 -377.11
1678842690091 353.70 886.05 -402.94
1678842690091 366.21 891.40 -387.44
1678842690096 382.29 875.33 -399.49
1678842690097 373.35 894.98 -387.44
1678842690107 366.21 894.98 -397.77
1678842690110 367.99 896.76 -402.94
1678842690133 360.85 886.05 -413.27
1678842690133 366.21 869.97 -394.33
1678842690140 344.77 873.54 -414.99
1678842690154 355.49 894.98 -421.88
1678842690175 373.35 880.69 -418.44
1678842690175 362.64 877.11 -404.66
1678842690194 325.12 882.47 -413.27
1678842690194 326.91 873.54 -428.77
1678842690199 335.84 868.18 -423.60
1678842690209 321.55 882.47 -409.83
1678842690229 339.41 886.05 -433.93
1678842690239 334.05 866.40 -421.88
1678842690254 307.26 882.47 -416.71
1678842690260 314.40 889.62 -444.26
1678842690264 314.40 889.62 -444.26
1678842690271 312.62 848.53 -432.21
1678842690274 301.90 852.10 -449.43
1678842690291 298.33 866.40 -445.99
1678842690296 296.54 857.46 -437.38
1678842690311 309.04 834.24 -456.32
1678842690330 309.04 834.24 -456.32
1678842690334 296.54 843.17 -444.26
1678842690334 285.82 828.88 -451.15
1678842690338 278.68 821.74 -444.26
1678842690349 296.54 828.88 -464.93
1678842690367 267.96 821.74 -475.26
1678842690375 284.03 809.23 -470.09
1678842690385 282.25 814.59 -464.93
1678842690389 271.53 818.16 -485.59
1678842690398 271.53 818.16 -485.59
1678842690412 269.74 794.94 -487.31
1678842690412 253.67 793.15 -489.04
1678842690423 269.74 794.94 -490.76
1678842690429 269.74 794.94 -490.76
1678842690436 257.24 789.58 -495.92
1678842690454 262.60 766.36 -511.42
1678842690466 242.95 778.86 -506.25
1678842690473 242.95 778.86 -506.25
1678842690483 251.88 762.79 -494.20
1678842690483 251.88 762.79 -494.20
1678842690492 251.88 762.79 -494.20
1678842690509 232.23 739.56 -526.92
1678842690509 232.23 739.56 -526.92
1678842690518 232.23 739.56 -526.92
1678842690526 241.16 719.91 -528.64
1678842690534 241.16 719.91 -528.64
1678842690545 239.38 718.13 -523.47
1678842690553 237.59 723.48 -563.08
1678842690555 228.66 746.71 -551.03
1678842690570 228.66 746.71 -551.03
1678842690575 228.66 746.71 -551.03
1678842690585 232.23 693.12 -568.25
1678842690589 232.23 693.12 -568.25
1678842690605 237.59 677.04 -552.75
1678842690617 212.58 677.04 -559.64
1678842690626 228.66 660.96 -564.80
1678842690630 228.66 660.96 -564.80
1678842690652 232.23 671.68 -557.91
1678842690661 239.38 675.25 -568.25
1678842690661 239.38 675.25 -568.25
1678842690669 251.88 644.88 -573.41
1678842690678 251.88 644.88 -580.30
1678842690690 251.88 644.88 -580.30
1678842690700 251.88 644.88 -580.30
1678842690701 251.88 644.88 -580.30
1678842690715 242.95 625.23 -592.35
1678842690722 255.45 623.45 -576.85
1678842690732 264.38 607.37 -585.46
1678842690736 253.67 614.52 -575.13
1678842690750 253.67 614.52 -575.13
1678842690760 253.67 614.52 -575.13
1678842690768 275.10 582.36 -602.68
1678842690780 275.10 582.36 -602.68
1678842690789 276.89 602.01 -600.96
1678842690789 276.89 602.01 -600.96
1678842690805 284.03 573.43 -604.41
1678842690816 257.24 585.93 -626.79
1678842690827 257.24 585.93 -626.79
1678842690829 276.89 559.14 -604.41
1678842690837 276.89 559.14 -604.41
1678842690850 294.75 566.28 -604.41
1678842690868 291.18 544.85 -621.63
1678842690882 291.18 544.85 -621.63
1678842690884 307.26 546.63 -609.57
1678842690891 325.12 564.50 -623.35
1678842690900 337.63 548.42 -600.96
1678842690911 337.63 548.42 -600.96
1678842690924 317.98 553.78 -633.68
1678842690928 348.34 530.56 -621.63
1678842690935 348.34 530.56 -621.63
1678842690940 334.05 537.70 -625.07
1678842690973 334.05 537.70 -625.07
1678842690973 334.05 537.70 -625.07
1678842690977 334.05 537.70 -625.07
1678842690981 371.57 525.20 -619.90
1678842690987 359.06 523.41 -628.51
1678842690995 348.34 530.56 -635.40
1678842691001 384.07 516.26 -625.07
1678842691016 384.07 516.26 -625.07
1678842691021 384.07 516.26 -625.07
1678842691035 384.07 516.26 -635.40
1678842693542 389.43 514.48 -626.79
1678842693542 389.43 514.48 -626.79
1678842693542 389.43 507.33 -630.24
1678842693542 393.00 510.91 -630.24
1678842693542 410.87 521.62 -644.01
1678842693542 410.87 521.62 -644.01
1678842693542 410.87 521.62 -644.01
1678842693542 410.87 521.62 -644.01
1678842693578 409.08 491.26 -642.29
1678842693595 409.08 491.26 -642.29
1678842693601 744.92 669.89 -532.08
1678842693607 730.63 666.32 -535.53
1678842693611 728.84 682.40 -557.91
1678842693656 743.13 660.96 -557.91
1678842693663 748.49 644.88 -538.97
1678842693686 735.99 668.11 -547.58
1678842693697 741.35 652.03 -542.42
1678842693697 741.35 652.03 -542.42
1678842693697 759.21 641.31 -552.75
1678842693697 755.64 666.32 -542.42
1678842693697 732.42 678.83 -568.25
1678842693700 741.35 655.60 -549.30
1678842693700 741.35 655.60 -549.30
1678842693705 727.06 644.88 -576.85
1678842693713 732.42 639.52 -544.14
1678842693723 744.92 652.03 -542.42
1678842693730 744.92 652.03 -542.42
1678842693733 752.07 641.31 -563.08
1678842693741 744.92 644.88 -576.85
1678842693752 744.92 644.88 -576.85
1678842693757 723.48 669.89 -569.97
1678842693761 744.92 641.31 -552.75
1678842693776 744.92 641.31 -552.75
1678842693782 725.27 668.11 -585.46
1678842693792 725.27 668.11 -585.46
1678842693796 737.78 655.60 -563.08
1678842693803 737.78 655.60 -563.08
1678842693811 728.84 643.10 -561.36
1678842693819 728.84 657.39 -578.58
1678842693836 728.84 657.39 -578.58
1678842693837 728.84 657.39 -578.58
1678842693843 728.84 657.39 -578.58
1678842693860 732.42 646.67 -575.13
1678842693867 714.55 632.38 -554.47
1678842693871 714.55 632.38 -554.47
1678842693890 719.91 641.31 -573.41
1678842693893 725.27 643.10 -599.24
1678842693902 741.35 627.02 -566.52
1678842693909 725.27 639.52 -571.69
1678842693923 725.27 639.52 -571.69
1678842693927 725.27 639.52 -571.69
1678842693932 725.27 639.52 -571.69
1678842693950 712.77 630.59 -580.30
1678842693957 712.77 634.17 -587.19
1678842693962 712.77 634.17 -587.19
1678842693977 703.83 632.38 -578.58
1678842693995 694.90 644.88 -583.74
1678842693996 694.90 644.88 -583.74
1678842694011 723.48 627.02 -594.07
1678842694017 700.26 614.52 -588.91
1678842694034 700.26 614.52 -588.91
1678842694035 707.41 621.66 -595.80
1678842694043 707.41 621.66 -595.80
1678842694052 707.41 621.66 -595.80
1678842694057 712.77 612.73 -576.85
1678842694067 709.19 616.30 -587.19
1678842694073 709.19 616.30 -587.19
1678842694087 707.41 621.66 -595.80
1678842694098 725.27 589.51 -582.02
1678842694107 710.98 600.22 -588.91
1678842694114 710.98 600.22 -588.91
1678842694123 709.19 619.87 -600.96
1678842694133 709.19 619.87 -600.96
1678842694137 709.19 619.87 -600.96
1678842694148 712.77 598.44 -590.63
1678842694152 712.77 598.44 -590.63
1678842694167 712.77 594.87 -587.19
1678842694177 694.90 609.16 -594.07
1678842694182 694.90 609.16 -594.07
1678842694188 694.90 602.01 -580.30
1678842694197 707.41 600.22 -585.46
1678842694209 707.41 600.22 -585.46
1678842694218 705.62 591.29 -587.19
1678842694228 727.06 605.58 -594.07
1678842694232 727.06 605.58 -594.07
1678842694238 712.77 598.44 -583.74
1678842694254 712.77 598.44 -583.74
1678842694258 718.13 596.65 -575.13
1678842694269 727.06 623.45 -580.30
1678842694272 727.06 623.45 -580.30
1678842694277 705.62 602.01 -597.52
1678842694287 696.69 589.51 -575.13
1678842694292 696.69 589.51 -575.13
1678842694297 714.55 596.65 -568.25
1678842694308 702.05 598.44 -594.07
1678842694317 707.41 600.22 -588.91
1678842694323 707.41 600.22 -588.91
1678842694332 728.84 593.08 -571.69
1678842694348 735.99 593.08 -571.69
1678842694349 735.99 593.08 -571.69
1678842694360 716.34 619.87 -594.07
1678842694360 716.34 619.87 -594.07
1678842694372 728.84 593.08 -595.80
1678842694378 725.27 603.80 -578.58
1678842694387 725.27 603.80 -578.58
1678842694392 718.13 600.22 -585.46
1678842694397 718.13 600.22 -585.46
1678842694411 723.48 602.01 -569.97
1678842694418 719.91 623.45 -590.63
1678842694430 707.41 610.94 -592.35
1678842694433 725.27 607.37 -585.46
1678842694457 737.78 609.16 -590.63
1678842694457 737.78 609.16 -590.63
1678842694458 714.55 618.09 -585.46
1678842694468 714.55 618.09 -585.46
1678842694478 714.55 618.09 -585.46
1678842694483 709.19 627.02 -583.74
1678842694501 709.19 627.02 -583.74
1678842694502 721.70 614.52 -588.91
1678842694512 723.48 627.02 -580.30
1678842694512 739.56 589.51 -568.25
1678842694523 725.27 621.66 -564.80
1678842694533 735.99 625.23 -578.58
1678842694543 716.34 619.87 -576.85
1678842694555 732.42 639.52 -571.69
1678842694562 735.99 618.09 -571.69
1678842694569 735.99 618.09 -571.69
1678842694573 732.42 607.37 -568.25
1678842694586 725.27 625.23 -582.02
1678842694593 741.35 637.74 -576.85
1678842694602 725.27 621.66 -568.25
1678842694617 721.70 618.09 -575.13
1678842694622 723.48 612.73 -556.19
1678842694627 723.48 612.73 -556.19
1678842694639 728.84 600.22 -547.58
1678842694642 727.06 623.45 -563.08
1678842694654 716.34 634.17 -580.30
1678842694657 716.34 634.17 -580.30
1678842694667 746.71 614.52 -568.25
1678842694672 743.13 632.38 -554.47
1678842694691 725.27 625.23 -554.47
1678842694691 734.20 605.58 -559.64
1678842694702 735.99 625.23 -557.91
1678842694713 730.63 609.16 -566.52
1678842694722 735.99 614.52 -568.25
1678842694734 725.27 618.09 -578.58
1678842694737 725.27 618.09 -578.58
1678842694742 712.77 619.87 -580.30
1678842694752 730.63 648.46 -594.07
1678842694766 723.48 630.59 -594.07
1678842694773 730.63 634.17 -583.74
1678842694786 739.56 628.81 -578.58
1678842694792 730.63 623.45 -583.74
1678842694802 739.56 639.52 -585.46
1678842694812 725.27 632.38 -582.02
1678842694824 718.13 621.66 -568.25
1678842694832 734.20 619.87 -590.63
1678842694844 719.91 630.59 -573.41
1678842694859 743.13 610.94 -568.25
1678842694863 748.49 627.02 -545.86
1678842694873 728.84 603.80 -571.69
1678842694883 714.55 632.38 -588.91
1678842694893 732.42 625.23 -571.69
1678842694903 728.84 610.94 -575.13
1678842694912 732.42 621.66 -582.02
1678842694923 725.27 621.66 -599.24
1678842694933 725.27 621.66 -599.24
1678842694939 723.48 609.16 -580.30
1678842694947 721.70 610.94 -588.91
1678842694961 718.13 621.66 -592.35
1678842694970 727.06 612.73 -580.30
1678842694979 730.63 619.87 -580.30
1678842694992 725.27 632.38 -588.91
1678842694997 718.13 600.22 -588.91
1678842695007 721.70 614.52 -578.58
1678842695022 725.27 618.09 -578.58
1678842695031 727.06 609.16 -583.74
1678842695037 730.63 619.87 -573.41
1678842695049 723.48 619.87 -580.30
1678842695062 716.34 602.01 -594.07
1678842695069 714.55 600.22 -585.46
1678842695077 709.19 609.16 -594.07
1678842695091 714.55 639.52 -613.02
1678842695100 705.62 609.16 -566.52
1678842695108 728.84 614.52 -588.91
1678842695119 714.55 625.23 -578.58
1678842695127 727.06 609.16 -580.30
1678842695143 694.90 605.58 -594.07
1678842695153 712.77 619.87 -594.07
1678842695158 728.84 610.94 -578.58
1678842695169 716.34 609.16 -580.30
1678842695178 718.13 618.09 -588.91
1678842695188 716.34 605.58 -607.85
1678842695202 734.20 616.30 -576.85
1678842695207 719.91 623.45 -587.19
1678842695217 709.19 634.17 -607.85
1678842695230 703.83 621.66 -595.80
1678842695240 712.77 623.45 -594.07
1678842695249 719.91 616.30 -587.19
1678842695260 712.77 612.73 -576.85
1678842695269 712.77 612.73 -576.85
1678842695269 714.55 621.66 -592.35
1678842695278 716.34 612.73 -590.63
1678842695292 712.77 623.45 -580.30
1678842695297 718.13 596.65 -595.80
1678842695307 735.99 618.09 -571.69
1678842695313 735.99 618.09 -571.69
1678842695322 710.98 621.66 -599.24
1678842695330 727.06 602.01 -600.96
1678842695340 725.27 607.37 -582.02
1678842695344 725.27 607.37 -582.02
1678842695353 709.19 612.73 -590.63
1678842695357 727.06 598.44 -590.63
1678842695378 727.06 598.44 -590.63
1678842695391 710.98 610.94 -582.02
1678842695392 710.98 614.52 -582.02
1678842695396 727.06 612.73 -580.30
1678842695398 723.48 605.58 -580.30
1678842695408 709.19 605.58 -576.85
1678842695412 709.19 605.58 -576.85
1678842695418 725.27 618.09 -582.02
1678842695430 725.27 593.08 -585.46
1678842695438 721.70 596.65 -578.58
1678842695447 707.41 628.81 -571.69
1678842695453 707.41 628.81 -571.69
1678842695464 730.63 602.01 -590.63
1678842695474 730.63 598.44 -569.97
1678842695475 730.63 598.44 -569.97
1678842695490 721.70 596.65 -578.58
1678842695501 725.27 610.94 -592.35
1678842695503 725.27 610.94 -592.35
1678842695508 725.27 614.52 -585.46
1678842695523 703.83 625.23 -592.35
1678842695523 703.83 625.23 -592.35
1678842695538 703.83 625.23 -592.35
1678842695544 703.83 625.23 -592.35
1678842695549 703.83 625.23 -592.35
1678842695563 723.48 627.02 -580.30
1678842695573 743.13 614.52 -578.58
1678842695579 743.13 614.52 -578.58
1678842695583 709.19 594.87 -559.64
1678842695600 709.19 594.87 -559.64
1678842695603 709.19 594.87 -559.64
1678842695608 709.19 594.87 -559.64
1678842695613 735.99 614.52 -575.13
1678842695623 730.63 623.45 -583.74
1678842695631 730.63 623.45 -583.74
1678842695638 730.63 605.58 -580.30
1678842695643 719.91 594.87 -576.85
1678842695654 735.99 621.66 -585.46
1678842695658 735.99 621.66 -585.46
1678842695667 727.06 598.44 -559.64
1678842695674 743.13 607.37 -578.58
1678842695678 743.13 607.37 -578.58
1678842695695 734.20 602.01 -583.74
1678842695703 732.42 610.94 -557.91
1678842695712 732.42 610.94 -557.91
1678842695716 730.63 605.58 -576.85
1678842695724 712.77 602.01 -590.63
1678842695734 737.78 605.58 -580.30
1678842695738 737.78 605.58 -580.30
1678842695744 730.63 602.01 -583.74
1678842695758 730.63 602.01 -583.74
1678842695766 730.63 602.01 -583.74
1678842695768 730.63 602.01 -583.74
1678842695776 730.63 598.44 -583.74
1678842695784 719.91 619.87 -576.85
1678842695793 721.70 589.51 -585.46
1678842695799 721.70 589.51 -585.46
1678842695807 737.78 609.16 -590.63
1678842695814 739.56 607.37 -588.91
1678842695823 732.42 600.22 -582.02
1678842695828 732.42 600.22 -582.02
1678842695839 725.27 603.80 -575.13
1678842695844 732.42 614.52 -582.02
1678842695848 732.42 614.52 -582.02
1678842695863 709.19 619.87 -583.74
1678842695873 734.20 602.01 -590.63
1678842695879 734.20 602.01 -590.63
1678842695883 712.77 623.45 -590.63
1678842695893 721.70 610.94 -582.02
1678842695900 721.70 610.94 -582.02
1678842695914 718.13 607.37 -564.80
1678842695924 721.70 600.22 -588.91
1678842695930 721.70 600.22 -588.91
1678842695933 728.84 607.37 -575.13
1678842695943 712.77 616.30 -576.85
1678842695948 712.77 616.30 -576.85
1678842695963 721.70 625.23 -585.46
1678842695975 735.99 603.80 -585.46
1678842695978 735.99 603.80 -585.46
1678842695983 734.20 612.73 -594.07
1678842695992 728.84 585.93 -582.02
1678842696004 728.84 585.93 -582.02
1678842696013 730.63 598.44 -587.19
1678842696021 728.84 625.23 -602.68
1678842696030 732.42 596.65 -582.02
1678842696033 723.48 612.73 -563.08
1678842696043 730.63 619.87 -594.07
1678842696053 725.27 618.09 -585.46
1678842696059 725.27 618.09 -585.46
1678842696064 723.48 605.58 -590.63
1678842696078 719.91 609.16 -587.19
1678842696084 730.63 612.73 -590.63
1678842696089 730.63 612.73 -590.63
1678842696093 730.63 612.73 -576.85
1678842696109 728.84 600.22 -575.13
1678842696110 728.84 600.22 -575.13
1678842696113 723.48 605.58 -587.19
1678842696123 723.48 605.58 -587.19
1678842696130 719.91 584.15 -583.74
1678842696139 741.35 605.58 -580.30
1678842696146 741.35 605.58 -580.30
1678842696150 721.70 614.52 -592.35
1678842696159 714.55 607.37 -582.02
1678842696168 723.48 598.44 -569.97
1678842696175 723.48 598.44 -569.97
1678842696187 730.63 612.73 -583.74
1678842696196 714.55 610.94 -606.13
1678842696199 735.99 603.80 -578.58
1678842696209 743.13 614.52 -578.58
1678842696222 728.84 607.37 -592.35
1678842696230 735.99 614.52 -571.69
1678842696238 744.92 605.58 -573.41
1678842696244 744.92 605.58 -573.41
1678842696249 721.70 621.66 -592.35
1678842696258 732.42 603.80 -578.58
1678842696264 732.42 603.80 -578.58
1678842696278 727.06 598.44 -566.52
1678842696283 746.71 618.09 -575.13
1678842696293 735.99 614.52 -592.35
1678842696299 743.13 610.94 -568.25
1678842696315 728.84 610.94 -592.35
1678842696318 718.13 614.52 -571.69
1678842696328 750.28 603.80 -582.02
1678842696338 735.99 603.80 -585.46
1678842696348 735.99 603.80 -585.46
1678842696356 741.35 612.73 -576.85
1678842696363 744.92 609.16 -580.30
1678842696368 730.63 612.73 -569.97
1678842696380 735.99 607.37 -595.80
1678842696391 744.92 619.87 -580.30
1678842696396 744.92 619.87 -580.30
1678842696417 728.84 607.37 -571.69
1678842696417 746.71 621.66 -585.46
1678842696429 739.56 643.10 -595.80
1678842696430 737.78 605.58 -569.97
1678842696439 744.92 619.87 -580.30
1678842696448 739.56 635.95 -561.36
1678842696459 737.78 612.73 -576.85
1678842696469 744.92 616.30 -566.52
1678842696478 727.06 623.45 -580.30
1678842696488 737.78 616.30 -573.41
1678842696498 739.56 621.66 -582.02
1678842696511 734.20 619.87 -573.41
1678842696523 734.20 644.88 -583.74
1678842696529 755.64 623.45 -576.85
1678842696539 739.56 618.09 -582.02
1678842696549 732.42 646.67 -585.46
1678842696558 734.20 634.17 -576.85
1678842696568 728.84 625.23 -578.58
1678842696578 744.92 652.03 -559.64
1678842696592 727.06 644.88 -576.85
1678842696600 744.92 641.31 -569.97
1678842696608 725.27 628.81 -571.69
1678842696618 725.27 664.53 -582.02
1678842696633 748.49 637.74 -566.52
1678842696639 743.13 650.24 -564.80
1678842696648 748.49 652.03 -576.85
1678842696658 737.78 641.31 -583.74
1678842696671 748.49 644.88 -552.75
1678842696679 744.92 648.46 -549.30
1678842696690 755.64 623.45 -542.42
1678842696698 741.35 630.59 -549.30
1678842696708 753.85 635.95 -547.58
1678842696719 750.28 643.10 -537.25
1678842696730 766.36 641.31 -552.75
1678842696740 766.36 641.31 -552.75
1678842696743 752.07 641.31 -549.30
1678842696753 759.21 655.60 -563.08
1678842696766 744.92 641.31 -538.97
1678842696773 759.21 637.74 -549.30
1678842696784 748.49 655.60 -556.19
1678842696795 735.99 646.67 -551.03
1678842696808 750.28 643.10 -547.58
1678842696814 735.99 657.39 -557.91
1678842696823 737.78 659.17 -556.19
1678842696835 748.49 648.46 -556.19
1678842696844 752.07 659.17 -549.30
1678842696859 730.63 659.17 -556.19
1678842696867 743.13 643.10 -547.58
1678842696877 744.92 662.75 -542.42
1678842696884 730.63 662.75 -556.19
1678842696894 748.49 655.60 -559.64
1678842696911 728.84 660.96 -547.58
1678842696914 728.84 664.53 -554.47
1678842696924 737.78 666.32 -556.19
1678842696933 739.56 675.25 -568.25
1678842696943 734.20 669.89 -552.75
1678842696955 728.84 678.83 -568.25
1678842696961 728.84 678.83 -568.25
1678842696965 748.49 662.75 -549.30
1678842696973 727.06 669.89 -563.08
1678842696989 716.34 687.76 -573.41
1678842696994 718.13 664.53 -557.91
1678842697000 718.13 664.53 -557.91
1678842697007 721.70 664.53 -554.47
1678842697019 721.70 664.53 -554.47
1678842697026 721.70 664.53 -554.47
1678842697034 714.55 685.97 -551.03
1678842697038 714.55 685.97 -551.03
1678842697048 723.48 691.33 -563.08
1678842697055 707.41 707.41 -568.25
1678842697058 707.41 707.41 -568.25
1678842697074 716.34 677.04 -556.19
1678842697085 712.77 702.05 -573.41
1678842697096 718.13 678.83 -557.91
1678842697099 718.13 678.83 -557.91
1678842697109 727.06 694.90 -549.30
1678842697120 727.06 694.90 -549.30
1678842697123 727.06 694.90 -549.30
1678842697139 721.70 693.12 -554.47
1678842697139 721.70 693.12 -554.47
1678842697144 728.84 678.83 -547.58
1678842697159 728.84 678.83 -547.58
1678842697165 728.84 678.83 -547.58
