# Created at Tue Mar 14 18:11:16 MST 2023
1678842677273 -0.020259 -0.005111 -0.038425 0.406929 0.381147 0.603237 -0.570299
1678842677332 -0.025077 -0.005587 -0.043928 0.406843 0.381175 0.604829 -0.568653
1678842677359 -0.030146 -0.006038 -0.050413 0.406245 0.381517 0.606495 -0.567074
1678842677392 -0.039385 -0.007267 -0.065405 0.403425 0.378872 0.611880 -0.565072
1678842677419 -0.043959 -0.009165 -0.075065 0.408145 0.378745 0.610497 -0.563261
1678842677469 -0.050304 -0.012082 -0.083999 0.412493 0.379646 0.607793 -0.562410
1678842677523 -0.056593 -0.014349 -0.105576 0.417985 0.381554 0.603943 -0.561211
1678842677559 -0.058982 -0.015553 -0.116836 0.418606 0.382520 0.603929 -0.560105
1678842677603 -0.060841 -0.016845 -0.128898 0.418397 0.382961 0.604429 -0.559419
1678842677630 -0.064658 -0.020247 -0.157612 0.422116 0.382275 0.606405 -0.554938
1678842677732 -0.063400 -0.025718 -0.189874 0.426090 0.380774 0.607435 -0.551798
1678842677754 -0.061982 -0.028660 -0.207728 0.428129 0.379903 0.607673 -0.550557
1678842677773 -0.060140 -0.031896 -0.226657 0.430077 0.380395 0.606738 -0.549730
1678842677811 -0.058622 -0.035673 -0.247659 0.431419 0.379650 0.607024 -0.548876
1678842677875 -0.055710 -0.039482 -0.268787 0.432898 0.378334 0.607924 -0.547624
1678842677947 -0.048790 -0.047461 -0.314012 0.436416 0.377609 0.609183 -0.543921
1678842677954 -0.044150 -0.049367 -0.337766 0.438444 0.376401 0.608663 -0.543708
1678842677989 -0.039795 -0.049924 -0.362100 0.445431 0.374607 0.604932 -0.543432
1678842678026 -0.035633 -0.050096 -0.385774 0.448063 0.376575 0.599269 -0.546175
1678842678050 -0.031304 -0.046696 -0.408456 0.445395 0.376758 0.595985 -0.551795
1678842678110 -0.025239 -0.042139 -0.452722 0.446721 0.373039 0.590055 -0.559569
1678842678135 -0.023960 -0.041913 -0.476057 0.450700 0.372449 0.584744 -0.562339
1678842678211 -0.027085 -0.043143 -0.520263 0.464120 0.365374 0.574018 -0.567096
1678842678230 -0.029029 -0.042619 -0.542423 0.468952 0.364339 0.569288 -0.568553
1678842678277 -0.031845 -0.040111 -0.563637 0.467305 0.361882 0.566916 -0.573823
1678842678305 -0.035200 -0.037965 -0.589371 0.466363 0.356902 0.565963 -0.578630
1678842678339 -0.040248 -0.036692 -0.611923 0.465906 0.354653 0.562856 -0.583391
1678842678401 -0.046405 -0.036586 -0.635669 0.464631 0.351377 0.560441 -0.588692
1678842678417 -0.052707 -0.037435 -0.664919 0.465777 0.346371 0.558291 -0.592781
1678842678477 -0.069936 -0.043692 -0.720463 0.467995 0.339618 0.554045 -0.598894
1678842678509 -0.079524 -0.047022 -0.750242 0.467606 0.336166 0.554512 -0.600711
1678842678548 -0.090396 -0.050194 -0.784988 0.467654 0.334214 0.554590 -0.601690
1678842678610 -0.101682 -0.052535 -0.817708 0.467466 0.334915 0.554454 -0.601572
1678842678635 -0.124235 -0.048744 -0.884488 0.459368 0.333559 0.558071 -0.605208
1678842678687 -0.135401 -0.045753 -0.918842 0.460714 0.335090 0.558226 -0.603192
1678842678722 -0.146388 -0.041901 -0.952502 0.461851 0.337817 0.559791 -0.599338
1678842678771 -0.156596 -0.036738 -0.984824 0.459585 0.339457 0.564515 -0.595713
1678842678819 -0.165853 -0.032867 -1.015140 0.453969 0.340028 0.571271 -0.593247
1678842678869 -0.189342 -0.024563 -1.110134 0.450862 0.341170 0.594419 -0.571832
1678842678907 -0.197171 -0.022914 -1.144970 0.448338 0.340592 0.599876 -0.568453
1678842678935 -0.203549 -0.023143 -1.177137 0.445876 0.341355 0.603958 -0.565601
1678842678991 -0.209272 -0.025375 -1.209985 0.444899 0.341797 0.607017 -0.562823
1678842679028 -0.213549 -0.027944 -1.241453 0.445780 0.341994 0.609568 -0.559237
1678842679075 -0.222125 -0.036182 -1.310556 0.444199 0.340040 0.613937 -0.556903
1678842679111 -0.226687 -0.039367 -1.347230 0.443186 0.338690 0.614484 -0.557929
1678842679141 -0.230293 -0.042830 -1.383909 0.442721 0.336175 0.614890 -0.559371
1678842679203 -0.233485 -0.046182 -1.421540 0.446014 0.333729 0.613924 -0.559280
1678842679216 -0.235693 -0.050524 -1.455956 0.449475 0.332698 0.612246 -0.558963
1678842679266 -0.240815 -0.049594 -1.532431 0.452839 0.325106 0.611239 -0.561808
1678842679308 -0.244383 -0.048002 -1.571495 0.465164 0.323673 0.604840 -0.559487
1678842679340 -0.249980 -0.042843 -1.607968 0.463561 0.322744 0.601310 -0.565132
1678842679384 -0.253991 -0.035464 -1.643615 0.458065 0.313748 0.603947 -0.571828
1678842679429 -0.259010 -0.029990 -1.678298 0.461382 0.309345 0.600933 -0.574727
1678842679471 -0.270014 -0.021864 -1.748740 0.464414 0.308519 0.589406 -0.584582
1678842679509 -0.274098 -0.017888 -1.781848 0.461895 0.302319 0.590153 -0.589046
1678842679548 -0.278665 -0.018170 -1.816466 0.461347 0.301286 0.588255 -0.591897
1678842679595 -0.283043 -0.020594 -1.851609 0.461357 0.302562 0.585797 -0.593673
1678842679618 -0.286359 -0.023362 -1.889193 0.458116 0.302295 0.586775 -0.595351
1678842679686 -0.292881 -0.033863 -1.962059 0.449884 0.307039 0.590439 -0.595578
1678842679712 -0.297868 -0.041861 -2.002112 0.447253 0.312432 0.590941 -0.594256
1678842679755 -0.301235 -0.048123 -2.040875 0.445611 0.317542 0.592224 -0.591498
1678842679809 -0.305833 -0.056428 -2.117041 0.429937 0.330485 0.599649 -0.588519
1678842679843 -0.307470 -0.058991 -2.157208 0.433081 0.334548 0.603984 -0.579415
1678842679878 -0.308604 -0.059325 -2.196473 0.437695 0.340151 0.608490 -0.567855
1678842679945 -0.309036 -0.056292 -2.265407 0.412755 0.350809 0.624500 -0.562642
1678842679990 -0.306798 -0.055934 -2.301696 0.416172 0.357960 0.631624 -0.547464
1678842680011 -0.305267 -0.052735 -2.337635 0.412712 0.367170 0.636951 -0.537725
1678842680072 -0.301781 -0.049723 -2.371059 0.401942 0.369876 0.645811 -0.533444
1678842680085 -0.297182 -0.048366 -2.404236 0.392909 0.371825 0.655273 -0.527243
1678842680132 -0.283983 -0.050817 -2.461448 0.377112 0.381331 0.666988 -0.517205
1678842680180 -0.276309 -0.055454 -2.496136 0.373323 0.383070 0.672264 -0.511810
1678842680222 -0.267598 -0.059437 -2.528855 0.368420 0.385862 0.676287 -0.507950
1678842680269 -0.246567 -0.068788 -2.599947 0.361345 0.386115 0.683622 -0.502996
1678842680313 -0.234321 -0.072642 -2.635857 0.359592 0.386274 0.685969 -0.500932
1678842680359 -0.223118 -0.075442 -2.668414 0.357900 0.390097 0.685104 -0.500363
1678842680393 -0.208797 -0.077484 -2.704473 0.369682 0.390508 0.683361 -0.493818
1678842680432 -0.178201 -0.067993 -2.765306 0.355730 0.400057 0.685156 -0.493936
1678842680500 -0.141572 -0.057849 -2.822625 0.336282 0.399801 0.700593 -0.486048
1678842680534 -0.122397 -0.055878 -2.852967 0.334244 0.413182 0.699253 -0.478129
1678842680571 -0.101863 -0.050822 -2.878684 0.317734 0.421965 0.701908 -0.477825
1678842680613 -0.081049 -0.050690 -2.901797 0.300586 0.423897 0.710036 -0.475192
1678842680639 -0.058738 -0.049104 -2.926344 0.287684 0.430606 0.714281 -0.470764
1678842680709 -0.036512 -0.050195 -2.952736 0.275095 0.441291 0.715051 -0.467212
1678842680721 -0.013418 -0.051227 -2.977111 0.262513 0.448789 0.717785 -0.463099
1678842680754 0.009963 -0.052970 -3.001110 0.248275 0.456038 0.720846 -0.459097
1678842680791 0.033462 -0.055500 -3.025170 0.234231 0.464473 0.723055 -0.454524
1678842680843 0.081537 -0.061406 -3.071882 0.208554 0.481755 0.727434 -0.441880
1678842680900 0.130606 -0.067542 -3.111663 0.174116 0.498158 0.734562 -0.426545
1678842680939 0.156288 -0.071096 -3.134664 0.162384 0.507426 0.738493 -0.413253
1678842680966 0.182741 -0.074427 -3.157316 0.163143 0.517338 0.742259 -0.393443
1678842681019 0.216468 -0.057646 -3.184117 0.146797 0.529542 0.744211 -0.379719
1678842681049 0.241115 -0.052396 -3.200268 0.116272 0.537773 0.746305 -0.374580
1678842681107 0.293686 -0.050686 -3.230820 0.096301 0.546967 0.759265 -0.339219
1678842681142 0.320610 -0.054541 -3.251800 0.083397 0.552925 0.762453 -0.325553
1678842681159 0.345501 -0.051516 -3.262668 0.063449 0.552852 0.767065 -0.319281
1678842681227 0.371177 -0.052437 -3.273265 0.046030 0.555597 0.769664 -0.311142
1678842681253 0.396999 -0.052712 -3.282539 0.034008 0.562421 0.768421 -0.303404
1678842681309 0.450800 -0.062725 -3.297235 0.019274 0.570371 0.769225 -0.287400
1678842681339 0.478639 -0.067861 -3.302303 0.010594 0.573727 0.770059 -0.278808
1678842681370 0.506876 -0.073113 -3.305906 0.001875 0.575215 0.771590 -0.271612
1678842681404 0.535497 -0.077932 -3.308018 -0.007547 0.576494 0.772909 -0.264972
1678842681440 0.562921 -0.078646 -3.305020 -0.015113 0.578492 0.773183 -0.259436
1678842681481 0.593013 -0.081946 -3.305533 -0.019048 0.581150 0.772629 -0.254843
1678842681518 0.625755 -0.089262 -3.309714 -0.023087 0.584051 0.772045 -0.249593
1678842681574 0.656906 -0.089898 -3.307869 -0.033129 0.587525 0.770071 -0.246389
1678842681616 0.722848 -0.089928 -3.303701 -0.035339 0.594792 0.766842 -0.238594
1678842681643 0.752945 -0.086092 -3.298121 -0.040605 0.603189 0.761353 -0.234215
1678842681703 0.784427 -0.083191 -3.292763 -0.053933 0.605775 0.758823 -0.233056
1678842681716 0.818308 -0.080120 -3.283914 -0.060899 0.607197 0.758949 -0.227157
1678842681756 0.849981 -0.079649 -3.278028 -0.062674 0.610361 0.759507 -0.216055
1678842681814 0.903206 -0.073906 -3.262025 -0.087738 0.616150 0.755198 -0.205757
1678842681870 0.959300 -0.070050 -3.245253 -0.112603 0.621532 0.751193 -0.191644
1678842681919 0.981753 -0.072955 -3.237849 -0.126667 0.625057 0.747537 -0.185603
1678842681965 1.010309 -0.074449 -3.228875 -0.138449 0.625894 0.746586 -0.178041
1678842682005 1.068177 -0.079039 -3.210891 -0.161244 0.632293 0.740611 -0.160320
1678842682040 1.098174 -0.082136 -3.202042 -0.174329 0.633606 0.738173 -0.152489
1678842682076 1.128935 -0.085545 -3.193317 -0.186607 0.636461 0.734630 -0.142877
1678842682110 1.150483 -0.087647 -3.183487 -0.196933 0.637880 0.732367 -0.134033
1678842682138 1.182067 -0.090228 -3.174828 -0.205991 0.637613 0.731863 -0.124068
1678842682197 1.212727 -0.090319 -3.165927 -0.220393 0.641379 0.725855 -0.114863
1678842682230 1.276160 -0.086582 -3.146655 -0.249333 0.638855 0.721053 -0.098890
1678842682281 1.306070 -0.085762 -3.135465 -0.259911 0.638165 0.719799 -0.084154
1678842682312 1.334419 -0.083247 -3.124092 -0.271134 0.643423 0.712496 -0.069592
1678842682352 1.362271 -0.077859 -3.110224 -0.286975 0.641544 0.709114 -0.056778
1678842682389 1.387422 -0.076713 -3.095135 -0.303879 0.635594 0.708496 -0.041366
1678842682456 1.445457 -0.070549 -3.063188 -0.334379 0.631587 0.699385 -0.012204
1678842682479 1.467251 -0.070108 -3.045504 -0.351356 0.630715 0.691916 -0.000105
1678842682512 1.488822 -0.071650 -3.026858 -0.365404 0.631055 0.684169 0.012755
1678842682568 1.497910 -0.073709 -3.006994 -0.376133 0.630633 0.678355 0.025701
1678842682606 1.539638 -0.085023 -2.963947 -0.390585 0.629039 0.669930 0.054278
1678842682634 1.584123 -0.088237 -2.938769 -0.397467 0.627311 0.666501 0.065406
1678842682687 1.605200 -0.091751 -2.915270 -0.406187 0.627214 0.660562 0.072615
1678842682713 1.637105 -0.091900 -2.890560 -0.413980 0.625608 0.656730 0.077073
1678842682766 1.659228 -0.093486 -2.865735 -0.417197 0.622636 0.657067 0.080833
1678842682790 1.680975 -0.092809 -2.840786 -0.417620 0.624014 0.654785 0.086357
1678842682841 1.721868 -0.085196 -2.791457 -0.418236 0.627486 0.649796 0.095416
1678842682876 1.742274 -0.079800 -2.767603 -0.425809 0.631637 0.640066 0.100180
1678842682922 1.760102 -0.073698 -2.743679 -0.435111 0.635767 0.629159 0.103139
1678842682972 1.772907 -0.070068 -2.719739 -0.438598 0.634712 0.627288 0.106216
1678842683016 1.809208 -0.064129 -2.670662 -0.440700 0.639058 0.619011 0.119224
1678842683044 1.825555 -0.060920 -2.646329 -0.449041 0.639955 0.611731 0.120849
1678842683090 1.844081 -0.061573 -2.621039 -0.456511 0.640517 0.605094 0.123275
1678842683152 1.877132 -0.062433 -2.569777 -0.468183 0.643433 0.590796 0.133263
1678842683182 1.901990 -0.065671 -2.537858 -0.474220 0.642962 0.585054 0.139377
1678842683226 1.918463 -0.069056 -2.510092 -0.481363 0.642286 0.577973 0.147330
1678842683280 1.956033 -0.077768 -2.448044 -0.499815 0.637414 0.563352 0.162858
1678842683324 1.971981 -0.080531 -2.418487 -0.508552 0.634061 0.556043 0.173657
1678842683353 1.985192 -0.083444 -2.390152 -0.518696 0.633299 0.543846 0.184711
1678842683437 2.005921 -0.084449 -2.334764 -0.542355 0.622277 0.528072 0.199406
1678842683482 2.027655 -0.076779 -2.274224 -0.563848 0.614745 0.504589 0.222607
1678842683524 2.036595 -0.073829 -2.243005 -0.573411 0.608520 0.496182 0.233893
1678842683574 2.045839 -0.072703 -2.182682 -0.592736 0.588663 0.484650 0.259334
1678842683613 2.048586 -0.070768 -2.152580 -0.606363 0.583650 0.469005 0.267790
1678842683660 2.056387 -0.067923 -2.115919 -0.618593 0.577311 0.456366 0.275293
1678842683712 2.056795 -0.074234 -2.051618 -0.635777 0.565192 0.438006 0.290683
1678842683743 2.055065 -0.079633 -2.018915 -0.642694 0.560099 0.429967 0.297259
1678842683786 2.053016 -0.084359 -1.984367 -0.648512 0.554190 0.423367 0.305067
1678842683839 2.043194 -0.096422 -1.917872 0.655849 -0.546622 -0.413346 -0.316563
1678842683867 2.040854 -0.099361 -1.875863 0.657350 -0.543508 -0.410279 -0.322738
1678842683904 2.033480 -0.102408 -1.842894 0.657935 -0.541232 -0.406464 -0.330116
1678842683955 2.025897 -0.106721 -1.810361 0.659658 -0.537206 -0.404117 -0.336081
1678842684009 2.006849 -0.104608 -1.745877 0.659054 -0.531485 -0.396688 -0.354697
1678842684044 1.993599 -0.103677 -1.720137 0.664211 -0.530074 -0.384265 -0.360814
1678842684072 1.982469 -0.101647 -1.688766 0.669878 -0.526121 -0.375722 -0.365094
1678842684116 1.971710 -0.100452 -1.656318 0.671833 -0.521696 -0.374255 -0.369333
1678842684154 1.961024 -0.098232 -1.624418 0.671368 -0.520434 -0.370909 -0.375287
1678842684209 1.950942 -0.095090 -1.596967 0.673092 -0.521968 -0.360629 -0.380057
1678842684233 1.927184 -0.090101 -1.538171 0.679313 -0.523904 -0.336560 -0.388311
1678842684281 1.913888 -0.089749 -1.513304 0.681720 -0.524013 -0.326481 -0.392528
1678842684343 1.901883 -0.091706 -1.482354 0.684468 -0.523186 -0.317704 -0.396035
1678842684352 1.889593 -0.095077 -1.450673 0.687223 -0.520964 -0.310072 -0.400220
1678842684403 1.875211 -0.097851 -1.421164 0.689530 -0.518134 -0.302367 -0.405782
1678842684432 1.848699 -0.104994 -1.356645 0.697393 -0.509569 -0.282076 -0.417632
1678842684483 1.835066 -0.107567 -1.323937 0.703056 -0.503191 -0.273359 -0.421646
1678842684505 1.820980 -0.107218 -1.291904 0.706375 -0.500225 -0.256279 -0.430267
1678842684548 1.806248 -0.107301 -1.259550 0.711714 -0.494279 -0.242854 -0.436088
1678842684578 1.790206 -0.108052 -1.226774 0.716747 -0.482298 -0.239767 -0.442915
1678842684645 1.755268 -0.104419 -1.168588 0.724564 -0.465937 -0.212369 -0.461312
1678842684666 1.735223 -0.104118 -1.139343 0.732629 -0.451613 -0.209939 -0.463925
1678842684705 1.716828 -0.101426 -1.109246 0.734484 -0.440664 -0.204848 -0.473694
1678842684738 1.695836 -0.097877 -1.083816 0.736728 -0.437871 -0.189255 -0.479252
1678842684781 1.673557 -0.097102 -1.060862 0.743255 -0.433524 -0.173495 -0.479090
1678842684854 1.624648 -0.102674 -1.012494 0.750435 -0.417899 -0.154985 -0.488044
1678842684878 1.598098 -0.107915 -0.988791 0.752973 -0.411421 -0.147764 -0.491865
1678842684914 1.568451 -0.110821 -0.960745 0.755821 -0.405233 -0.138934 -0.495196
1678842684971 1.539086 -0.116583 -0.938470 0.758968 -0.399767 -0.131877 -0.496752
1678842684988 1.508196 -0.122536 -0.922737 0.761781 -0.396228 -0.126786 -0.496607
1678842685030 1.447136 -0.122847 -0.880902 0.757944 -0.398809 -0.108658 -0.504645
1678842685088 1.416213 -0.122026 -0.866489 0.756194 -0.399627 -0.107073 -0.506955
1678842685119 1.382793 -0.120075 -0.844426 0.752983 -0.395648 -0.117546 -0.512506
1678842685151 1.351741 -0.114118 -0.825694 0.746800 -0.396379 -0.112535 -0.522024
1678842685194 1.323251 -0.107201 -0.812915 0.745499 -0.402207 -0.094741 -0.522957
1678842685235 1.263197 -0.098864 -0.779036 0.747567 -0.394288 -0.091081 -0.526674
1678842685300 1.208533 -0.095162 -0.749435 0.742807 -0.393083 -0.081079 -0.535864
1678842685331 1.181796 -0.092925 -0.733792 0.742438 -0.392659 -0.075267 -0.537531
1678842685365 1.155023 -0.092500 -0.717446 0.740748 -0.391465 -0.071567 -0.541227
1678842685411 1.129054 -0.094736 -0.699861 0.738938 -0.391829 -0.067535 -0.543948
1678842685457 1.101707 -0.096880 -0.682507 0.738593 -0.391358 -0.062844 -0.545316
1678842685507 1.074415 -0.099982 -0.665036 0.737837 -0.391050 -0.056636 -0.547238
1678842685530 1.017933 -0.105995 -0.625965 0.735225 -0.392603 -0.044187 -0.550776
1678842685595 0.987983 -0.107847 -0.603725 0.733493 -0.392734 -0.039751 -0.553325
1678842685620 0.958271 -0.110074 -0.581549 0.732831 -0.392302 -0.037066 -0.554692
1678842685671 0.929093 -0.113668 -0.560606 0.728555 -0.393335 -0.029392 -0.560028
1678842685696 0.865892 -0.115448 -0.516478 0.735414 -0.379988 -0.033272 -0.560060
1678842685741 0.836397 -0.112439 -0.495143 0.736395 -0.374733 -0.032018 -0.562381
1678842685779 0.806993 -0.106764 -0.469767 0.728933 -0.376612 -0.012119 -0.571554
1678842685827 0.778867 -0.104442 -0.451850 0.733717 -0.369092 -0.001332 -0.570464
1678842685863 0.749071 -0.105751 -0.433872 0.745357 -0.352263 -0.005801 -0.565968
1678842685902 0.693786 -0.100429 -0.396593 0.746668 -0.341256 0.005992 -0.570960
1678842685948 0.667076 -0.100504 -0.378923 0.751634 -0.338324 0.011113 -0.566092
1678842685983 0.639526 -0.101819 -0.361607 0.750794 -0.335171 0.014448 -0.568999
1678842686020 0.612342 -0.104355 -0.343783 0.749745 -0.334066 0.018716 -0.570904
1678842686071 0.555921 -0.113604 -0.309743 0.754843 -0.327302 0.022480 -0.567961
1678842686115 0.536055 -0.110888 -0.300468 0.753438 -0.327100 0.028094 -0.569691
1678842686165 0.508601 -0.113319 -0.284122 0.751702 -0.328886 0.033740 -0.570648
1678842686190 0.480133 -0.116439 -0.267773 0.751514 -0.327291 0.034049 -0.571794
1678842686210 0.453073 -0.117356 -0.252471 0.753008 -0.324966 0.034092 -0.571151
1678842686282 0.398479 -0.113456 -0.219210 0.760232 -0.319039 0.026886 -0.565278
1678842686324 0.372696 -0.110901 -0.204578 0.757508 -0.314108 0.025146 -0.571739
1678842686352 0.349028 -0.105884 -0.192341 0.754626 -0.315168 0.038548 -0.574214
1678842686417 0.295577 -0.102722 -0.164597 0.754830 -0.310350 0.044706 -0.576121
1678842686445 0.270062 -0.102381 -0.151576 0.748859 -0.305659 0.039821 -0.586684
1678842686475 0.247369 -0.102379 -0.140357 0.744425 -0.303101 0.038104 -0.593724
1678842686527 0.222448 -0.103753 -0.128978 0.743946 -0.300733 0.037564 -0.595561
1678842686551 0.198200 -0.105481 -0.117973 0.741768 -0.297370 0.039256 -0.599841
1678842686602 0.150824 -0.109859 -0.095430 0.736513 -0.290608 0.046641 -0.609032
1678842686643 0.133746 -0.113211 -0.088449 0.736543 -0.287946 0.054928 -0.609569
1678842686671 0.109955 -0.116218 -0.076270 0.736559 -0.285868 0.065152 -0.609521
1678842686702 0.078388 -0.120011 -0.059974 0.735903 -0.282044 0.071864 -0.611338
1678842686752 0.051832 -0.123832 -0.044506 0.734810 -0.277803 0.075702 -0.614124
1678842686790 0.023155 -0.129720 -0.028680 0.734490 -0.276436 0.079854 -0.614598
1678842686845 -0.032271 -0.134279 0.009977 0.727812 -0.274607 0.084316 -0.622713
1678842686902 -0.057703 -0.137798 0.027558 0.724742 -0.274090 0.090719 -0.625615
1678842686916 -0.084997 -0.140859 0.047988 0.727240 -0.270055 0.097373 -0.623467
1678842686976 -0.136520 -0.144911 0.093377 0.735446 -0.255758 0.085011 -0.621675
1678842687016 -0.159982 -0.143022 0.118067 0.731299 -0.260150 0.092032 -0.623742
1678842687053 -0.182100 -0.143023 0.141766 0.741272 -0.261173 0.082092 -0.612834
1678842687118 -0.221851 -0.137836 0.193116 0.736175 -0.270114 0.059484 -0.617695
1678842687178 -0.233709 -0.135591 0.214846 0.736503 -0.283859 0.054681 -0.611554
1678842687187 -0.248923 -0.135234 0.239051 0.736148 -0.292485 0.039543 -0.609077
1678842687239 -0.275537 -0.139589 0.285737 0.737091 -0.311491 0.007901 -0.599673
1678842687299 -0.286229 -0.141291 0.307660 0.741222 -0.324419 -0.007962 -0.587605
1678842687323 -0.294221 -0.143262 0.329817 0.740979 -0.338246 -0.025640 -0.579553
1678842687351 -0.299798 -0.144145 0.351348 0.740349 -0.354768 -0.040963 -0.569513
1678842687405 -0.304401 -0.144501 0.396077 0.738446 -0.387311 -0.089065 -0.544752
1678842687464 -0.300708 -0.138777 0.438048 0.718444 -0.422486 -0.135178 -0.535790
1678842687505 -0.296572 -0.135372 0.455055 0.715280 -0.439729 -0.147405 -0.522767
1678842687533 -0.292103 -0.133844 0.471369 0.711923 -0.449038 -0.165798 -0.513849
1678842687571 -0.285906 -0.131960 0.488026 0.705275 -0.460616 -0.180044 -0.507941
1678842687630 -0.278535 -0.129595 0.502794 0.701025 -0.473822 -0.190510 -0.497757
1678842687674 -0.261315 -0.127673 0.533397 0.692414 -0.497201 -0.217249 -0.475560
1678842687701 -0.249637 -0.128762 0.548200 0.686883 -0.507180 -0.234276 -0.464838
1678842687753 -0.235947 -0.130668 0.562822 0.680786 -0.515930 -0.252913 -0.454292
1678842687773 -0.219751 -0.133752 0.576494 0.673987 -0.525555 -0.269949 -0.443464
1678842687851 -0.182182 -0.138914 0.604469 0.660401 -0.543253 -0.305858 -0.418566
1678842687874 -0.166413 -0.139054 0.630458 0.651891 -0.551986 -0.323813 -0.406810
1678842687906 -0.144080 -0.142167 0.644990 0.643772 -0.561260 -0.339169 -0.394348
1678842687943 -0.121150 -0.146103 0.659730 0.635824 -0.568120 -0.356011 -0.382392
1678842687998 -0.074853 -0.148601 0.692957 0.618125 -0.583082 -0.384766 -0.360406
1678842688044 -0.051343 -0.150941 0.707119 -0.611298 0.589276 0.396649 0.348910
1678842688073 -0.028212 -0.151679 0.720308 -0.608153 0.595716 0.403366 0.335511
1678842688115 -0.003215 -0.145266 0.733202 -0.605672 0.602423 0.409098 0.320761
1678842688159 0.020864 -0.145278 0.746916 -0.599050 0.606868 0.420714 0.309597
1678842688204 0.070566 -0.142661 0.773585 -0.583685 0.618951 0.437815 0.290740
1678842688249 0.094793 -0.140609 0.787334 -0.580193 0.622297 0.448018 0.274594
1678842688280 0.117449 -0.139528 0.801713 -0.570313 0.625634 0.462062 0.264242
1678842688334 0.166348 -0.135207 0.830282 -0.554107 0.639002 0.477657 0.237668
1678842688391 0.190032 -0.140677 0.847224 -0.544490 0.643795 0.489266 0.222885
1678842688409 0.214213 -0.142439 0.863640 -0.532800 0.647455 0.502727 0.210217
1678842688466 0.262497 -0.143196 0.895883 -0.515372 0.654245 0.523680 0.179206
1678842688495 0.285947 -0.144745 0.911672 -0.508014 0.656589 0.533539 0.161706
1678842688537 0.309935 -0.146957 0.928019 -0.498660 0.657516 0.546144 0.144003
1678842688579 0.338399 -0.148022 0.947175 -0.489074 0.658067 0.558589 0.125431
1678842688645 0.363674 -0.149243 0.963282 -0.478039 0.659034 0.571045 0.105168
1678842688665 0.390031 -0.149787 0.979157 -0.462102 0.661930 0.584049 0.084838
1678842688694 0.446903 -0.149158 1.011581 -0.414301 0.668659 0.615663 0.046992
1678842688737 0.474156 -0.148888 1.025562 -0.381329 0.671688 0.634271 0.033512
1678842688797 0.495542 -0.145400 1.036563 -0.360405 0.678450 0.639975 0.015658
1678842688819 0.517182 -0.139640 1.046058 -0.347554 0.682177 0.643276 -0.006061
1678842688864 0.538839 -0.136209 1.055260 -0.329593 0.681685 0.652913 -0.019457
1678842688885 0.564882 -0.135627 1.062527 -0.313701 0.681812 0.660214 -0.029010
1678842688942 0.607034 -0.130179 1.075509 -0.298029 0.678019 0.669227 -0.060037
1678842688982 0.607512 -0.132964 1.071581 -0.284556 0.676690 0.675292 -0.071403
1678842689010 0.630193 -0.134725 1.075540 -0.270889 0.678801 0.677502 -0.082703
1678842689077 0.678267 -0.143547 1.082161 -0.245825 0.674034 0.688269 -0.107400
1678842689130 0.710435 -0.149976 1.088617 -0.234062 0.674060 0.690554 -0.118296
1678842689184 0.763016 -0.160892 1.091334 -0.211670 0.670390 0.697296 -0.139824
1678842689216 0.790082 -0.163901 1.092682 -0.201072 0.672762 0.696132 -0.149537
1678842689249 0.817176 -0.165338 1.094259 -0.192472 0.675945 0.693352 -0.159109
1678842689332 0.873454 -0.162149 1.095298 -0.170219 0.661368 0.708803 -0.176681
1678842689349 0.898364 -0.158331 1.096274 -0.172086 0.662616 0.704499 -0.187104
1678842689381 0.924092 -0.156475 1.096838 -0.166829 0.661835 0.704852 -0.193201
1678842689435 0.948497 -0.153850 1.100214 -0.150674 0.656367 0.714288 -0.190453
1678842689451 0.973318 -0.152471 1.099798 -0.137666 0.653652 0.719393 -0.190423
1678842689489 0.995301 -0.147335 1.097892 -0.134480 0.649836 0.720205 -0.202318
1678842689602 1.036438 -0.139075 1.090433 -0.122640 0.640333 0.724229 -0.224556
1678842689651 1.087597 -0.136260 1.084690 -0.097860 0.625334 0.732510 -0.250619
1678842689682 1.130188 -0.135585 1.073792 -0.063659 0.610048 0.737498 -0.282642
1678842689721 1.149316 -0.134742 1.067704 -0.045810 0.600717 0.738055 -0.303834
1678842689765 1.171699 -0.135542 1.058905 -0.021792 0.588754 0.739707 -0.325157
1678842689800 1.204055 -0.136612 1.044505 0.029849 0.560570 0.739642 -0.371214
1678842689867 1.216128 -0.136213 1.037336 0.055973 0.541754 0.739657 -0.395320
1678842689897 1.226817 -0.136881 1.030150 0.090419 0.525245 0.735394 -0.418495
1678842689917 1.233777 -0.136889 1.023719 0.129328 0.511093 0.726223 -0.441201
1678842689965 1.233943 -0.129969 1.016056 0.193395 0.469422 0.708689 -0.489899
1678842690027 1.227539 -0.125239 1.016596 0.227936 0.455565 0.692063 -0.511424
1678842690044 1.221480 -0.119987 1.021227 0.253046 0.443432 0.677110 -0.529960
1678842690083 1.210344 -0.114459 1.029941 0.270082 0.421815 0.671564 -0.546013
1678842690128 1.197279 -0.110572 1.039418 0.290700 0.397418 0.668113 -0.557833
1678842690158 1.182413 -0.107631 1.050305 0.314183 0.376955 0.660225 -0.568592
1678842690211 1.145809 -0.101126 1.079157 0.354353 0.329827 0.641762 -0.594802
1678842690250 1.125433 -0.097587 1.098202 0.374428 0.307077 0.629581 -0.607565
1678842690309 1.081930 -0.090018 1.147125 0.408599 0.256852 0.606716 -0.631641
1678842690352 1.058600 -0.086944 1.176536 0.427162 0.231392 0.592961 -0.642174
1678842690370 1.034383 -0.084559 1.209413 0.446869 0.205632 0.577337 -0.651694
1678842690432 0.985251 -0.082875 1.286516 0.483917 0.149897 0.546429 -0.666911
1678842690478 0.961319 -0.082171 1.330274 0.501125 0.122995 0.528693 -0.673966
1678842690529 0.914747 -0.085134 1.425853 0.537792 0.068143 0.491830 -0.681352
1678842690571 0.894882 -0.085251 1.478179 0.555328 0.040689 0.472442 -0.683193
1678842690616 0.877595 -0.083905 1.532643 0.568608 0.012578 0.456919 -0.683924
1678842690661 0.842661 -0.082929 1.640871 0.613237 -0.043985 0.408630 -0.674557
1678842690699 0.825113 -0.081148 1.695785 0.631817 -0.067120 0.370433 -0.677555
1678842690738 0.810072 -0.075273 1.751813 0.648000 -0.091251 0.335477 -0.677660
1678842690785 0.797217 -0.072959 1.805294 0.663538 -0.116427 0.304353 -0.673447
1678842690830 0.776389 -0.068171 1.907351 0.684938 -0.165259 0.254361 -0.662458
1678842690865 0.767687 -0.067272 1.955586 0.694555 -0.192645 0.233442 -0.652677
1678842690906 0.759243 -0.067580 2.002671 0.702736 -0.217982 0.209465 -0.644027
1678842690952 0.751380 -0.068489 2.049296 0.707831 -0.242405 0.182671 -0.637845
1678842691005 0.738624 -0.071278 2.140191 0.714551 -0.287633 0.128122 -0.624715
1678842691051 0.733941 -0.072596 2.183742 0.717087 -0.306975 0.104999 -0.616869
1678842691068 0.729987 -0.072686 2.226997 0.721160 -0.326101 0.083526 -0.605483
1678842691129 0.726448 -0.072294 2.313064 0.730330 -0.362998 0.044959 -0.576914
1678842691172 0.726384 -0.069649 2.356557 0.736282 -0.382088 0.027753 -0.557787
1678842691238 0.735232 -0.074537 2.400639 0.739290 -0.402226 0.013880 -0.539881
1678842691262 0.738195 -0.072807 2.445132 0.742164 -0.420562 -0.011220 -0.521723
1678842691296 0.754936 -0.068156 2.531357 0.731582 -0.458050 -0.070301 -0.500035
1678842691351 0.774523 -0.073730 2.570033 0.723645 -0.480709 -0.097062 -0.485629
1678842691373 0.792657 -0.073691 2.608398 0.716345 -0.495824 -0.134093 -0.472258
1678842691427 0.814461 -0.072945 2.643861 0.706868 -0.511760 -0.164747 -0.459671
1678842691446 0.834122 -0.074207 2.679161 0.697900 -0.532332 -0.186096 -0.441505
1678842691504 0.891424 -0.074932 2.743710 0.676077 -0.567135 -0.237684 -0.405935
1678842691565 0.923330 -0.076632 2.773924 0.663899 -0.584958 -0.258079 -0.387888
1678842691574 0.957820 -0.074635 2.815887 0.654486 -0.599520 -0.277819 -0.367478
1678842691603 0.991401 -0.080165 2.844550 0.643613 -0.610264 -0.300173 -0.351050
1678842691636 1.025103 -0.086528 2.871632 0.633362 -0.618549 -0.321214 -0.336261
1678842691692 1.055452 -0.096084 2.888916 -0.626508 0.624927 0.336905 0.321635
1678842691736 1.118368 -0.104617 2.931432 -0.619222 0.633427 0.356541 0.297006
1678842691791 1.147203 -0.113792 2.957664 -0.617479 0.629586 0.377533 0.282506
1678842691809 1.179656 -0.116765 2.978099 -0.606153 0.629557 0.401001 0.274654
1678842691875 1.242810 -0.113448 3.004761 -0.590675 0.639484 0.419336 0.257529
1678842691911 1.272971 -0.114725 3.020000 -0.588148 0.634344 0.440200 0.240649
1678842691945 1.302606 -0.114738 3.033336 -0.576638 0.634681 0.459130 0.232094
1678842692005 1.361600 -0.104615 3.051991 -0.558233 0.649866 0.476802 0.196748
1678842692041 1.390322 -0.102325 3.060000 -0.542684 0.657095 0.491979 0.177977
1678842692071 1.415503 -0.098152 3.061559 -0.524758 0.664535 0.508514 0.156322
1678842692120 1.441916 -0.096000 3.064731 -0.508440 0.670908 0.523785 0.130460
1678842692165 1.466675 -0.094366 3.065185 -0.491741 0.675878 0.539104 0.103663
1678842692206 1.487153 -0.093053 3.058826 -0.472273 0.680085 0.555174 0.078893
1678842692250 1.528260 -0.096675 3.053127 -0.428771 0.681038 0.592710 0.032226
1678842692312 1.559280 -0.102285 3.048819 -0.388383 0.677346 0.624748 -0.007053
1678842692349 1.554207 -0.102922 3.035133 -0.371722 0.673565 0.638318 -0.026143
1678842692405 1.584253 -0.106478 3.051678 -0.341730 0.665603 0.660941 -0.057884
1678842692442 1.589684 -0.109515 3.061122 -0.332912 0.661254 0.668453 -0.071298
1678842692470 1.593714 -0.112912 3.073972 -0.325297 0.655321 0.676522 -0.083981
1678842692526 1.601679 -0.110414 3.089748 -0.319227 0.652032 0.681174 -0.094607
1678842692553 1.602430 -0.112852 3.109671 -0.316443 0.653170 0.680252 -0.102414
1678842692612 1.605810 -0.122645 3.161532 -0.292846 0.658283 0.686368 -0.099010
1678842692650 1.602576 -0.122627 3.190079 -0.290827 0.665125 0.681227 -0.094647
1678842692689 1.597664 -0.120617 3.220378 -0.296207 0.669068 0.675301 -0.092618
1678842692711 1.592518 -0.115925 3.248272 -0.301889 0.672706 0.670682 -0.080715
1678842692753 1.584738 -0.113848 3.282611 -0.312955 0.676512 0.663766 -0.061697
1678842692805 1.574685 -0.110382 3.320698 -0.334203 0.676643 0.654449 -0.046464
1678842692867 1.538923 -0.107994 3.418121 -0.389550 0.677270 0.623767 0.021704
1678842692896 1.524225 -0.109338 3.448622 -0.411161 0.674093 0.611656 0.049206
1678842692937 1.506485 -0.109985 3.477868 -0.436005 0.669115 0.596720 0.078170
1678842692962 1.490672 -0.112227 3.505277 -0.457738 0.663520 0.581959 0.107421
1678842693003 1.474219 -0.114496 3.529652 -0.477386 0.657740 0.566612 0.135760
1678842693039 1.458074 -0.116967 3.554159 -0.498773 0.651200 0.547586 0.165269
1678842693089 1.441816 -0.119809 3.577314 -0.520234 0.642453 0.528826 0.192231
1678842693112 1.425246 -0.122834 3.596813 -0.540139 0.633810 0.507481 0.221356
1678842693142 1.407529 -0.125981 3.617433 -0.560297 0.622421 0.485006 0.251851
1678842693196 1.388808 -0.130234 3.637781 -0.585050 0.606506 0.461254 0.277690
1678842693227 1.348035 -0.133002 3.667126 -0.626357 0.574781 0.411673 0.328373
1678842693279 1.326057 -0.133215 3.676422 0.643443 -0.558942 -0.383460 -0.355700
1678842693326 1.278815 -0.134916 3.683236 0.676158 -0.523032 -0.323836 -0.405436
1678842693382 1.253957 -0.136436 3.681768 0.690811 -0.502767 -0.295678 -0.427294
1678842693406 1.228895 -0.136503 3.674945 0.703256 -0.484518 -0.269232 -0.445183
1678842693446 1.203658 -0.135988 3.666953 0.711751 -0.468469 -0.241125 -0.464550
1678842693485 1.178205 -0.134802 3.655582 0.718416 -0.452935 -0.214241 -0.482523
1678842693530 1.152626 -0.133439 3.640447 0.724194 -0.436302 -0.187640 -0.499975
1678842693560 1.124310 -0.133013 3.629887 0.728439 -0.418196 -0.159158 -0.518804
1678842693611 1.075681 -0.132332 3.581223 0.738841 -0.377310 -0.099177 -0.549467
1678842693645 1.052806 -0.133617 3.552919 0.742900 -0.354270 -0.072628 -0.563310
1678842693704 1.010461 -0.137410 3.490176 0.748635 -0.309292 -0.023562 -0.585943
1678842693742 0.987174 -0.136708 3.457079 0.748883 -0.287871 -0.001013 -0.596912
1678842693777 0.968229 -0.138364 3.421608 0.747827 -0.267607 0.019700 -0.607251
1678842693857 0.930378 -0.144262 3.347708 0.746078 -0.228823 0.060707 -0.622352
1678842693914 0.898071 -0.146072 3.268241 0.738724 -0.199572 0.104515 -0.635243
1678842693970 0.883917 -0.148904 3.227453 0.736873 -0.183988 0.121313 -0.639100
1678842693991 0.868679 -0.151233 3.186012 0.731371 -0.165767 0.135295 -0.647544
1678842694025 0.839883 -0.154679 3.103256 0.723008 -0.132789 0.158794 -0.659098
1678842694073 0.827089 -0.154870 3.061156 0.715937 -0.114777 0.178045 -0.665252
1678842694113 0.816045 -0.153480 3.020318 0.709642 -0.099936 0.199358 -0.668339
1678842694151 0.803910 -0.149418 2.978651 0.704090 -0.082325 0.217146 -0.671064
1678842694189 0.793331 -0.147686 2.941083 0.696507 -0.062817 0.233049 -0.675736
1678842694236 0.782603 -0.146463 2.905462 0.688093 -0.046200 0.251006 -0.679256
1678842694269 0.772529 -0.145300 2.871832 0.681676 -0.030660 0.269900 -0.679362
1678842694338 0.748305 -0.146938 2.810973 0.671831 -0.004060 0.297913 -0.678140
1678842694354 0.738048 -0.146258 2.782937 0.666524 0.009178 0.307567 -0.679017
1678842694380 0.723878 -0.148692 2.755015 0.659893 0.020097 0.319878 -0.679570
1678842694440 0.698205 -0.150119 2.700711 0.649394 0.035848 0.343602 -0.677452
1678842694485 0.681207 -0.155358 2.671985 0.642482 0.049094 0.353009 -0.678374
1678842694520 0.663640 -0.160967 2.642361 0.636856 0.061420 0.363487 -0.677140
1678842694565 0.634838 -0.165425 2.587223 0.620145 0.089185 0.390067 -0.674770
1678842694611 0.620057 -0.166844 2.557117 0.607415 0.102037 0.408483 -0.673630
1678842694643 0.606405 -0.172686 2.530896 0.605401 0.112389 0.425661 -0.663077
1678842694688 0.592559 -0.171285 2.501985 0.597336 0.125818 0.440358 -0.658364
1678842694738 0.580721 -0.168688 2.474719 0.582326 0.142145 0.454394 -0.658952
1678842694761 0.572748 -0.162815 2.445447 0.576767 0.157266 0.467798 -0.650978
1678842694801 0.556593 -0.160528 2.391825 0.567280 0.193015 0.483954 -0.637752
1678842694844 0.547768 -0.161546 2.360886 0.560131 0.205924 0.495582 -0.631069
1678842694877 0.542512 -0.160314 2.335458 0.550860 0.215972 0.507791 -0.626146
1678842694933 0.538046 -0.160506 2.309754 0.540608 0.225994 0.518388 -0.622852
1678842694971 0.530002 -0.164021 2.253659 0.529965 0.240837 0.536883 -0.610648
1678842695003 0.527507 -0.168993 2.225127 0.528688 0.247859 0.542380 -0.604052
1678842695047 0.530897 -0.170271 2.205433 0.526329 0.253624 0.546282 -0.600190
1678842695072 0.529667 -0.173939 2.175870 0.522393 0.257400 0.549686 -0.598913
1678842695145 0.529284 -0.181798 2.112139 0.519016 0.263164 0.555456 -0.593999
1678842695180 0.527710 -0.184304 2.076254 0.517818 0.267225 0.555695 -0.593008
1678842695215 0.528716 -0.185689 2.040813 0.514266 0.269027 0.557178 -0.593892
1678842695273 0.533479 -0.189055 1.968312 0.504266 0.269909 0.564990 -0.594685
1678842695336 0.542396 -0.185596 1.892870 0.503024 0.279746 0.562588 -0.593468
1678842695360 0.549699 -0.178012 1.858770 0.496991 0.284523 0.563539 -0.595375
1678842695407 0.555076 -0.172942 1.824954 0.492848 0.290602 0.563614 -0.595810
1678842695430 0.559222 -0.167501 1.794620 0.489853 0.300090 0.560674 -0.596351
1678842695474 0.561733 -0.161689 1.764056 0.485110 0.303802 0.560188 -0.598800
1678842695527 0.562991 -0.155446 1.733234 0.480778 0.299657 0.563338 -0.601422
1678842695562 0.563314 -0.149736 1.677236 0.475888 0.300890 0.559247 -0.608472
1678842695607 0.561774 -0.150014 1.649535 0.475068 0.301650 0.556429 -0.611314
1678842695645 0.558084 -0.154280 1.608895 0.474803 0.302386 0.554432 -0.612969
1678842695677 0.554851 -0.157641 1.580426 0.472778 0.303238 0.553698 -0.614773
1678842695727 0.550557 -0.161544 1.551369 0.470702 0.302134 0.554617 -0.616079
1678842695767 0.538663 -0.170698 1.504816 0.469367 0.301989 0.554854 -0.616955
1678842695812 0.530255 -0.174553 1.473645 0.468287 0.299020 0.555896 -0.618283
1678842695850 0.520317 -0.174403 1.434293 0.468906 0.294222 0.557729 -0.618464
1678842695877 0.509820 -0.176724 1.401339 0.467472 0.290162 0.559411 -0.619948
1678842695975 0.477678 -0.179790 1.297087 0.474726 0.290234 0.550933 -0.621990
1678842695986 0.466757 -0.177562 1.264786 0.470180 0.290696 0.549027 -0.626893
1678842696023 0.456801 -0.176915 1.232949 0.470557 0.289172 0.549993 -0.626469
1678842696070 0.446332 -0.175302 1.200205 0.475909 0.290816 0.548538 -0.622931
1678842696107 0.436152 -0.172871 1.170426 0.478442 0.290830 0.548226 -0.621256
1678842696151 0.426491 -0.167983 1.142511 0.479489 0.286395 0.551975 -0.619187
1678842696202 0.404607 -0.162010 1.089472 0.484055 0.281067 0.548419 -0.621231
1678842696271 0.393041 -0.161577 1.060177 0.487453 0.278535 0.544829 -0.622872
1678842696285 0.381149 -0.162986 1.033788 0.492608 0.274930 0.541723 -0.623127
1678842696335 0.355929 -0.167536 0.980210 0.502584 0.264530 0.535511 -0.625028
1678842696372 0.343116 -0.170594 0.950638 0.507737 0.256322 0.534038 -0.625544
1678842696407 0.330167 -0.173995 0.922804 0.514115 0.247576 0.531054 -0.626397
1678842696441 0.317768 -0.179059 0.895696 0.521226 0.237708 0.526930 -0.627824
1678842696481 0.304546 -0.181304 0.868111 0.527853 0.226033 0.523782 -0.629232
1678842696538 0.277654 -0.184864 0.812519 0.542924 0.204362 0.515176 -0.630922
1678842696572 0.264295 -0.183814 0.795339 0.554642 0.194476 0.506415 -0.630948
1678842696610 0.251321 -0.180290 0.770588 0.558823 0.187572 0.498065 -0.635976
1678842696660 0.236469 -0.177016 0.746005 0.564567 0.183715 0.489656 -0.638553
1678842696707 0.223701 -0.175672 0.722146 0.572424 0.181555 0.480977 -0.638772
1678842696731 0.200738 -0.169713 0.678212 0.571025 0.176653 0.480940 -0.641421
1678842696771 0.187889 -0.168381 0.660195 0.570841 0.174149 0.481830 -0.641601
1678842696813 0.176558 -0.167045 0.639675 0.568795 0.176421 0.480971 -0.643440
1678842696847 0.166180 -0.166119 0.618876 0.567443 0.178831 0.480954 -0.643981
1678842696905 0.143138 -0.168409 0.579374 0.565064 0.191391 0.478174 -0.644533
1678842696949 0.132119 -0.170098 0.560377 0.560939 0.199797 0.481084 -0.643419
1678842696977 0.118832 -0.173335 0.535988 0.554308 0.205431 0.489355 -0.641149
1678842697021 0.107839 -0.174727 0.518228 0.547899 0.212565 0.498006 -0.637662
1678842697051 0.095842 -0.179368 0.501075 0.545522 0.221068 0.504364 -0.631784
