# Created at Tue Mar 14 18:22:07 MST 2023
1678843328118 -1.917756 4.060566 7.513005
1678843328145 -2.750938 4.407725 7.910442
1678843328151 -3.282450 4.448427 9.232041
1678843328160 -2.659958 4.218584 8.611943
1678843328166 -2.492364 4.529830 7.951144
1678843328169 -2.358289 4.730943 7.601591
1678843328173 -3.050213 5.061342 8.394072
1678843328176 -3.459621 4.910508 9.878476
1678843328179 -3.344700 4.745308 9.248801
1678843328183 -3.318364 4.649539 8.362947
1678843328186 -2.944868 4.481946 7.790732
1678843328189 -2.521094 4.158728 7.417237
1678843328192 -2.461239 4.165911 7.520187
1678843328195 -2.372654 4.288015 7.019799
1678843328198 -2.240973 4.477157 6.794744
1678843328201 -2.557007 4.577713 7.022193
1678843328204 -2.655170 4.678270 7.328651
1678843328208 -3.361459 5.068525 7.829040
1678843328211 -3.785233 5.114015 8.319851
1678843328214 -3.138798 4.963180 7.419631
1678843328217 -3.481169 4.982334 7.644686
1678843328220 -4.034230 4.809951 7.474698
1678843328223 -4.003105 4.434062 7.678205
1678843328234 -3.687071 4.122815 8.815451
1678843328237 -3.758897 4.252102 9.145850
1678843328240 -3.809175 4.479551 8.659827
1678843328268 -3.308787 4.527435 8.528147
1678843328328 -3.157952 4.460398 8.968679
1678843328332 -3.093309 4.486734 9.813833
1678843328335 -2.525883 4.165911 10.091560
1678843328367 -2.430115 3.976769 11.724405
1678843328420 -2.035071 3.979163 12.756307
1678843328437 -1.606509 4.185065 10.000581
1678843328450 -1.290475 4.204218 8.341399
1678843328464 -0.129287 3.351882 9.457097
1678843328487 0.699107 3.028665 9.119514
1678843328519 0.682347 3.007117 7.903260
1678843328538 0.375890 3.308787 7.050924
1678843328566 0.028730 3.684676 6.900089
1678843328590 0.088585 3.507505 7.364564
1678843328628 -0.555455 3.653552 8.616732
1678843328646 -0.553061 3.488352 9.136273
1678843328669 0.378284 3.107674 9.011775
1678843328691 0.943315 2.987964 8.590396
1678843328719 0.083797 3.531447 8.101978
1678843328742 -0.486023 3.821146 7.778761
1678843328780 -0.383072 3.840300 7.831434
1678843328795 -0.548272 3.878607 8.305486
1678843328819 -0.991199 3.983952 9.059659
1678843328850 -1.168370 4.010288 9.562442
1678843328883 -1.331176 4.132392 9.730036
1678843328901 -1.860295 4.479551 10.017340
1678843328924 -2.047042 4.642357 10.012551
1678843328948 -2.142811 4.776433 10.005369
1678843328972 -2.521094 4.747702 10.177752
1678843328999 -2.837129 4.726154 10.556035
1678843329024 -2.303222 4.824317 9.782708
1678843329052 -1.975216 4.340688 8.916007
1678843329097 -1.086968 3.174711 9.718064
1678843329102 -0.758962 2.444480 10.297462
1678843329126 -2.178724 3.119645 8.556877
1678843329152 -2.434903 3.450045 8.015787
1678843329177 -1.537078 3.114856 8.485051
1678843329203 -2.209848 3.263297 8.638280
1678843329244 -2.985569 3.507505 8.748413
1678843329256 -3.100491 3.414132 8.971074
1678843329279 -2.820370 3.320758 9.698911
1678843329305 -2.054225 3.210624 8.963891
1678843329330 -1.987187 3.356671 8.147469
1678843329356 -2.583344 3.799598 7.151481
1678843329381 -2.688689 4.120421 6.308722
1678843329407 -2.217031 4.182671 5.729325
1678843329432 -1.383849 4.055778 6.282385
1678843329464 -0.909797 4.194642 6.873753
1678843329493 -1.769315 4.678270 7.721301
1678843329513 -2.487576 5.188235 8.434772
1678843329549 -1.549049 4.924873 9.229648
1678843329564 -0.651223 4.623203 10.201694
1678843329586 -0.799663 4.805163 11.999739
1678843329614 -1.046266 5.521029 11.405977
1678843329638 -1.534683 5.698200 11.204864
1678843329663 -2.308010 4.594473 13.160927
1678843329705 -1.900996 3.236961 13.888764
1678843329725 -0.703895 2.784456 11.528081
1678843329739 0.545878 2.669535 7.879318
1678843329766 0.263362 2.336741 7.939173
1678843329791 -1.180341 1.891419 10.426748
1678843329816 -1.999158 1.970428 10.450690
1678843329843 -1.297657 2.236184 7.520187
1678843329867 -0.811634 2.573767 5.111620
1678843329897 -1.259350 3.272874 4.560954
1678843329920 -2.202666 4.027047 5.999869
1678843329945 -2.655170 4.469975 7.213730
1678843329971 -2.628834 4.539406 8.216900
1678843330014 -2.647987 4.479551 8.889671
1678843330042 -2.387019 4.450821 8.767567
1678843330046 -2.243367 4.376601 8.305486
1678843330074 -2.351106 4.192247 7.922413
1678843330100 -2.387019 3.986346 8.564059
1678843330125 -1.970428 3.945644 9.787497
1678843330149 -2.652776 4.048595 10.340557
1678843330181 -3.076549 3.509900 11.722012
1678843330199 -2.715025 3.069367 12.662932
1678843330229 -2.398990 3.064578 12.275072
1678843330263 -1.843535 2.973598 10.031705
1678843330277 -2.343924 3.433285 7.103596
1678843330333 -3.251326 4.120421 5.530606
1678843330347 -3.579332 4.350265 6.878541
1678843330353 -2.832341 3.722984 8.971074
1678843330379 -2.284068 3.617639 8.295909
1678843330404 -2.032677 3.816358 6.732495
1678843330430 -2.327164 3.854665 6.770802
1678843330459 -2.456451 3.778050 6.914454
1678843330481 -1.934515 3.713407 6.782773
1678843330516 -1.005565 3.670311 6.775591
1678843330532 -0.497994 3.885789 6.871359
1678843330558 -0.581791 4.271256 7.706935
1678843330583 -0.203507 4.462792 8.324639
1678843330608 -0.146046 4.920084 9.126697
1678843330636 -0.450110 5.319916 10.515334
1678843330671 -1.137246 6.004658 12.770672
1678843330687 -1.917756 6.567295 12.299014
1678843330716 -2.427721 6.320693 12.445061
1678843330740 -1.821988 4.786009 12.789825
1678843330765 -1.254562 3.471592 12.670115
1678843330789 -0.598550 3.232172 9.617508
1678843330817 0.603339 3.308787 5.949591
1678843330839 0.663194 3.629610 4.268862
1678843330867 -1.759738 3.744531 7.599196
1678843330896 -3.754108 3.797204 10.979809
1678843330916 -2.521094 3.308787 10.283096
1678843330941 -0.976834 3.088520 6.713342
1678843330966 -1.086968 3.557784 4.762067
1678843330992 -1.534683 3.924097 4.627992
1678843331024 -1.367089 3.825934 5.717354
1678843331066 -0.972046 3.708618 7.206547
1678843331085 -1.086968 3.919308 8.578424
1678843331107 -1.704672 4.182671 9.143456
1678843331124 -1.862689 4.364630 8.796297
1678843331145 -1.405396 4.225766 8.841787
1678843331174 -1.115698 4.034230 9.703699
1678843331198 -0.732626 4.182671 10.690110
1678843331225 -1.082179 4.508282 9.303867
1678843331251 -1.984793 5.102044 10.022128
1678843331301 -1.984793 4.424485 12.354081
1678843331317 -2.075773 4.098873 13.201628
1678843331330 -1.431733 3.849876 10.086772
1678843331350 -0.723049 3.603274 8.137892
1678843331375 -0.584185 3.639187 7.173028
1678843331401 -1.290475 3.916914 7.433996
1678843331473 -1.534683 3.749320 9.255983
1678843331483 -1.484405 3.658340 10.053253
1678843331494 -1.297657 3.821146 8.643068
1678843331503 -1.055843 3.971981 7.675811
1678843331534 -1.434127 4.139575 7.223307
1678843331569 -1.594538 4.410120 6.938396
1678843331584 -1.240196 4.450821 7.237672
1678843331605 -0.972046 4.450821 7.539341
1678843331631 -0.787692 4.565742 6.988675
1678843331671 -0.220267 4.503493 7.206547
1678843331682 0.567426 4.211401 8.497022
1678843331708 0.902614 4.252102 9.636662
1678843331734 0.665588 4.529830 10.982203
1678843331760 -0.713472 5.104438 11.872847
1678843331784 -2.262521 5.523423 12.571953
1678843331810 -1.762132 4.505888 12.188881
1678843331838 -1.043872 3.610456 11.678916
1678843331866 -0.507571 3.294421 9.531317
1678843331916 0.258574 3.361459 6.167464
1678843331939 0.421380 3.756502 4.594473
1678843331946 -1.132457 3.629610 7.924808
1678843331965 -2.616863 3.533842 11.166556
1678843331989 -2.078167 3.205836 10.675745
1678843332018 -0.682347 2.954445 7.855376
1678843332041 -0.732626 3.224990 5.944803
1678843332071 -1.654393 3.627216 5.339070
1678843332091 -1.968034 3.916914 4.886566
1678843332129 -1.247379 3.232172 7.268796
1678843332142 -0.172383 2.540248 9.548077
1678843332185 -0.323217 2.703054 9.023746
1678843332197 -1.218649 3.074155 10.218452
1678843332225 -1.187524 3.062184 11.525687
1678843332273 -0.660800 3.368642 9.830592
1678843332290 -1.462857 4.247314 7.726089
1678843332302 -1.218649 3.627216 13.180080
1678843332322 0.258574 1.970428 16.924612
1678843332354 -0.162806 2.221819 14.159308
1678843332380 -0.323217 2.406173 11.360487
1678843332408 -0.553061 2.343924 10.898406
1678843332424 -1.671153 2.442086 10.524911
1678843332449 -1.982399 2.475605 8.717288
1678843332475 -1.252167 2.054225 5.987898
1678843332506 -0.782904 1.800440 4.929661
1678843332532 -1.137246 1.793257 5.908890
1678843332574 -1.165976 1.910573 6.845023
1678843332595 -0.351948 2.504335 6.782773
1678843332604 0.325611 2.928109 7.041347
1678843332631 -0.251391 3.584120 6.114791
1678843332657 -2.154782 3.636792 10.706870
1678843332680 -1.917756 2.401384 15.911864
1678843332705 -0.014365 1.477222 15.298949
1678843332730 0.462081 1.568202 12.157756
1678843332757 0.023942 1.881842 10.230424
1678843332814 -0.938527 2.226608 9.327810
1678843332834 -1.819593 2.738967 8.772355
1678843332845 -1.975216 2.815581 9.837775
1678843332864 -1.113304 2.829947 9.270349
1678843332883 -0.706290 2.906561 8.549694
1678843332909 -0.399832 3.181894 8.384495
1678843332935 -0.363919 3.296816 8.789114
1678843332970 0.148441 3.292027 8.848969
1678843332988 1.261744 2.930503 9.430760
1678843333019 1.501164 2.659958 10.742783
1678843333036 0.593762 2.786851 11.195287
1678843333087 0.205901 2.853889 10.211270
1678843333100 0.435745 2.999935 8.520964
1678843333114 0.234632 3.327940 8.092402
1678843333140 0.174777 3.478775 8.408437
1678843333166 -0.081403 3.560178 8.927979
1678843333190 -0.806846 3.734955 9.071630
1678843333219 -1.467646 4.326323 9.090784
1678843333264 -1.843535 4.819528 10.206482
1678843333279 -0.335188 5.267244 8.415619
1678843333293 -0.577003 5.449203 8.997410
1678843333318 -0.090980 4.639963 12.337321
1678843333344 0.979228 4.204218 11.504139
1678843333369 1.206678 4.357447 9.509769
1678843333414 0.603339 4.369418 8.501810
1678843333432 0.785298 4.089296 7.268796
1678843333446 -0.095768 3.983952 6.983886
1678843333471 -1.525106 3.658340 9.744401
1678843333497 -1.477222 3.031059 11.180922
1678843333524 -0.146046 2.679112 9.591172
1678843333561 0.399832 2.803610 7.663840
1678843333575 -0.826000 3.287239 6.866570
1678843333599 -2.176329 3.940856 6.737284
1678843333630 -2.296039 4.438850 6.083666
1678843333650 -1.699883 4.797980 5.571307
1678843333676 -1.379060 5.080496 6.718130
1678843333701 -1.367089 5.377377 7.857770
1678843333727 -1.592144 5.896919 8.044518
1678843333764 -0.976834 5.817910 8.808268
1678843333778 -0.474052 5.588067 9.579201
1678843333804 0.045490 5.422867 9.732430
1678843333835 0.687136 5.015852 10.254366
1678843333864 1.137246 4.441244 11.224017
1678843333880 1.561020 4.548983 10.939108
1678843333917 1.769315 4.678270 9.509769
1678843333934 -0.088585 4.910508 9.823410
1678843333963 -0.893037 4.007894 12.071565
1678843333983 -0.098162 3.428497 10.273520
1678843334008 1.786075 3.215413 7.079654
1678843334039 2.200271 2.877831 6.720524
1678843334060 0.119710 2.865860 10.151415
1678843334085 -1.017536 3.217807 12.871228
1678843334119 -0.720655 3.557784 10.163386
1678843334138 0.014365 3.632004 6.047753
1678843334172 -0.280122 3.744531 5.803545
1678843334187 -1.283292 3.713407 7.575254
1678843334213 -1.383849 3.828329 7.177817
1678843334238 -0.948104 3.792415 6.354211
1678843334264 -1.007959 3.605668 7.556100
1678843334291 -0.845153 3.095703 8.621520
1678843334318 -0.672771 2.975993 9.052477
1678843334348 -0.897826 3.191471 8.657434
1678843334366 -1.920150 3.541024 8.518570
1678843334397 -1.584962 3.952827 9.126697
1678843334417 -2.078167 4.278439 8.571242
1678843334464 -3.375824 5.228937 8.477868
1678843334475 -2.851494 4.774038 9.667787
1678843334493 -1.721431 4.048595 11.149797
1678843334536 -0.833182 3.718195 11.121067
1678843334550 -0.395043 3.445256 10.539276
1678843334570 -1.347936 3.763685 9.627085
1678843334598 -3.071761 4.515464 8.827422
1678843334628 -4.110844 4.958392 8.896853
1678843334690 -3.246537 4.491522 9.018958
1678843334704 -1.661576 4.058172 7.908048
1678843334717 -1.668759 4.278439 7.410054
1678843334730 -2.659958 4.546589 7.654263
1678843334749 -2.923320 4.522647 7.548918
1678843334775 -1.697489 4.177882 7.445967
1678843334809 -0.411803 3.663129 7.862558
1678843334830 -0.404620 3.541024 8.034941
1678843334860 0.483629 3.268085 6.845023
1678843334880 1.582567 3.062184 6.028600
1678843334903 1.948880 3.213019 7.613562
1678843334931 1.060631 4.127604 9.957485
1678843334956 0.019154 5.228937 11.623849
1678843334979 -1.067814 6.107608 11.901577
1678843335005 -0.541090 5.846641 12.423512
1678843335041 -1.223437 5.293580 13.496115
1678843335063 -2.913743 5.133168 13.637373
1678843335092 -1.015141 4.721366 9.284714
1678843335107 0.481235 4.333505 6.256049
1678843335147 -1.017536 3.948039 8.046912
1678843335164 -3.150769 3.600879 11.733982
1678843335199 -2.511518 2.949656 10.654198
1678843335211 -1.000776 2.758120 6.912060
1678843335235 -0.553061 2.959233 4.371812
1678843335268 -1.403002 3.385401 4.153940
1678843335298 -2.430115 3.818752 5.724536
1678843335314 -2.286463 4.094085 6.306327
1678843335337 -1.537078 4.048595 6.806715
1678843335364 -1.192312 3.988740 7.541735
1678843335389 -1.314417 4.218584 7.793127
1678843335414 -1.079785 4.534618 7.187394
1678843335444 -0.758962 4.759673 7.611167
1678843335466 0.421380 4.795586 8.858546
1678843335491 1.273715 4.874595 10.299856
1678843335532 0.699107 5.224148 10.946290
1678843335542 -0.351948 5.408502 12.248735
1678843335567 -1.201889 4.472369 15.035586
1678843335606 -1.939303 3.670311 14.429853
1678843335623 -2.430115 3.620033 10.457873
1678843335644 -3.162740 3.289633 8.734048
1678843335680 -3.770868 3.040636 9.725247
1678843335702 -4.074931 2.885013 11.020511
1678843335721 -3.177106 2.600103 10.086772
1678843335746 -2.092532 2.901772 6.943185
1678843335772 -1.879448 3.517082 4.426879
1678843335804 -2.348712 4.005499 4.601655
1678843335837 -2.413355 4.182671 6.485892
1678843335851 -1.113304 3.672705 6.600814
1678843335875 -0.237026 3.892972 5.801151
1678843335899 -0.292093 4.462792 7.036559
1678843335935 0.086191 4.898537 7.728483
1678843335952 -0.093374 5.477933 7.891289
1678843335983 -0.981623 5.990293 7.706935
1678843336002 -0.572214 5.868188 9.045294
1678843336032 -0.165200 5.796362 11.300632
1678843336065 -1.204283 4.927267 13.951014
1678843336078 -2.240973 3.411737 15.421053
1678843336104 -1.070208 2.782062 11.221623
1678843336130 0.040701 2.841918 6.121974
1678843336156 -1.074997 3.086126 7.714118
1678843336181 -3.574543 2.683900 13.204022
1678843336210 -3.514688 2.209848 13.474567
1678843336231 -1.637634 2.331953 9.457097
1678843336288 -1.568202 2.920926 6.399701
1678843336306 -3.351882 3.524265 6.244078
1678843336330 -3.313575 3.299210 6.792350
1678843336354 -2.738967 2.724602 8.949526
1678843336367 -2.619257 2.288857 11.719617
1678843336385 -3.002329 2.106898 12.133814
1678843336416 -4.845864 2.640805 10.761936
1678843336439 -3.866636 2.061408 8.599973
1678843336499 -1.146823 1.218649 7.352593
1678843336505 -1.355118 1.434127 6.567295
1678843336513 -3.998317 2.506729 5.925649
1678843336538 -5.374983 3.007117 5.090073
1678843336564 -2.516306 1.297657 6.258443
1678843336595 0.241814 0.193930 8.216900
1678843336616 1.929727 0.165200 10.541670
1678843336640 2.885013 0.780510 10.261548
1678843336671 2.475605 1.994370 6.828263
1678843336692 -0.399832 2.116474 9.677363
1678843336727 -2.329558 2.389413 13.412318
1678843336760 -2.099715 3.064578 13.362040
1678843336768 -0.651223 3.758897 10.156203
1678843336817 0.653617 3.857059 8.410830
1678843336837 0.459687 4.328717 6.560112
1678843336847 -1.601721 5.612009 5.834670
1678843336878 -4.965574 6.545747 9.873688
1678843336898 -5.418078 5.657499 12.765883
1678843336922 -2.858677 3.962404 12.033257
1678843336948 -0.895431 3.119645 9.576807
1678843336973 -1.122881 3.198653 8.784326
1678843337030 -1.881842 3.505111 8.087613
1678843337043 -1.812411 3.521871 7.278373
1678843337054 -1.577779 3.672705 7.170634
1678843337075 -1.546654 4.101267 7.900866
1678843337103 -1.975216 4.343082 9.327810
1678843337131 -0.921768 4.259285 9.749189
1678843337152 0.241814 4.137180 9.540894
1678843337178 -0.744597 3.706224 14.243106
1678843337203 -0.292093 2.877831 16.486473
1678843337230 1.474828 3.074155 13.177686
1678843337262 2.149993 2.889802 10.007763
1678843337280 0.849942 3.390190 6.852205
1678843337320 -1.276109 4.163517 5.647922
1678843337331 -1.623269 4.086902 8.195353
1678843337356 0.167594 3.418920 8.236053
1678843337399 -0.459687 4.024653 6.706159
1678843337410 -2.276886 4.414908 8.149862
1678843337433 -2.667141 4.115633 8.118738
1678843337467 -0.916979 3.466804 6.945579
1678843337489 -0.411803 3.150769 7.218518
1678843337511 -1.407791 3.157952 9.129091
1678843337535 -2.035071 3.167529 10.532093
1678843337564 -1.606509 3.102885 10.060435
1678843337605 -1.400608 3.198653 9.241618
1678843337615 -1.673547 3.193865 10.022128
1678843337638 -1.249773 3.107674 9.684546
1678843337663 -1.331176 3.349488 9.375694
1678843337707 -2.794033 3.979163 10.019734
1678843337717 -3.124433 4.505888 9.749189
1678843337740 -2.966416 4.467580 7.742848
1678843337765 -2.501941 4.450821 8.990228
1678843337806 -1.695095 3.780444 12.411542
1678843337816 -0.802058 2.992752 12.653356
1678843337845 -1.165976 2.832341 9.131485
1678843337868 -2.303222 2.844312 6.404490
1678843337897 -3.294421 3.354277 5.717354
1678843337927 -3.593697 3.426103 7.510611
1678843337944 -2.662352 3.129222 8.975863
1678843337984 -1.932121 3.141193 9.363723
1678843337998 -2.803610 3.799598 8.042124
1678843338021 -3.605668 4.374207 6.672640
1678843338047 -3.071761 4.503493 6.306327
1678843338072 -2.169147 4.431667 6.270414
1678843338098 -1.388637 4.481946 7.426814
1678843338123 -0.672771 4.412514 8.992621
1678843338149 -0.158017 4.458004 9.847352
1678843338188 0.476446 4.982334 8.482656
1678843338205 1.077391 5.003881 8.451532
1678843338241 0.665588 5.207389 9.615114
1678843338281 0.093374 5.762844 9.521740
1678843338301 -1.826776 6.528988 9.471462
1678843338307 -4.005499 5.872977 13.165715
1678843338335 -4.331111 4.414908 14.743494
1678843338364 -2.193089 3.541024 12.600683
1678843338405 0.122104 2.755726 8.681376
1678843338421 0.991199 2.810793 6.019023
1678843338433 -0.543484 3.119645 6.914454
1678843338464 -2.509123 3.165135 9.940725
1678843338482 -2.353500 3.189077 9.033323
1678843338508 -1.201889 3.189077 6.677429
1678843338534 -0.869095 3.493140 5.913678
1678843338558 -1.419762 3.409343 5.959168
1678843338583 -2.061408 3.622427 6.153099
1678843338610 -2.319981 3.912126 6.117185
1678843338634 -2.027889 3.833117 5.925649
1678843338665 -1.379060 3.718195 6.042965
1678843338697 -1.005565 3.359065 7.900866
1678843338743 -0.737414 3.028665 9.263166
1678843338768 -0.450110 3.141193 9.224859
1678843338775 -0.378284 3.869030 9.495404
1678843338789 -1.086968 4.491522 10.747571
1678843338814 -1.558625 4.481946 10.658986
1678843338852 -3.495534 3.952827 10.211270
1678843338868 -6.155493 4.165911 10.884041
1678843338890 -6.059724 4.285621 9.356541
1678843338919 -4.151546 3.543418 7.805098
1678843338942 -3.160346 3.244143 7.836222
1678843338975 -3.134010 3.945644 7.651869
1678843338993 -3.507505 4.489128 9.366117
1678843339028 -3.239355 4.398149 9.562442
1678843339044 -3.004723 4.398149 7.730877
1678843339085 -3.215413 4.855441 6.368577
1678843339100 -3.045424 4.833893 6.251261
1678843339123 -2.655170 4.505888 7.589619
1678843339146 -2.085350 3.643975 8.848969
1678843339176 -1.623269 3.272874 8.688558
1678843339197 -0.979228 3.327940 8.221688
1678843339223 -0.007183 3.581726 8.118738
1678843339248 0.198719 3.895366 9.782708
1678843339297 -0.428562 4.484340 11.927913
1678843339310 -2.068590 5.731719 12.272678
1678843339330 -4.680665 6.897695 13.649343
1678843339350 -6.629545 6.507440 15.557523
1678843339393 -6.907272 4.862624 13.697227
1678843339406 -4.501099 3.684676 8.216900
1678843339429 -2.087744 2.693477 5.590461
1678843339455 -0.962469 1.865083 6.172252
1678843339480 -1.673547 1.422156 8.602366
1678843339503 -2.360683 1.431733 10.113108
1678843339530 -1.702277 1.747767 8.532935
1678843339578 -2.066196 1.970428 6.876147
1678843339604 -3.445256 2.327164 5.832275
1678843339610 -4.575319 2.585738 6.229713
1678843339631 -4.778827 2.477999 5.691018
1678843339657 -4.814740 2.703054 4.398149
1678843339688 -3.924097 2.949656 3.734955
1678843339708 -3.141193 2.659958 5.444415
1678843339734 -2.458845 2.200271 7.182605
1678843339762 -2.312799 2.161964 9.126697
1678843339793 -2.722207 2.638410 10.800244
1678843339837 -3.009511 3.610456 9.988609
1678843339861 -2.240973 3.701436 9.406818
1678843339872 -2.030283 3.876213 12.236765
1678843339894 -2.671929 3.081338 17.966089
1678843339912 -2.911349 2.695871 14.870387
1678843339941 -1.520318 2.554613 9.722853
1678843339963 -0.105345 2.315193 7.939173
1678843339989 0.562637 2.521094 8.226477
1678843340018 0.304064 2.980781 8.458714
1678843340042 -0.167594 3.162740 8.980651
1678843340067 -1.343147 3.711013 8.607155
1678843340097 -2.930503 4.539406 7.189788
1678843340137 -3.684676 4.771644 6.485892
1678843340142 -4.505888 4.390966 8.140285
1678843340193 -4.896142 3.598485 10.077195
1678843340209 -4.865018 3.064578 10.388441
1678843340228 -4.386178 2.765303 9.334992
1678843340245 -3.691859 2.700660 7.580042
1678843340270 -2.968810 2.583344 8.101978
1678843340304 -3.332729 2.964022 9.121908
1678843340330 -3.380613 3.620033 7.728483
1678843340349 -3.148375 4.067749 7.115568
1678843340398 -3.897760 4.637568 7.235278
1678843340413 -4.120421 4.673482 8.391677
1678843340426 -3.782839 4.441244 9.279925
1678843340449 -3.675100 4.546589 9.797073
1678843340475 -3.799598 4.525041 11.420342
1678843340500 -3.768473 4.170700 12.607866
1678843340527 -2.698265 3.818752 9.900024
1678843340551 -1.300052 4.323928 6.921637
1678843340597 -2.229002 3.857059 10.067618
1678843340616 -2.949656 2.336741 12.732365
1678843340633 -1.616086 2.557007 9.785102
1678843340655 0.387861 3.665523 5.669470
1678843340679 0.986411 3.557784 5.839458
1678843340705 -1.223437 3.198653 9.583989
1678843340732 -2.983175 3.327940 11.487380
1678843340762 -2.779668 3.466804 9.212888
1678843340782 -1.903390 3.380613 6.921637
1678843340807 -1.637634 3.359065 6.392519
1678843340858 -1.448492 3.131616 6.275203
1678843340872 -1.496376 3.143587 6.148310
1678843340887 -1.292869 3.105280 7.400477
1678843340909 -0.782904 3.033453 8.224083
1678843340938 -0.703895 2.446874 8.291121
1678843340962 -0.663194 2.738967 8.901642
1678843341013 -1.398214 3.543418 9.323022
1678843341038 -2.870648 4.491522 11.772290
1678843341041 -2.109292 3.969586 12.045229
1678843341063 -0.656011 4.417302 10.347740
1678843341088 -2.274492 6.347029 7.692570
1678843341114 -2.808398 6.232107 9.607931
1678843341140 -2.588132 4.209007 16.366762
1678843341165 -1.826776 2.135628 19.048269
1678843341212 -1.031901 1.896208 12.514492
1678843341216 -1.149217 2.504335 6.840234
1678843341242 -1.426944 2.683900 5.755661
1678843341267 -2.015918 2.331953 7.491457
1678843341295 -1.604115 2.075773 7.788338
1678843341325 -1.084573 2.293645 5.935226
1678843341344 -1.051055 2.774880 4.836287
1678843341370 -0.924162 2.734178 4.963180
1678843341395 -0.713472 2.758120 5.995081
1678843341421 -0.603339 3.196259 6.722919
1678843341446 0.031125 3.933673 5.705383
1678843341472 -0.026336 4.618415 6.315904
1678843341507 -0.184354 5.334281 7.929596
1678843341523 0.361524 5.233725 8.769960
1678843341549 0.114922 4.953603 11.954249
1678843341584 -0.598550 6.220136 14.757859
1678843341604 -1.508347 7.235278 13.898341
1678843341628 -1.367089 7.094019 12.629414
1678843341663 -1.470040 5.109226 13.000515
1678843341678 -1.982399 4.050989 12.729970
1678843341702 -1.505953 3.148375 10.546458
1678843341728 -0.466869 2.667141 8.051701
1678843341758 -0.605733 2.260126 9.023746
1678843341782 -2.023100 2.056619 10.838552
1678843341804 -3.040636 2.013524 10.053253
1678843341830 -2.650381 2.276886 6.493075
1678843341861 -2.164358 2.729390 4.113238
1678843341890 -2.489970 3.332729 4.096479
1678843341908 -2.973598 3.679888 5.114015
1678843341938 -2.815581 3.928885 5.655105
1678843341962 -2.705448 4.237737 5.966351
1678843341993 -1.936909 4.307169 5.647922
1678843342009 -1.173159 4.283227 5.564125
1678843342036 -0.122104 3.864242 7.026982
1678843342064 0.311246 3.390190 8.789114
1678843342087 0.169988 4.046201 9.983821
1678843342111 -0.943315 5.011064 11.480197
1678843342139 -1.331176 5.023035 11.686098
1678843342162 -0.914585 4.467580 12.682086
1678843342198 -1.240196 3.737349 13.716381
1678843342214 -1.963245 3.454833 13.316550
1678843342239 -0.773327 3.184288 8.999804
1678843342265 -0.141258 3.538630 6.040571
1678843342296 -0.708684 3.967192 6.272809
1678843342348 -1.991976 3.995923 10.041282
1678843342354 -2.116474 3.639187 11.944673
1678843342367 -1.436521 3.670311 9.378088
1678843342407 -0.943315 3.950433 6.914454
1678843342426 -0.955287 4.170700 6.866570
1678843342463 -1.300052 4.209007 7.580042
1678843342473 -0.893037 4.316746 6.531382
1678843342495 0.557849 4.450821 5.853823
1678843342522 1.738190 4.276044 7.161057
1678843342549 0.967257 4.285621 8.724471
1678843342573 1.841141 4.235343 10.120291
1678843342597 2.777274 4.276044 10.330980
1678843342624 2.446874 5.152322 8.209718
1678843342668 0.857124 5.046977 9.035717
1678843342681 -0.653617 4.484340 14.741100
1678843342702 0.916979 3.150769 14.669273
1678843342728 1.948880 3.014300 11.616667
1678843342757 -0.021548 2.820370 12.241553
1678843342778 -1.503559 2.308010 12.591106
1678843342809 -1.034295 1.180341 10.785878
1678843342828 -0.497994 0.873884 7.357382
1678843342859 -0.672771 1.541866 4.355053
1678843342903 -1.321599 2.983175 3.567361
1678843342922 -1.015141 3.620033 4.728549
1678843342934 -0.727837 3.785233 6.265626
1678843342956 -0.407014 3.986346 8.090008
1678843342980 0.294487 3.861847 10.723629
1678843343006 0.636858 3.521871 12.076353
1678843343033 -0.735020 4.070143 12.380417
1678843343061 -2.489970 4.568137 11.537658
1678843343083 -2.624045 4.690241 9.572019
1678843343108 -1.455675 4.295198 8.671799
1678843343153 -1.386243 4.276044 8.329428
1678843343169 -2.494758 4.754885 9.449914
1678843343193 -2.286463 4.381389 10.924743
1678843343211 -0.873884 3.564966 10.417171
1678843343236 -0.296881 3.160346 10.120291
1678843343272 -0.407014 2.853889 10.639832
1678843343292 -1.453280 2.549825 10.749966
1678843343314 -2.628834 2.439692 10.146626
1678843343343 -3.739743 2.820370 10.563218
1678843343365 -4.213795 2.990358 10.359711
1678843343391 -4.228160 3.325546 8.722076
1678843343415 -3.998317 3.715801 7.642292
1678843343445 -3.725378 3.830723 7.070077
1678843343466 -3.450045 3.876213 6.447585
1678843343505 -3.320758 4.043807 6.232107
1678843343520 -3.320758 4.161122 6.744466
1678843343546 -2.559402 4.072537 7.086837
1678843343568 -1.912967 4.369418 5.832275
1678843343598 -1.898602 4.874595 6.775591
1678843343622 -1.604115 5.219360 7.943961
1678843343645 -0.608127 5.453991 7.529764
1678843343670 -0.181959 5.758055 8.116343
1678843343701 -0.248997 5.772420 10.299856
1678843343723 -0.866701 6.268020 11.516110
1678843343748 -0.474052 6.169858 10.273520
1678843343772 -1.268927 6.253655 10.922348
1678843343798 -3.179500 5.552154 12.150574
1678843343827 -3.888184 4.388572 11.803414
1678843343849 -1.582567 3.612850 7.934384
1678843343875 0.550666 3.114856 5.030218
1678843343913 1.297657 3.100491 4.580108
1678843343928 -1.498770 3.224990 8.781932
1678843343955 -3.186682 3.356671 11.207258
1678843343977 -2.123657 3.275268 9.459491
1678843344003 -0.895431 3.181894 7.371747
1678843344040 -0.758962 3.277662 6.689400
1678843344055 -1.498770 3.536236 6.856994
1678843344092 -2.418144 3.952827 6.981492
1678843344107 -2.631228 4.323928 6.253655
1678843344145 -2.042254 4.381389 6.605602
1678843344165 -1.278504 4.110844 7.656657
1678843344197 -0.979228 3.976769 8.882488
1678843344207 -1.314417 4.079720 9.880871
1678843344233 -1.041478 4.151546 9.713276
1678843344259 -0.723049 4.620809 9.011775
1678843344298 -0.454898 5.157111 6.969521
1678843344311 -1.704672 5.829881 9.220071
1678843344338 -2.348712 5.243302 13.448231
1678843344370 -1.889025 4.180276 14.829685
1678843344386 -0.313640 4.189853 9.916783
1678843344412 0.486023 4.132392 6.730101
1678843344446 -0.019154 4.517859 5.729325
1678843344463 -1.625663 4.601655 9.344569
1678843344495 -1.719037 4.053383 11.992557
1678843344514 -0.311246 3.665523 10.620679
1678843344544 0.126893 3.643975 8.319851
1678843344565 -0.045490 3.675100 7.445967
1678843344597 0.038307 3.696647 7.000646
1678843344617 0.691924 3.507505 7.113173
1678843344649 1.204283 3.318364 7.726089
1678843344670 1.017536 3.124433 8.252813
1678843344693 0.105345 3.222595 9.188946
1678843344720 -0.124498 3.203442 9.703699
1678843344745 0.481235 2.794033 10.249578
1678843344771 -0.038307 2.324770 11.386824
1678843344796 -1.204283 2.434903 11.197681
1678843344828 -0.818817 2.475605 9.744401
1678843344846 -0.268151 2.564190 8.985439
1678843344888 -0.967257 3.323152 10.077195
1678843344901 -3.469198 3.900155 12.260707
1678843344928 -5.046977 3.964798 14.638149
1678843344962 -3.821146 2.942474 13.297397
1678843344976 -1.905785 2.214637 10.038888
1678843345000 -0.842759 1.745373 8.197746
1678843345028 -0.438139 1.477222 7.644686
1678843345054 -0.332794 1.091756 7.524976
1678843345077 0.050278 1.237802 7.508216
1678843345131 0.023942 1.697489 7.915231
1678843345147 -0.502782 2.248155 8.485051
1678843345155 -0.782904 2.722207 9.327810
1678843345179 -0.600945 3.014300 10.139444
1678843345204 0.172383 3.112462 10.766725
1678843345232 0.924162 2.885013 11.860875
1678843345270 0.732626 2.825158 13.153744
1678843345284 0.414197 2.583344 13.182474
1678843345308 -0.330400 2.535460 12.033257
1678843345332 -0.529119 2.367866 10.000581
1678843345362 -0.423774 2.138022 8.578424
1678843345384 -0.560243 1.891419 8.501810
1678843345419 -1.594538 2.427721 8.271967
1678843345435 -2.121263 2.947262 8.221688
1678843345465 -2.973598 3.385401 9.368511
1678843345495 -3.806781 3.845088 10.206482
1678843345511 -3.967192 4.209007 9.150639
1678843345537 -3.517082 4.498705 6.799533
1678843345563 -4.177882 4.644751 6.971915
1678843345589 -4.340688 4.266468 9.636662
1678843345619 -2.700660 3.493140 10.749966
1678843345640 -1.077391 2.892196 8.973468
1678843345679 -1.692701 2.937685 8.999804
1678843345690 -2.964022 2.861071 11.394006
1678843345738 -2.882619 2.375048 12.437878
1678843345752 -1.908179 1.996764 10.685322
1678843345790 -1.958457 2.624045 8.525752
1678843345803 -2.667141 3.222595 7.599196
1678843345819 -3.026271 3.462016 6.684611
1678843345844 -3.165135 3.720589 6.825869
1678843345873 -3.785233 4.314352 6.868965
1678843345895 -3.782839 4.718972 7.465121
1678843345937 -2.906561 4.718972 7.381324
1678843345950 -2.262521 4.675876 8.449138
1678843345972 -2.202666 4.661511 9.095572
1678843346012 -2.154782 4.951209 9.083601
1678843346029 -1.661576 5.178658 8.552089
1678843346049 -1.182736 5.075707 9.275137
1678843346079 -1.414973 5.243302 9.387665
1678843346100 -1.395820 5.595249 9.435549
1678843346129 -1.278504 5.621585 10.354922
1678843346178 -0.869095 5.746084 10.836157
1678843346197 -0.565032 6.126762 9.957485
1678843346206 -1.731008 6.473921 11.654974
1678843346227 -2.188300 5.516241 13.773843
1678843346255 -0.861913 3.337517 14.089877
1678843346279 1.194707 1.958457 10.134656
1678843346304 0.957681 2.322376 5.899313
1678843346330 -0.373495 3.315969 3.837905
1678843346373 -1.666364 3.529053 4.644751
1678843346395 -3.270479 3.869030 7.307104
1678843346406 -3.890578 3.924097 9.662998
1678843346433 -3.835511 3.895366 10.685322
1678843346457 -2.650381 3.756502 9.129091
1678843346485 -2.173935 3.390190 7.896077
1678843346509 -2.231396 3.359065 6.545747
1678843346534 -2.109292 3.414132 5.288792
1678843346560 -2.025495 3.689465 4.357447
1678843346586 -2.054225 3.892972 5.118803
1678843346625 -2.394202 4.170700 6.607996
1678843346640 -2.521094 4.302381 7.721301
1678843346662 -2.523489 4.458004 7.927202
1678843346693 -2.540248 4.656722 7.910442
1678843346713 -2.394202 4.714183 8.367735
1678843346739 -2.260126 4.831499 10.479421
1678843346768 -2.353500 4.805163 11.444284
1678843346798 -1.958457 4.757279 12.097901
1678843346823 -1.915361 4.592079 12.658144
1678843346842 -2.873042 4.730943 11.652579
1678843346869 -2.980781 4.417302 10.196905
1678843346903 -1.951274 3.660734 8.219295
1678843346936 -1.350330 3.464410 6.409278
1678843346954 -1.867477 3.952827 6.107608
1678843346969 -2.861071 3.921702 8.542512
1678843346995 -2.712631 3.541024 9.423578
1678843347020 -2.054225 3.457227 8.398860
1678843347046 -1.781286 3.586514 6.801927
1678843347071 -2.207454 3.799598 7.060501
1678843347097 -2.269703 3.711013 7.472303
1678843347122 -1.532289 3.711013 6.883330
1678843347177 -1.108515 4.156334 6.763620
1678843347180 -1.206678 4.606444 7.627927
1678843347199 -0.974440 4.843470 8.312668
1678843347228 -0.495600 5.128380 9.033323
1678843347275 -0.057461 5.157111 10.620679
1678843347295 -0.179565 5.394136 11.827356
1678843347306 -1.482011 6.193800 11.092337
1678843347330 -2.647987 6.794744 10.180145
1678843347354 -2.047042 6.124368 11.197681
1678843347389 -1.764527 5.015852 11.125855
1678843347404 -2.475605 4.486734 11.427525
1678843347434 -1.063026 3.766079 9.181764
1678843347474 0.435745 3.179500 6.253655
1678843347491 0.715866 3.210624 5.276821
1678843347506 -0.782904 3.385401 7.266402
1678843347531 -2.051831 3.766079 9.042900
1678843347557 -1.393425 3.806781 7.639898
1678843347584 -0.766145 4.156334 6.397307
1678843347615 -0.998382 4.323928 7.223307
1678843347634 -1.472434 4.335899 8.406042
1678843347667 -1.300052 4.297592 8.286332
1678843347686 -1.244985 4.302381 8.590396
1678843347719 -1.556231 4.027047 9.052477
1678843347739 -1.474828 3.866636 8.350976
1678843347762 -1.189918 3.732560 7.903260
1678843347787 -1.431733 3.672705 7.967903
1678843347813 -1.781286 3.746926 7.972692
1678843347838 -1.924938 3.904943 8.848969
1678843347866 -1.944092 4.254497 9.873688
1678843347907 -2.243367 4.690241 8.485051
1678843347922 -3.538630 5.054160 9.971850
1678843347941 -3.462016 4.513070 11.334151
1678843347966 -2.765303 3.727772 11.147403
1678843347994 -1.781286 3.622427 8.468291
1678843348018 -1.352724 3.921702 6.691794
1678843348042 -1.608904 4.441244 5.614403
1678843348068 -2.810793 4.874595 7.295133
1678843348113 -3.260903 4.817134 9.962274
1678843348131 -2.865860 4.496311 10.764331
1678843348146 -2.552219 4.455609 9.236830
1678843348170 -1.941698 4.419696 6.945579
1678843348199 -1.063026 4.259285 5.940014
1678843348222 -0.569820 4.283227 5.702989
1678843348247 -0.122104 4.278439 5.959168
1678843348272 0.119710 4.469975 6.567295
1678843348305 0.251391 4.774038 7.062895
1678843348325 0.371101 5.054160 8.178593
1678843348356 0.572214 5.015852 9.828198
1678843348375 0.282516 4.944026 12.423512
1678843348419 -0.605733 5.250484 14.073117
1678843348469 -1.489193 6.011840 11.523293
1678843348474 -1.673547 5.997475 10.369287
1678843348483 -0.723049 5.140351 10.335769
1678843348502 -1.084573 3.952827 11.233594
1678843348530 -1.017536 3.727772 9.054871
1678843348553 0.287304 3.722984 6.047753
1678843348579 1.089362 3.792415 5.463568
1678843348604 -0.438139 3.718195 7.582437
1678843348642 -2.693477 3.840300 11.698070
1678843348671 -3.244143 3.416526 13.860034
1678843348687 -1.881842 3.011906 10.726024
1678843348707 -1.472434 3.227384 8.106767
1678843348732 -1.972822 3.462016 6.387730
1678843348760 -2.329558 3.179500 5.652710
1678843348785 -2.580950 3.131616 5.166687
1678843348815 -2.753332 3.387795 4.994305
1678843348838 -3.145981 3.519476 6.033388
1678843348866 -3.100491 3.536236 7.484274
1678843348893 -2.659958 3.050213 8.755595
1678843348923 -2.398990 3.184288 9.023746
1678843348938 -2.121263 3.919308 8.753201
1678843348962 -2.109292 4.515464 7.096414
1678843348993 -3.904943 5.193024 8.518570
1678843349028 -5.015852 4.697424 13.577518
1678843349051 -4.046201 3.483563 15.813703
1678843349077 -1.989582 3.090914 11.937490
1678843349118 -1.405396 3.493140 8.298303
1678843349133 -1.800440 3.780444 7.800309
1678843349142 -2.688689 3.895366 8.693346
1678843349180 -2.937685 4.089296 9.265560
1678843349201 -2.542642 3.928885 8.889671
1678843349218 -2.221819 4.043807 7.314286
1678843349243 -2.377442 4.350265 6.648698
1678843349269 -2.461239 4.450821 7.256825
1678843349295 -1.716643 4.395754 6.900089
1678843349327 -1.637634 4.285621 8.133103
1678843349349 -1.558625 4.484340 8.303091
1678843349376 -1.462857 4.762067 7.599196
1678843349397 -1.398214 4.867412 7.989451
1678843349428 -0.940921 4.513070 9.241618
1678843349480 -0.656011 4.668694 10.682928
1678843349500 -0.852336 5.396531 10.062830
1678843349510 -2.231396 6.349423 6.607996
1678843349525 -4.216189 6.203377 8.094796
1678843349555 -3.689465 3.794810 13.220781
1678843349576 -0.574608 2.006341 13.232753
1678843349601 1.778892 2.640805 7.891289
1678843349644 2.372654 3.246537 6.313510
1678843349662 -0.057461 3.177106 8.633492
1678843349678 -3.409343 3.746926 12.102690
1678843349718 -3.466804 3.531447 11.082760
1678843349743 -1.434127 3.794810 7.328651
1678843349755 -0.940921 4.043807 6.100426
1678843349781 -1.965640 4.005499 7.278373
1678843349824 -2.518700 3.971981 7.975086
1678843349838 -1.549049 3.629610 7.802703
1678843349860 -0.727837 3.452439 8.274361
1678843349888 -1.379060 3.998317 8.444349
1678843349910 -1.946486 4.359841 8.695741
1678843349937 -1.364695 4.352659 7.759608
1678843349960 -1.070208 4.654328 7.189788
1678843350013 -1.335965 4.963180 7.742848
1678843350043 -1.240196 4.948815 8.322245
1678843350048 -0.754174 4.297592 7.910442
1678843350062 -1.910573 4.316746 8.767567
1678843350087 -2.985569 4.422091 7.383718
1678843350113 -3.588908 4.805163 5.920861
1678843350138 -2.961627 3.457227 9.030929
1678843350163 -2.827552 1.845930 14.006080
1678843350189 -3.021482 1.101333 13.869611
1678843350214 -2.030283 2.255338 8.501810
1678843350240 -1.446098 2.700660 5.729325
1678843350265 -1.623269 2.027889 7.606379
1678843350293 -2.286463 1.470040 10.579977
1678843350320 -2.851494 1.640028 10.568007
1678843350356 -1.283292 1.922544 8.925584
1678843350368 -0.883460 2.379837 7.546524
1678843350412 -1.496376 2.758120 7.015011
1678843350422 -1.443704 3.289633 7.826645
1678843350446 -0.888249 3.112462 8.439561
1678843350470 -1.290475 3.165135 9.121908
1678843350497 -0.021548 3.083732 10.242394
1678843350522 -0.119710 3.162740 10.472239
1678843350563 -1.211466 3.603274 10.381259
1678843350572 -1.094150 3.550601 11.427525
1678843350597 -1.223437 3.299210 9.967062
1678843350624 -1.546654 3.732560 9.028535
1678843350649 -1.493982 1.776498 12.006922
1678843350676 -2.825158 0.938527 13.371616
1678843350713 -2.590526 0.574608 11.154586
1678843350725 0.337582 -0.328006 7.441179
1678843350751 -0.641646 0.414197 5.724536
1678843350776 -2.738967 1.211466 8.453926
1678843350810 -3.768473 0.744597 9.227253
1678843350828 -4.177882 0.751779 8.312668
1678843350862 -2.719813 0.897826 6.507440
1678843350880 -0.100556 0.703895 3.512294
1678843350915 -4.544195 2.717419 2.078167
1678843350930 -5.940014 3.490746 6.995857
1678843350962 -4.879383 4.266468 10.149021
1678843350983 -6.485892 5.808333 10.864887
1678843351007 -5.882554 7.062895 11.669339
1678843351032 -6.406884 7.680599 10.230424
1678843351059 -8.882488 8.109161 11.456255
1678843351122 -8.853758 7.630321 15.040375
1678843351135 -8.520964 7.802703 14.290990
1678843351143 -7.031770 6.988675 14.097059
1678843351160 -9.131485 8.013393 15.744270
1678843351188 -9.806650 8.243237 12.519280
1678843351211 -10.673351 7.316680 11.540052
1678843351237 -11.815386 4.465186 18.495209
1678843351263 -12.921507 2.767697 20.843920
1678843351300 -10.460267 1.824382 13.460202
1678843351315 -6.121974 1.584962 6.919243
1678843351340 -3.497929 1.960851 5.834670
1678843351365 -4.225766 3.138798 5.667076
1678843351391 -5.880159 4.709395 6.469133
1678843351419 -3.315969 5.188235 7.472303
1678843351455 -4.110844 5.638345 5.485116
1678843351471 -5.434838 6.363788 2.580950
1678843351506 -5.274426 7.144298 2.360683
1678843351518 -3.869030 6.663064 4.199430
1678843351554 -3.761291 7.161057 3.837905
1678843351571 -2.286463 7.819463 1.077391
1678843351615 -2.439692 8.003817 -1.915361
1678843351630 -2.351106 8.386889 -0.914585
1678843351646 -1.125275 7.821857 -1.316811
1678843351674 -0.531513 7.347805 -1.838747
1678843351698 0.603339 7.084443 -1.077391
1678843351734 1.312023 6.421249 -1.486799
1678843351759 1.386243 6.986280 -4.240131
1678843351796 2.765303 6.696582 -4.941632
1678843351809 4.522647 6.543353 -3.313575
1678843351827 2.952051 6.313510 -1.951274
1678843351854 2.691083 5.870583 -1.168370
1678843351887 1.333570 6.129156 -2.092532
1678843351901 2.126051 5.832275 -2.061408
1678843351930 3.260903 5.631162 -1.956063
1678843351958 3.023877 5.516241 -1.544260
1678843351984 3.217807 5.451597 -3.260903
1678843352023 3.687071 5.214571 -3.260903
1678843352042 3.885789 4.872200 -0.787692
1678843352058 4.261679 4.905719 -2.173935
1678843352080 4.848258 4.984728 -3.031059
1678843352128 6.100426 4.266468 -3.881001
1678843352140 5.310339 4.575319 -4.900931
1678843352163 5.453991 4.764462 -5.940014
1678843352221 5.877765 5.116409 -5.633556
1678843352233 6.471527 5.238513 -3.301604
1678843352245 5.489904 4.965574 -3.397372
1678843352259 5.724536 6.593631 -4.481946
1678843352287 5.169082 8.339005 -5.248090
1678843352312 9.227253 7.041347 -4.302381
1678843352356 11.470620 4.472369 -3.368642
1678843352372 8.678981 4.601655 -4.074931
1678843352387 6.746861 5.959168 -5.841852
1678843352417 6.241684 5.458780 -3.823540
1678843352446 7.951144 3.971981 -1.424550
1678843352501 10.017340 2.813187 -1.453280
1678843352514 9.210494 2.499547 -0.998382
1678843352531 7.577648 2.358289 -1.860295
1678843352541 6.933608 2.715025 -4.513070
1678843352566 6.236896 3.830723 -5.276821
1678843352604 5.853823 4.357447 -3.667917
1678843352645 6.598420 4.388572 -3.696647
1678843352661 7.101202 3.926491 -4.809951
1678843352673 8.501810 3.902549 -3.107674
1678843352694 7.826645 5.224148 -1.108515
1678843352739 6.610391 5.980716 0.840365
1678843352751 6.828263 5.219360 2.097321
1678843352773 6.284780 6.083666 0.804452
1678843352826 6.746861 7.407660 -0.040701
1678843352838 4.285621 9.265560 -2.099715
1678843352851 5.700594 6.794744 2.197877
1678843352873 6.268020 4.881777 3.687071
1678843352899 3.617639 5.370194 0.107739
1678843352934 1.051055 7.158663 -2.652776
1678843352952 1.759738 8.228871 -3.892972
1678843353014 3.940856 7.182605 -2.454057
1678843353031 5.492299 6.653487 1.221043
1678843353043 5.925649 5.015852 1.764527
1678843353055 7.690176 5.159505 0.905008
1678843353078 4.295198 5.360618 -1.572991
1678843353103 -1.867477 6.868965 -3.830723
1678843353146 -0.933739 7.177817 -6.323087
1678843353163 0.426168 6.976704 -8.477868
1678843353187 1.065420 6.720524 -8.729259
1678843353206 1.379060 5.681441 -6.687006
1678843353244 -0.823605 5.983110 -4.118027
1678843353267 -1.855506 6.062119 -3.878607
1678843353283 1.170765 5.181053 -7.424419
1678843353308 2.229002 4.086902 -6.062119
1678843353341 0.636858 4.848258 -2.590526
1678843353379 -1.795651 5.439626 -3.349488
1678843353392 -0.665588 4.386178 -4.127604
1678843353410 -3.234566 4.405331 -4.819528
1678843353436 -5.556942 4.484340 -4.711789
1678843353476 -2.698265 4.414908 -2.008735
1678843353494 -6.426037 4.347870 -4.022259
1678843353512 -6.919243 5.468357 -4.223372
1678843353538 -6.868965 5.851429 -0.591368
1678843353575 -9.720459 5.777209 -2.868254
1678843353593 -8.726865 5.623980 -6.438008
1678843353615 -7.003040 4.199430 -4.448427
1678843353640 -8.939949 3.426103 -1.539472
1678843353674 -10.077195 4.230555 -4.546589
1678843353708 -9.294291 4.031836 -3.552995
1678843353730 -11.853693 3.995923 -2.377442
1678843353742 -11.956643 4.355053 -6.052542
1678843353769 -11.918336 4.766856 -4.831499
1678843353811 -12.212823 4.084508 -3.634398
1678843353838 -13.024457 3.708618 -4.259285
1678843353854 -11.652579 2.966416 -4.362236
1678843353906 -12.018892 2.767697 -4.067749
1678843353923 -13.328521 1.970428 -5.813122
1678843353933 -14.439430 1.292869 -4.024653
1678843353951 -15.557523 0.560243 -3.859453
1678843353972 -12.497733 -1.017536 -8.839393
1678843354012 -13.996503 -2.466028 -5.262455
1678843354028 -15.243882 -3.181894 -2.221819
1678843354062 -16.211140 -4.434062 -6.749255
1678843354077 -10.402806 -4.347870 -8.358158
1678843354104 -10.359711 -5.087678 -6.579266
1678843354126 -13.024457 -4.927267 -6.572083
1678843354154 -11.049241 -5.207389 -9.241618
1678843354190 -8.264784 -5.700594 -7.924808
1678843354202 -7.462727 -5.422867 -4.525041
1678843354228 -7.627927 -5.085284 -3.280056
1678843354260 -6.153099 -5.125986 -1.991976
1678843354283 -6.675035 -4.979939 -1.532289
1678843354305 -8.542512 -4.460398 -1.563414
1678843354336 -8.082825 -4.046201 -2.245761
1678843354378 -11.204864 -3.246537 -1.754950
1678843354399 -13.000515 -2.954445 -3.122039
1678843354413 -11.274296 -3.138798 -2.391808
1678843354433 -11.262324 -3.162740 -1.297657
1678843354472 -11.520899 -3.593697 -2.401384
1678843354486 -10.287885 -4.498705 -4.697424
1678843354509 -10.022128 -4.197036 -4.039018
1678843354535 -10.632649 -3.658340 -4.649539
1678843354579 -11.638214 -4.108450 -4.359841
1678843354594 -11.604695 -5.511452 -3.275268
1678843354611 -12.018892 -5.688623 -2.782062
1678843354637 -10.845734 -4.256891 -3.727772
1678843354667 -9.552865 -3.260903 -4.376601
1678843354709 -8.853758 -3.861847 -7.417237
1678843354723 -8.765172 -4.594473 -7.094019
1678843354739 -8.336611 -5.667076 -7.524976
1678843354765 -7.486669 -5.537788 -8.997410
1678843354812 -6.945579 -4.355053 -8.853758
1678843354828 -7.848193 -4.034230 -9.062054
1678843354844 -7.790732 -4.134786 -10.479421
1678843354867 -8.566454 -3.464410 -9.888053
1678843354904 -9.303867 -3.148375 -9.406818
1678843354918 -7.754819 -3.533842 -10.407595
1678843354947 -7.896077 -3.074155 -8.784326
1678843354969 -8.202535 -3.059790 -7.675811
1678843354996 -5.085284 -3.727772 -8.420407
1678843355034 -5.003881 -3.325546 -7.951144
1678843355052 -6.581660 -2.248155 -7.058106
1678843355119 -6.265626 -1.941698 -6.634333
1678843355135 -5.784391 -1.764527 -8.379706
1678843355147 -5.243302 -1.290475 -9.380483
1678843355158 -4.280833 -1.606509 -7.999028
1678843355174 -3.167529 -1.790863 -6.720524
1678843355199 -3.050213 -2.176329 -11.056423
1678843355225 -0.869095 -3.040636 -13.275848
1678843355251 0.038307 -2.173935 -10.986992
1678843355303 -1.060631 -1.484405 -7.149086
1678843355327 0.363919 -2.662352 -7.249643
1678843355338 0.100556 -2.346318 -8.889671
1678843355364 -1.484405 -1.170765 -8.836999
1678843355407 -2.238579 -0.976834 -9.366117
1678843355432 0.873884 -2.082955 -7.752425
1678843355439 2.583344 -2.252944 -5.331887
1678843355458 1.575385 -1.793257 -8.968679
1678843355480 1.623269 -1.807622 -8.461109
1678843355509 2.485181 -1.793257 -5.482722
1678843355543 3.797204 -1.618480 -5.341464
1678843355563 5.025429 -1.177947 -5.121197
1678843355584 5.755661 -1.000776 -4.742914
1678843355608 5.770026 -0.256180 -5.674258
1678843355646 6.816292 -0.395043 -7.307104
1678843355666 6.272809 0.203507 -5.717354
1678843355686 5.597643 0.521936 -4.089296
1678843355710 7.003040 0.119710 -3.634398
1678843355737 7.671022 0.081403 -3.481169
1678843355780 6.445191 0.418985 -3.864242
1678843355798 5.303157 0.809240 -4.797980
1678843355825 6.955156 0.644040 -5.236119
1678843355838 7.216124 1.347936 -5.312734
1678843355876 7.156269 2.703054 -7.546524
1678843355896 8.116343 3.074155 -5.944803
1678843355915 8.113950 2.054225 -5.746084
1678843355942 8.638280 0.682347 -5.023035
1678843355970 7.606379 0.926556 -6.888118
1678843356020 5.597643 2.161964 -7.862558
1678843356033 5.207389 2.384625 -8.487445
1678843356044 5.894525 2.384625 -3.531447
1678843356068 5.894525 2.130840 -2.063802
1678843356094 5.293580 1.776498 -4.721366
1678843356124 6.675035 1.618480 -5.286397
1678843356145 6.739678 2.013524 -5.542577
1678843356171 7.156269 2.123657 -7.237672
1678843356226 8.082825 2.056619 -7.292738
1678843356236 6.538565 2.679112 -6.746861
1678843356253 6.701371 3.074155 -5.760449
1678843356304 8.274361 3.074155 -5.930438
1678843356320 9.272743 3.131616 -4.469975
1678843356330 8.710106 3.112462 -3.471592
1678843356351 9.026140 3.888184 -4.620809
1678843356375 9.454702 4.206613 -7.343017
1678843356405 9.141062 4.467580 -6.548141
1678843356441 7.955932 5.863400 -5.161899
1678843356457 8.037335 5.578490 -4.946421
1678843356481 10.563218 4.395754 -5.628768
1678843356503 9.093178 2.801216 2.217031
1678843356536 10.905589 0.768539 7.620744
1678843356576 8.980651 2.073379 4.592079
1678843356598 5.528212 2.889802 -1.175553
1678843356609 6.368577 3.210624 -0.184354
1678843356631 7.541735 2.099715 3.459621
1678843356657 6.162675 2.128445 4.175488
1678843356689 3.555390 3.239355 3.205836
1678843356708 2.870648 3.433285 3.069367
1678843356733 3.157952 3.055001 4.058172
1678843356827 4.529830 2.700660 4.333505
1678843356840 5.430049 2.056619 3.095703
1678843356854 5.035006 2.789245 0.881066
1678843356861 4.240131 2.791639 0.948104
1678843356864 3.270479 3.205836 0.526724
1678843356886 2.719813 4.311957 -2.461239
1678843356912 2.671929 4.663905 -2.983175
1678843356937 1.367089 4.510676 -0.375890
1678843356967 4.098873 4.235343 -1.539472
1678843357009 4.656722 3.136404 -3.418920
1678843357022 2.542642 3.897760 -3.888184
1678843357044 2.051831 5.932832 -3.732560
1678843357090 4.129998 4.352659 -2.418144
1678843357107 3.066972 6.191406 -6.189012
1678843357119 0.998382 6.943185 -9.402030
1678843357145 -2.051831 5.698200 -6.569689
1678843357167 -4.141969 7.958326 -2.114080
1678843357195 -2.944868 9.478644 -4.671088
1678843357219 -2.557007 7.553706 -5.228937
1678843357251 -8.269572 8.992621 -2.930503
1678843357287 -10.709264 10.314221 -9.349358
1678843357301 -6.074090 7.398083 -12.150574
1678843357331 -3.021482 5.468357 -2.533065
1678843357347 -9.627085 6.957550 2.652776
1678843357386 -13.800179 8.171411 -3.900155
1678843357424 -8.722076 6.265626 -3.892972
1678843357439 -13.848063 7.426814 -1.489193
1678843357452 -16.711529 7.908048 -3.564966
1678843357474 -12.373235 5.738902 -4.091691
1678843357501 -11.140221 4.594473 -2.652776
1678843357529 -10.884041 4.156334 -2.734178
1678843357562 -11.137826 2.971204 -3.193865
1678843357602 -11.518504 3.272874 0.031125
1678843357613 -8.978256 3.452439 -1.728614
1678843357627 -7.517793 1.312023 -5.173870
1678843357653 -8.767567 0.325611 -3.387795
1678843357679 -9.864111 0.584185 -1.915361
1678843357704 -12.516887 1.343147 -4.903325
1678843357758 -17.259800 1.101333 -4.371812
1678843357773 -17.590200 1.776498 -1.982399
1678843357784 -15.148114 0.715866 -3.665523
1678843357806 -11.511322 -0.474052 -2.513912
1678843357832 -11.971008 0.711078 -1.393425
1678843357857 -12.787432 1.199495 -1.692701
1678843357891 -14.219164 1.517924 3.845088
1678843357909 -17.604565 3.359065 6.545747
1678843357961 -17.195156 3.837905 1.508347
1678843357972 -13.934254 4.189853 1.350330
1678843357991 -15.938201 4.601655 1.754950
1678843358042 -15.528792 3.718195 -0.409408
1678843358057 -13.783420 2.978387 -0.811634
1678843358067 -13.790602 2.928109 0.220267
1678843358092 -12.389994 2.212242 -0.155623
1678843358113 -9.572019 0.615310 -1.383849
1678843358139 -8.082825 -0.076614 -0.976834
1678843358164 -7.623138 -0.452504 -0.404620
1678843358198 -6.713342 -1.134852 -1.144428
1678843358228 -6.069301 -1.707066 -1.517924
1678843358241 -6.610391 -1.266533 -1.980005
1678843358266 -8.003817 -0.478840 -2.339135
1678843358291 -10.014946 0.758962 -1.668759
1678843358328 -10.773908 2.099715 -2.537854
1678843358343 -11.255142 3.248932 -2.030283
1678843358376 -12.971785 5.070919 -1.410185
1678843358394 -12.129025 4.941632 -5.075707
1678843358423 -9.402030 3.600879 -7.783550
1678843358464 -8.449138 3.141193 -8.365341
1678843358478 -8.848969 3.100491 -8.530540
1678843358501 -9.844957 3.387795 -7.958326
1678843358521 -8.736442 2.015918 -6.612785
1678843358559 -8.192958 -0.335188 -7.144298
1678843358596 -8.463503 -1.127669 -5.264850
1678843358618 -8.034941 -1.527501 -2.736573
1678843358628 -10.211270 0.141258 -2.288857
1678843358650 -8.185776 0.016759 -6.536170
1678843358675 -5.853823 -2.195483 -8.858546
1678843358701 -7.647080 -3.289633 -9.038112
1678843358737 -8.911219 -3.557784 -6.339846
1678843358758 -8.169016 -3.663129 -3.055001
1678843358777 -8.006210 -4.211401 -2.492364
1678843358802 -7.443573 -3.643975 -3.438074
1678843358832 -7.077260 -3.335123 -4.627992
1678843358857 -7.060501 -3.213019 -4.034230
1678843358886 -8.640674 -2.442086 -4.029441
1678843358925 -10.160992 -1.960851 -5.035006
1678843358939 -9.986216 -1.862689 -3.110068
1678843358965 -9.636662 -1.781286 -2.006341
1678843359009 -10.340557 -0.897826 -1.244985
1678843359029 -10.199299 0.481235 -0.986411
1678843359040 -11.547235 1.996764 -2.726996
1678843359063 -11.377247 1.221043 -4.187459
1678843359103 -10.733206 0.397437 -5.183447
1678843359126 -11.954249 -0.284910 -3.481169
1678843359135 -13.903130 -0.486023 -1.290475
1678843359160 -13.345281 -1.735796 -1.644817
1678843359193 -10.907983 -2.849100 -2.846706
1678843359213 -13.029245 -3.450045 -2.384625
1678843359241 -14.547170 -2.475605 -1.218649
1678843359297 -13.450625 -1.532289 0.186748
1678843359308 -13.129802 -0.531513 4.101267
1678843359317 -13.005303 1.331176 5.056554
1678843359339 -13.050794 1.395820 2.813187
1678843359365 -13.189657 1.563414 4.750096
1678843359393 -14.477737 3.217807 6.612785
1678843359428 -15.219940 3.811569 6.478710
1678843359444 -12.837709 3.023877 8.348581
1678843359467 -9.521740 2.291251 6.912060
1678843359493 -9.701305 2.545036 6.215348
1678843359534 -10.840945 2.365471 7.295133
1678843359545 -10.534488 2.231396 5.753267
1678843359574 -8.827422 1.687912 1.989582
1678843359625 -6.543353 1.338359 2.758120
1678843359635 -8.202535 3.177106 2.841918
1678843359654 -9.026140 4.434062 1.280898
1678843359703 -8.334216 5.521029 2.954445
1678843359718 -10.711658 7.891289 2.655170
1678843359730 -13.292608 10.295067 -0.411803
1678843359749 -12.653356 10.421960 -0.158017
1678843359774 -11.386824 7.544129 0.277727
1678843359799 -9.852140 9.600749 1.419762
1678843359839 -12.670115 11.901577 2.796427
1678843359862 -11.427525 11.884817 2.221819
1678843359876 -9.394848 11.075577 1.010353
1678843359902 -9.945514 9.940725 0.739808
1678843359934 -8.456321 8.688558 -0.730232
1678843359975 -6.509834 8.245630 -2.176329
1678843359993 -4.376601 7.390901 -1.951274
1678843360007 -3.921702 7.022193 -2.023100
1678843360030 -2.827552 6.512228 -1.510741
1678843360078 -2.090138 6.667852 0.706290
1678843360093 -1.757344 6.718130 -0.131681
1678843360111 -1.611298 6.581660 0.871489
1678843360170 -0.141258 6.004658 2.463634
1678843360186 0.742203 5.997475 2.111686
1678843360194 1.369483 6.758832 2.121263
1678843360208 2.894590 5.968745 0.699107
1678843360254 3.445256 5.722142 0.335188
1678843360265 3.512294 6.222530 2.743755
1678843360285 3.924097 5.386954 4.005499
1678843360310 5.078102 5.552154 3.725378
1678843360354 6.806715 6.880936 3.186682
1678843360368 7.524976 7.225701 2.825158
1678843360401 7.295133 7.656657 3.969586
1678843360413 6.801927 8.010999 4.410120
1678843360446 7.513005 8.465898 5.238513
1678843360464 3.837905 8.334216 6.090849
1678843360491 -0.550666 8.128315 4.005499
1678843360517 -4.141969 7.127539 1.446098
1678843360542 2.018312 4.525041 3.193865
1678843360566 4.288015 3.107674 7.565677
1678843360603 2.269703 2.710236 9.950302
1678843360672 1.640028 3.102885 9.497798
1678843360690 3.904943 2.619257 6.785168
1678843360702 5.046977 3.181894 4.084508
1678843360711 4.031836 3.828329 3.066972
1678843360720 4.927267 4.015076 1.443704
1678843360745 6.849811 3.440468 -1.072602
1678843360777 6.576872 3.636792 0.493206
1678843360798 3.234566 5.185841 2.521094
1678843360869 2.568978 5.427655 3.339911
1678843360879 2.458845 5.358223 4.259285
1678843360891 4.223372 5.805939 4.733337
1678843360901 7.287950 5.073313 2.336741
1678843360924 5.058948 5.341464 -0.656011
1678843360957 3.351882 8.279149 -2.559402
1678843360975 4.216189 4.680665 -4.769250
1678843361001 5.161899 1.908179 -3.902549
1678843361045 1.058237 1.350330 -0.524330
1678843361067 1.721431 2.966416 4.256891
1678843361077 8.044518 1.685518 0.105345
1678843361103 8.027759 0.957681 -8.204929
1678843361145 7.180211 1.642422 -10.694899
1678843361162 5.398925 1.505953 -9.440337
1678843361181 2.181118 1.996764 -5.106832
1678843361242 3.428497 1.079785 -5.499481
1678843361258 2.825158 1.549049 -2.410961
1678843361267 -0.598550 2.087744 -2.181118
1678843361282 -2.525883 1.893813 -5.930438
1678843361307 -4.297592 4.264073 -1.991976
1678843361332 -4.800375 4.695030 -2.928109
1678843361377 -7.797915 5.161899 -4.106056
1678843361396 -15.052346 10.371682 -0.761356
1678843361409 -15.188815 13.144167 -5.978322
1678843361435 -11.765107 10.761936 -9.555259
1678843361465 -11.971008 12.856863 -4.647145
1678843361509 -16.290148 14.884752 -9.138668
1678843361528 -16.563087 13.996503 -4.343082
1678843361538 -16.711529 14.824897 -0.292093
1678843361563 -12.200851 12.706028 -3.881001
1678843361588 -9.459491 9.842564 -4.429273
1678843361623 -9.634268 8.303091 -0.208296
1678843361640 -9.287108 6.957550 1.034295
1678843361665 -14.532804 6.232107 3.928885
1678843361711 -17.590200 6.071695 8.058883
1678843361727 -16.206352 5.501875 5.372589
1678843361745 -14.930242 4.666299 1.946486
1678843361793 -12.648567 3.797204 1.508347
1678843361806 -11.650186 3.926491 1.295263
1678843361822 -10.821792 3.452439 1.546654
1678843361844 -12.416330 3.399766 1.110910
1678843361894 -13.184869 4.132392 -1.012747
1678843361905 -15.885529 3.744531 -0.368707
1678843361924 -18.306067 3.035848 1.568202
1678843361973 -16.333244 0.902614 -1.115698
1678843361987 -14.010868 0.050278 -2.676718
1678843362010 -14.472949 0.533907 -2.729390
1678843362059 -12.579136 0.895431 -5.717354
1678843362075 -8.906430 1.221043 -8.681376
1678843362086 -10.232818 2.138022 -8.042124
1678843362099 -10.960655 1.661576 -5.298368
1678843362125 -10.527305 0.605733 -5.918467
1678843362151 -9.969456 0.988805 -8.054094
1678843362176 -4.963180 1.082179 -12.828133
1678843362212 -4.335899 1.953669 -11.844116
1678843362230 -5.173870 2.738967 -6.904878
1678843362256 -7.405266 2.683900 -5.801151
1678843362297 -5.918467 2.717419 -7.888895
1678843362312 -4.036624 3.612850 -7.802703
1678843362340 -9.528923 7.271191 -3.632004
1678843362355 -14.089877 10.627861 -6.610391
1678843362381 -16.072275 12.801797 -6.287174
1678843362405 -13.821727 14.226347 -5.554548
1678843362436 -11.592725 14.231135 -11.200075
1678843362462 -11.556811 11.997345 -13.735536
1678843362496 -11.259931 9.265560 -10.328587
1678843362528 -9.399636 7.462727 -5.904101
1678843362535 -11.305421 6.397307 -1.283292
1678843362564 -10.675745 6.375759 -0.090980
1678843362593 -6.677429 7.189788 0.828394
1678843362667 -5.430049 5.597643 -2.600103
1678843362720 -1.872266 4.319140 -5.444415
1678843362736 1.400608 3.301604 -7.618350
1678843362747 3.699042 1.161188 -11.681310
1678843362753 6.172252 0.414197 -14.583082
1678843362756 6.988675 -0.141258 -12.507310
1678843362763 6.471527 -1.165976 -6.574478
1678843362789 6.129156 -0.742203 -0.687136
1678843362822 4.553771 0.828394 1.316811
1678843362845 3.876213 -0.715866 -3.411737
1678843362901 3.090914 -1.139640 -6.021417
1678843362916 3.165135 -1.022324 -3.952827
1678843362929 4.829105 -1.884237 -0.742203
1678843362942 5.190629 -1.589750 2.171541
1678843362968 5.729325 -1.927332 1.745373
1678843363000 7.333440 -2.205060 2.530671
1678843363040 8.214506 -1.972822 2.755726
1678843363052 8.078036 -1.596933 2.231396
1678843363081 7.874529 -0.699107 1.256956
1678843363097 6.612785 -0.069432 -2.008735
1678843363123 3.215413 1.561020 -5.272032
1678843363147 2.114080 2.614468 -3.502717
1678843363192 2.387019 3.881001 0.857124
1678843363203 4.534618 2.468422 0.543484
1678843363261 7.592013 1.189918 -0.833182
1678843363274 9.562442 -0.354342 -2.267309
1678843363286 12.150574 -2.849100 -3.801992
1678843363302 16.464926 -4.446033 -2.698265
1678843363326 14.563929 -1.989582 -1.323994
1678843363364 12.014104 -3.596091 -4.252102
1678843363380 14.798561 -2.631228 -0.792481
1678843363402 14.338874 -1.015141 -1.074997
1678843363428 13.031640 -0.605733 -4.458004
1678843363453 12.011710 1.522712 -7.675811
1678843363481 10.256760 1.182736 -13.826515
1678843363504 17.484856 -5.710171 -15.219940
1678843363530 20.549433 -4.517859 -5.499481
1678843363557 12.279860 -1.745373 -3.409343
1678843363583 3.057395 0.553061 -5.145139
1678843363609 -0.732626 3.076549 -3.744531
1678843363633 1.410185 4.685453 -2.202666
1678843363663 6.971915 2.272097 -3.332729
1678843363712 10.879252 1.563414 -2.193089
1678843363728 8.166622 2.398990 -1.288081
1678843363741 8.049306 3.454833 -2.420538
1678843363760 9.854534 2.932897 -3.897760
1678843363798 7.769185 4.043807 -4.216189
1678843363838 6.813898 3.342306 -2.662352
1678843363857 9.069236 1.898602 1.221043
1678843363869 6.713342 4.125209 3.931279
1678843363893 6.842628 7.151481 3.462016
1678843363933 7.829040 3.897760 -0.143652
1678843363946 10.323798 2.580950 1.802834
1678843363965 9.667787 3.090914 7.513005
1678843363991 4.879383 5.686229 6.746861
1678843364032 3.476381 5.659893 1.070208
1678843364053 1.886631 5.044583 0.574608
1678843364073 4.752491 4.254497 6.512228
1678843364094 5.252879 5.856217 9.394848
1678843364129 2.080561 6.825869 6.639122
1678843364166 -0.098162 6.974309 2.710236
1678843364180 1.903390 6.232107 1.122881
1678843364211 3.869030 5.391742 0.526724
1678843364233 3.157952 5.834670 -1.154005
1678843364263 2.286463 6.567295 -1.544260
1678843364275 0.557849 6.217742 0.047884
1678843364310 0.086191 5.396531 3.222595
1678843364325 1.944092 4.446033 5.485116
1678843364350 3.986346 2.966416 7.405266
1678843364397 2.829947 2.679112 7.242460
1678843364410 9.394848 1.022324 3.861847
1678843364433 14.128184 2.468422 -1.707066
1678843364451 7.038953 3.890578 -9.313444
1678843364491 2.602497 2.834735 -9.509769
1678843364505 3.694253 0.993594 -0.701501
1678843364528 5.183447 1.587356 3.174711
1678843364553 1.072602 2.616863 -1.910573
1678843364592 0.531513 2.614468 -7.378930
1678843364604 1.233014 0.897826 -6.414066
1678843364630 -2.995146 3.172317 -0.028730
1678843364669 -5.365406 6.268020 -0.984017
1678843364707 -4.036624 4.666299 -7.417237
1678843364724 -3.641581 5.494693 -6.718130
1678843364738 -5.463568 7.410054 -10.086772
1678843364762 -5.789180 4.663905 -15.052346
1678843364783 -7.702147 3.416526 -8.640674
1678843364828 -8.781932 5.327099 -4.611232
1678843364840 -12.143391 4.472369 -8.372523
1678843364897 -16.666039 4.465186 -8.204929
1678843364906 -17.755400 4.462792 -5.877765
1678843364919 -15.210363 4.338294 -7.975086
1678843364942 -11.109096 3.320758 -13.666103
1678843364962 -16.132132 2.873042 -14.085089
1678843364997 -24.619576 7.240066 -11.255142
1678843365034 -23.812731 8.731653 -16.575058
1678843365090 -10.364499 6.895301 -18.897434
1678843365100 -10.017340 8.657434 -17.556681
1678843365110 -20.092140 13.069947 -18.380287
1678843365128 -15.363592 10.524911 -12.061988
1678843365141 -13.915100 9.885659 -6.325481
1678843365169 -12.986150 8.444349 -7.481880
1678843365192 -9.433155 7.893683 -12.852075
1678843365223 -8.348581 5.533000 -16.749836
1678843365244 -6.756437 1.946486 -13.342886
1678843365270 -7.939173 2.293645 -6.277597
1678843365332 -11.537658 3.454833 -2.705448
1678843365345 -11.374852 1.709460 -4.718972
1678843365356 -11.875240 0.761356 -8.049306
1678843365373 -11.757924 0.344765 -10.673351
1678843365397 -8.913613 0.318429 -12.619837
1678843365425 -8.195353 -1.491588 -12.610260
1678843365448 -9.141062 -1.015141 -8.911219
1678843365503 -7.999028 -1.321599 -7.369353
1678843365526 -7.036559 -1.091756 -8.224083
1678843365533 -6.801927 -1.156399 -9.519346
1678843365559 -5.918467 -1.338359 -9.358934
1678843365576 -4.517859 -3.102885 -11.269507
1678843365601 -3.457227 -4.134786 -9.703699
1678843365627 -5.954380 -2.315193 -7.302315
1678843365655 -5.676652 -1.836353 -6.536170
1678843365690 -3.833117 0.038307 -4.707001
1678843365732 -3.105280 0.691924 -6.852205
1678843365736 -2.837129 -1.271321 -11.808203
1678843365781 -3.110068 -1.458069 -11.532869
1678843365798 -4.838682 0.323217 -9.600749
1678843365806 -6.892907 1.616086 -12.473791
1678843365832 -5.351041 0.857124 -12.052411
1678843365857 -5.243302 1.742979 -9.598354
1678843365882 -5.643134 2.662352 -10.821792
1678843365926 -6.864176 3.093309 -12.579136
1678843365933 -9.255983 4.223372 -9.648633
1678843365959 -8.611943 5.614403 -7.793127
1678843365985 -6.387730 4.094085 -7.879318
1678843366014 -6.878541 5.566519 -6.035782
1678843366058 -7.170634 6.818686 -6.380548
1678843366071 -3.624821 6.473921 -8.180987
1678843366095 -2.310405 5.755661 -8.841787
1678843366137 -2.059013 4.960786 -9.038112
1678843366186 -1.642422 2.451663 -9.035717
1678843366200 -0.993594 0.248997 -7.800309
1678843366211 -1.802834 0.184354 -2.652776
1678843366224 -5.549759 2.396596 -0.193930
1678843366240 -7.735666 6.777985 0.395043
1678843366288 -7.448361 8.075643 -3.488352
1678843366298 -3.545813 6.902483 -11.257536
1678843366323 -1.522712 6.414066 -15.081077
1678843366344 -3.373430 6.177041 -13.311762
1678843366376 -7.347805 5.291186 -8.406042
1678843366394 -8.418014 5.430049 -4.867412
1678843366431 -3.483563 2.276886 -4.848258
1678843366445 -2.992752 0.988805 -0.806846
1678843366471 -3.921702 4.458004 3.222595
1678843366496 -2.147599 6.311116 2.161964
1678843366523 -5.224148 6.141128 -2.978387
1678843366551 -4.228160 4.996699 -3.545813
1678843366573 -3.825934 7.077260 0.045490
1678843366598 -5.602432 7.232883 2.181118
1678843366653 -9.583989 10.170568 1.649605
1678843366668 -11.238382 11.611878 -1.065420
1678843366681 -10.912771 12.887988 -0.189142
1678843366700 -9.567230 14.463372 -1.316811
1678843366739 -8.128315 14.190434 -4.529830
1678843366757 -9.016563 14.592659 -3.897760
1678843366778 -10.589554 14.602236 -6.076484
1678843366803 -6.801927 10.809821 -5.432444
1678843366828 -6.402095 13.927072 2.351106
1678843366859 -9.009381 15.042769 0.110133
1678843366895 -9.097966 14.841657 -2.722207
1678843366911 -9.574412 15.789761 -0.095768
1678843366933 -10.127473 13.503298 -2.671929
1678843366981 -7.647080 10.405201 -4.419696
1678843366996 -3.473987 7.565677 -2.935291
1678843367008 -1.371878 6.811504 -0.045490
1678843367032 -2.595315 6.234501 -0.095768
1678843367058 -1.963245 4.659117 0.119710
1678843367085 -1.893813 6.284780 2.789245
1678843367122 -2.952051 7.340622 1.460463
1678843367137 -1.484405 5.384560 -1.192312
1678843367160 -1.549049 6.701371 1.637634
1678843367186 -1.924938 6.253655 -0.557849
1678843367223 0.562637 4.611232 -1.101333
1678843367238 5.183447 4.280833 1.228225
1678843367263 5.039794 4.659117 1.824382
1678843367289 4.007894 5.537788 0.936133
1678843367315 4.776433 5.916072 1.082179
1678843367339 2.973598 6.557718 1.039083
1678843367365 4.695030 5.913678 2.784456
1678843367394 4.812346 7.357382 3.330335
1678843367422 5.930438 4.165911 0.138864
1678843367493 8.571242 4.821922 3.969586
1678843367504 10.769119 3.617639 4.711789
1678843367522 5.726931 3.785233 3.794810
1678843367529 3.473987 5.090073 3.569755
1678843367544 4.793192 4.740520 -0.392649
1678843367581 7.283162 2.877831 -1.381454
1678843367597 8.212111 1.472434 3.201048
1678843367621 7.177817 0.763750 6.485892
1678843367646 7.534553 1.381454 5.889736
1678843367673 7.539341 1.965640 2.104503
1678843367697 7.084443 2.305616 -0.876278
1678843367723 6.052542 2.980781 -0.928950
1678843367754 6.481104 3.064578 0.407014
1678843367807 6.169858 2.983175 -0.354342
1678843367824 6.287174 3.007117 -2.305616
1678843367836 6.064513 3.390190 -2.655170
1678843367851 6.727707 4.163517 -2.928109
1678843367876 5.791574 4.110844 -5.231331
1678843367907 4.975151 3.517082 -5.015852
1678843367947 5.358223 3.213019 -1.163582
1678843367962 4.199430 3.208230 -0.318429
1678843367979 6.354211 3.229778 -2.504335
1678843368004 6.651093 2.415750 -5.133168
1678843368040 3.785233 2.908955 -3.093309
1678843368057 2.339135 4.455609 2.753332
1678843368081 0.775721 5.006276 1.570596
1678843368139 -3.541024 5.351041 -4.199430
1678843368152 1.821988 5.698200 -4.814740
1678843368161 8.523358 4.572925 -1.029507
1678843368184 -4.307169 7.137115 -2.255338
1678843368220 -12.002133 7.747637 -7.321469
1678843368239 -5.137957 5.094861 -1.192312
1678843368260 -5.020641 4.841076 3.787627
1678843368285 -9.150639 3.955221 -5.650316
1678843368314 -13.649343 3.900155 -7.680599
1678843368337 -14.834474 5.925649 -1.781286
1678843368411 -8.561666 5.142745 -7.163452
1678843368430 -8.410830 1.501164 -13.055582
1678843368442 -19.100941 1.247379 -4.022259
1678843368449 -22.613235 4.335899 0.375890
1678843368464 -16.311697 2.552219 -3.809175
1678843368490 -15.933413 2.262521 -5.971139
1678843368520 -18.210299 3.529053 -10.527305
1678843368541 -21.894974 1.872266 -12.397177
1678843368567 -20.475212 0.720655 -6.224925
1678843368642 -18.866310 -0.948104 -2.832341
1678843368660 -18.140865 -1.201889 -1.759738
1678843368672 -15.301343 -1.364695 -0.205901
1678843368681 -15.145720 -1.005565 -1.565808
1678843368694 -12.631808 -1.197101 -3.397372
1678843368722 -12.397177 -2.114080 -4.134786
1678843368748 -12.986150 -2.473210 -5.382165
1678843368771 -13.781025 -2.597709 -5.844246
1678843368797 -12.916718 -3.191471 -3.390190
1678843368843 -12.315774 -3.612850 -1.367089
1678843368863 -11.283873 -2.832341 0.512359
1678843368873 -10.067618 -2.501941 -0.246603
1678843368899 -9.382876 -3.107674 -0.938527
1678843368941 -9.186552 -2.738967 0.227449
1678843368958 -10.048465 -1.872266 -0.519542
1678843368976 -12.045229 -0.648829 -1.867477
1678843369001 -9.569624 -2.643199 -3.892972
1678843369029 -10.972627 -2.719813 -4.017470
1678843369074 -13.175292 -1.479617 -1.996764
1678843369095 -14.051570 -0.469264 -2.236184
1678843369104 -11.985373 -0.991199 -2.858677
1678843369129 -9.562442 -1.122881 -3.517082
1678843369154 -10.019734 -0.993594 -6.833052
1678843369182 -10.819398 0.385466 -9.248801
1678843369208 -9.030929 -0.174777 -9.143456
1678843369231 -8.360553 -0.591368 -5.889736
1678843369267 -9.732430 0.272939 -2.978387
1678843369311 -10.558430 0.974440 -3.071761
1678843369325 -10.192117 0.490811 -5.422867
1678843369336 -9.763555 0.462081 -8.240842
1678843369360 -9.198523 -0.186748 -10.005369
1678843369387 -9.610326 0.220267 -12.641385
1678843369442 -9.703699 -1.843535 -14.563929
1678843369465 -9.167398 -3.720589 -11.609484
1678843369476 -7.735666 -5.116409 -6.813898
1678843369490 -7.125144 -4.934450 -2.602497
1678843369536 -8.073248 -3.098097 -1.479617
1678843369550 -7.647080 -2.825158 -3.708618
1678843369576 -7.376535 -2.791639 -6.500257
1678843369593 -7.812280 -2.413355 -7.577648
1678843369628 -7.893683 -3.653552 -7.510611
1678843369671 -7.891289 -5.415684 -8.202535
1678843369694 -7.026982 -5.513846 -4.704607
1678843369704 -7.343017 -4.079720 -0.993594
1678843369722 -6.663064 -4.019865 -1.046266
1678843369742 -4.199430 -4.510676 -1.623269
1678843369771 -2.291251 -3.837905 -1.094150
1678843369813 -2.094927 -4.462792 -3.169923
1678843369829 -5.679047 -3.208230 -5.559336
1678843369859 -8.635885 -0.112527 -6.732495
1678843369904 -7.970297 1.201889 -8.808268
1678843369923 -6.490681 0.548272 -9.437943
1678843369933 -6.196194 0.811634 -7.400477
1678843369948 -7.350199 1.438915 -5.286397
1678843369973 -10.364499 2.133234 -4.393360
1678843370003 -12.562376 2.530671 -3.952827
1678843370026 -12.744335 3.718195 -4.469975
1678843370089 -12.935872 4.201824 -5.592855
1678843370100 -13.177686 5.046977 -5.269638
1678843370109 -12.143391 5.360618 -4.958392
1678843370128 -13.596671 5.243302 -5.346252
1678843370175 -14.307750 5.317522 -4.299986
1678843370191 -12.756307 3.684676 -3.876213
1678843370203 -14.652514 2.942474 -4.929661
1678843370228 -16.847998 1.036689 -3.576937
1678843370258 -18.964472 0.873884 -2.894590
1678843370290 -16.646885 -0.438139 -1.058237
1678843370328 -14.437037 -2.592921 0.888249
1678843370341 -12.943054 -4.517859 -0.469264
1678843370375 -14.185645 -5.576096 -5.382165
1678843370394 -14.851233 -5.245696 -9.282320
1678843370418 -13.306973 -5.049371 -9.167398
1678843370433 -11.413159 -5.188235 -7.223307
1678843370458 -12.129025 -5.506664 -6.301539
1678843370484 -12.253524 -5.916072 -5.877765
1678843370521 -11.326968 -6.629545 -5.212177
1678843370535 -9.567230 -5.983110 -3.203442
1678843370561 -8.710106 -5.834670 -2.576161
1678843370599 -9.325416 -5.741296 -4.345476
1678843370614 -9.361329 -4.656722 -5.322310
1678843370642 -9.153033 -3.952827 -5.940014
1678843370666 -8.690952 -3.284845 -6.478710
1678843370689 -7.113173 -3.615245 -7.261614
1678843370716 -6.023811 -3.327940 -6.155493
1678843370762 -5.841852 -2.975993 -4.477157
1678843370773 -5.183447 -3.275268 -4.529830
1678843370794 -3.524265 -2.161964 -8.504205
1678843370833 -1.616086 -1.525106 -9.253590
1678843370850 -0.751779 -0.102951 -7.280767
1678843370872 -2.559402 0.509965 -6.684611
1678843370892 -4.884171 -0.442927 -7.635109
1678843370928 -4.843470 -1.118092 -7.852982
1678843370966 -4.089296 -2.420538 -8.382100
1678843370989 -4.671088 -1.757344 -7.381324
1678843370997 -5.561730 0.505177 -6.095637
1678843371021 -6.057330 0.349553 -6.378153
1678843371048 -6.907272 0.476446 -6.706159
1678843371071 -7.635109 0.928950 -5.894525
1678843371107 -8.609550 0.948104 -4.776433
1678843371126 -8.657434 0.981623 -5.035006
1678843371149 -8.640674 1.362301 -5.097255
1678843371175 -9.662998 2.686294 -6.184223
1678843371207 -10.721235 3.751714 -8.741230
1678843371243 -12.741941 4.790798 -8.350976
1678843371292 -14.439430 5.554548 -5.743690
1678843371302 -17.367538 4.692636 -4.637568
1678843371314 -21.138407 4.515464 -1.266533
1678843371331 -22.723368 5.621585 0.416591
1678843371377 -21.950041 0.924162 -2.540248
1678843371400 -22.843079 -0.976834 -6.517017
1678843371408 -20.719421 -1.292869 -9.923966
1678843371429 -17.915812 -0.023942 -10.409989
1678843371456 -15.959748 -2.104503 -7.003040
1678843371481 -17.176003 -3.327940 -6.854599
1678843371506 -17.539921 -3.287239 -13.055582
1678843371534 -16.021997 -3.023877 -16.814478
1678843371577 -16.512810 -3.471592 -15.514427
1678843371595 -15.964537 -4.041412 -10.381259
1678843371616 -15.251065 -2.762909 -8.741230
1678843371634 -14.743494 -2.200271 -12.081141
1678843371674 -10.797850 -2.856283 -12.634202
1678843371689 -9.358934 -1.599327 -10.520123
1678843371712 -10.381259 -1.520318 -8.420407
1678843371736 -11.786655 -1.055843 -7.029376
1678843371769 -12.018892 0.723049 -6.062119
1678843371809 -8.305486 -0.622492 -7.905654
1678843371825 -4.620809 -0.045490 -5.623980
1678843371838 -2.454057 0.682347 -4.472369
1678843371864 -2.449268 1.094150 -2.930503
1678843371909 -4.448427 4.441244 -3.529053
1678843371930 -0.869095 3.373430 -3.323152
1678843371943 1.802834 3.567361 -0.215478
1678843371966 1.379060 5.506664 1.683124
1678843372000 0.354342 7.098808 0.497994
1678843372042 1.424550 6.919243 -3.066972
1678843372071 2.628834 5.638345 -3.770868
1678843372089 2.631228 3.756502 -2.671929
1678843372095 0.363919 4.979939 -1.118092
1678843372121 -0.227449 5.712565 0.016759
1678843372161 1.678335 4.367024 -1.491588
1678843372173 2.947262 3.670311 -0.177171
1678843372197 3.325546 3.813963 3.081338
1678843372223 3.196259 3.806781 3.181894
1678843372257 4.462792 3.785233 1.565808
1678843372274 4.850653 4.393360 0.948104
1678843372324 5.497087 4.094085 -0.150835
1678843372336 6.478710 4.139575 -0.509965
1678843372356 5.870583 3.725378 -0.253785
1678843372380 4.345476 4.151546 -0.411803
1678843372410 5.985504 4.299986 -0.167594
1678843372451 8.042124 3.938462 -0.119710
1678843372486 7.278373 3.701436 -0.361524
1678843372547 6.983886 3.373430 1.125275
1678843372556 6.866570 2.688689 2.061408
1678843372570 6.047753 2.947262 1.800440
1678843372581 1.587356 4.458004 0.778116
1678843372588 -1.015141 3.967192 1.709460
1678843372608 -1.268927 3.215413 1.386243
1678843372633 -1.134852 4.458004 -2.238579
1678843372700 -1.204283 4.527435 -2.755726
1678843372713 -2.370260 4.812346 -2.011129
1678843372723 -5.240908 5.204995 -3.665523
1678843372736 -7.455544 6.749255 -3.825934
1678843372782 -7.103596 6.856994 -3.026271
1678843372787 -7.007828 7.292738 -4.685453
1678843372814 -6.416461 7.565677 -7.891289
1678843372839 -5.216966 5.671864 -5.430049
1678843372865 -9.849746 7.781156 -1.055843
1678843372890 -13.905523 9.689334 -6.416461
1678843372929 -10.400413 7.443573 -8.729259
1678843372943 -6.184223 5.798757 -2.327164
1678843372975 -10.620679 8.204929 -0.900220
1678843372993 -16.024391 7.675811 -6.945579
1678843373020 -15.734694 4.833893 -8.305486
1678843373045 -12.715605 4.417302 -3.186682
1678843373071 -12.349293 4.297592 -2.947262
1678843373096 -11.755530 2.825158 -7.661446
1678843373122 -11.841722 2.106898 -9.789890
1678843373150 -11.810597 3.521871 -9.694122
1678843373173 -8.762778 2.679112 -10.386047
1678843373206 -6.162675 0.888249 -10.742783
1678843373247 -5.554548 -0.584185 -9.789890
1678843373261 -6.785168 -1.826776 -7.819463
1678843373276 -9.447520 -2.291251 -6.011840
1678843373301 -11.066000 -1.551443 -4.520253
1678843373327 -9.866506 -1.268927 -5.559336
1678843373384 -8.731653 -0.976834 -6.969521
1678843373398 -7.632715 -1.613692 -6.579266
1678843373411 -7.702147 -1.778892 -5.358223
1678843373429 -8.872911 -1.369483 -6.050148
1678843373456 -9.694122 -1.414973 -6.928820
1678843373489 -10.034100 -1.403002 -7.062895
1678843373519 -10.146626 -0.691924 -5.880159
1678843373534 -10.297462 -0.577003 -5.959168
1678843373558 -10.879252 -0.457293 -6.440403
1678843373583 -10.886436 -0.390255 -5.877765
1678843373628 -11.226412 -1.316811 -5.094861
1678843373639 -12.852075 -1.218649 -5.552154
1678843373661 -15.593435 0.050278 -6.315904
1678843373686 -17.118542 2.516306 -7.556100
1678843373716 -15.411476 3.895366 -7.012617
1678843373750 -12.107478 2.190695 -3.818752
1678843373794 -12.114660 0.521936 -0.071826
1678843373805 -15.310920 -0.023942 1.185130
1678843373821 -17.152061 -1.209072 -2.480393
1678843373840 -15.160085 -2.784456 -6.284780
1678843373889 -12.052411 -3.727772 -7.584831
1678843373900 -9.907207 -3.938462 -6.833052
1678843373917 -10.319010 -3.603274 -6.050148
1678843373943 -10.852917 -4.398149 -5.997475
1678843373976 -9.765948 -5.461174 -4.357447
1678843373999 -8.951921 -5.341464 -2.640805
1678843374038 -9.358934 -5.243302 -2.260126
1678843374054 -9.634268 -4.924873 -2.245761
1678843374079 -9.435549 -3.907337 -2.983175
1678843374097 -9.425972 -3.258508 -5.379771
1678843374134 -9.038112 -3.557784 -6.521805
1678843374177 -8.997410 -2.985569 -6.200983
1678843374192 -9.631873 -2.798822 -6.083666
1678843374200 -9.658210 -2.863465 -6.593631
1678843374225 -8.966286 -1.941698 -6.868965
1678843374267 -9.825804 -0.890643 -7.297527
1678843374287 -11.659762 0.316035 -8.561666
1678843374305 -11.707646 1.881842 -8.552089
1678843374359 -11.741165 3.045424 -8.693346
1678843374373 -9.600749 2.145205 -10.352529
1678843374389 -7.319075 2.427721 -9.959879
1678843374406 -7.833828 3.928885 -9.351752
1678843374431 -7.917625 3.536236 -9.342175
1678843374458 -7.692570 3.545813 -7.438785
1678843374482 -8.190564 4.065354 -6.002264
1678843374508 -8.018182 3.842694 -6.584054
1678843374551 -7.826645 3.854665 -5.623980
1678843374563 -7.199365 4.417302 -4.371812
1678843374586 -6.533776 4.639963 -4.774038
1678843374611 -6.047753 5.046977 -4.716578
1678843374636 -5.293580 5.044583 -3.780444
1678843374683 -6.720524 6.433220 -3.215413
1678843374691 -6.198588 6.418855 -5.442020
1678843374728 -4.833893 5.877765 -5.712565
1678843374768 -4.309563 7.074866 -3.256114
1678843374789 -2.116474 7.625533 -3.145981
1678843374800 -0.988805 7.163452 -3.687071
1678843374821 -1.702277 7.963115 -4.766856
1678843374841 -2.983175 7.663840 -5.753267
1678843374875 -4.206613 7.565677 -4.671088
1678843374893 -5.130774 7.680599 -0.972046
1678843374931 -5.432444 8.078036 0.687136
1678843374947 -3.852271 6.885724 -2.140416
1678843374974 -0.332794 5.585672 -5.075707
1678843375016 0.730232 4.776433 -6.212954
1678843375030 -0.474052 4.860229 -4.582502
1678843375058 -1.491588 5.652710 -2.070984
1678843375097 -0.335188 5.978322 -0.584185
1678843375112 -1.108515 6.421249 -1.446098
1678843375124 -2.205060 5.535394 -3.028665
1678843375163 -3.423708 4.977545 -3.485958
1678843375194 -4.177882 3.780444 -2.667141
1678843375212 -6.349423 2.027889 -1.101333
1678843375238 -0.476446 0.330400 0.790087
1678843375289 5.104438 1.316811 1.154005
1678843375314 5.444415 2.870648 -1.130063
1678843375323 5.722142 1.776498 -3.186682
1678843375329 5.916072 2.233790 -1.395820
1678843375355 4.173094 2.700660 -0.596156
1678843375382 2.030283 3.634398 -0.313640
1678843375407 2.741361 4.405331 -2.195483
1678843375443 3.442862 4.381389 -4.786009
1678843375487 1.975216 6.184223 -3.375824
1678843375504 -3.282450 8.712500 -1.434127
1678843375515 -6.560112 7.671022 -2.851494
1678843375537 -5.142745 6.821081 -0.268151
1678843375573 -8.540117 6.665458 1.539472
1678843375589 -7.632715 4.151546 -0.641646
1678843375613 -4.465186 2.293645 2.566584
1678843375638 -9.196129 2.999935 3.919308
1678843375669 -11.317391 1.912967 -0.950498
1678843375709 -9.035717 -0.474052 -1.470040
1678843375727 -15.126566 -0.426168 0.778116
1678843375740 -17.439365 0.201113 -0.706290
1678843375766 -15.095442 -0.984017 -4.323928
1678843375807 -16.824055 -1.242591 -3.490746
1678843375828 -22.189461 1.247379 -1.352724
1678843375843 -21.023485 2.255338 -2.762909
1678843375869 -19.965248 3.505111 -5.686229
1678843375907 -16.333244 4.046201 -5.949591
1678843375922 -13.893553 3.730166 -4.412514
1678843375962 -13.230358 3.495534 -4.673482
1678843375979 -12.859258 3.107674 -5.746084
1678843376004 -13.702016 2.209848 -5.391742
1678843376057 -13.170504 0.670376 -3.787627
1678843376067 -13.273455 1.393425 -2.336741
1678843376080 -14.611813 1.043872 -1.343147
1678843376101 -16.041151 0.821211 -0.402226
1678843376136 -15.591042 1.233014 -0.931344
1678843376155 -12.658144 0.471658 -1.731008
1678843376189 -10.625467 -1.599327 -2.229002
1678843376218 -11.372458 -3.385401 -1.934515
1678843376234 -13.898341 -3.768473 -1.395820
1678843376273 -14.360422 -3.785233 -3.021482
1678843376295 -12.931084 -3.876213 -3.488352
1678843376324 -11.449073 -3.758897 -2.928109
1678843376331 -11.216835 -3.696647 -2.985569
1678843376382 -10.445902 -4.228160 -3.859453
1678843376396 -9.392453 -4.259285 -3.845088
1678843376410 -9.581595 -4.268862 -3.213019
1678843376434 -10.833763 -3.864242 -2.212242
1678843376463 -10.187328 -3.260903 -1.283292
1678843376515 -9.198523 -3.500323 -2.106898
1678843376533 -12.531252 -2.111686 -2.566584
1678843376543 -10.721235 -2.683900 -2.106898
1678843376562 -8.918402 -2.209848 -1.783680
1678843376587 -9.042900 -2.693477 -1.891419
1678843376621 -11.314998 -2.149993 -0.706290
1678843376639 -9.641450 -1.237802 -0.715866
1678843376707 -8.640674 -0.639252 -1.355118
1678843376727 -10.872070 0.385466 -0.995988
1678843376735 -11.197681 1.630451 -0.648829
1678843376742 -10.314221 0.893037 0.351948
1678843376792 -9.277532 0.256180 1.338359
1678843376798 -8.829816 -0.213084 4.335899
1678843376843 -8.872911 -0.268151 5.367800
1678843376859 -9.533711 -0.210690 2.487576
1678843376871 -9.392453 0.009577 4.357447
1678843376895 -8.145074 -0.033519 4.118027
1678843376921 -8.078036 0.263362 1.862689
1678843376983 -8.513782 0.342371 5.008670
1678843376998 -7.539341 0.399832 4.333505
1678843377011 -6.545747 -0.153229 6.406884
1678843377024 -6.351817 -0.438139 7.927202
1678843377053 -5.762844 -0.067038 7.345411
1678843377075 -5.190629 -0.316035 6.062119
1678843377125 -5.130774 -0.169988 6.998251
1678843377135 -4.996699 -0.232238 8.109161
1678843377156 -5.913678 0.873884 7.776367
1678843377184 -5.695806 1.041478 8.477868
1678843377212 -4.338294 0.677559 7.551312
1678843377254 -2.755726 0.541090 7.826645
1678843377269 -3.691859 0.639252 9.967062
1678843377303 -3.457227 0.916979 10.666168
1678843377321 -2.628834 1.283292 9.399636
1678843377340 -1.640028 1.486799 8.303091
1678843377387 -1.477222 1.259350 7.706935
1678843377404 -1.776498 1.283292 8.863335
1678843377415 -1.833959 1.529895 10.474632
1678843377435 -1.264138 0.708684 10.242394
1678843377460 -1.244985 0.991199 8.499416
1678843377494 -1.398214 1.757344 5.942409
1678843377514 -1.312023 1.532289 8.346188
1678843377540 -0.967257 1.312023 10.579977
1678843377580 -1.771709 1.235408 11.942278
1678843377588 -2.063802 1.661576 9.832987
1678843377614 -1.424550 1.788469 8.772355
1678843377641 -1.343147 1.927332 9.040505
1678843377684 -0.847547 1.745373 10.321404
1678843377696 -1.527501 2.020706 10.505757
1678843377726 -2.712631 2.863465 9.023746
1678843377743 -2.784456 2.853889 9.062054
1678843377775 -2.422932 2.482787 9.313444
1678843377824 -3.368642 1.920150 11.190498
1678843377839 -2.521094 0.859518 13.117831
1678843377851 -1.963245 0.969652 10.632649
1678843377871 -2.492364 1.371878 8.908825
1678843377899 -2.154782 1.340753 9.483433
1678843377922 -2.006341 1.362301 9.469068
1678843377960 -2.528277 1.970428 8.245630
1678843377975 -2.640805 2.315193 7.908048
1678843378004 -2.336741 2.245761 8.403648
1678843378025 -1.881842 1.745373 9.521740
1678843378058 -2.324770 1.932121 9.940725
1678843378097 -2.688689 2.202666 9.220071
1678843378110 -2.655170 2.212242 8.975863
1678843378128 -2.133234 1.862689 9.533711
1678843378155 -2.214637 1.769315 10.551247
1678843378198 -3.224990 2.075773 10.608707
1678843378218 -3.703830 2.305616 10.429143
1678843378238 -3.596091 2.343924 11.195287
1678843378256 -3.849876 2.482787 11.094730
1678843378293 -4.027047 2.396596 10.589554
1678843378308 -4.062960 2.267309 11.037270
1678843378335 -3.620033 2.138022 10.778696
1678843378358 -3.596091 2.470816 9.619903
1678843378389 -3.335123 3.057395 9.368511
1678843378429 -2.667141 3.524265 8.853758
1678843378447 -3.787627 4.515464 11.281479
1678843378461 -4.129998 5.360618 9.720459
1678843378489 -4.118027 5.894525 5.621585
1678843378528 -3.157952 5.116409 3.912126
1678843378546 -1.975216 3.567361 5.674258
1678843378572 -1.146823 2.341529 7.927202
1678843378591 -0.711078 2.020706 7.386112
1678843378627 0.055067 1.726219 5.288792
1678843378666 0.663194 1.501164 6.399701
1678843378686 -0.043096 1.733402 8.913613
1678843378700 -2.875436 2.463634 9.646238
1678843378720 -1.869871 2.013524 7.939173
1678843378745 -1.003170 1.709460 6.766014
1678843378769 -1.625663 1.695095 7.364564
1678843378817 -2.612074 1.654393 9.907207
1678843378828 -2.312799 1.467646 10.141838
1678843378849 -2.640805 1.848324 7.797915
1678843378894 -3.979163 2.219425 5.027823
1678843378908 -3.172317 1.383849 8.774749
1678843378924 -2.262521 1.012747 12.224793
1678843378949 -2.626439 1.810017 10.881647
1678843378996 -2.097321 2.039860 8.501810
1678843379011 -2.657564 1.917756 7.560889
1678843379032 -3.845088 1.900996 8.080431
1678843379087 -4.613626 1.247379 10.905589
1678843379100 -4.716578 0.871489 13.196839
1678843379114 -3.452439 0.426168 11.604695
1678843379128 -4.187459 0.761356 8.683769
1678843379154 -5.698200 0.943315 7.922413
1678843379199 -6.749255 0.155623 10.381259
1678843379211 -5.446809 -0.902614 12.251130
1678843379231 -3.797204 -1.319205 11.966220
1678843379257 -3.560178 -1.213860 11.470620
1678843379283 -2.925714 -1.295263 12.220005
1678843379327 -2.999935 -1.070208 13.934254
1678843379361 -4.058172 -0.311246 14.592659
1678843379375 -4.687847 0.500388 11.985373
1678843379405 -4.699818 0.940921 8.726865
1678843379424 -4.359841 0.739808 7.436390
1678843379436 -2.918532 0.107739 8.995016
1678843379468 -2.171541 0.292093 10.038888
1678843379504 -1.510741 0.756568 9.971850
1678843379546 -0.339977 1.266533 9.153033
1678843379559 -0.043096 2.169147 8.805874
1678843379570 0.260968 2.458845 10.718841
1678843379592 0.177171 2.810793 12.330139
1678843379616 -0.814029 3.359065 11.405977
1678843379646 -1.173159 3.308787 10.314221
1678843379690 -0.098162 2.971204 9.773131
1678843379705 -0.179565 3.009511 8.573636
1678843379720 -1.165976 3.062184 11.640609
1678843379753 -0.577003 2.753332 11.793838
1678843379791 0.265756 3.287239 7.302315
1678843379806 -0.251391 4.419696 5.238513
1678843379821 -0.744597 4.702212 4.661511
1678843379848 -1.517924 4.103662 7.034164
1678843379880 -2.621651 3.916914 9.411607
1678843379923 -2.664747 3.840300 9.916783
1678843379942 -1.367089 3.543418 9.416395
1678843379954 -0.517148 3.406949 8.992621
1678843379975 -0.909797 3.476381 8.813056
1678843380001 -0.797269 3.538630 8.987833
1678843380030 -0.900220 3.672705 8.240842
1678843380064 -1.063026 4.237737 7.443573
1678843380108 -1.244985 4.043807 8.501810
1678843380114 -0.629675 3.292027 9.864111
1678843380129 -0.641646 2.932897 10.316615
1678843380162 -0.770933 2.966416 9.346964
1678843380181 -1.003170 3.129222 8.925584
1678843380220 -0.854730 3.299210 8.571242
1678843380250 -0.761356 3.574543 8.573636
1678843380266 -0.632069 3.507505 9.421184
1678843380292 -0.835576 3.593697 8.937555
1678843380316 -0.691924 3.426103 8.987833
1678843380335 -0.871489 3.385401 10.036493
1678843380386 -0.155623 3.354277 10.575189
1678843380419 -0.167594 3.385401 9.612720
1678843380425 -0.790087 3.739743 9.083601
1678843380437 -0.895431 3.943250 8.406042
1678843380463 -1.173159 4.096479 8.010999
1678843380489 -0.720655 3.754108 8.633492
1678843380533 -0.943315 3.766079 8.525752
1678843380549 -1.541866 4.003105 8.180987
1678843380566 -1.551443 3.971981 8.602366
1678843380591 -1.261744 3.974375 8.432379
1678843380621 -1.309628 4.065354 8.971074
1678843380667 -1.039083 4.165911 9.373300
1678843380689 -1.180341 4.436456 8.801085
1678843380697 -1.608904 4.644751 7.867347
1678843380721 -1.611298 4.513070 7.759608
1678843380745 -1.244985 4.254497 8.506598
1678843380771 -1.309628 4.163517 8.944737
1678843380810 -0.806846 3.974375 8.255207
1678843380822 -1.522712 4.395754 6.062119
1678843380853 -1.889025 4.393360 8.346188
1678843380894 -2.480393 4.836287 11.152191
1678843380900 -2.080561 4.898537 9.212888
