# Created at Tue Mar 14 18:22:07 MST 2023
1678843328143 -0.238303 -0.015697 0.861809 -0.422072 -0.408724 -0.344387 0.732255
1678843328159 -0.232050 -0.019185 0.845312 -0.427437 -0.402622 -0.342014 0.733634
1678843328203 -0.225306 -0.023268 0.826257 -0.433528 -0.394792 -0.339065 0.735682
1678843328250 -0.220112 -0.026874 0.803747 -0.441565 -0.385301 -0.334776 0.737895
1678843328276 -0.213646 -0.031527 0.779104 -0.450705 -0.374999 -0.330541 0.739583
1678843328363 -0.202693 -0.039806 0.723871 -0.464270 -0.358452 -0.318484 0.744670
1678843328384 -0.197536 -0.043033 0.692640 -0.472708 -0.349815 -0.313175 0.745719
1678843328434 -0.192586 -0.045340 0.659582 -0.483901 -0.342209 -0.307758 0.744324
1678843328478 -0.185038 -0.044564 0.590231 -0.496950 -0.325757 -0.301029 0.745858
1678843328533 -0.181176 -0.039121 0.555411 -0.493659 -0.325087 -0.295249 0.750631
1678843328570 -0.171711 -0.030109 0.486423 -0.482251 -0.314929 -0.291926 0.763566
1678843328640 -0.165295 -0.025356 0.454263 -0.474150 -0.313792 -0.292214 0.768978
1678843328679 -0.147783 -0.021491 0.394183 -0.468139 -0.307110 -0.296527 0.773693
1678843328795 -0.112805 -0.026636 0.313518 -0.482354 -0.290017 -0.297880 0.771033
1678843328810 -0.098457 -0.029986 0.290448 -0.484774 -0.289141 -0.298978 0.769418
1678843328852 -0.082534 -0.034619 0.268435 -0.486349 -0.287901 -0.300777 0.768187
1678843328911 -0.046104 -0.044675 0.227011 -0.490914 -0.283149 -0.308627 0.763924
1678843328975 -0.004394 -0.057294 0.183046 -0.491301 -0.279629 -0.316579 0.761714
1678843329034 0.018689 -0.061545 0.162866 -0.490138 -0.278909 -0.319131 0.761663
1678843329069 0.066783 -0.070930 0.122658 -0.486897 -0.273012 -0.320614 0.765246
1678843329115 0.093140 -0.070182 0.101096 -0.486978 -0.270100 -0.316701 0.767854
1678843329173 0.148949 -0.072522 0.055030 -0.489806 -0.255831 -0.305728 0.775352
1678843329226 0.177887 -0.070003 0.034938 -0.484076 -0.248772 -0.305888 0.781163
1678843329272 0.237522 -0.068055 -0.003845 -0.486233 -0.249575 -0.303361 0.780552
1678843329308 0.267322 -0.067398 -0.022836 -0.484756 -0.249727 -0.305091 0.780748
1678843329362 0.295585 -0.064906 -0.039234 -0.483570 -0.247943 -0.306076 0.781666
1678843329410 0.353680 -0.062133 -0.077787 -0.484162 -0.252335 -0.297763 0.783104
1678843329462 0.408735 -0.059060 -0.111481 -0.476427 -0.259896 -0.287021 0.789361
1678843329527 0.438362 -0.062161 -0.133102 -0.477003 -0.261160 -0.279584 0.791263
1678843329557 0.471615 -0.069963 -0.160383 -0.479562 -0.259964 -0.274801 0.791785
1678843329619 0.536646 -0.086069 -0.208396 -0.481103 -0.252903 -0.276261 0.792628
1678843329671 0.607355 -0.099358 -0.258947 -0.482590 -0.253349 -0.282144 0.789504
1678843329735 0.642281 -0.104822 -0.282080 -0.481502 -0.265104 -0.286464 0.784738
1678843329769 0.720122 -0.100243 -0.325678 -0.471450 -0.272944 -0.305001 0.781160
1678843329843 0.796166 -0.084223 -0.360161 -0.458964 -0.306630 -0.312353 0.773153
1678843329876 0.835754 -0.077400 -0.373482 -0.448884 -0.310965 -0.328267 0.770743
1678843329928 0.873928 -0.070438 -0.382614 -0.437326 -0.323591 -0.340001 0.767095
1678843329982 0.948873 -0.060857 -0.399452 -0.407568 -0.359427 -0.354394 0.760989
1678843330037 1.030439 -0.067887 -0.419541 -0.389123 -0.377537 -0.373041 0.752921
1678843330076 1.070718 -0.072310 -0.428758 -0.384576 -0.384310 -0.375213 0.750748
1678843330126 1.108686 -0.077136 -0.435998 -0.381543 -0.390980 -0.372074 0.750414
1678843330184 1.190333 -0.085534 -0.452787 -0.383559 -0.398257 -0.359721 0.751581
1678843330260 1.267730 -0.093198 -0.464899 -0.401198 -0.389859 -0.352659 0.750121
1678843330285 1.306125 -0.094546 -0.471172 -0.413557 -0.383096 -0.351263 0.747544
1678843330324 1.342288 -0.092495 -0.476159 -0.423355 -0.384443 -0.348749 0.742529
1678843330377 1.409918 -0.081035 -0.482388 -0.417950 -0.404506 -0.345020 0.736650
1678843330477 1.518127 -0.084462 -0.513454 -0.421254 -0.410467 -0.349278 0.729429
1678843330520 1.551467 -0.085193 -0.522751 -0.418845 -0.410850 -0.346000 0.732158
1678843330543 1.585084 -0.087969 -0.533174 -0.418334 -0.408967 -0.341472 0.735622
1678843330580 1.605742 -0.088680 -0.539352 -0.422566 -0.409504 -0.333909 0.736376
1678843330637 1.639281 -0.095425 -0.551216 -0.426094 -0.409619 -0.327518 0.737149
1678843330682 1.696617 -0.107345 -0.568502 -0.426270 -0.409175 -0.326985 0.737531
1678843330750 1.769871 -0.121069 -0.584407 -0.425203 -0.418519 -0.341193 0.726383
1678843330779 1.807500 -0.124822 -0.592209 -0.419421 -0.425253 -0.349785 0.721732
1678843330853 1.884371 -0.117962 -0.607417 -0.412503 -0.437108 -0.360135 0.713499
1678843330895 1.918721 -0.106001 -0.613780 -0.408976 -0.455291 -0.357907 0.705232
1678843330926 1.955146 -0.096990 -0.618234 -0.398475 -0.474321 -0.356829 0.699221
1678843330979 2.033790 -0.090843 -0.622600 -0.375671 -0.478479 -0.385249 0.693910
1678843331038 2.105338 -0.082766 -0.627701 -0.355781 -0.498516 -0.386383 0.689644
1678843331088 2.141999 -0.082600 -0.631145 -0.345736 -0.505400 -0.387033 0.689378
1678843331132 2.179910 -0.086517 -0.635018 -0.342539 -0.505884 -0.389216 0.689390
1678843331195 2.259678 -0.101297 -0.641785 -0.347856 -0.504315 -0.392458 0.686032
1678843331240 2.294156 -0.107145 -0.642490 -0.350771 -0.502915 -0.390332 0.686788
1678843331298 2.331734 -0.114385 -0.644238 -0.357938 -0.500515 -0.386844 0.686816
1678843331329 2.368840 -0.121171 -0.645115 -0.367258 -0.497468 -0.383891 0.685766
1678843331374 2.478004 -0.132683 -0.642251 -0.393812 -0.481505 -0.382221 0.683354
1678843331434 2.543532 -0.118714 -0.633193 -0.401321 -0.487691 -0.370958 0.680800
1678843331493 2.580318 -0.111299 -0.629900 -0.401348 -0.490255 -0.370208 0.679350
1678843331551 2.649715 -0.108033 -0.624322 -0.404501 -0.489967 -0.374993 0.675049
1678843331576 2.678244 -0.106411 -0.620384 -0.402479 -0.494861 -0.372410 0.674117
1678843331633 2.747451 -0.104964 -0.615897 -0.393855 -0.500613 -0.365736 0.678603
1678843331687 2.781161 -0.106634 -0.615986 -0.395221 -0.503486 -0.360888 0.678278
1678843331718 2.817623 -0.109590 -0.615251 -0.396566 -0.506827 -0.355551 0.677824
1678843331786 2.893424 -0.117821 -0.612828 -0.401020 -0.510417 -0.350466 0.675152
1678843331836 2.970176 -0.127352 -0.605499 -0.396773 -0.518664 -0.361642 0.665413
1678843331882 3.011281 -0.127501 -0.600692 -0.389709 -0.524088 -0.369687 0.660901
1678843331974 3.083903 -0.116676 -0.591956 -0.380000 -0.542565 -0.374238 0.648975
1678843331987 3.114535 -0.111692 -0.587840 -0.370636 -0.556993 -0.373185 0.642744
1678843332041 3.184535 -0.106595 -0.576059 -0.350461 -0.558975 -0.396800 0.638181
1678843332097 3.219180 -0.105739 -0.572692 -0.343392 -0.561802 -0.403797 0.635144
1678843332149 3.281911 -0.101201 -0.562563 -0.322359 -0.580717 -0.404335 0.628782
1678843332183 3.320220 -0.100769 -0.557377 -0.314035 -0.584336 -0.408289 0.627084
1678843332241 3.384547 -0.113596 -0.548434 -0.317715 -0.584288 -0.416468 0.619854
1678843332295 3.412974 -0.120613 -0.542896 -0.317305 -0.587478 -0.418068 0.615959
1678843332328 3.440145 -0.127326 -0.536389 -0.312476 -0.588571 -0.417127 0.618019
1678843332404 3.502870 -0.139124 -0.519380 -0.319040 -0.595059 -0.416660 0.608698
1678843332450 3.540391 -0.137684 -0.501190 -0.331496 -0.599367 -0.424000 0.592532
1678843332515 3.552438 -0.130686 -0.490063 -0.322414 -0.608220 -0.429650 0.584396
1678843332543 3.566324 -0.109364 -0.465077 -0.291604 -0.638447 -0.444409 0.556645
1678843332602 3.581484 -0.104838 -0.443632 -0.249236 -0.673700 -0.454487 0.526737
1678843332636 3.585268 -0.106561 -0.434094 -0.229707 -0.691026 -0.462784 0.505519
1678843332695 3.586948 -0.108290 -0.422871 -0.210167 -0.709781 -0.469320 0.481435
1678843332734 3.587873 -0.115841 -0.412683 -0.191590 -0.725988 -0.477621 0.456194
1678843332763 3.594967 -0.132287 -0.388541 -0.165353 -0.728944 -0.513855 0.421013
1678843332846 3.587412 -0.134151 -0.379941 -0.157628 -0.740659 -0.521233 0.393565
1678843332883 3.563280 -0.134297 -0.361892 -0.119493 -0.769140 -0.526487 0.341990
1678843332909 3.545886 -0.133822 -0.355433 -0.098473 -0.779719 -0.528812 0.320468
1678843332996 3.509600 -0.132826 -0.345352 -0.068295 -0.798838 -0.528441 0.279183
1678843333042 3.464254 -0.134798 -0.337431 -0.045899 -0.812390 -0.527488 0.244279
1678843333081 3.435668 -0.132325 -0.333617 -0.040343 -0.816396 -0.530085 0.225566
1678843333137 3.371498 -0.135028 -0.327871 -0.021666 -0.825366 -0.533507 0.183501
1678843333178 3.332414 -0.135618 -0.324109 -0.011051 -0.832269 -0.531125 0.158467
1678843333236 3.252231 -0.139422 -0.322949 0.011841 -0.840714 -0.530311 0.108765
1678843333293 3.209336 -0.140938 -0.321980 0.023709 -0.844039 -0.529037 0.084597
1678843333320 3.166001 -0.143791 -0.322533 0.033212 -0.848175 -0.525355 0.059145
1678843333379 3.082166 -0.148431 -0.325346 -0.035835 0.855389 0.516677 -0.008386
1678843333434 2.993802 -0.145264 -0.327765 -0.027856 0.851250 0.522121 0.044578
1678843333472 2.948339 -0.140905 -0.330790 -0.031058 0.852099 0.517246 0.073621
1678843333520 2.901906 -0.136227 -0.334320 -0.038882 0.850396 0.514655 0.102200
1678843333581 2.811339 -0.130637 -0.343709 -0.072892 0.834540 0.525794 0.147550
1678843333627 2.725671 -0.123233 -0.355171 -0.106065 0.819833 0.523810 0.205541
1678843333674 2.684063 -0.121622 -0.361846 -0.133067 0.817527 0.510995 0.229840
1678843333720 2.643815 -0.122336 -0.367213 -0.158123 0.814295 0.497721 0.253365
1678843333772 2.564308 -0.133525 -0.369226 -0.197291 0.801688 0.481916 0.293479
1678843333837 2.485515 -0.147030 -0.365127 -0.223231 0.791419 0.471044 0.319284
1678843333874 2.438033 -0.153932 -0.364029 -0.230545 0.787481 0.467648 0.328677
1678843333936 2.354043 -0.160991 -0.358167 -0.236857 0.774317 0.468974 0.352697
1678843333969 2.308622 -0.162591 -0.361883 -0.239959 0.767320 0.466135 0.369266
1678843334018 2.264715 -0.161400 -0.364167 -0.247950 0.760204 0.459826 0.386225
1678843334072 2.169610 -0.156423 -0.373000 -0.268779 0.740846 0.449168 0.420895
1678843334131 2.127084 -0.151694 -0.378724 -0.278415 0.729328 0.440653 0.443161
1678843334176 2.030298 -0.142436 -0.402065 -0.327948 0.710674 0.411437 0.467025
1678843334217 1.990385 -0.136977 -0.413675 -0.341191 0.702545 0.387268 0.489941
1678843334266 1.893523 -0.130053 -0.446384 -0.365337 0.689163 0.342508 0.523709
1678843334312 1.853016 -0.130537 -0.460525 -0.371303 0.679394 0.330881 0.539515
1678843334365 1.772978 -0.137711 -0.489739 -0.377447 0.661171 0.326338 0.560259
1678843334411 1.725809 -0.140344 -0.505792 -0.378922 0.652655 0.327437 0.568546
1678843334461 1.686382 -0.147195 -0.522028 -0.380058 0.647893 0.325525 0.574304
1678843334509 1.617326 -0.160244 -0.554058 -0.386235 0.637577 0.330055 0.579121
1678843334554 1.583570 -0.166602 -0.568633 -0.392597 0.634691 0.336174 0.574475
1678843334600 1.504956 -0.173110 -0.595236 -0.403120 0.618052 0.371054 0.563760
1678843334664 1.441147 -0.174272 -0.620692 -0.412408 0.603117 0.378225 0.568432
1678843334706 1.418092 -0.179140 -0.627489 -0.416459 0.598475 0.376951 0.571225
1678843334743 1.384887 -0.178346 -0.634794 -0.414576 0.595331 0.380712 0.573381
1678843334810 1.315655 -0.167178 -0.649902 -0.403765 0.600623 0.380895 0.575452
1678843334864 1.241167 -0.170567 -0.652144 -0.385587 0.611684 0.388334 0.571280
1678843334904 1.176816 -0.167531 -0.664104 -0.376219 0.616582 0.393061 0.569025
1678843334976 1.104939 -0.175208 -0.664484 -0.362859 0.625198 0.396740 0.565737
1678843335008 1.065576 -0.184778 -0.667734 -0.368095 0.624228 0.399435 0.561513
1678843335062 1.026260 -0.193838 -0.672712 -0.378137 0.620709 0.399525 0.558671
1678843335101 0.946362 -0.202444 -0.683084 -0.397301 0.612136 0.399236 0.555025
1678843335163 0.905623 -0.199106 -0.687902 -0.404069 0.606728 0.396671 0.557908
1678843335203 0.829537 -0.185950 -0.691099 -0.400576 0.601640 0.383789 0.574695
1678843335325 0.743160 -0.174611 -0.695459 -0.407815 0.603114 0.368443 0.578091
1678843335341 0.661540 -0.162081 -0.695006 -0.395944 0.609111 0.345633 0.593928
1678843335406 0.577841 -0.167058 -0.689095 -0.396274 0.619075 0.333232 0.590482
1678843335453 0.534134 -0.172997 -0.685071 -0.394411 0.626882 0.332253 0.584009
1678843335495 0.492790 -0.180978 -0.679249 -0.391683 0.636828 0.331594 0.575395
1678843335539 0.404440 -0.199320 -0.670659 -0.383780 0.651902 0.349859 0.552571
1678843335604 0.359447 -0.209253 -0.667916 -0.380908 0.654188 0.369461 0.538930
1678843335638 0.276445 -0.221491 -0.668513 -0.380585 0.661695 0.397889 0.508919
1678843335714 0.232175 -0.221399 -0.671249 -0.380327 0.671491 0.401579 0.493139
1678843335738 0.160315 -0.211057 -0.675046 -0.370441 0.673659 0.412902 0.488333
1678843335803 0.084304 -0.195057 -0.672583 -0.365110 0.681303 0.422440 0.473355
1678843335844 0.038753 -0.181115 -0.668746 -0.353343 0.687099 0.418496 0.477394
1678843335899 -0.033988 -0.173082 -0.655362 -0.338112 0.704360 0.407408 0.472839
1678843335947 -0.070775 -0.171878 -0.645447 -0.327719 0.711735 0.407195 0.469283
1678843335985 -0.108825 -0.175053 -0.635774 -0.318461 0.714213 0.409856 0.469575
1678843336046 -0.191234 -0.184206 -0.618540 -0.309506 0.718458 0.409712 0.469212
1678843336130 -0.275805 -0.196310 -0.600290 -0.307710 0.718661 0.416680 0.463916
1678843336153 -0.310139 -0.201640 -0.591961 -0.312223 0.718798 0.419379 0.458222
1678843336214 -0.372825 -0.195306 -0.575654 -0.306843 0.724760 0.405286 0.465095
1678843336254 -0.407468 -0.190583 -0.569796 -0.311329 0.723952 0.402763 0.465564
1678843336340 -0.491864 -0.172414 -0.551782 -0.319636 0.720896 0.401971 0.465361
1678843336380 -0.515339 -0.166388 -0.544748 -0.320454 0.725754 0.398384 0.460305
1678843336408 -0.537819 -0.162871 -0.535377 -0.318352 0.728385 0.407867 0.449169
1678843336472 -0.545339 -0.161813 -0.525165 -0.313310 0.730595 0.424899 0.433046
1678843336536 -0.583525 -0.149602 -0.501220 -0.278868 0.750957 0.445995 0.399231
1678843336569 -0.597461 -0.139074 -0.474214 -0.219606 0.787454 0.452104 0.356779
1678843336638 -0.620367 -0.138802 -0.442906 -0.170793 0.824085 0.455591 0.290087
1678843336679 -0.616619 -0.146298 -0.425733 -0.135700 0.830159 0.480528 0.248022
1678843336739 -0.614435 -0.167246 -0.402685 -0.076878 0.828100 0.524618 0.181979
1678843336782 -0.609619 -0.179456 -0.397811 -0.069870 0.825348 0.540998 0.145743
1678843336826 -0.605942 -0.192068 -0.395143 -0.066340 0.812102 0.567740 0.117301
1678843336875 -0.586469 -0.206537 -0.392094 -0.046842 0.795741 0.596046 0.096596
1678843336928 -0.578877 -0.211369 -0.389679 -0.053688 0.800203 0.591947 0.079949
1678843336970 -0.557388 -0.229288 -0.373908 -0.067131 0.793227 0.603028 0.051399
1678843337032 -0.523177 -0.236530 -0.346505 -0.020233 0.790596 0.611591 0.022468
1678843337084 -0.503903 -0.238767 -0.330869 -0.000449 0.793462 0.608556 0.008827
1678843337134 -0.457491 -0.243188 -0.297278 -0.023745 -0.802535 -0.595574 0.025789
1678843337186 -0.432871 -0.249670 -0.277421 -0.029635 -0.803655 -0.592689 0.044494
1678843337232 -0.381955 -0.260716 -0.234710 -0.039554 -0.798042 -0.595329 0.084552
1678843337279 -0.354731 -0.264204 -0.211465 -0.039913 -0.786978 -0.607124 0.102337
1678843337331 -0.301506 -0.250252 -0.163723 -0.045540 -0.785217 -0.609541 0.099094
1678843337383 -0.280322 -0.241844 -0.140052 -0.032566 -0.792323 -0.601802 0.094860
1678843337422 -0.258914 -0.234416 -0.114765 -0.014988 -0.795381 -0.597958 0.097933
1678843337507 -0.194651 -0.229101 -0.025468 0.020418 -0.803203 -0.581193 0.129089
1678843337545 -0.173019 -0.228788 0.006847 0.016173 -0.804767 -0.577036 0.138265
1678843337602 -0.131514 -0.233720 0.074309 0.003195 -0.801296 -0.575670 0.162847
1678843337640 -0.111930 -0.236096 0.108033 -0.006198 -0.800538 -0.573041 0.175286
1678843337702 -0.075395 -0.239709 0.173768 -0.028024 -0.800219 -0.566350 0.195224
1678843337740 -0.058187 -0.239995 0.206297 -0.036228 -0.800491 -0.562052 0.204937
1678843337802 -0.041716 -0.239884 0.238580 -0.039806 -0.800001 -0.558593 0.215380
1678843337846 -0.001522 -0.235628 0.304956 -0.054287 -0.796007 -0.552800 0.240494
1678843337906 0.018048 -0.233168 0.337486 -0.068179 -0.786186 -0.557332 0.258155
1678843337940 0.059038 -0.229674 0.404051 -0.086016 -0.784200 -0.549344 0.275413
1678843338003 0.093948 -0.225877 0.464691 -0.094444 -0.778610 -0.550960 0.285114
1678843338049 0.114284 -0.224537 0.494309 -0.105362 -0.773129 -0.554307 0.289678
1678843338098 0.134893 -0.223094 0.523172 -0.109414 -0.772935 -0.550126 0.296582
1678843338162 0.175251 -0.216906 0.573768 -0.116107 -0.777299 -0.531362 0.316195
1678843338207 0.228813 -0.223171 0.631488 -0.143201 -0.771031 -0.522414 0.334795
1678843338282 0.282438 -0.230453 0.694446 -0.165622 -0.769146 -0.513797 0.342047
1678843338318 0.307630 -0.233653 0.728162 -0.169898 -0.768443 -0.513006 0.342716
1678843338367 0.363832 -0.236609 0.808718 -0.164825 -0.764521 -0.520881 0.342086
1678843338420 0.391184 -0.235920 0.846686 -0.162815 -0.757056 -0.528313 0.348201
1678843338476 0.445135 -0.214707 0.915111 -0.170831 -0.767202 -0.519432 0.335275
1678843338513 0.469275 -0.209571 0.948376 -0.161087 -0.773417 -0.517184 0.329238
1678843338573 0.518057 -0.194945 1.016039 -0.130800 -0.780724 -0.517634 0.324680
1678843338614 0.539691 -0.192267 1.041258 -0.119981 -0.788927 -0.511495 0.318702
1678843338649 0.564168 -0.189071 1.073424 -0.105927 -0.794153 -0.506022 0.319441
1678843338710 0.614684 -0.191912 1.137278 -0.086974 -0.799718 -0.495930 0.327017
1678843338792 0.667493 -0.205200 1.201175 -0.099099 -0.793727 -0.497422 0.335779
1678843338802 0.692473 -0.214445 1.232729 -0.109823 -0.787528 -0.501405 0.341075
1678843338854 0.732998 -0.230565 1.292708 -0.124224 -0.774212 -0.510062 0.353555
1678843338902 0.752097 -0.237694 1.323725 -0.123681 -0.766143 -0.513916 0.365539
1678843338938 0.777672 -0.240535 1.358948 -0.119321 -0.757703 -0.519130 0.377031
1678843338985 0.797581 -0.243052 1.386573 -0.121759 -0.751393 -0.522804 0.383743
1678843339033 0.840128 -0.245473 1.432143 -0.144946 -0.736380 -0.533055 0.390625
1678843339110 0.898501 -0.247044 1.484671 -0.157665 -0.720913 -0.543435 0.400132
1678843339141 0.925736 -0.247740 1.506878 -0.157942 -0.719669 -0.539424 0.407619
1678843339194 0.987111 -0.253265 1.552132 -0.168948 -0.712616 -0.533455 0.423156
1678843339245 1.023652 -0.254783 1.580526 -0.178627 -0.707283 -0.530228 0.432089
1678843339300 1.088868 -0.264369 1.627974 -0.200360 -0.704671 -0.521704 0.437173
1678843339350 1.120711 -0.267691 1.656356 -0.206744 -0.701800 -0.522752 0.437565
1678843339402 1.180510 -0.272211 1.712440 -0.194047 -0.704164 -0.525568 0.436207
1678843339436 1.211165 -0.267772 1.740876 -0.178400 -0.705212 -0.520573 0.447049
1678843339493 1.243484 -0.253455 1.766073 -0.169099 -0.713638 -0.503058 0.457230
1678843339545 1.305037 -0.222168 1.805360 -0.178147 -0.728683 -0.473549 0.461558
1678843339611 1.363062 -0.199872 1.844071 -0.181962 -0.728479 -0.471076 0.462921
1678843339649 1.388511 -0.190674 1.860141 -0.176923 -0.734815 -0.466900 0.459074
1678843339699 1.446742 -0.182513 1.895790 -0.150016 -0.737439 -0.461834 0.469455
1678843339744 1.472706 -0.182439 1.904018 -0.147117 -0.737005 -0.459635 0.473197
1678843339807 1.530739 -0.197467 1.909724 -0.175320 -0.715335 -0.461767 0.494297
1678843339862 1.559215 -0.208982 1.910748 -0.194504 -0.693764 -0.464173 0.515172
1678843339904 1.608775 -0.232258 1.908497 -0.243593 -0.655315 -0.456373 0.550408
1678843339952 1.608980 -0.243439 1.884402 -0.274614 -0.632736 -0.445073 0.571088
1678843340007 1.641672 -0.250124 1.876493 -0.326127 -0.574296 -0.413681 0.626653
1678843340047 1.652845 -0.243913 1.872157 -0.363540 -0.560296 -0.390313 0.633690
1678843340108 1.668803 -0.240262 1.865260 -0.428723 -0.531348 -0.363018 0.634101
1678843340159 1.684497 -0.237935 1.866948 -0.436993 -0.515898 -0.361013 0.642305
1678843340205 1.700848 -0.239056 1.857886 -0.429453 -0.488590 -0.362244 0.667555
1678843340262 1.721019 -0.242611 1.836702 -0.434863 -0.435744 -0.357777 0.702152
1678843340305 1.727746 -0.242782 1.820426 -0.445199 -0.415105 -0.345008 0.714462
1678843340341 1.732470 -0.242931 1.801579 -0.459293 -0.396763 -0.329698 0.723138
1678843340403 1.743373 -0.249055 1.759694 -0.481509 -0.359502 -0.306667 0.738149
1678843340443 1.743597 -0.251239 1.732115 -0.486846 -0.341696 -0.296731 0.747112
1678843340503 1.745600 -0.259988 1.673024 -0.501687 -0.297381 -0.281474 0.762002
1678843340557 1.744609 -0.264583 1.603281 -0.509138 -0.239780 -0.271057 0.780905
1678843340625 1.742843 -0.262146 1.566677 -0.507072 -0.218775 -0.262436 0.791292
1678843340667 1.741509 -0.253050 1.488305 -0.505393 -0.174744 -0.250099 0.807151
1678843340737 1.739014 -0.240566 1.417451 -0.515857 -0.167103 -0.222498 0.810224
1678843340772 1.739993 -0.237238 1.383172 -0.519040 -0.152528 -0.218152 0.812246
1678843340839 1.745908 -0.233288 1.317862 -0.531001 -0.129607 -0.212395 0.810018
1678843340875 1.748263 -0.229808 1.284931 -0.536939 -0.131210 -0.195537 0.810090
1678843340913 1.750737 -0.228598 1.251094 -0.540986 -0.126863 -0.179869 0.811718
1678843340973 1.755978 -0.238469 1.180685 -0.546064 -0.099325 -0.153326 0.817582
1678843341044 1.762745 -0.252856 1.110021 -0.555768 -0.057671 -0.125873 0.819727
1678843341073 1.767041 -0.260490 1.076157 -0.567936 -0.042861 -0.114553 0.813934
1678843341134 1.775066 -0.271757 1.006631 -0.578674 -0.010247 -0.087016 0.810839
1678843341181 1.778577 -0.274894 0.974810 -0.579715 -0.009250 -0.072133 0.811568
1678843341240 1.782213 -0.276592 0.935759 -0.587926 0.006791 -0.065260 0.806249
1678843341293 1.787799 -0.262370 0.857718 -0.592584 0.040585 -0.050122 0.802923
1678843341359 1.796122 -0.235758 0.788611 -0.571229 0.054762 -0.038841 0.818041
1678843341401 1.802387 -0.218747 0.717086 -0.565150 0.066124 -0.024661 0.821964
1678843341448 1.804922 -0.214746 0.679820 -0.559128 0.074021 -0.019680 0.825536
1678843341489 1.807236 -0.215697 0.643356 -0.554699 0.086792 -0.016700 0.827344
1678843341543 1.812112 -0.228361 0.568101 -0.546072 0.105318 -0.006375 0.831067
1678843341612 1.820989 -0.250628 0.487555 -0.534064 0.147761 -0.011140 0.832357
1678843341674 1.835451 -0.267231 0.402099 -0.543603 0.132660 -0.017775 0.828602
1678843341704 1.847710 -0.267157 0.359100 -0.545539 0.105389 -0.020787 0.831173
1678843341752 1.860952 -0.261632 0.314971 -0.541764 0.093411 -0.033540 0.834650
1678843341805 1.889138 -0.239199 0.222626 -0.533046 0.059022 -0.050158 0.842533
1678843341862 1.920867 -0.215620 0.141546 -0.527054 0.031872 -0.076169 0.845811
1678843341911 1.936534 -0.203223 0.106311 -0.515208 0.013968 -0.089747 0.852239
1678843341942 1.950781 -0.192828 0.072471 -0.502724 -0.007166 -0.099947 0.858620
1678843342009 1.974845 -0.186063 0.002182 -0.487522 -0.028729 -0.121615 0.864122
1678843342070 1.993894 -0.190913 -0.070180 -0.480458 -0.038032 -0.125668 0.867134
1678843342109 2.002772 -0.198034 -0.108492 -0.483819 -0.038024 -0.121634 0.865840
1678843342168 2.012658 -0.207651 -0.146871 -0.492765 -0.036601 -0.117378 0.861432
1678843342207 2.023608 -0.219526 -0.190348 -0.503433 -0.038634 -0.116014 0.855338
1678843342276 2.051319 -0.234984 -0.260287 -0.531181 -0.044579 -0.109020 0.839031
1678843342324 2.059785 -0.243525 -0.296242 -0.543001 -0.042109 -0.106024 0.831947
1678843342379 2.105153 -0.234444 -0.386420 -0.543435 -0.075753 -0.100425 0.829973
1678843342431 2.123971 -0.234267 -0.417635 -0.543808 -0.072935 -0.113485 0.828296
1678843342462 2.153797 -0.228631 -0.477825 -0.532177 -0.089267 -0.123914 0.832745
1678843342524 2.167347 -0.227349 -0.492464 -0.523139 -0.096757 -0.128855 0.836875
1678843342562 2.198192 -0.228522 -0.554421 -0.505703 -0.114923 -0.129704 0.845124
1678843342615 2.215752 -0.238051 -0.594163 -0.496451 -0.117230 -0.133245 0.849729
1678843342669 2.258610 -0.249385 -0.656968 -0.478394 -0.129851 -0.150669 0.855323
1678843342728 2.284621 -0.254571 -0.683630 -0.467172 -0.148459 -0.163943 0.856057
1678843342774 2.345603 -0.262567 -0.731318 -0.460772 -0.172189 -0.210415 0.844847
1678843342838 2.377817 -0.260594 -0.747471 -0.454615 -0.194514 -0.230088 0.838182
1678843342871 2.445518 -0.250255 -0.763406 -0.434862 -0.245159 -0.282125 0.819267
1678843342918 2.485790 -0.243192 -0.788334 -0.417248 -0.282160 -0.301273 0.809644
1678843342959 2.548121 -0.239582 -0.784220 -0.378909 -0.351974 -0.343357 0.783995
1678843343014 2.581696 -0.245048 -0.785196 -0.369549 -0.369589 -0.363666 0.771093
1678843343061 2.650067 -0.261489 -0.775446 -0.369043 -0.386125 -0.395204 0.747347
1678843343111 2.684717 -0.270181 -0.764352 -0.365592 -0.394317 -0.407109 0.738322
1678843343171 2.752403 -0.281331 -0.729900 -0.353421 -0.419097 -0.416374 0.725316
1678843343201 2.787475 -0.283888 -0.710413 -0.358822 -0.432428 -0.412962 0.716739
1678843343275 2.821072 -0.286701 -0.686073 -0.368258 -0.442782 -0.411388 0.706463
1678843343307 2.894041 -0.288373 -0.641705 -0.400478 -0.463594 -0.402508 0.680210
1678843343375 2.966612 -0.285069 -0.591815 -0.399090 -0.484128 -0.405825 0.664571
1678843343406 3.000912 -0.281541 -0.565135 -0.389972 -0.497585 -0.412275 0.656018
1678843343448 3.033602 -0.276718 -0.539563 -0.382713 -0.512966 -0.418598 0.644339
1678843343537 3.126653 -0.261457 -0.480360 -0.351852 -0.554616 -0.420977 0.625604
1678843343567 3.159427 -0.258141 -0.465250 -0.338698 -0.561562 -0.420014 0.627312
1678843343603 3.192842 -0.256997 -0.452472 -0.330168 -0.566099 -0.418456 0.628820
1678843343668 3.227045 -0.258473 -0.440076 -0.325033 -0.571651 -0.414793 0.628900
1678843343712 3.299075 -0.265607 -0.420743 -0.314692 -0.580857 -0.412278 0.627376
1678843343761 3.374594 -0.270695 -0.398086 -0.299870 -0.590258 -0.417459 0.622416
1678843343805 3.414053 -0.274204 -0.385005 -0.289462 -0.596702 -0.424159 0.616642
1678843343863 3.492790 -0.272306 -0.353097 -0.258663 -0.614363 -0.436869 0.603984
1678843343919 3.533846 -0.261861 -0.332151 -0.240959 -0.620890 -0.441385 0.601344
1678843343956 3.566994 -0.249237 -0.315614 -0.236891 -0.639589 -0.437662 0.585885
1678843344011 3.637301 -0.238918 -0.278598 -0.230220 -0.661445 -0.447750 0.555886
1678843344067 3.703802 -0.236616 -0.238875 -0.219333 -0.672827 -0.462838 0.533832
1678843344103 3.733585 -0.234648 -0.219564 -0.217634 -0.684502 -0.464189 0.518287
1678843344155 3.760427 -0.235124 -0.200681 -0.209907 -0.693405 -0.465900 0.508002
1678843344208 3.818331 -0.242137 -0.161462 -0.195372 -0.704695 -0.463467 0.500433
1678843344263 3.843642 -0.241970 -0.142668 -0.198224 -0.704963 -0.462919 0.499440
1678843344306 3.900567 -0.255911 -0.103390 -0.207079 -0.701667 -0.462147 0.501199
1678843344370 3.955877 -0.267534 -0.058532 -0.215866 -0.703243 -0.459068 0.498104
1678843344412 3.981721 -0.273797 -0.036139 -0.220556 -0.694331 -0.467003 0.501167
1678843344460 4.006900 -0.276675 -0.013701 -0.227408 -0.685745 -0.473462 0.503859
1678843344509 4.047678 -0.269585 0.029864 -0.232378 -0.704572 -0.464130 0.483903
1678843344568 4.089820 -0.268008 0.079814 -0.219990 -0.706009 -0.478587 0.473403
1678843344615 4.121711 -0.272137 0.109874 -0.215085 -0.714141 -0.480610 0.461254
1678843344661 4.139877 -0.268568 0.135650 -0.204043 -0.725968 -0.480398 0.447832
1678843344723 4.166833 -0.260896 0.185688 -0.176818 -0.746941 -0.483705 0.420527
1678843344792 4.187919 -0.266337 0.242534 -0.142098 -0.765877 -0.497594 0.381628
1678843344832 4.202629 -0.274465 0.305170 -0.098190 -0.788644 -0.511123 0.327341
1678843344893 4.202900 -0.278307 0.333823 -0.068089 -0.802711 -0.514705 0.293423
1678843344947 4.197378 -0.282175 0.389080 0.002474 -0.832709 -0.511291 0.212537
1678843344980 4.202577 -0.284735 0.425454 0.047733 -0.839872 -0.510756 0.177385
1678843345040 4.185518 -0.278278 0.468082 -0.121474 0.850433 0.498671 -0.115480
1678843345098 4.172670 -0.262035 0.505018 -0.156060 0.862333 0.480492 -0.033974
1678843345131 4.158944 -0.257164 0.514337 -0.175509 0.866126 0.467981 -0.004000
1678843345182 4.136799 -0.246980 0.513403 -0.194236 0.867545 0.457116 0.026140
1678843345230 4.100181 -0.251692 0.513168 -0.231340 0.865596 0.437684 0.075225
1678843345275 4.075278 -0.252608 0.494249 -0.242357 0.862872 0.432717 0.097320
1678843345316 4.052345 -0.256554 0.483228 -0.250034 0.858708 0.431075 0.119490
1678843345393 3.996821 -0.259752 0.439296 -0.268094 0.848588 0.423745 0.168714
1678843345433 3.967844 -0.258830 0.408645 -0.277432 0.843532 0.413433 0.201394
1678843345494 3.911682 -0.260687 0.334237 -0.296002 0.823604 0.396544 0.277150
1678843345530 3.857158 -0.266420 0.246232 -0.324497 0.786596 0.388891 0.353175
1678843345584 3.832251 -0.269722 0.200500 -0.340327 0.766307 0.385175 0.385477
1678843345635 3.787102 -0.273360 0.111317 -0.359233 0.729046 0.379541 0.442032
1678843345699 3.743266 -0.278476 0.031870 -0.368361 0.688991 0.408130 0.472261
1678843345738 3.723252 -0.279017 -0.007049 -0.366537 0.663891 0.427572 0.492018
1678843345789 3.704123 -0.279719 -0.045304 -0.372937 0.645447 0.437491 0.502909
1678843345832 3.670962 -0.275636 -0.115477 -0.384541 0.625201 0.433026 0.523202
1678843345891 3.638799 -0.266922 -0.178120 -0.398745 0.602105 0.410956 0.556405
1678843345936 3.623502 -0.266972 -0.205684 -0.408812 0.596159 0.396161 0.566148
1678843346001 3.589606 -0.267842 -0.254225 -0.427429 0.582299 0.379339 0.578217
1678843346037 3.568925 -0.271861 -0.272850 -0.435479 0.578407 0.373721 0.579773
1678843346082 3.546585 -0.275728 -0.290048 -0.441780 0.575669 0.366498 0.582335
1678843346138 3.490934 -0.285368 -0.317260 -0.448473 0.570491 0.349347 0.592764
1678843346196 3.459120 -0.295067 -0.325297 -0.451053 0.569881 0.337375 0.598302
1678843346232 3.397713 -0.295403 -0.356777 -0.454753 0.570440 0.314880 0.607164
1678843346287 3.366588 -0.295657 -0.368719 -0.458174 0.562888 0.309184 0.614524
1678843346338 3.298592 -0.277947 -0.405244 -0.464400 0.549804 0.301959 0.625195
1678843346434 3.207404 -0.250414 -0.465443 -0.454099 0.504091 0.255098 0.688920
1678843346492 3.144364 -0.242047 -0.506575 -0.474122 0.496893 0.222991 0.691795
1678843346534 3.113214 -0.234551 -0.523019 -0.476346 0.487675 0.220393 0.697635
1678843346596 3.082309 -0.228134 -0.538639 -0.473958 0.479430 0.218097 0.705652
1678843346639 3.019431 -0.221400 -0.567064 -0.463314 0.470080 0.210905 0.721030
1678843346696 2.951215 -0.229399 -0.592902 -0.461228 0.475056 0.210140 0.719327
1678843346735 2.916860 -0.232696 -0.604023 -0.460983 0.479915 0.212985 0.715411
1678843346801 2.839000 -0.249712 -0.629348 -0.462204 0.493944 0.224671 0.701363
1678843346852 2.801785 -0.256694 -0.638567 -0.466936 0.502118 0.235044 0.688914
1678843346883 2.765270 -0.260810 -0.647165 -0.471166 0.510174 0.245241 0.676448
1678843346942 2.696338 -0.268769 -0.661547 -0.474887 0.530322 0.250230 0.656221
1678843346994 2.629103 -0.258136 -0.675467 -0.466967 0.528431 0.267874 0.656464
1678843347039 2.596390 -0.259743 -0.679019 -0.466759 0.531810 0.272587 0.651928
1678843347092 2.561189 -0.258837 -0.684646 -0.466836 0.541908 0.276354 0.641894
1678843347147 2.500180 -0.257215 -0.686153 -0.452151 0.553002 0.293753 0.635184
1678843347188 2.464906 -0.258637 -0.688790 -0.443846 0.562220 0.300316 0.629858
1678843347242 2.405637 -0.263612 -0.686251 -0.425457 0.577100 0.316124 0.621294
1678843347291 2.369011 -0.270100 -0.686986 -0.420593 0.582288 0.322637 0.616399
1678843347326 2.300936 -0.282899 -0.686661 -0.418375 0.587180 0.332752 0.607830
1678843347393 2.263410 -0.286727 -0.689235 -0.420831 0.586487 0.330610 0.607973
1678843347431 2.190519 -0.285470 -0.693982 -0.426167 0.592330 0.312298 0.608274
1678843347496 2.112420 -0.270893 -0.698127 -0.427825 0.594989 0.307156 0.607132
1678843347535 2.074272 -0.259775 -0.700162 -0.422716 0.590329 0.307557 0.615005
1678843347582 2.036775 -0.252832 -0.703579 -0.424282 0.587096 0.303270 0.619137
1678843347632 1.969735 -0.247403 -0.711717 -0.437512 0.590528 0.283829 0.615874
1678843347677 1.933375 -0.245744 -0.716568 -0.439501 0.587804 0.279141 0.619197
1678843347745 1.864838 -0.248422 -0.725060 -0.444718 0.585740 0.272258 0.620492
1678843347775 1.828199 -0.250040 -0.731771 -0.443863 0.584782 0.270426 0.622804
1678843347813 1.789108 -0.250939 -0.738607 -0.441355 0.580967 0.272280 0.627333
1678843347874 1.718651 -0.255494 -0.753683 -0.433119 0.577599 0.275908 0.634557
1678843347923 1.650606 -0.263588 -0.768398 -0.433234 0.582064 0.279044 0.629003
1678843347964 1.626781 -0.267673 -0.773914 -0.435229 0.585049 0.280499 0.624191
1678843348014 1.594186 -0.270663 -0.780123 -0.440364 0.589496 0.284116 0.614697
1678843348071 1.530708 -0.269447 -0.788819 -0.437461 0.595745 0.301382 0.602399
1678843348122 1.500406 -0.267490 -0.792306 -0.431609 0.595943 0.306502 0.603839
1678843348160 1.439396 -0.267190 -0.795962 -0.433218 0.609391 0.311398 0.586511
1678843348228 1.406374 -0.267998 -0.797147 -0.431597 0.616888 0.318851 0.575767
1678843348268 1.350637 -0.263985 -0.795262 -0.410976 0.627803 0.335033 0.569838
1678843348335 1.316745 -0.265027 -0.794632 -0.399841 0.632256 0.345265 0.566720
1678843348361 1.244258 -0.274355 -0.796305 -0.387286 0.637457 0.363162 0.558365
1678843348455 1.206146 -0.282750 -0.798131 -0.386277 0.637742 0.370544 0.553870
1678843348467 1.134001 -0.299439 -0.805640 -0.394699 0.635243 0.377816 0.545834
1678843348536 1.059169 -0.298690 -0.819295 -0.396014 0.624440 0.369834 0.562557
1678843348591 0.979849 -0.286801 -0.831665 -0.394538 0.621124 0.360359 0.573311
1678843348639 0.938959 -0.280048 -0.838076 -0.389420 0.615049 0.356186 0.585832
1678843348695 0.859759 -0.273301 -0.853857 -0.406132 0.612927 0.344234 0.583850
1678843348741 0.819963 -0.270292 -0.861520 -0.418853 0.619223 0.335019 0.573487
1678843348780 0.784120 -0.262768 -0.868192 -0.419611 0.618549 0.329268 0.576980
1678843348839 0.720685 -0.248645 -0.880579 -0.414797 0.614215 0.312610 0.594102
1678843348912 0.652032 -0.246240 -0.888129 -0.411211 0.618556 0.300948 0.598101
1678843348962 0.617295 -0.249806 -0.888848 -0.410155 0.625494 0.302566 0.590748
1678843348980 0.582673 -0.255285 -0.888050 -0.406692 0.634221 0.309098 0.580365
1678843349042 0.518022 -0.267119 -0.883505 -0.393893 0.646622 0.328906 0.564401
1678843349099 0.448237 -0.278213 -0.871250 -0.392536 0.665530 0.364416 0.519794
1678843349146 0.418087 -0.280127 -0.862765 -0.381070 0.670842 0.389124 0.503327
1678843349180 0.391990 -0.275255 -0.854235 -0.364968 0.672785 0.405873 0.499426
1678843349258 0.345055 -0.265472 -0.837483 -0.351453 0.681983 0.423509 0.481684
1678843349304 0.296174 -0.256671 -0.811017 -0.333778 0.697535 0.429893 0.466079
1678843349346 0.270603 -0.251900 -0.795774 -0.323501 0.710578 0.428579 0.454693
1678843349395 0.220819 -0.250496 -0.757750 -0.300844 0.733314 0.434060 0.428176
1678843349449 0.195110 -0.252554 -0.736636 -0.289984 0.741693 0.437422 0.417686
1678843349499 0.144677 -0.255669 -0.692138 -0.269788 0.753645 0.446708 0.399606
1678843349539 0.119674 -0.256791 -0.669187 -0.261874 0.754413 0.452729 0.396636
1678843349578 0.096322 -0.257103 -0.645981 -0.253325 0.753360 0.453946 0.402751
1678843349637 0.046853 -0.254386 -0.592015 -0.249083 0.760703 0.470159 0.371805
1678843349694 0.025165 -0.249910 -0.562332 -0.232506 0.757696 0.486765 0.367284
1678843349742 0.005856 -0.243749 -0.535180 -0.217492 0.753764 0.495235 0.373202
1678843349786 -0.033490 -0.241941 -0.482931 -0.232203 0.769071 0.486486 0.343428
1678843349835 -0.065289 -0.234510 -0.428316 -0.219122 0.783743 0.475590 0.333987
1678843349872 -0.079808 -0.231753 -0.399301 -0.216083 0.791899 0.472996 0.320124
1678843349941 -0.090972 -0.229745 -0.369378 -0.209684 0.799420 0.473659 0.304315
1678843349977 -0.114300 -0.230022 -0.307543 -0.192749 0.809272 0.481058 0.276606
1678843350034 -0.136605 -0.232669 -0.241914 -0.173911 0.821145 0.481316 0.252608
1678843350072 -0.145904 -0.235324 -0.208996 -0.165451 0.826101 0.482920 0.238688
1678843350150 -0.156383 -0.239663 -0.173905 -0.158896 0.831620 0.485022 0.218894
1678843350176 -0.173536 -0.247583 -0.105129 -0.160929 0.838935 0.491912 0.168262
1678843350241 -0.184905 -0.259283 -0.031548 -0.146960 0.826833 0.530847 0.113799
1678843350287 -0.188783 -0.265940 0.004922 -0.140916 0.817679 0.551951 0.083028
1678843350330 -0.188968 -0.267966 0.069055 -0.105771 0.811003 0.571798 0.064296
1678843350387 -0.187982 -0.271718 0.101360 -0.100863 0.802736 0.586627 0.036191
1678843350456 -0.181309 -0.278028 0.161000 -0.070272 0.794731 0.602799 0.009894
1678843350470 -0.177658 -0.282521 0.190539 -0.057069 0.795138 0.603730 -0.003071
1678843350510 -0.173626 -0.289285 0.220895 -0.048291 0.793978 0.605731 -0.018893
1678843350578 -0.167762 -0.303637 0.288575 0.032603 -0.789329 -0.611524 0.043992
1678843350637 -0.164417 -0.311740 0.321799 0.024908 -0.787870 -0.613527 0.047177
1678843350704 -0.154905 -0.318757 0.425635 0.019811 -0.785778 -0.616121 0.050538
1678843350746 -0.152508 -0.321556 0.462270 0.022823 -0.779179 -0.623667 0.058296
1678843350779 -0.149864 -0.321468 0.497752 0.029442 -0.774282 -0.628351 0.069247
1678843350836 -0.134097 -0.319424 0.552679 0.022623 -0.771063 -0.634180 0.052595
1678843350888 -0.133556 -0.326644 0.589826 0.038623 -0.764023 -0.641030 0.062116
1678843350914 -0.128668 -0.330302 0.620104 0.051998 -0.760921 -0.641596 0.081539
1678843350977 -0.113252 -0.342892 0.678372 0.057640 -0.770519 -0.625625 0.107572
1678843351033 -0.086876 -0.370921 0.732759 0.094375 -0.756393 -0.625552 0.166276
1678843351077 -0.071959 -0.386025 0.766607 0.093199 -0.757771 -0.620011 0.180787
1678843351131 -0.035934 -0.405180 0.845001 0.097526 -0.758860 -0.607647 0.213038
1678843351176 -0.014592 -0.405268 0.891463 0.090572 -0.756815 -0.607198 0.224361
1678843351213 0.009309 -0.395254 0.940029 0.078887 -0.764987 -0.594320 0.235276
1678843351271 0.060511 -0.349349 1.046563 0.073064 -0.785595 -0.548627 0.276606
1678843351323 0.090213 -0.312615 1.101639 0.075833 -0.788141 -0.522146 0.316932
1678843351389 0.148154 -0.205312 1.195575 0.055376 -0.803948 -0.450443 0.384321
1678843351424 0.173703 -0.139796 1.229495 0.041989 -0.820233 -0.393249 0.413293
1678843351474 0.221082 -0.017503 1.284361 0.034331 -0.819482 -0.310363 0.480567
1678843351532 0.259959 0.096892 1.325047 0.044153 -0.800013 -0.213795 0.558857
1678843351590 0.276946 0.151441 1.340863 0.051383 -0.781736 -0.162113 0.599973
1678843351633 0.307819 0.254265 1.374199 0.051963 -0.745429 -0.064786 0.661391
1678843351692 0.319319 0.303071 1.382174 0.057840 -0.729656 -0.011970 0.681259
1678843351729 0.344401 0.394870 1.402080 0.060929 -0.687198 0.080024 0.719474
1678843351799 0.370805 0.477504 1.418310 0.070543 -0.631918 0.164058 0.754180
1678843351842 0.382598 0.514918 1.422477 0.082387 -0.608259 0.199953 0.763710
1678843351897 0.394959 0.551148 1.419365 0.085406 -0.594491 0.225416 0.767121
1678843351941 0.424571 0.616768 1.432627 0.087394 -0.537544 0.265400 0.795595
1678843380307 -0.015025 0.028714 -0.095110 -0.526056 0.165287 0.064540 0.831733
1678843380349 -0.017593 0.036239 -0.119472 -0.515585 0.209678 0.092392 0.825633
1678843380403 -0.018843 0.037689 -0.121141 -0.515409 0.231103 0.107466 0.818166
1678843380432 -0.018955 0.045296 -0.136138 -0.517035 0.251097 0.124794 0.808735
1678843380479 -0.018814 0.048421 -0.135865 -0.516486 0.268900 0.140521 0.800743
1678843380526 -0.015861 0.056132 -0.133227 -0.511683 0.298039 0.160942 0.789590
1678843380572 -0.009124 0.054950 -0.120725 -0.509925 0.315392 0.167338 0.782625
1678843380637 -0.005789 0.059725 -0.116868 -0.503969 0.343440 0.177408 0.772393
1678843380669 0.000806 0.056644 -0.105746 -0.503793 0.357618 0.181806 0.765016
1678843380716 0.002266 0.057784 -0.103154 -0.501978 0.369575 0.186621 0.759345
1678843380756 0.003439 0.059443 -0.099525 -0.499575 0.378839 0.191572 0.755120
1678843380831 0.006025 0.062551 -0.093183 -0.494435 0.396190 0.196042 0.748422
1678843380856 0.004113 0.062932 -0.083695 -0.494121 0.411301 0.202006 0.738829
1678843380903 0.004094 0.063376 -0.080761 -0.493337 0.417675 0.202819 0.735548
