# Created at Tue Mar 14 18:22:07 MST 2023
1678843328143 -0.240579 -0.024435 0.874725 0.426282 0.402840 0.352173 -0.729368
1678843328159 -0.234167 -0.027854 0.858302 0.431687 0.396768 0.349772 -0.730671
1678843328203 -0.227215 -0.031870 0.839323 0.437831 0.388971 0.346784 -0.732629
1678843328250 -0.221752 -0.035374 0.816916 0.445934 0.379531 0.342451 -0.734729
1678843328276 -0.215011 -0.039904 0.792383 0.455135 0.369285 0.338168 -0.736290
1678843328363 -0.203448 -0.047997 0.737314 0.468849 0.352862 0.326035 -0.741195
1678843328384 -0.198012 -0.051087 0.706178 0.477345 0.344292 0.320689 -0.742135
1678843328434 -0.192819 -0.053160 0.673263 0.488569 0.336772 0.315251 -0.740608
1678843328478 -0.184827 -0.052212 0.604008 0.501706 0.320410 0.308435 -0.741954
1678843328533 -0.180757 -0.046852 0.569137 0.498492 0.319763 0.302644 -0.746769
1678843328570 -0.170938 -0.038292 0.499869 0.487249 0.309545 0.299200 -0.759770
1678843328640 -0.164464 -0.033781 0.467556 0.479202 0.308358 0.299451 -0.765251
1678843328679 -0.146933 -0.030189 0.407297 0.473231 0.301597 0.303682 -0.769980
1678843328795 -0.111780 -0.035183 0.326718 0.487456 0.284541 0.304936 -0.767097
1678843328810 -0.097462 -0.038483 0.303683 0.489857 0.283668 0.306034 -0.765451
1678843328852 -0.081582 -0.043098 0.281686 0.491414 0.282421 0.307826 -0.764194
1678843328911 -0.045337 -0.053122 0.240294 0.495911 0.277627 0.315642 -0.759845
1678843328975 -0.003819 -0.065805 0.196297 0.496247 0.274044 0.323556 -0.757595
1678843329034 0.019201 -0.070106 0.176088 0.495072 0.273297 0.326096 -0.757545
1678843329069 0.067359 -0.079664 0.135763 0.491873 0.267360 0.327516 -0.761126
1678843329115 0.093886 -0.078941 0.114176 0.492005 0.264473 0.323582 -0.763728
1678843329173 0.150250 -0.081355 0.068018 0.494995 0.250279 0.312506 -0.771155
1678843329226 0.179314 -0.079080 0.047741 0.489337 0.243176 0.312585 -0.776984
1678843329272 0.239007 -0.077054 0.009007 0.491499 0.244011 0.310075 -0.776364
1678843329308 0.268757 -0.076442 -0.010010 0.490015 0.244142 0.311800 -0.776570
1678843329362 0.297021 -0.074008 -0.026449 0.488837 0.242341 0.312764 -0.777488
1678843329410 0.355306 -0.071127 -0.064949 0.489473 0.246807 0.304500 -0.778962
1678843329462 0.410610 -0.068103 -0.098711 0.481832 0.254419 0.293808 -0.785357
1678843329527 0.440443 -0.071130 -0.120312 0.482460 0.255746 0.286391 -0.787278
1678843329557 0.473848 -0.078852 -0.147562 0.485051 0.254599 0.281611 -0.787782
1678843329619 0.538937 -0.095018 -0.195627 0.486610 0.247524 0.283014 -0.788572
1678843329671 0.609453 -0.108298 -0.246139 0.488037 0.247934 0.288900 -0.785421
1678843329735 0.644069 -0.113663 -0.269157 0.486853 0.259668 0.293314 -0.780713
1678843329769 0.721260 -0.109338 -0.312858 0.476656 0.267324 0.311865 -0.777224
1678843329843 0.796584 -0.093243 -0.347244 0.463974 0.300946 0.319455 -0.769485
1678843329876 0.835653 -0.086684 -0.360748 0.453782 0.305116 0.335353 -0.767153
1678843329928 0.873303 -0.079893 -0.370021 0.442100 0.317619 0.347140 -0.763649
1678843329982 0.947342 -0.070652 -0.387201 0.412125 0.353273 0.361711 -0.757969
1678843330037 1.028103 -0.077937 -0.407629 0.393467 0.371199 0.380417 -0.750119
1678843330076 1.068218 -0.082390 -0.416904 0.388872 0.377950 0.382625 -0.748018
1678843330126 1.106187 -0.087209 -0.424138 0.385835 0.384643 0.379534 -0.747753
1678843330184 1.188078 -0.095457 -0.440753 0.387905 0.392037 0.367264 -0.748968
1678843330260 1.265729 -0.102765 -0.452537 0.405585 0.383757 0.360207 -0.747317
1678843330285 1.304209 -0.103873 -0.458615 0.417943 0.377052 0.358801 -0.744592
1678843330324 1.340354 -0.101537 -0.463396 0.427701 0.378471 0.356336 -0.739497
1678843330377 1.407741 -0.089946 -0.469573 0.422209 0.398585 0.352757 -0.733779
1678843330477 1.515667 -0.093204 -0.500574 0.425409 0.404549 0.357069 -0.726546
1678843330520 1.549121 -0.093993 -0.509889 0.423041 0.404943 0.353790 -0.729308
1678843330543 1.582924 -0.096803 -0.520302 0.422590 0.403085 0.349251 -0.732778
1678843330580 1.603775 -0.097374 -0.526355 0.426865 0.403701 0.341717 -0.733513
1678843330637 1.637482 -0.104004 -0.538119 0.430432 0.403882 0.335346 -0.734269
1678843330682 1.694843 -0.115924 -0.555402 0.430615 0.403441 0.334810 -0.734648
1678843330750 1.767463 -0.129576 -0.571360 0.429348 0.412702 0.349074 -0.723523
1678843330779 1.804725 -0.133407 -0.579288 0.423463 0.419363 0.357689 -0.718939
1678843330853 1.881071 -0.126579 -0.594641 0.416387 0.431142 0.368097 -0.710805
1678843330895 1.915119 -0.114455 -0.600977 0.412746 0.449377 0.366003 -0.702668
1678843330926 1.951236 -0.105468 -0.605537 0.402146 0.468421 0.365039 -0.696855
1678843330979 2.029101 -0.099880 -0.610570 0.379142 0.472278 0.393371 -0.691711
1678843331038 2.100347 -0.092063 -0.615996 0.359158 0.492275 0.394586 -0.687731
1678843331088 2.136928 -0.092072 -0.619615 0.349090 0.499128 0.395250 -0.687593
1678843331132 2.174792 -0.096064 -0.623571 0.345881 0.499583 0.397422 -0.687633
1678843331195 2.254439 -0.110714 -0.630285 0.351154 0.498013 0.400667 -0.684208
1678843331240 2.288987 -0.116508 -0.630915 0.354089 0.496637 0.398544 -0.684934
1678843331298 2.326661 -0.123593 -0.632499 0.361280 0.494288 0.395069 -0.684892
1678843331329 2.363838 -0.130171 -0.633184 0.370611 0.491298 0.392131 -0.683745
1678843331374 2.473172 -0.141161 -0.629876 0.397189 0.475430 0.390435 -0.681005
1678843331434 2.538839 -0.126897 -0.620569 0.404714 0.481753 0.379263 -0.678439
1678843331493 2.575588 -0.119443 -0.617264 0.404725 0.484332 0.378533 -0.677003
1678843331551 2.644812 -0.116078 -0.611690 0.407814 0.484028 0.383321 -0.672659
1678843331576 2.673323 -0.114446 -0.607751 0.405783 0.488946 0.380772 -0.671777
1678843331633 2.742682 -0.113178 -0.603320 0.397221 0.494717 0.374121 -0.676390
1678843331687 2.776458 -0.114767 -0.603333 0.398601 0.497641 0.369307 -0.676079
1678843331718 2.812989 -0.117635 -0.602516 0.399960 0.501038 0.364007 -0.675642
1678843331786 2.888812 -0.125678 -0.599968 0.404405 0.504700 0.358972 -0.672958
1678843331836 2.965056 -0.135201 -0.592829 0.399989 0.512879 0.370180 -0.663273
1678843331882 3.005849 -0.135467 -0.588226 0.392829 0.518231 0.378230 -0.658835
1678843331974 3.077960 -0.124631 -0.579719 0.382939 0.536698 0.382879 -0.647083
1678843331987 3.108348 -0.119700 -0.575758 0.373485 0.551143 0.381902 -0.641016
1678843332041 3.177795 -0.115097 -0.564628 0.353146 0.552872 0.405422 -0.636595
1678843332097 3.212229 -0.114372 -0.561489 0.346006 0.555630 0.412403 -0.633623
1678843332149 3.274697 -0.110137 -0.551771 0.324864 0.574518 0.413000 -0.627553
1678843332183 3.312888 -0.109864 -0.546800 0.316496 0.578087 0.416943 -0.625943
1678843332241 3.376919 -0.122543 -0.537939 0.320066 0.578006 0.425122 -0.618658
1678843332295 3.405219 -0.129510 -0.532452 0.319604 0.581200 0.426740 -0.614779
1678843332328 3.432448 -0.136349 -0.526011 0.314797 0.582279 0.425790 -0.616893
1678843332404 3.494939 -0.147854 -0.508928 0.321258 0.588833 0.425395 -0.607542
1678843332450 3.531971 -0.145919 -0.490719 0.333512 0.593183 0.432797 -0.591262
1678843332515 3.543717 -0.138997 -0.479902 0.324303 0.601999 0.438466 -0.583243
1678843332543 3.556723 -0.117918 -0.455965 0.293083 0.632145 0.453289 -0.555900
1678843332602 3.571182 -0.113855 -0.435826 0.250295 0.667343 0.463417 -0.526546
1678843332636 3.574518 -0.115691 -0.427061 0.230481 0.684645 0.471728 -0.505581
1678843332695 3.575773 -0.117496 -0.416646 0.210634 0.703408 0.478285 -0.481761
1678843332734 3.576292 -0.125086 -0.407317 0.191737 0.719615 0.486584 -0.456758
1678843332763 3.582712 -0.141479 -0.384839 0.164979 0.722335 0.522626 -0.421753
1678843332846 3.574781 -0.143089 -0.376953 0.156928 0.734096 0.530009 -0.394420
1678843332883 3.550417 -0.143315 -0.360623 0.118207 0.762686 0.535216 -0.343339
1678843332909 3.533066 -0.142978 -0.354989 0.096946 0.773297 0.537482 -0.322065
1678843332996 3.496871 -0.142079 -0.346207 0.066331 0.792549 0.537041 -0.281166
1678843333042 3.451656 -0.144078 -0.339313 0.043575 0.806226 0.536018 -0.246547
1678843333081 3.423044 -0.141456 -0.335993 0.037819 0.810286 0.538579 -0.227901
1678843333137 3.359015 -0.143968 -0.331423 0.018704 0.819385 0.541888 -0.186052
1678843333178 3.320072 -0.144491 -0.328270 0.007847 0.826409 0.539458 -0.161161
1678843333236 3.240292 -0.148143 -0.328407 -0.015533 0.835050 0.538486 -0.111723
1678843333293 3.197660 -0.149608 -0.328054 -0.027633 0.838477 0.537125 -0.087689
1678843333320 3.154578 -0.152389 -0.329162 -0.037369 0.842751 0.533372 -0.062359
1678843333379 3.070975 -0.156614 -0.332841 0.040450 -0.850293 -0.524623 0.011685
1678843333434 2.982741 -0.152548 -0.336306 0.032992 -0.846384 -0.529936 -0.041386
1678843333472 2.937562 -0.147982 -0.339854 0.036448 -0.847416 -0.524980 -0.070380
1678843333520 2.891550 -0.143148 -0.343974 0.044526 -0.845860 -0.522264 -0.098885
1678843333581 2.802267 -0.137371 -0.354695 0.078981 -0.830040 -0.532969 -0.144015
1678843333627 2.718155 -0.129808 -0.367363 0.112657 -0.815558 -0.530536 -0.201755
1678843333674 2.677530 -0.128600 -0.374376 0.139820 -0.813427 -0.517506 -0.225775
1678843333720 2.638241 -0.129684 -0.379992 0.165024 -0.810376 -0.504019 -0.249044
1678843333772 2.560388 -0.141232 -0.382402 0.204460 -0.798021 -0.487800 -0.288806
1678843333837 2.482725 -0.154952 -0.378462 0.230564 -0.787920 -0.476638 -0.314386
1678843333874 2.435606 -0.161889 -0.377414 0.237941 -0.784043 -0.473145 -0.323720
1678843333936 2.352272 -0.168648 -0.371827 0.244455 -0.770971 -0.474254 -0.347747
1678843333969 2.307258 -0.170125 -0.375657 0.247683 -0.764076 -0.471293 -0.364314
1678843334018 2.263891 -0.168940 -0.377981 0.255786 -0.757085 -0.464835 -0.381215
1678843334072 2.170070 -0.163927 -0.386852 0.276842 -0.737949 -0.453803 -0.415755
1678843334131 2.128268 -0.159180 -0.392541 0.286618 -0.726599 -0.445075 -0.437964
1678843334176 2.033264 -0.150616 -0.415205 0.336183 -0.708219 -0.415379 -0.461375
1678843334217 1.994073 -0.145537 -0.426383 0.349503 -0.700402 -0.391010 -0.484144
1678843334266 1.898316 -0.139380 -0.458149 0.373713 -0.687554 -0.345923 -0.517635
1678843334312 1.858255 -0.139949 -0.472029 0.379747 -0.677959 -0.334134 -0.533402
1678843334365 1.778880 -0.146937 -0.501071 0.386020 -0.659868 -0.329336 -0.554166
1678843334411 1.731982 -0.149413 -0.517105 0.387558 -0.651380 -0.330326 -0.562483
1678843334461 1.692719 -0.156228 -0.533281 0.388727 -0.646662 -0.328348 -0.568249
1678843334509 1.624032 -0.169057 -0.565270 0.394947 -0.636312 -0.332738 -0.573070
1678843334554 1.590421 -0.175290 -0.579855 0.401287 -0.633329 -0.338809 -0.568393
1678843334600 1.512244 -0.180877 -0.606852 0.411839 -0.616280 -0.373503 -0.557748
1678843334664 1.448924 -0.181674 -0.632229 0.421170 -0.601277 -0.380474 -0.562424
1678843334706 1.426053 -0.186506 -0.638923 0.425230 -0.596652 -0.379128 -0.565198
1678843334743 1.392889 -0.185563 -0.646294 0.423378 -0.593488 -0.382863 -0.567397
1678843334810 1.323383 -0.174422 -0.661571 0.412601 -0.598815 -0.383145 -0.569544
1678843334864 1.248312 -0.177738 -0.664222 0.394449 -0.609829 -0.390790 -0.565509
1678843334904 1.183668 -0.174625 -0.676396 0.385096 -0.614694 -0.395615 -0.563331
1678843334976 1.111339 -0.182279 -0.677030 0.371745 -0.623291 -0.399450 -0.560137
1678843335008 1.072048 -0.191822 -0.680259 0.376952 -0.622261 -0.402121 -0.555875
1678843335062 1.032960 -0.200897 -0.685108 0.386957 -0.618703 -0.402134 -0.552955
1678843335101 0.953546 -0.209491 -0.695212 0.406063 -0.610067 -0.401677 -0.549169
1678843335163 0.913064 -0.206148 -0.699878 0.412831 -0.604682 -0.399020 -0.552008
1678843335203 0.837180 -0.193132 -0.702862 0.409422 -0.599809 -0.386066 -0.568820
1678843335325 0.750944 -0.182184 -0.706880 0.416620 -0.601427 -0.370691 -0.572102
1678843335341 0.669125 -0.170154 -0.706216 0.404803 -0.607749 -0.347958 -0.587964
1678843335406 0.585195 -0.175559 -0.700141 0.405063 -0.617813 -0.335661 -0.584434
1678843335453 0.541246 -0.181639 -0.696165 0.403153 -0.625601 -0.334781 -0.577938
1678843335495 0.499583 -0.189787 -0.690412 0.400365 -0.635517 -0.334252 -0.569300
1678843335539 0.410606 -0.207986 -0.682289 0.392374 -0.650322 -0.352755 -0.546524
1678843335604 0.365389 -0.217566 -0.679914 0.389475 -0.652361 -0.372426 -0.532948
1678843335638 0.281919 -0.229425 -0.680981 0.389027 -0.659449 -0.401000 -0.502975
1678843335714 0.237294 -0.229471 -0.683779 0.388660 -0.669131 -0.404823 -0.487160
1678843335738 0.165117 -0.218881 -0.687856 0.378792 -0.671192 -0.416227 -0.482465
1678843335803 0.088669 -0.202833 -0.685577 0.373385 -0.678684 -0.425902 -0.467525
1678843335844 0.042813 -0.188956 -0.681800 0.361652 -0.684566 -0.422061 -0.471637
1678843335899 -0.030610 -0.181311 -0.668371 0.346366 -0.701947 -0.411225 -0.467113
1678843335947 -0.067801 -0.180146 -0.658530 0.335957 -0.709332 -0.411142 -0.463619
1678843335985 -0.106102 -0.183216 -0.648976 0.326722 -0.711809 -0.413872 -0.463994
1678843336046 -0.188791 -0.192350 -0.631809 0.317774 -0.716076 -0.413814 -0.463694
1678843336130 -0.273477 -0.204325 -0.613658 0.315963 -0.716191 -0.420806 -0.458432
1678843336153 -0.307784 -0.209675 -0.605312 0.320436 -0.716262 -0.423497 -0.452702
1678843336214 -0.370601 -0.203623 -0.588854 0.315066 -0.722406 -0.409472 -0.459561
1678843336254 -0.405121 -0.198981 -0.582924 0.319542 -0.721614 -0.406917 -0.459984
1678843336340 -0.489278 -0.180865 -0.564831 0.327834 -0.718543 -0.406056 -0.459715
1678843336380 -0.512878 -0.175011 -0.557708 0.328598 -0.723408 -0.402524 -0.454620
1678843336408 -0.535591 -0.171381 -0.548454 0.326444 -0.725898 -0.412069 -0.443515
1678843336472 -0.543479 -0.170054 -0.538469 0.321340 -0.727879 -0.429187 -0.427472
1678843336536 -0.583272 -0.157561 -0.514820 0.286733 -0.747957 -0.450730 -0.393938
1678843336569 -0.599761 -0.146962 -0.487662 0.227193 -0.784331 -0.457586 -0.351886
1678843336638 -0.625225 -0.146870 -0.455542 0.177857 -0.820717 -0.461829 -0.285489
1678843336679 -0.622950 -0.153807 -0.438058 0.142505 -0.826432 -0.487102 -0.243793
1678843336739 -0.622977 -0.173628 -0.414289 0.083272 -0.823773 -0.531626 -0.178433
1678843336782 -0.618737 -0.185820 -0.408979 0.075995 -0.820702 -0.548104 -0.142320
1678843336826 -0.615408 -0.198137 -0.406185 0.072294 -0.807071 -0.574807 -0.114046
1678843336875 -0.596542 -0.211884 -0.402971 0.052700 -0.790388 -0.603104 -0.093680
1678843336928 -0.588987 -0.217172 -0.400284 0.059378 -0.794788 -0.599056 -0.076937
1678843336970 -0.567466 -0.235457 -0.384336 0.072587 -0.787531 -0.610074 -0.048322
1678843337032 -0.534508 -0.242112 -0.355929 0.025452 -0.784793 -0.618916 -0.019873
1678843337084 -0.515734 -0.244250 -0.339719 0.005532 -0.787669 -0.616041 -0.006400
1678843337134 -0.470000 -0.248971 -0.304922 0.019032 0.796754 0.603352 -0.028062
1678843337186 -0.445578 -0.255658 -0.284565 0.025111 0.797823 0.600554 -0.046723
1678843337232 -0.394984 -0.267020 -0.240945 0.035411 0.792010 0.603289 -0.086649
1678843337279 -0.367831 -0.270534 -0.217523 0.035908 0.780748 0.615024 -0.104345
1678843337331 -0.314701 -0.256379 -0.169784 0.041496 0.778994 0.617445 -0.101035
1678843337383 -0.293265 -0.248312 -0.146298 0.028504 0.786162 0.609698 -0.096978
1678843337422 -0.271533 -0.241339 -0.121182 0.010967 0.789197 0.605805 -0.100243
1678843337507 -0.206570 -0.237394 -0.031594 -0.024077 0.796935 0.589016 -0.131814
1678843337545 -0.185011 -0.237198 0.001032 -0.019727 0.798504 0.584919 -0.140967
1678843337602 -0.143742 -0.242241 0.069188 -0.006501 0.794956 0.583645 -0.165411
1678843337640 -0.124310 -0.244650 0.103349 0.003025 0.794185 0.581087 -0.177763
1678843337702 -0.088100 -0.248217 0.169952 0.025073 0.793885 0.574551 -0.197507
1678843337740 -0.070986 -0.248533 0.202883 0.033389 0.794170 0.570321 -0.207154
1678843337802 -0.054520 -0.248534 0.235486 0.037084 0.793670 0.566901 -0.217568
1678843337846 -0.014422 -0.244394 0.302694 0.051842 0.789643 0.561206 -0.242538
1678843337906 0.005001 -0.241832 0.335728 0.065904 0.779727 0.565757 -0.260005
1678843337940 0.045881 -0.238296 0.403085 0.083948 0.777776 0.557882 -0.277103
1678843338003 0.080731 -0.234436 0.464035 0.092474 0.772143 0.559511 -0.286691
1678843338049 0.100930 -0.232895 0.493891 0.103432 0.766635 0.562871 -0.291116
1678843338098 0.121565 -0.231504 0.523029 0.107570 0.766457 0.558726 -0.297990
1678843338162 0.162134 -0.225615 0.574431 0.114532 0.770918 0.540087 -0.317607
1678843338207 0.215614 -0.231618 0.633163 0.141861 0.764711 0.531260 -0.335939
1678843338282 0.269137 -0.238562 0.696830 0.164397 0.762928 0.522755 -0.342989
1678843338318 0.294298 -0.241680 0.730653 0.168685 0.762240 0.521981 -0.343616
1678843338367 0.350490 -0.244688 0.810971 0.163577 0.758234 0.529791 -0.342995
1678843338420 0.377879 -0.244074 0.848888 0.161607 0.750663 0.537156 -0.349073
1678843338476 0.431665 -0.222568 0.917381 0.169519 0.760976 0.528380 -0.336144
1678843338513 0.455854 -0.217585 0.950383 0.159713 0.767219 0.526128 -0.330237
1678843338573 0.504931 -0.203565 1.017373 0.129364 0.774468 0.526486 -0.326002
1678843338614 0.526683 -0.201092 1.042385 0.118500 0.782732 0.520357 -0.320183
1678843338649 0.551392 -0.198247 1.074399 0.104468 0.787971 0.514865 -0.321095
1678843338710 0.602330 -0.201651 1.138221 0.085623 0.793547 0.504752 -0.328904
1678843338792 0.655050 -0.214784 1.202467 0.097839 0.787529 0.506269 -0.337517
1678843338802 0.679912 -0.223842 1.234241 0.108608 0.781292 0.510259 -0.342670
1678843338854 0.720330 -0.239755 1.294556 0.123117 0.767868 0.518892 -0.354925
1678843338902 0.739549 -0.247023 1.325698 0.122689 0.759702 0.522696 -0.366863
1678843338938 0.765279 -0.250066 1.360931 0.118434 0.751145 0.527837 -0.378342
1678843338985 0.785212 -0.252595 1.388648 0.120933 0.744774 0.531479 -0.384989
1678843339033 0.827493 -0.254560 1.434624 0.144171 0.729687 0.541719 -0.391550
1678843339110 0.885771 -0.255927 1.487396 0.156966 0.714107 0.552038 -0.400833
1678843339141 0.913138 -0.256750 1.509792 0.157337 0.712865 0.548035 -0.408320
1678843339194 0.974679 -0.262303 1.555616 0.168537 0.705820 0.542093 -0.423732
1678843339245 1.011296 -0.263765 1.584402 0.178331 0.700498 0.538886 -0.432554
1678843339300 1.076495 -0.273006 1.632521 0.200159 0.697996 0.530458 -0.437439
1678843339350 1.108290 -0.276192 1.661026 0.206549 0.695129 0.531512 -0.437754
1678843339402 1.168135 -0.280951 1.716778 0.193819 0.697441 0.534283 -0.436522
1678843339436 1.199133 -0.277020 1.745125 0.178299 0.698444 0.529247 -0.447529
1678843339493 1.231866 -0.263110 1.770565 0.169161 0.706962 0.511793 -0.457883
1678843339545 1.293702 -0.231781 1.810603 0.178358 0.722288 0.482485 -0.462274
1678843339611 1.351743 -0.209428 1.849451 0.182199 0.722110 0.480032 -0.463605
1678843339649 1.377209 -0.200295 1.865439 0.177129 0.728492 0.475882 -0.459848
1678843339699 1.435932 -0.192835 1.900787 0.150341 0.731045 0.470734 -0.470511
1678843339744 1.462016 -0.192870 1.909047 0.147489 0.730607 0.468526 -0.474282
1678843339807 1.520152 -0.207586 1.915546 0.175935 0.708883 0.470644 -0.495000
1678843339862 1.548862 -0.218983 1.917164 0.195358 0.687235 0.472992 -0.515578
1678843339904 1.598995 -0.241747 1.916414 0.244914 0.648810 0.465158 -0.550174
1678843339952 1.599732 -0.252580 1.893307 0.276242 0.626314 0.453850 -0.570474
1678843340007 1.634291 -0.259006 1.887216 0.328582 0.568028 0.422298 -0.625333
1678843340047 1.646126 -0.252029 1.883877 0.366210 0.554310 0.399002 -0.632003
1678843340108 1.662987 -0.246884 1.878325 0.431601 0.525784 0.371758 -0.631718
1678843340159 1.679065 -0.244554 1.880178 0.439997 0.510334 0.369667 -0.639772
1678843340205 1.696141 -0.246374 1.871026 0.432760 0.482871 0.370664 -0.664953
1678843340262 1.717639 -0.250593 1.849863 0.438652 0.429913 0.365808 -0.699245
1678843340305 1.725135 -0.250761 1.833763 0.449219 0.409361 0.352925 -0.711385
1678843340341 1.730622 -0.250742 1.815141 0.463517 0.391158 0.337534 -0.719874
1678843340403 1.742848 -0.256691 1.773470 0.486081 0.354099 0.314297 -0.734545
1678843340443 1.743693 -0.258937 1.745867 0.491596 0.336357 0.304242 -0.743393
1678843340503 1.746899 -0.267813 1.686642 0.506765 0.292153 0.288674 -0.757960
1678843340557 1.747142 -0.272931 1.616407 0.514591 0.234579 0.277795 -0.776530
1678843340625 1.745955 -0.270771 1.579495 0.512718 0.213601 0.268990 -0.786854
1678843340667 1.745582 -0.262188 1.500482 0.511362 0.169607 0.256267 -0.802540
1678843340737 1.743964 -0.249309 1.429593 0.522010 0.162240 0.228654 -0.805544
1678843340772 1.745235 -0.246047 1.395142 0.525269 0.147705 0.224190 -0.807474
1678843340839 1.751552 -0.242039 1.329692 0.537294 0.124881 0.218270 -0.805033
1678843340875 1.754354 -0.238225 1.296781 0.543312 0.126659 0.201458 -0.805099
1678843340913 1.757302 -0.236801 1.262840 0.547464 0.122463 0.185774 -0.806706
1678843340973 1.763539 -0.246587 1.191878 0.552797 0.095163 0.159010 -0.812450
1678843341044 1.771389 -0.260922 1.120442 0.562761 0.053785 0.131216 -0.814364
1678843341073 1.776085 -0.268315 1.086420 0.574967 0.039144 0.119802 -0.808411
1678843341134 1.785016 -0.279366 1.016194 0.585892 0.006835 0.092001 -0.805121
1678843341181 1.788881 -0.282260 0.984188 0.587017 0.005979 0.077117 -0.805871
1678843341240 1.792781 -0.283885 0.944898 0.595251 -0.009948 0.070120 -0.800413
1678843341293 1.798890 -0.269773 0.866116 0.600036 -0.043568 0.054676 -0.796912
1678843341359 1.807485 -0.243586 0.796225 0.578917 -0.057766 0.043192 -0.812190
1678843341401 1.814077 -0.226585 0.724178 0.572975 -0.069027 0.028885 -0.816150
1678843341448 1.816724 -0.222704 0.686583 0.567031 -0.076909 0.023808 -0.819752
1678843341489 1.819116 -0.223841 0.649752 0.562666 -0.089671 0.020689 -0.821546
1678843341543 1.824202 -0.236689 0.573832 0.554173 -0.108138 0.010156 -0.825285
1678843341612 1.832924 -0.259749 0.492323 0.542260 -0.150660 0.014460 -0.826466
1678843341674 1.847301 -0.276146 0.407435 0.551692 -0.135580 0.021276 -0.822679
1678843341704 1.859504 -0.275762 0.365036 0.553570 -0.108347 0.024563 -0.825359
1678843341752 1.872458 -0.270381 0.321252 0.549735 -0.096518 0.037419 -0.828900
1678843341805 1.900203 -0.247970 0.229626 0.540924 -0.062350 0.054340 -0.836995
1678843341862 1.931247 -0.224612 0.149276 0.534768 -0.035480 0.080586 -0.840399
1678843341911 1.946511 -0.212438 0.114307 0.522871 -0.017768 0.094290 -0.846995
1678843341942 1.960408 -0.202184 0.080725 0.510345 0.003206 0.104645 -0.853573
1678843342009 1.983816 -0.195785 0.010747 0.495035 0.024496 0.126455 -0.859272
1678843342070 2.002711 -0.200719 -0.061551 0.487957 0.033727 0.130569 -0.862388
1678843342109 2.011692 -0.207719 -0.099832 0.491325 0.033772 0.126548 -0.861072
1678843342168 2.021691 -0.217126 -0.138097 0.500253 0.032433 0.122312 -0.856583
1678843342207 2.032661 -0.228759 -0.181340 0.510864 0.034536 0.121006 -0.850401
1678843342276 2.060498 -0.243497 -0.250713 0.538476 0.040698 0.114165 -0.833878
1678843342324 2.069051 -0.251778 -0.286527 0.550248 0.038321 0.111187 -0.826678
1678843342379 2.114283 -0.242175 -0.376161 0.550607 0.072027 0.105906 -0.824880
1678843342431 2.132804 -0.242225 -0.407290 0.550907 0.069095 0.118936 -0.823154
1678843342462 2.162234 -0.236790 -0.467307 0.539226 0.085275 0.129473 -0.827768
1678843342524 2.175601 -0.235682 -0.481939 0.530185 0.092675 0.134450 -0.832009
1678843342562 2.206281 -0.237016 -0.543896 0.512779 0.110747 0.135406 -0.840510
1678843342615 2.223746 -0.246763 -0.583744 0.503548 0.112974 0.138934 -0.845206
1678843342669 2.266062 -0.258571 -0.646553 0.485427 0.125356 0.156401 -0.850990
1678843342728 2.291554 -0.263955 -0.673037 0.474101 0.143805 0.169798 -0.851890
1678843342774 2.350997 -0.272387 -0.720235 0.467304 0.167132 0.216433 -0.840744
1678843342838 2.382397 -0.270499 -0.736101 0.460931 0.189286 0.236270 -0.834200
1678843342871 2.447948 -0.260457 -0.751643 0.440615 0.239477 0.288640 -0.815595
1678843342918 2.487174 -0.253493 -0.776488 0.422723 0.276298 0.308028 -0.806277
1678843342959 2.547274 -0.250149 -0.772558 0.383760 0.345740 0.350518 -0.781236
1678843343014 2.579950 -0.255670 -0.773685 0.374133 0.363201 0.370915 -0.768460
1678843343061 2.646994 -0.271919 -0.764038 0.373203 0.379553 0.402547 -0.744725
1678843343111 2.681126 -0.280571 -0.753059 0.369587 0.387667 0.414489 -0.735743
1678843343171 2.748137 -0.291685 -0.718811 0.357185 0.412392 0.423897 -0.722954
1678843343201 2.783017 -0.293943 -0.699125 0.362489 0.425810 0.420617 -0.714401
1678843343275 2.816376 -0.296372 -0.674550 0.371808 0.436253 0.419163 -0.704091
1678843343307 2.888909 -0.296865 -0.629461 0.403769 0.457359 0.410576 -0.677658
1678843343375 2.960921 -0.293271 -0.579621 0.402164 0.477934 0.414042 -0.662127
1678843343406 2.994787 -0.289774 -0.553174 0.392900 0.491349 0.420553 -0.653713
1678843343448 3.026980 -0.284888 -0.527825 0.385461 0.506709 0.426957 -0.642164
1678843343537 3.119255 -0.269862 -0.469270 0.354308 0.548350 0.429531 -0.623924
1678843343567 3.152029 -0.266828 -0.454380 0.341158 0.555263 0.428574 -0.625794
1678843343603 3.185474 -0.265868 -0.441730 0.332640 0.559786 0.427021 -0.627410
1678843343668 3.219709 -0.267423 -0.429378 0.327510 0.565360 0.423385 -0.627575
1678843343712 3.291702 -0.274717 -0.410208 0.317145 0.574571 0.420903 -0.626202
1678843343761 3.366994 -0.280042 -0.387925 0.302228 0.583909 0.426087 -0.621417
1678843343805 3.406207 -0.283695 -0.375170 0.291716 0.590292 0.432781 -0.615757
1678843343863 3.484482 -0.282253 -0.344131 0.260691 0.607817 0.445474 -0.603449
1678843343919 3.525460 -0.272127 -0.323627 0.242925 0.614269 0.449958 -0.600998
1678843343956 3.558289 -0.259344 -0.307221 0.238681 0.633070 0.446354 -0.585681
1678843344011 3.627799 -0.248747 -0.270758 0.231621 0.654960 0.456541 -0.555831
1678843344067 3.693696 -0.246368 -0.231724 0.220422 0.666281 0.471628 -0.533901
1678843344103 3.723148 -0.244215 -0.212643 0.218539 0.678015 0.473042 -0.518427
1678843344155 3.749808 -0.244707 -0.194066 0.210684 0.686934 0.474774 -0.508256
1678843344208 3.807686 -0.251922 -0.155191 0.196062 0.698247 0.472358 -0.500888
1678843344263 3.832963 -0.251682 -0.136344 0.198907 0.698532 0.471824 -0.499871
1678843344306 3.889870 -0.265461 -0.096853 0.207790 0.695258 0.471069 -0.501531
1678843344370 3.945095 -0.276856 -0.051808 0.216558 0.696900 0.468041 -0.498368
1678843344412 3.970890 -0.283059 -0.029412 0.221260 0.687909 0.475922 -0.501323
1678843344460 3.996017 -0.285826 -0.006905 0.228127 0.679265 0.482340 -0.503890
1678843344509 4.036471 -0.278347 0.036647 0.232906 0.698292 0.473162 -0.484005
1678843344568 4.078341 -0.276876 0.085977 0.220343 0.699612 0.487544 -0.473595
1678843344615 4.110023 -0.280935 0.115733 0.215293 0.707773 0.489590 -0.461528
1678843344661 4.128031 -0.277421 0.141095 0.204096 0.719641 0.489402 -0.448272
1678843344723 4.154732 -0.269966 0.190122 0.176544 0.740649 0.492705 -0.421323
1678843344792 4.175489 -0.275585 0.245422 0.141340 0.759558 0.506504 -0.382816
1678843344832 4.190007 -0.283862 0.306048 0.096795 0.782355 0.519895 -0.329029
1678843344893 4.190380 -0.287871 0.333473 0.066320 0.796480 0.523377 -0.295460
1678843344947 4.185581 -0.292191 0.386102 -0.005066 0.826734 0.519696 -0.215408
1678843344980 4.191579 -0.295162 0.421131 -0.050672 0.833964 0.518917 -0.180725
1678843345040 4.176187 -0.289352 0.461867 0.124963 -0.844763 -0.506413 0.119608
1678843345098 4.164359 -0.273027 0.497371 0.160262 -0.857154 -0.487974 0.038540
1678843345131 4.151268 -0.268306 0.506255 0.179942 -0.861166 -0.475328 0.008803
1678843345182 4.129777 -0.258228 0.504886 0.198904 -0.862791 -0.464309 -0.021124
1678843345230 4.094501 -0.263194 0.504013 0.236371 -0.861178 -0.444554 -0.069814
1678843345275 4.070072 -0.264089 0.484791 0.247566 -0.858583 -0.439451 -0.091804
1678843345316 4.047538 -0.267917 0.473423 0.255436 -0.854527 -0.437676 -0.113916
1678843345393 3.993000 -0.270913 0.428847 0.273900 -0.844676 -0.430038 -0.162997
1678843345433 3.964629 -0.269935 0.397934 0.283485 -0.839857 -0.419551 -0.195585
1678843345494 3.909948 -0.271475 0.322881 0.302641 -0.820421 -0.402192 -0.271217
1678843345530 3.857494 -0.276673 0.234268 0.331727 -0.783794 -0.393857 -0.347132
1678843345584 3.833653 -0.279729 0.188406 0.347794 -0.763663 -0.389789 -0.379372
1678843345635 3.790197 -0.282816 0.099095 0.367116 -0.726691 -0.383566 -0.435916
1678843345699 3.747578 -0.286696 0.019133 0.376573 -0.686495 -0.411652 -0.466326
1678843345738 3.728159 -0.286332 -0.020117 0.374971 -0.661313 -0.430814 -0.486272
1678843345789 3.709592 -0.286516 -0.058429 0.381478 -0.642815 -0.440498 -0.497217
1678843345832 3.677264 -0.282187 -0.128351 0.393201 -0.622684 -0.435733 -0.517489
1678843345891 3.646187 -0.273545 -0.190364 0.407553 -0.599929 -0.413291 -0.550614
1678843345936 3.631302 -0.273851 -0.217525 0.417624 -0.594147 -0.398366 -0.560253
1678843346001 3.598116 -0.274915 -0.265446 0.436236 -0.580461 -0.381290 -0.572171
1678843346037 3.577663 -0.279019 -0.283841 0.444263 -0.576611 -0.375592 -0.573656
1678843346082 3.555504 -0.283015 -0.300805 0.450546 -0.573939 -0.368306 -0.576154
1678843346138 3.500141 -0.292947 -0.327563 0.457239 -0.568959 -0.351048 -0.586501
1678843346196 3.468414 -0.302896 -0.335332 0.459810 -0.568484 -0.339044 -0.591987
1678843346232 3.407086 -0.303725 -0.366330 0.463485 -0.569292 -0.316515 -0.600755
1678843346287 3.376190 -0.303978 -0.378042 0.466928 -0.561822 -0.310712 -0.608105
1678843346338 3.308576 -0.286215 -0.414207 0.473186 -0.548846 -0.303306 -0.618764
1678843346434 3.218204 -0.258968 -0.473096 0.463146 -0.503923 -0.255906 -0.682693
1678843346492 3.155367 -0.251192 -0.513182 0.483017 -0.496996 -0.223625 -0.685333
1678843346534 3.124404 -0.243616 -0.529419 0.485261 -0.487825 -0.220914 -0.691191
1678843346596 3.093618 -0.237135 -0.544921 0.482917 -0.479649 -0.218532 -0.699265
1678843346639 3.030763 -0.230441 -0.573246 0.472361 -0.470471 -0.211266 -0.714772
1678843346696 2.962429 -0.238526 -0.599172 0.470268 -0.475451 -0.210562 -0.713062
1678843346735 2.927998 -0.241828 -0.610420 0.470012 -0.480264 -0.213465 -0.709132
1678843346801 2.849949 -0.258786 -0.636143 0.471192 -0.494108 -0.225312 -0.695032
1678843346852 2.812673 -0.265659 -0.645598 0.475878 -0.502109 -0.235769 -0.682525
1678843346883 2.776084 -0.269673 -0.654436 0.480060 -0.509995 -0.246053 -0.670004
1678843346942 2.706789 -0.277831 -0.669099 0.483663 -0.529984 -0.251265 -0.649655
1678843346994 2.639559 -0.266790 -0.683475 0.475829 -0.527947 -0.268929 -0.650027
1678843347039 2.606781 -0.268349 -0.687164 0.475609 -0.531258 -0.273686 -0.645489
1678843347092 2.571363 -0.267522 -0.692977 0.475635 -0.541270 -0.277573 -0.635414
1678843347147 2.509954 -0.265683 -0.695159 0.461001 -0.552201 -0.295166 -0.628832
1678843347188 2.474368 -0.267094 -0.698133 0.452701 -0.561350 -0.301871 -0.623555
1678843347242 2.414507 -0.271914 -0.696289 0.434348 -0.576083 -0.317933 -0.615133
1678843347291 2.377680 -0.278329 -0.697256 0.429483 -0.581196 -0.324531 -0.610274
1678843347326 2.309427 -0.290988 -0.697188 0.427245 -0.585955 -0.334724 -0.601729
1678843347393 2.271955 -0.294861 -0.699684 0.429690 -0.585277 -0.332563 -0.601847
1678843347431 2.199012 -0.294109 -0.704062 0.434952 -0.591282 -0.314281 -0.602022
1678843347496 2.120870 -0.279689 -0.708107 0.436581 -0.593980 -0.309158 -0.600838
1678843347535 2.082781 -0.268463 -0.710186 0.431538 -0.589368 -0.309521 -0.608784
1678843347582 2.045390 -0.261563 -0.713475 0.433113 -0.586192 -0.305186 -0.612905
1678843347632 1.978423 -0.256640 -0.721075 0.446223 -0.589760 -0.285721 -0.609451
1678843347677 1.942152 -0.255039 -0.725784 0.448214 -0.587093 -0.280989 -0.612758
1678843347745 1.873721 -0.257840 -0.734045 0.453404 -0.585087 -0.274058 -0.613995
1678843347775 1.837094 -0.259478 -0.740726 0.452559 -0.584161 -0.272215 -0.616316
1678843347813 1.798069 -0.260271 -0.747606 0.450094 -0.580357 -0.274034 -0.620892
1678843347874 1.727601 -0.264674 -0.762848 0.441937 -0.577011 -0.277653 -0.628219
1678843347923 1.659451 -0.272772 -0.777660 0.442026 -0.581418 -0.280844 -0.622650
1678843347964 1.635576 -0.276882 -0.783199 0.443990 -0.584360 -0.282329 -0.617808
1678843348014 1.602935 -0.279887 -0.789437 0.449063 -0.588712 -0.285987 -0.608253
1678843348071 1.539261 -0.278413 -0.798557 0.446145 -0.594743 -0.303356 -0.595995
1678843348122 1.508878 -0.276332 -0.802227 0.440332 -0.594914 -0.308503 -0.597503
1678843348160 1.447527 -0.276168 -0.806044 0.441835 -0.608225 -0.313562 -0.580106
1678843348228 1.414268 -0.276951 -0.807437 0.440167 -0.615601 -0.321121 -0.569359
1678843348268 1.357922 -0.272697 -0.806189 0.419598 -0.626384 -0.337523 -0.563613
1678843348335 1.323721 -0.273544 -0.805908 0.408497 -0.630751 -0.347859 -0.560605
1678843348361 1.250829 -0.282525 -0.808070 0.395964 -0.635772 -0.365888 -0.552388
1678843348455 1.212651 -0.290773 -0.810034 0.394950 -0.635967 -0.373288 -0.547920
1678843348467 1.140637 -0.307340 -0.817553 0.403324 -0.633337 -0.380514 -0.539835
1678843348536 1.066193 -0.306551 -0.831009 0.404733 -0.622691 -0.372382 -0.556578
1678843348591 0.987007 -0.294780 -0.843219 0.403303 -0.619523 -0.362856 -0.567339
1678843348639 0.946249 -0.287965 -0.849589 0.398269 -0.613562 -0.358620 -0.579927
1678843348695 0.867367 -0.281534 -0.864933 0.414897 -0.611502 -0.346570 -0.577767
1678843348741 0.827587 -0.278899 -0.872298 0.427488 -0.617803 -0.337379 -0.567229
1678843348780 0.791792 -0.271481 -0.878851 0.428249 -0.617199 -0.331609 -0.570704
1678843348839 0.728457 -0.257588 -0.890971 0.423505 -0.613121 -0.314892 -0.587851
1678843348912 0.659656 -0.255469 -0.898380 0.419910 -0.617601 -0.303280 -0.591833
1678843348962 0.624714 -0.259111 -0.899180 0.418809 -0.624490 -0.304987 -0.584460
1678843348980 0.589794 -0.264587 -0.898591 0.415302 -0.633111 -0.311646 -0.574083
1678843349042 0.524567 -0.276168 -0.894625 0.402481 -0.645276 -0.331673 -0.558230
1678843349099 0.454014 -0.286937 -0.883035 0.400924 -0.663626 -0.367479 -0.513634
1678843349146 0.423354 -0.288413 -0.875093 0.389437 -0.668650 -0.392334 -0.497312
1678843349180 0.396824 -0.283127 -0.867003 0.373387 -0.670454 -0.409190 -0.493596
1678843349258 0.349205 -0.273095 -0.850637 0.359815 -0.679429 -0.427024 -0.475982
1678843349304 0.299465 -0.264331 -0.824391 0.342063 -0.694886 -0.433682 -0.460485
1678843349346 0.273300 -0.259751 -0.809170 0.331704 -0.707911 -0.432571 -0.449129
1678843349395 0.222269 -0.258498 -0.771249 0.308881 -0.730518 -0.438447 -0.422730
1678843349449 0.196028 -0.260558 -0.750181 0.297959 -0.738839 -0.441969 -0.412311
1678843349499 0.144675 -0.263546 -0.705788 0.277668 -0.750663 -0.451513 -0.394388
1678843349539 0.119423 -0.264488 -0.682937 0.269758 -0.751378 -0.457587 -0.391504
1678843349578 0.095966 -0.264619 -0.659828 0.261271 -0.750365 -0.458822 -0.397708
1678843349637 0.045834 -0.261847 -0.605859 0.256834 -0.757411 -0.475202 -0.366808
1678843349694 0.023697 -0.256829 -0.576415 0.240290 -0.754265 -0.491871 -0.362502
1678843349742 0.004156 -0.250204 -0.549456 0.225366 -0.750319 -0.500364 -0.368603
1678843349786 -0.035459 -0.249203 -0.496778 0.239786 -0.765524 -0.491762 -0.338593
1678843349835 -0.067888 -0.242076 -0.441894 0.226599 -0.780284 -0.481094 -0.329177
1678843349872 -0.082774 -0.239542 -0.412676 0.223436 -0.788403 -0.478628 -0.315297
1678843349941 -0.094403 -0.237658 -0.382569 0.216910 -0.795855 -0.479434 -0.299514
1678843349977 -0.118642 -0.237917 -0.320473 0.199773 -0.805540 -0.487078 -0.271937
1678843350034 -0.141852 -0.240633 -0.254461 0.180738 -0.817339 -0.487603 -0.248062
1678843350072 -0.151585 -0.243314 -0.221335 0.172167 -0.822231 -0.489330 -0.234203
1678843350150 -0.162521 -0.247762 -0.185951 0.165448 -0.827647 -0.491567 -0.214450
1678843350176 -0.180257 -0.256171 -0.116505 0.167052 -0.834640 -0.498642 -0.163783
1678843350241 -0.192509 -0.267484 -0.042651 0.152730 -0.821934 -0.537665 -0.109612
1678843350287 -0.196819 -0.273971 -0.006000 0.146475 -0.812442 -0.558787 -0.078999
1678843350330 -0.198044 -0.275290 0.058455 0.111236 -0.805571 -0.578791 -0.060685
1678843350387 -0.197411 -0.279005 0.091048 0.106114 -0.797037 -0.593634 -0.032706
1678843350456 -0.191658 -0.284839 0.151260 0.075335 -0.788824 -0.609947 -0.006782
1678843350470 -0.188394 -0.289280 0.181189 0.062015 -0.789191 -0.610979 0.006057
1678843350510 -0.184657 -0.296076 0.211919 0.053095 -0.787955 -0.613052 0.021783
1678843350578 -0.179272 -0.310390 0.280191 -0.037186 0.783166 0.618941 -0.046694
1678843350637 -0.176105 -0.318363 0.313558 -0.029467 0.781691 0.620976 -0.049794
1678843350704 -0.166716 -0.325283 0.417494 -0.024346 0.779571 0.623585 -0.053089
1678843350746 -0.164306 -0.328082 0.454111 -0.027306 0.772855 0.631071 -0.060824
1678843350779 -0.161584 -0.328161 0.489615 -0.033831 0.767843 0.635702 -0.071801
1678843350836 -0.145888 -0.325631 0.544264 -0.027192 0.764667 0.641493 -0.055055
1678843350888 -0.145078 -0.333098 0.581226 -0.043117 0.757475 0.648220 -0.064675
1678843350914 -0.139996 -0.337234 0.611619 -0.056301 0.754239 0.648739 -0.084208
1678843350977 -0.124499 -0.350630 0.670498 -0.061640 0.763845 0.632897 -0.110380
1678843351033 -0.097383 -0.379951 0.725246 -0.097779 0.749337 0.632654 -0.169360
1678843351077 -0.082462 -0.395341 0.759446 -0.096441 0.750698 0.627168 -0.183879
1678843351131 -0.046224 -0.415192 0.838502 -0.100402 0.751734 0.614874 -0.216205
1678843351176 -0.025011 -0.415340 0.885271 -0.093334 0.749655 0.614468 -0.227453
1678843351213 -0.001257 -0.405541 0.934469 -0.081502 0.757924 0.601754 -0.238328
1678843351271 0.050328 -0.360733 1.042683 -0.075111 0.778775 0.556391 -0.279817
1678843351323 0.080588 -0.324785 1.098879 -0.077371 0.781365 0.530023 -0.320246
1678843351389 0.139422 -0.218430 1.195741 -0.055957 0.797569 0.458744 -0.387693
1678843351424 0.165637 -0.153172 1.231591 -0.042053 0.814286 0.401847 -0.416759
1678843351474 0.214881 -0.031142 1.289248 -0.033342 0.814009 0.319165 -0.484160
1678843351532 0.256768 0.083385 1.332514 -0.041891 0.795046 0.222564 -0.562682
1678843351590 0.275570 0.138299 1.349451 -0.048427 0.777040 0.170777 -0.603902
1678843351633 0.309451 0.242537 1.384599 -0.047849 0.741355 0.073262 -0.665384
1678843351692 0.322361 0.292302 1.393270 -0.053236 0.725971 0.020319 -0.685361
1678843351729 0.349960 0.386235 1.414034 -0.055399 0.684193 -0.071993 -0.723621
1678843351799 0.378811 0.471174 1.430318 -0.064127 0.629520 -0.156510 -0.758352
1678843351842 0.391563 0.509614 1.434304 -0.075643 0.606126 -0.192662 -0.767965
1678843351897 0.404400 0.546627 1.431147 -0.078468 0.592577 -0.218261 -0.771399
1678843351941 0.435552 0.613720 1.443513 -0.079844 0.535868 -0.258723 -0.799708
1678843380307 -0.001760 0.020779 -0.092035 0.534667 -0.167481 -0.061424 -0.826020
1678843380349 -0.004106 0.028230 -0.117939 0.524387 -0.211601 -0.089763 -0.819869
1678843380403 -0.005259 0.029742 -0.120300 0.524268 -0.232845 -0.105059 -0.812336
1678843380432 -0.005262 0.037497 -0.135974 0.525940 -0.252621 -0.122592 -0.802833
1678843380479 -0.005061 0.040742 -0.136345 0.525437 -0.270236 -0.138510 -0.794797
1678843380526 -0.002158 0.048494 -0.134732 0.520702 -0.299135 -0.159258 -0.783597
1678843380572 0.004462 0.047214 -0.122711 0.518954 -0.316396 -0.165846 -0.776579
1678843380637 0.007543 0.051802 -0.119664 0.513020 -0.344311 -0.176236 -0.766290
1678843380669 0.014006 0.048627 -0.108886 0.512831 -0.358410 -0.180788 -0.758856
1678843380716 0.015342 0.049703 -0.106629 0.511016 -0.370296 -0.185740 -0.753156
1678843380756 0.016416 0.051335 -0.103298 0.508622 -0.379498 -0.190801 -0.748919
1678843380831 0.018753 0.054281 -0.097423 0.503484 -0.396785 -0.195478 -0.742196
1678843380856 0.016659 0.054585 -0.088308 0.503146 -0.411792 -0.201611 -0.732547
1678843380903 0.016541 0.054955 -0.085506 0.502350 -0.418143 -0.202496 -0.729244
