# Created at Tue Mar 14 18:22:07 MST 2023
1678843328122 0.161268 0.141721 -0.031154
1678843328148 -0.150884 0.172264 -0.073915
1678843328153 -0.100793 0.006720 0.048869
1678843328161 0.128893 -0.022602 0.091630
1678843328167 0.255342 0.006720 0.077580
1678843328171 0.224798 0.066584 0.029932
1678843328174 0.014661 0.151495 0.050091
1678843328177 0.061697 -0.042150 0.134390
1678843328180 0.192423 -0.277333 0.193033
1678843328184 0.226020 -0.361021 0.240681
1678843328187 0.197309 -0.304211 0.318261
1678843328190 0.128282 -0.194255 0.356745
1678843328193 0.073915 -0.131336 0.323759
1678843328196 -0.003054 -0.096517 0.316428
1678843328199 -0.144164 0.090408 0.309098
1678843328202 -0.270002 0.155771 0.272446
1678843328205 -0.381791 0.047647 0.239459
1678843328209 -0.400728 -0.017715 0.222355
1678843328212 -0.317039 0.013439 0.322537
1678843328215 -0.265116 0.144164 0.423940
1678843328218 -0.297491 0.190590 0.505186
1678843328221 -0.362854 0.202196 0.609644
1678843328224 -0.489914 0.206472 0.713491
1678843328235 -0.469755 0.193644 0.711658
1678843328238 -0.290772 0.167988 0.686613
1678843328240 -0.225409 0.102625 0.707382
1678843328269 -0.301767 0.097738 0.718378
1678843328329 -0.441656 0.094684 0.666454
1678843328332 -0.580322 -0.036041 0.678060
1678843328336 -0.632856 -0.114232 0.651182
1678843328369 -0.488692 0.340863 0.544892
1678843328426 0.056810 0.190590 0.410501
1678843328440 0.452040 -0.039095 0.291383
1678843328451 0.321315 0.262061 0.282220
1678843328465 0.356745 0.502131 0.274889
1678843328491 0.529620 0.397062 0.081245
1678843328527 0.508851 0.285274 -0.059254
1678843328540 0.328645 0.239459 -0.113010
1678843328567 0.090408 0.343306 -0.006720
1678843328593 -0.224188 0.369573 0.087354
1678843328631 -0.436158 0.317039 0.145997
1678843328647 -0.406836 0.168599 0.291383
1678843328670 -0.324980 0.066584 0.293215
1678843328693 -0.244346 -0.028100 0.094684
1678843328728 -0.174097 0.028711 -0.054978
1678843328744 -0.154549 0.051313 -0.037874
1678843328783 -0.230296 0.107512 -0.051924
1678843328796 -0.306043 0.143553 -0.132558
1678843328822 -0.295659 0.188757 -0.150273
1678843328853 -0.202807 0.167377 -0.136223
1678843328884 -0.109956 0.190590 -0.172875
1678843328903 -0.029322 0.181427 -0.148440
1678843328922 0.009774 0.069639 -0.086132
1678843328950 0.023213 0.125838 0.011606
1678843328973 0.056810 0.302989 0.113621
1678843329001 0.084299 0.210138 0.253509
1678843329026 0.068417 -0.165544 0.403171
1678843329054 -0.072693 0.056810 0.594983
1678843329099 -0.032376 0.452040 0.618196
1678843329103 0.299324 0.601091 0.292604
1678843329127 0.277333 0.326813 0.084299
1678843329163 -0.066584 -0.147219 0.119730
1678843329178 -0.141110 -0.211359 0.018326
1678843329204 0.039706 0.023824 -0.120340
1678843329245 0.100182 0.202807 -0.066584
1678843329259 -0.033598 0.059865 0.061087
1678843329280 -0.017715 -0.232129 0.160658
1678843329308 0.221744 -0.284663 0.179594
1678843329332 0.417221 -0.186925 0.072693
1678843329358 0.462425 -0.197309 0.107512
1678843329382 0.373239 -0.301767 0.239459
1678843329409 0.175929 -0.259618 0.372628
1678843329433 -0.019548 -0.136834 0.371406
1678843329466 -0.094684 0.010996 0.192423
1678843329496 -0.130725 0.134390 0.027489
1678843329517 -0.072693 0.266337 0.097738
1678843329552 -0.024435 0.336587 0.117286
1678843329567 -0.149051 0.023824 -0.167377
1678843329588 -0.169821 -0.317039 -0.506407
1678843329618 0.090408 -0.524122 -0.682336
1678843329639 0.067195 0.065363 -0.713491
1678843329665 0.062308 0.411723 -0.637132
1678843329709 0.248622 -0.216246 -0.654237
1678843329728 0.475253 -0.916298 -0.768468
1678843329740 0.477697 -0.625526 -0.904691
1678843329768 0.194866 0.317650 -1.063516
1678843329793 0.210749 0.362243 -1.147205
1678843329820 0.596204 -0.333532 -1.174083
1678843329846 0.937067 -0.537561 -1.113607
1678843329870 0.882700 -0.339030 -1.193020
1678843329898 0.565661 -0.147829 -1.200350
1678843329923 0.306654 -0.010385 -1.032973
1678843329946 0.244346 -0.099571 -0.750753
1678843329973 0.241292 -0.194866 -0.466090
1678843330015 0.320704 -0.238237 -0.221744
1678843330043 0.375071 -0.372017 0.016493
1678843330046 0.313985 -0.394619 0.165544
1678843330077 0.120340 -0.249844 0.310930
1678843330102 -0.176540 -0.103847 0.445321
1678843330126 -0.420886 -0.212581 0.452040
1678843330152 -0.630413 0.017715 0.461814
1678843330184 -0.759916 -0.002443 0.493579
1678843330201 -0.626748 -0.347582 0.285274
1678843330231 -0.178984 -0.605978 0.026878
1678843330264 0.331089 -0.621250 -0.256563
1678843330278 0.499688 -0.369573 -0.474642
1678843330337 0.173486 -0.096517 -0.436158
1678843330346 -0.299324 0.116675 -0.199142
1678843330355 -0.262061 -0.170431 -0.010996
1678843330380 0.080634 -0.386067 0.041539
1678843330405 0.279165 -0.018937 0.106901
1678843330431 0.248011 0.196088 0.246179
1678843330462 0.112399 -0.095906 0.380569
1678843330483 -0.010996 -0.323759 0.452651
1678843330518 0.026878 -0.247400 0.408669
1678843330535 0.044593 -0.003054 0.215635
1678843330559 0.032987 0.102625 0.037263
1678843330586 -0.088575 -0.120340 -0.173486
1678843330610 -0.241903 -0.321926 -0.430049
1678843330637 -0.264505 -0.098960 -0.650571
1678843330675 -0.058643 0.047037 -0.792292
1678843330690 0.113621 -0.106901 -0.784351
1678843330720 0.044593 -0.028100 -0.601702
1678843330743 0.000000 -0.147829 -0.445932
1678843330766 0.170431 -0.760527 -0.567494
1678843330791 0.631635 -1.076955 -0.723875
1678843330819 0.789238 -0.700662 -0.871094
1678843330840 0.351248 0.199142 -1.046412
1678843330870 -0.188757 0.673784 -1.105055
1678843330898 -0.054367 0.260839 -0.835053
1678843330919 0.569937 -0.362243 -0.532674
1678843330942 0.833831 -0.328035 -0.552833
1678843330968 0.686613 -0.125227 -0.550390
1678843330994 0.320093 0.084910 -0.353080
1678843331026 -0.043982 0.099571 -0.120951
1678843331070 -0.259007 -0.076969 -0.036652
1678843331087 -0.224798 -0.051924 0.012828
1678843331108 -0.080023 -0.020769 0.113621
1678843331132 -0.092241 -0.059865 0.310930
1678843331146 -0.276722 -0.156992 0.431271
1678843331177 -0.400728 -0.177762 0.456316
1678843331199 -0.353691 -0.235794 0.398895
1678843331227 -0.361021 -0.311541 0.314596
1678843331254 -0.608422 0.235183 0.386067
1678843331305 -0.650571 0.221133 0.482584
1678843331318 -0.230296 -0.223577 0.361021
1678843331332 0.114843 -0.486860 0.262672
1678843331351 0.160658 -0.363465 0.094073
1678843331377 0.044593 -0.151495 -0.091019
1678843331402 -0.207694 0.033598 -0.120951
1678843331476 -0.286496 0.042761 -0.083689
1678843331484 -0.028100 -0.241903 -0.091019
1678843331495 0.300546 -0.263894 -0.075747
1678843331504 0.456927 0.021380 -0.067195
1678843331537 0.436158 0.009163 -0.017104
1678843331573 0.241903 -0.170431 0.091630
1678843331586 0.116675 -0.263894 0.177151
1678843331607 0.169821 -0.326813 0.168599
1678843331633 0.191812 -0.232129 0.167377
1678843331673 -0.009774 -0.160047 0.145386
1678843331683 -0.205251 -0.285885 -0.010385
1678843331709 -0.206472 -0.317650 -0.293826
1678843331735 -0.098349 0.017104 -0.612698
1678843331762 0.061087 0.047037 -0.824057
1678843331785 0.040317 -0.098349 -0.733038
1678843331812 0.015272 -0.367130 -0.535729
1678843331840 0.278555 -0.392786 -0.604146
1678843331867 0.576657 -0.590707 -0.707993
1678843331930 0.585820 -0.558331 -0.788016
1678843331941 0.103236 0.201586 -0.890031
1678843331948 -0.321315 0.742812 -0.911411
1678843331967 -0.175318 0.417221 -0.747699
1678843331991 0.324369 -0.243124 -0.547946
1678843332021 0.637132 -0.326202 -0.599259
1678843332043 0.590707 -0.094073 -0.722654
1678843332072 0.374460 0.023213 -0.654237
1678843332093 -0.009774 0.201586 -0.373239
1678843332131 -0.368352 0.099571 -0.117286
1678843332143 -0.315817 -0.403782 -0.167988
1678843332188 -0.081245 -0.384234 -0.243735
1678843332198 0.161268 0.161879 -0.172264
1678843332227 0.361632 0.065363 -0.059865
1678843332277 0.299324 -0.726319 -0.149051
1678843332295 -0.365297 -0.330478 -0.029932
1678843332303 -0.973719 0.069639 0.268781
1678843332325 -0.596815 -0.594983 -0.060476
1678843332356 0.064141 -0.645074 -0.588263
1678843332383 0.207694 -0.242514 -0.877203
1678843332409 0.135001 -0.229074 -1.266935
1678843332426 0.304822 -0.544281 -1.552209
1678843332451 0.740369 -0.648128 -1.580308
1678843332477 0.913244 -0.512516 -1.590082
1678843332507 0.682947 -0.460592 -1.756848
1678843332534 0.453873 -0.635911 -1.871080
1678843332577 0.451429 -0.798401 -1.927280
1678843332598 0.543670 -0.987158 -1.938886
1678843332605 0.457538 -0.973108 -1.956601
1678843332633 -0.065363 -0.629802 -1.959045
1678843332663 -0.811229 0.138666 -1.627345
1678843332683 -0.643852 -0.420275 -1.324356
1678843332708 -0.084910 -1.178359 -1.459968
1678843332731 0.334754 -1.280984 -1.731192
1678843332758 0.582155 -0.849103 -1.899791
1678843332817 0.688445 -0.542448 -1.932167
1678843332836 0.511905 -0.519235 -1.809383
1678843332846 0.445321 -0.620639 -1.559539
1678843332865 0.525344 -0.670119 -1.404990
1678843332885 0.505186 -0.701884 -1.330464
1678843332910 0.421497 -0.571770 -1.208291
1678843332936 0.340863 -0.552222 -1.067792
1678843332973 0.172264 -0.708604 -0.919352
1678843332992 -0.058032 -0.821614 -0.932180
1678843333021 -0.014050 -0.779464 -1.123381
1678843333038 0.259007 -0.737925 -1.255939
1678843333091 0.472199 -0.917520 -1.287704
1678843333102 0.400728 -1.044580 -1.341460
1678843333115 0.261450 -0.963335 -1.386053
1678843333142 0.207694 -0.825890 -1.373225
1678843333167 0.236405 -0.833220 -1.376890
1678843333191 0.356134 -0.946230 -1.357343
1678843333220 0.441656 -0.998154 -1.236391
1678843333267 0.559553 -1.002430 -0.954172
1678843333281 0.485638 -1.517389 -0.784351
1678843333295 -0.198531 -1.200961 -0.605367
1678843333319 -0.353080 -1.483181 -0.513127
1678843333346 0.114843 -1.637119 -0.753197
1678843333373 0.354302 -1.384832 -1.069625
1678843333417 0.251676 -1.247998 -1.229061
1678843333434 -0.040928 -1.169807 -1.401325
1678843333447 -0.515570 -0.653015 -1.585195
1678843333472 -0.815505 -0.521679 -1.587639
1678843333498 -0.653015 -1.034195 -1.553430
1678843333526 -0.228464 -1.180192 -1.751351
1678843333564 0.185092 -0.640798 -2.089159
1678843333578 0.401949 -0.277333 -2.306016
1678843333601 0.412945 -0.259618 -2.260201
1678843333632 0.359800 -0.458149 -2.017688
1678843333652 0.115454 -0.508851 -1.802052
1678843333678 -0.041539 -0.311541 -1.598634
1678843333702 0.028100 -0.316428 -1.407434
1678843333728 0.056810 -0.290772 -1.144151
1678843333766 0.039095 -0.183260 -0.855822
1678843333780 0.026878 -0.304211 -0.689667
1678843333806 -0.110567 -0.656069 -0.583987
1678843333837 -0.149662 -0.635300 -0.529620
1678843333868 -0.043982 -0.551000 -0.612087
1678843333883 0.146608 -0.917520 -0.826501
1678843333922 0.190590 -0.662789 -1.098336
1678843333936 -0.023824 -0.202807 -1.216844
1678843333964 -0.109345 -0.551000 -1.223563
1678843333984 0.196699 -1.286482 -1.244333
1678843334010 0.214414 -0.892474 -1.433701
1678843334042 -0.109345 -0.080023 -1.776396
1678843334062 -0.267559 0.365908 -2.035403
1678843334087 0.266337 -0.028711 -2.060448
1678843334130 1.058019 -0.480751 -1.966986
1678843334139 1.157590 -0.191201 -1.853976
1678843334176 0.675617 -0.065363 -1.694540
1678843334188 0.427606 -0.413556 -1.448362
1678843334215 0.467923 -0.619417 -1.076955
1678843334240 0.184481 -0.619417 -0.792903
1678843334266 -0.028100 -0.569937 -0.527788
1678843334292 -0.105680 -0.637743 -0.386678
1678843334319 -0.029322 -0.588874 -0.362243
1678843334349 0.116675 -0.313985 -0.346361
1678843334368 -0.065363 -0.208305 -0.260229
1678843334399 -0.288328 -0.288939 -0.169210
1678843334418 -0.377515 -0.237627 -0.196088
1678843334469 -0.636522 0.127060 -0.007941
1678843334477 -1.089173 -0.020159 0.371406
1678843334495 -1.304808 -0.533285 0.351248
1678843334539 -0.980439 -0.684169 0.172875
1678843334552 -0.548557 -0.417221 -0.157603
1678843334572 -0.183870 -0.155160 -0.483194
1678843334601 -0.087354 -0.110567 -0.503353
1678843334631 -0.183870 -0.159436 -0.205862
1678843334694 -0.037263 -0.390954 0.174097
1678843334707 0.169821 -0.307265 0.246790
1678843334718 0.345139 0.056200 0.208916
1678843334731 0.386067 0.216857 0.343306
1678843334751 0.290772 -0.006720 0.602924
1678843334776 0.177151 -0.159436 0.810007
1678843334812 0.164934 -0.131947 0.722654
1678843334831 0.367741 -0.036652 0.554666
1678843334864 0.392786 0.000611 0.520457
1678843334883 -0.000611 0.036041 0.334754
1678843334905 -0.380569 0.168599 0.038485
1678843334933 -0.521679 0.295659 -0.304822
1678843334958 -0.450208 0.098349 -0.475864
1678843334982 -0.469755 0.199753 -0.462425
1678843335006 -0.488692 0.122173 -0.343917
1678843335042 -0.384845 0.117897 -0.537561
1678843335064 0.130725 -0.365908 -0.505186
1678843335095 0.638965 -0.545503 -0.341474
1678843335109 0.400728 -0.006720 -0.453873
1678843335148 -0.045204 0.543670 -0.579711
1678843335166 0.091019 0.332922 -0.424551
1678843335203 0.698219 -0.284052 -0.220522
1678843335213 1.006095 -0.242514 -0.238237
1678843335236 0.893085 0.108123 -0.341474
1678843335269 0.522290 0.411112 -0.327424
1678843335302 0.261450 0.364076 -0.143553
1678843335316 0.167988 0.373850 0.141721
1678843335341 0.104458 0.484416 0.349415
1678843335366 0.087965 0.593761 0.444710
1678843335397 0.127671 0.673784 0.585820
1678843335415 -0.136223 0.532674 0.794125
1678843335445 -0.654237 0.195477 1.010982
1678843335467 -0.913244 0.102014 1.130101
1678843335493 -1.014647 0.073304 1.053132
1678843335533 -0.941954 -0.076969 0.909578
1678843335544 -0.644463 0.910189 0.847270
1678843335570 -0.381791 1.185079 0.810007
1678843335609 -0.021991 -0.086743 0.540005
1678843335625 0.014661 -0.360410 0.413556
1678843335645 -0.283441 0.146608 0.430660
1678843335683 -0.497244 0.414167 0.492968
1678843335703 -0.257174 0.274278 0.557720
1678843335723 0.426384 -0.114232 0.515570
1678843335748 0.840551 -0.243124 0.343917
1678843335774 0.826501 0.069028 0.315817
1678843335806 0.516181 0.467312 0.382402
1678843335840 0.394619 0.341474 0.607200
1678843335856 0.434325 -0.030543 0.669508
1678843335876 0.214414 -0.246790 0.516792
1678843335901 0.029932 -0.177762 0.348193
1678843335939 0.193033 -0.087354 0.237016
1678843335956 0.336587 0.158214 0.120951
1678843335984 0.084910 0.098960 0.199753
1678843336003 -0.430049 -0.000611 0.255953
1678843336034 -0.519235 -0.076969 0.116675
1678843336068 -0.180816 0.669508 -0.036041
1678843336082 0.466090 0.481973 -0.056200
1678843336106 0.767247 -0.579100 -0.141721
1678843336132 0.357356 -0.372017 -0.257785
1678843336157 -0.536340 0.719599 -0.335976
1678843336184 -0.703717 0.569937 -0.240070
1678843336212 -0.084299 -0.494801 -0.073304
1678843336233 0.445932 -0.340252 -0.070860
1678843336292 0.456316 0.263283 -0.107512
1678843336308 -0.036041 0.484416 0.215025
1678843336333 -0.571159 0.275500 0.731817
1678843336355 -0.909578 0.344528 1.056797
1678843336369 -0.772745 0.238848 1.327410
1678843336388 -0.213803 0.295048 1.530828
1678843336423 0.405004 0.465479 1.923615
1678843336441 0.692721 0.474031 2.472172
1678843336502 0.689056 0.442877 2.382375
1678843336507 0.852157 0.888198 1.912619
1678843336516 0.841161 1.332908 1.933999
1678843336539 0.260839 1.373836 2.703079
1678843336565 -0.645685 1.136209 3.400076
1678843336596 -1.255328 0.770301 3.387248
1678843336618 -1.151481 0.561996 3.014009
1678843336642 -0.692721 0.467312 2.376266
1678843336673 -0.711658 1.258993 1.774564
1678843336693 -1.587639 1.701871 1.409877
1678843336731 -2.011579 0.612087 1.219898
1678843336762 -1.491733 -0.327424 1.050688
1678843336770 -0.519846 0.092241 0.814894
1678843336825 0.133169 0.922406 0.506407
1678843336840 0.332311 1.150259 0.026878
1678843336848 -0.304211 1.034806 -0.221744
1678843336881 -0.839940 0.810007 0.380569
1678843336902 -0.667676 0.166155 1.360397
1678843336925 -0.218079 -0.282220 1.815492
1678843336949 0.055589 -0.368963 1.687821
1678843336974 0.241292 -0.083078 1.444085
1678843337033 0.513738 0.250455 1.327410
1678843337045 0.559553 0.417221 1.230283
1678843337057 0.362243 0.458760 1.072068
1678843337077 0.183260 0.703717 0.946230
1678843337104 0.027489 0.839329 0.970665
1678843337133 -0.084299 0.693943 1.027475
1678843337156 -0.546114 0.944398 0.800233
1678843337179 -1.039082 0.976774 0.602313
1678843337204 -0.639576 -0.120340 0.374460
1678843337233 0.068417 -0.379347 0.027489
1678843337265 0.624915 -0.046426 -0.445932
1678843337281 0.718988 0.265726 -0.850324
1678843337323 0.406836 0.727540 -0.761749
1678843337332 0.254731 0.948063 -0.335365
1678843337358 0.510683 0.654848 -0.193644
1678843337402 0.554055 1.028697 -0.282831
1678843337411 0.377515 1.031141 0.014050
1678843337434 0.262061 0.380569 0.480140
1678843337471 0.076969 0.104458 0.744645
1678843337492 -0.127671 0.368352 0.726930
1678843337512 -0.147829 0.534507 0.753197
1678843337536 -0.020159 0.351248 0.915076
1678843337565 0.080023 0.039095 0.941343
1678843337608 0.045204 0.098960 0.916298
1678843337616 0.008552 0.160658 0.885755
1678843337640 0.148440 0.144775 0.816116
1678843337664 0.133169 0.312763 0.618806
1678843337710 0.126449 0.448986 0.537561
1678843337719 0.213803 0.329867 0.711658
1678843337744 -0.133779 0.352469 0.935235
1678843337766 -0.676228 0.577879 1.216844
1678843337807 -0.693332 0.397673 1.230283
1678843337818 -0.042761 0.006720 0.901026
1678843337846 0.466701 0.073304 0.468534
1678843337869 0.322537 0.215025 0.265726
1678843337899 -0.299935 0.161879 0.329867
1678843337929 -0.656680 0.003665 0.562607
1678843337946 -0.491136 -0.042150 0.661567
1678843337986 0.078191 0.118508 0.524733
1678843337999 0.561996 0.331089 0.399506
1678843338023 0.599259 0.270002 0.585820
1678843338049 0.356134 0.145386 0.870483
1678843338074 0.087965 0.075747 1.035417
1678843338099 -0.219301 0.018937 1.087951
1678843338124 -0.244957 -0.039706 0.994489
1678843338151 -0.045815 -0.211970 0.791071
1678843338191 0.112399 -0.271835 0.612698
1678843338207 -0.043371 -0.083689 0.342695
1678843338242 -0.100793 -0.102625 0.012828
1678843338283 -0.050091 -0.106901 -0.218079
1678843338303 -0.362854 0.518014 -0.294437
1678843338309 -0.539394 0.673784 -0.028100
1678843338337 -0.272446 0.157603 0.200364
1678843338367 0.236405 -0.763582 0.098349
1678843338409 0.533285 -0.831388 -0.191201
1678843338425 0.478918 -0.213192 -0.637743
1678843338434 0.219301 0.538172 -0.905913
1678843338468 0.293826 0.481973 -0.859487
1678843338484 0.649961 -0.152105 -0.695165
1678843338512 0.714712 -0.216857 -0.634689
1678843338537 0.703106 0.249844 -0.624304
1678843338559 0.679282 0.465479 -0.497855
1678843338584 0.587041 0.403171 -0.368963
1678843338612 0.448375 0.337808 -0.072693
1678843338636 0.109956 0.072693 0.238848
1678843338668 -0.318872 0.053756 0.469145
1678843338698 -0.544281 0.157603 0.620028
1678843338746 -0.576046 0.051924 0.631635
1678843338770 -0.505796 -0.036652 0.576657
1678843338777 -0.554055 0.323759 0.461203
1678843338791 -0.441656 0.613920 0.385456
1678843338815 -0.296881 0.784351 0.306654
1678843338855 -0.310320 0.949285 0.058643
1678843338870 -0.387289 0.529009 0.148440
1678843338893 -0.382402 0.183260 0.524122
1678843338921 -0.681115 0.124006 0.675006
1678843338944 -0.883311 -0.171653 0.499077
1678843338977 -0.965778 -0.136223 0.347582
1678843338997 -0.616974 0.375071 0.386067
1678843339030 -0.025656 0.470977 0.406836
1678843339045 0.246790 0.264505 0.351248
1678843339089 0.136834 0.147829 0.430660
1678843339103 -0.099571 0.204640 0.642630
1678843339125 -0.270002 0.323759 0.816116
1678843339149 -0.167988 0.122784 0.848492
1678843339179 -0.056810 -0.177151 0.756862
1678843339198 -0.107512 -0.323148 0.649350
1678843339224 -0.254731 -0.260229 0.490525
1678843339250 -0.314596 -0.030543 0.210749
1678843339301 -0.105680 0.093462 -0.235794
1678843339312 0.295048 0.037263 -0.474642
1678843339334 0.521679 0.701884 -0.424551
1678843339356 0.985326 0.927904 -0.034208
1678843339397 1.464244 0.196699 0.360410
1678843339407 1.323745 -0.499688 0.605978
1678843339431 0.689056 -0.528398 0.645074
1678843339457 0.092852 -0.033598 0.525344
1678843339484 -0.123395 0.201586 0.236405
1678843339505 0.046426 -0.202807 0.021380
1678843339532 0.365908 -0.434936 -0.192423
1678843339584 0.609033 0.051924 -0.414167
1678843339606 0.636522 0.573602 -0.464868
1678843339611 0.542448 0.679893 -0.358578
1678843339632 0.328035 0.373239 -0.106901
1678843339659 -0.040317 0.032376 0.324980
1678843339690 -0.616363 0.248011 0.886976
1678843339709 -0.960280 0.662178 1.338406
1678843339735 -1.064127 1.017702 1.555263
1678843339763 -1.094060 1.019534 1.627956
1678843339797 -0.988380 0.738536 1.767844
1678843339840 -0.840551 0.206472 2.073888
1678843339863 -0.896750 0.344528 2.475837
1678843339874 -1.046412 1.360397 2.726902
1678843339897 -0.670730 1.524109 2.795930
1678843339914 -0.296881 0.403171 2.756835
1678843339942 -0.779464 -0.585820 2.656042
1678843339965 -1.257771 -0.996321 2.422081
1678843339991 -1.216844 -0.593150 2.001805
1678843340020 -0.832609 0.126449 1.489290
1678843340044 -0.351858 0.642630 0.919963
1678843340068 0.058643 0.832609 0.448375
1678843340099 0.277944 0.904691 0.392175
1678843340138 0.096517 1.335962 0.688445
1678843340143 -0.141721 1.594969 1.070236
1678843340197 -0.252287 1.433090 1.389108
1678843340212 -0.226631 0.884533 1.583974
1678843340230 -0.242514 0.398895 1.663997
1678843340247 -0.408669 0.284663 1.704925
1678843340272 -0.586431 0.455095 1.588861
1678843340308 -0.344528 0.420275 1.371392
1678843340333 -0.038485 0.483194 1.286482
1678843340350 -0.110567 0.631635 1.188133
1678843340401 -0.308487 0.707993 1.196074
1678843340416 -0.430049 0.821614 1.340238
1678843340427 -0.384845 0.932180 1.378112
1678843340451 -0.320093 1.227839 1.368338
1678843340477 -0.247400 1.434922 1.334130
1678843340503 0.083078 1.156368 1.231504
1678843340528 0.486249 0.150884 1.130101
1678843340554 0.270002 0.725097 1.109331
1678843340601 -0.471588 1.844202 0.989602
1678843340622 -0.469145 0.635911 0.922406
1678843340635 0.017104 -0.935846 0.833220
1678843340658 0.133169 -0.717767 0.828333
1678843340682 -0.381180 0.950506 0.688445
1678843340706 -0.623083 1.093449 0.488081
1678843340733 -0.475253 0.128893 0.488081
1678843340765 -0.170431 -0.691499 0.714712
1678843340784 -0.121562 -0.655458 0.868039
1678843340808 -0.068417 -0.320704 0.959669
1678843340862 0.000000 0.012217 1.043969
1678843340875 -0.055589 0.218690 1.137431
1678843340889 -0.180816 0.509462 1.306641
1678843340911 -0.156382 0.659124 1.507005
1678843340940 -0.376904 0.470977 1.400714
1678843340963 -0.789238 0.301767 1.151481
1678843341016 -0.956004 0.257785 1.005484
1678843341039 -0.657902 0.553444 1.291980
1678843341042 -0.084910 0.135612 1.354899
1678843341066 0.103847 -0.439212 0.894307
1678843341090 -0.259007 -0.351858 0.694554
1678843341115 -0.824057 0.896750 0.973108
1678843341143 -0.940122 1.431868 1.092838
1678843341167 -0.012217 0.111788 0.966389
1678843341214 0.915687 -0.642630 0.624915
1678843341218 1.007317 0.009163 0.538783
1678843341242 0.491136 0.677450 0.607811
1678843341268 0.047037 0.375071 0.591318
1678843341296 0.171042 -0.127060 0.561996
1678843341328 0.365908 -0.149662 0.522901
1678843341346 0.400728 0.310320 0.550390
1678843341371 0.264505 0.560163 0.604146
1678843341397 0.177151 0.408058 0.609644
1678843341423 0.246179 0.186314 0.589485
1678843341447 0.281609 0.283441 0.585820
1678843341473 0.210138 0.850935 0.569326
1678843341508 0.455095 1.279152 0.716545
1678843341524 0.230907 1.548543 0.420886
1678843341550 -0.285885 0.032987 -0.327424
1678843341587 -0.461203 -1.159422 -0.896139
1678843341606 -0.034208 -1.557706 -1.103223
1678843341630 0.291383 -0.570548 -0.996321
1678843341667 0.480140 0.053145 -1.029308
1678843341681 0.516181 -0.195477 -0.984104
1678843341703 0.431882 -1.023810 -0.915687
1678843341729 0.221133 -0.943176 -0.924239
1678843341761 0.177762 -0.139277 -1.073290
1678843341787 0.454484 0.084910 -1.222341
1678843341806 0.941954 -0.418443 -1.221120
1678843341831 1.056797 -0.739758 -1.166142
1678843341863 0.839940 -0.616974 -1.097725
1678843341893 0.552833 -0.130114 -0.973108
1678843341911 0.436158 -0.050702 -0.738536
1678843341940 0.344528 -0.141721 -0.488692
1678843341963 0.280998 -0.136223 -0.219301
1678843341996 0.136223 -0.176540 0.037263
1678843342012 -0.233961 -0.139277 0.232740
1678843342038 -0.582155 -0.109956 0.299935
1678843342065 -0.676839 -0.182038 0.102625
1678843342090 -0.767858 -0.253509 -0.112399
1678843342114 -0.883311 -0.459371 -0.051313
1678843342141 -1.024421 -0.419054 0.186314
1678843342164 -0.945619 -0.073304 0.289550
1678843342199 -0.701273 -0.086132 0.107512
1678843342215 -0.091630 -0.755640 -0.094073
1678843342241 0.334754 -1.067792 -0.288328
1678843342267 0.243735 -0.621250 -0.463036
1678843342298 -0.084299 0.306043 -0.604757
1678843342349 -0.164934 0.601091 -0.558331
1678843342355 0.181427 0.043371 -0.528398
1678843342368 0.629802 -0.507018 -0.551000
1678843342409 0.654237 -0.242514 -0.540005
1678843342428 0.558942 -0.054367 -0.465479
1678843342466 0.618196 -0.253509 -0.369573
1678843342476 0.711047 -0.538172 -0.274278
1678843342496 0.626137 -0.184481 -0.245568
1678843342524 0.610865 0.348804 -0.357967
1678843342552 0.485027 0.164934 -0.582765
1678843342574 0.526566 -0.181427 -0.780075
1678843342598 0.745866 -0.335365 -1.169196
1678843342627 0.489303 -0.648128 -1.513724
1678843342672 -0.237016 0.037874 -1.689042
1678843342683 -0.223577 0.388510 -1.594358
1678843342703 0.241903 -0.485027 -1.651169
1678843342729 0.152716 -0.754419 -2.086716
1678843342762 0.103847 -0.444099 -2.331673
1678843342779 0.514959 -0.436158 -2.287690
1678843342813 0.950506 -1.056797 -2.306016
1678843342830 1.148427 -1.416597 -2.517376
1678843342861 1.023810 -1.177748 -2.598621
1678843342906 0.579711 -0.631024 -2.333505
1678843342924 0.128893 -0.468534 -1.862528
1678843342935 -0.279165 -0.393397 -1.513724
1678843342959 -0.520457 -0.301157 -1.172861
1678843342982 -0.431271 -0.186925 -0.934624
1678843343007 -0.149662 -0.243124 -1.016480
1678843343036 0.214414 -0.164934 -1.076955
1678843343063 0.426995 -0.395230 -0.822836
1678843343086 0.324369 -0.808786 -0.423330
1678843343112 -0.024435 -0.999376 -0.181427
1678843343156 -0.257785 -1.009149 -0.186925
1678843343171 -0.540616 -0.888809 -0.064141
1678843343195 -0.637132 -1.164309 0.161879
1678843343213 -0.596204 -1.651169 0.040317
1678843343239 -0.329867 -1.171029 -0.277333
1678843343273 0.195477 -0.218690 -0.595594
1678843343295 0.426995 -0.116675 -0.894307
1678843343317 0.252898 -0.500299 -1.116051
1678843343346 0.189979 -0.622472 -1.137431
1678843343367 0.353080 -0.653015 -1.037249
1678843343393 0.479529 -0.718378 -0.921185
1678843343416 0.622472 -0.467923 -0.802066
1678843343447 0.782518 -0.051924 -0.675617
1678843343467 0.785573 0.099571 -0.544892
1678843343508 0.639576 0.116064 -0.398284
1678843343523 0.445321 0.014661 -0.207083
1678843343547 0.494801 -0.183260 -0.125227
1678843343570 0.439212 -0.183260 -0.186925
1678843343603 0.258396 -0.034819 -0.270613
1678843343625 0.337198 -0.080023 -0.293215
1678843343646 0.339641 -0.101404 -0.425773
1678843343672 0.186314 0.028100 -0.605367
1678843343705 0.130725 0.077580 -0.827112
1678843343725 0.340863 -0.337198 -0.965778
1678843343749 0.448986 -0.360410 -1.083064
1678843343774 0.481362 0.317039 -1.208291
1678843343801 0.594372 0.474031 -1.088562
1678843343830 0.640798 -0.489303 -0.807564
1678843343850 0.511294 -1.525941 -0.645074
1678843343876 0.257174 -1.376279 -0.714712
1678843343916 -0.230907 -0.388510 -0.954782
1678843343930 -0.450208 0.250455 -1.109942
1678843343956 -0.111788 -0.233351 -0.873537
1678843343978 0.104458 -0.926683 -0.688445
1678843344004 0.101404 -0.981660 -0.689056
1678843344042 0.219301 -0.620639 -0.779464
1678843344057 0.370795 -0.263283 -0.774577
1678843344094 0.490525 -0.103236 -0.593761
1678843344108 0.354913 -0.143553 -0.263283
1678843344147 0.012217 -0.128282 0.037874
1678843344166 -0.213192 -0.139277 0.206472
1678843344198 -0.224188 -0.028711 0.240681
1678843344208 -0.055589 0.004887 0.255342
1678843344235 0.026878 -0.118508 0.248622
1678843344262 0.017104 -0.374460 0.160047
1678843344302 -0.298713 -0.158825 0.126449
1678843344313 -0.767858 0.478307 0.165544
1678843344341 -0.819781 0.440434 0.312763
1678843344373 -0.152716 -0.538783 0.173486
1678843344387 0.368963 -1.087951 -0.138666
1678843344413 0.397673 -0.670119 -0.428827
1678843344447 -0.024435 -0.029322 -0.649350
1678843344465 -0.387289 0.249844 -0.660345
1678843344497 -0.127060 -0.269392 -0.611476
1678843344516 0.304822 -0.720821 -0.801455
1678843344545 0.506407 -0.575435 -1.032362
1678843344567 0.539394 -0.402560 -1.127657
1678843344598 0.441656 -0.440434 -1.155757
1678843344618 0.282220 -0.560774 -1.282817
1678843344652 0.188757 -0.517403 -1.501507
1678843344671 0.186314 -0.504575 -1.759292
1678843344695 0.213192 -0.630413 -1.933388
1678843344722 0.294437 -0.811840 -2.026240
1678843344746 0.375682 -0.856433 -2.247984
1678843344775 0.623083 -0.912633 -2.636494
1678843344799 0.995710 -1.064127 -2.859460
1678843344830 1.105666 -1.186300 -2.971249
1678843344848 0.929737 -1.136209 -3.194825
1678843344891 0.838107 -0.468534 -3.383583
1678843344903 0.875981 0.115454 -3.258355
1678843344930 1.012815 -0.234572 -2.715296
1678843344964 1.099557 -1.404990 -2.262645
1678843344978 1.046412 -1.836261 -2.070222
1678843345001 1.084897 -1.415986 -1.971873
1678843345030 1.131933 -0.891863 -1.851533
1678843345056 1.055575 -0.892474 -1.811826
1678843345080 0.897361 -0.912022 -1.811826
1678843345135 0.829555 -0.740980 -1.806329
1678843345149 0.744034 -0.570548 -1.684766
1678843345156 0.587041 -0.629191 -1.434312
1678843345181 0.392175 -0.891863 -1.196685
1678843345206 0.271224 -0.941954 -1.040914
1678843345233 0.191201 -0.895528 -1.071458
1678843345274 0.323759 -0.984104 -1.194242
1678843345288 0.606589 -1.134988 -1.378723
1678843345312 0.874759 -1.298699 -1.515557
1678843345334 0.913244 -1.528385 -1.587028
1678843345365 0.715323 -1.701260 -1.671327
1678843345387 0.496633 -1.761735 -1.850922
1678843345423 0.318261 -1.842370 -1.995086
1678843345437 0.072082 -1.769066 -2.062281
1678843345468 -0.031154 -1.517389 -2.037235
1678843345497 0.051313 -1.489290 -1.927280
1678843345513 0.257785 -1.519222 -1.660943
1678843345539 0.013439 -1.411099 -1.404379
1678843345565 -0.620028 -1.136820 -1.046412
1678843345592 -0.984715 -1.237613 -0.555277
1678843345623 -0.935846 -1.819157 -0.254120
1678843345641 -0.930959 -2.061670 -0.403171
1678843345681 -0.931570 -1.370782 -0.654848
1678843345692 -0.570548 -0.326813 -0.644463
1678843345741 -0.101404 -0.232129 -0.681115
1678843345754 0.071471 -0.841161 -0.956615
1678843345792 0.122784 -0.996932 -1.297478
1678843345804 0.320093 -0.495412 -1.370782
1678843345820 0.419664 0.039706 -1.286482
1678843345845 0.249233 0.043982 -1.244943
1678843345876 0.040928 -0.043982 -1.144151
1678843345897 -0.073304 -0.023213 -0.874759
1678843345940 -0.150273 0.001833 -0.676228
1678843345953 -0.118508 0.185092 -0.599870
1678843345973 0.031154 0.168599 -0.605978
1678843346015 0.193033 -0.054367 -0.607200
1678843346032 0.259007 -0.001833 -0.566883
1678843346051 0.357356 0.158214 -0.609644
1678843346080 0.482584 0.166155 -0.652404
1678843346103 0.500299 0.218690 -0.582765
1678843346131 0.452651 0.328035 -0.516792
1678843346181 0.377515 -0.086132 -0.578489
1678843346199 0.082467 -0.324369 -0.720210
1678843346207 -0.136223 -0.080023 -0.677450
1678843346229 -0.034819 -0.155160 -0.431271
1678843346256 0.465479 -0.799012 -0.437380
1678843346281 0.956615 -1.625512 -0.974330
1678843346306 1.158201 -1.391551 -1.551598
1678843346333 1.020756 -0.326813 -1.638951
1678843346376 0.554055 0.514349 -1.460579
1678843346398 0.069028 0.615141 -1.207070
1678843346408 -0.148440 0.194866 -0.896139
1678843346435 -0.034819 -0.394008 -0.578489
1678843346458 0.199753 -0.561996 -0.397062
1678843346486 0.368352 -0.525344 -0.361021
1678843346510 0.522290 -0.471588 -0.301157
1678843346536 0.536951 -0.339030 -0.192423
1678843346561 0.323759 -0.103236 -0.047647
1678843346587 0.042761 0.141721 0.075136
1678843346628 -0.077580 0.256563 0.197309
1678843346642 -0.120340 0.261450 0.315206
1678843346663 -0.146608 0.175318 0.389732
1678843346694 -0.241292 0.306043 0.521068
1678843346716 -0.501520 0.535729 0.640187
1678843346743 -0.780686 0.518625 0.701884
1678843346771 -0.769079 0.383013 0.714712
1678843346801 -0.613920 0.689667 0.667676
1678843346827 -0.288939 0.889420 0.495412
1678843346844 -0.149051 0.501520 0.367741
1678843346870 -0.174097 -0.204029 0.456316
1678843346905 -0.122173 -0.489303 0.476475
1678843346941 -0.105680 -0.345139 0.389121
1678843346956 -0.256563 0.294437 0.359800
1678843346970 -0.277944 0.698830 0.577879
1678843346996 -0.108734 0.296270 0.762971
1678843347023 0.016493 -0.164323 0.807564
1678843347047 0.043371 -0.160047 0.815505
1678843347073 0.109956 0.228464 0.866207
1678843347099 0.207694 0.266948 0.974330
1678843347125 0.108123 -0.035430 0.910189
1678843347178 -0.047647 -0.072082 0.742812
1678843347181 -0.069028 0.130725 0.637743
1678843347201 -0.103847 0.188757 0.533896
1678843347230 -0.250455 0.068417 0.386678
1678843347280 -0.254120 -0.004276 0.105069
1678843347296 0.025656 0.117897 -0.257174
1678843347307 0.357967 0.043982 -0.502742
1678843347332 0.282831 0.535118 -0.386678
1678843347356 0.202807 0.673784 -0.092852
1678843347393 0.036041 0.444099 -0.098960
1678843347407 0.025045 -0.186925 -0.079412
1678843347437 0.293826 -0.566883 -0.024435
1678843347478 0.282831 -0.483805 -0.191201
1678843347494 0.056810 0.096517 -0.471588
1678843347507 -0.067806 0.633467 -0.625526
1678843347533 0.161268 0.527177 -0.508240
1678843347558 0.266948 0.057421 -0.387289
1678843347586 0.026878 -0.123395 -0.368352
1678843347617 -0.092852 0.022602 -0.338419
1678843347636 0.081856 0.170431 -0.245568
1678843347668 0.213803 0.003054 -0.136223
1678843347695 0.079412 -0.176540 -0.069639
1678843347722 0.093462 -0.440434 -0.007941
1678843347742 0.205251 -0.433714 0.091019
1678843347763 0.169210 -0.223577 0.124006
1678843347789 0.088575 -0.167377 0.124617
1678843347814 -0.061697 0.046426 0.144164
1678843347839 -0.180205 0.315817 0.197309
1678843347868 -0.171042 0.286496 0.145997
1678843347909 -0.315206 0.323148 0.140499
1678843347923 -0.600481 0.564439 0.310930
1678843347942 -0.541227 0.378126 0.601702
1678843347968 -0.268170 -0.155160 0.591318
1678843347996 0.007330 -0.422719 0.441045
1678843348026 0.128893 -0.147219 0.328645
1678843348044 -0.050091 0.400728 0.304822
1678843348070 -0.414167 0.733649 0.426995
1678843348116 -0.460592 0.571159 0.677450
1678843348134 -0.215025 0.232740 0.770912
1678843348147 0.106291 -0.085521 0.819781
1678843348171 0.154549 -0.210749 0.938289
1678843348201 0.048258 -0.229685 0.976774
1678843348223 -0.050702 -0.152105 0.905913
1678843348249 -0.150273 -0.087354 0.770301
1678843348274 -0.228464 -0.078802 0.582765
1678843348306 -0.318872 -0.048258 0.429438
1678843348326 -0.417832 0.105680 0.302989
1678843348357 -0.459982 0.194866 0.114843
1678843348376 -0.393397 0.075136 -0.182038
1678843348425 0.023213 -0.254731 -0.497244
1678843348470 0.340863 -0.518014 -0.541837
1678843348479 0.282831 -0.318261 -0.349415
1678843348486 0.184481 -0.006720 -0.215025
1678843348504 0.354302 -0.138666 -0.335976
1678843348532 0.553444 -0.657902 -0.384234
1678843348554 0.394008 -0.648128 -0.370795
1678843348581 0.003665 -0.039706 -0.489914
1678843348606 -0.399506 0.863153 -0.617585
1678843348644 -0.375071 1.260826 -0.524122
1678843348675 0.053145 0.598037 -0.279165
1678843348689 0.367741 -0.304822 -0.354913
1678843348708 0.533896 -0.474642 -0.468534
1678843348734 0.627359 -0.103236 -0.450208
1678843348761 0.618806 0.087354 -0.333532
1678843348801 0.431271 0.045204 -0.181427
1678843348819 0.181427 0.156992 0.026878
1678843348839 -0.065363 0.458760 0.349415
1678843348869 -0.196088 0.536340 0.681726
1678843348897 -0.248011 0.362854 0.849103
1678843348924 -0.244346 0.123395 0.846048
1678843348938 -0.208305 0.108734 0.931570
1678843348963 -0.410501 0.330478 1.012204
1678843348996 -1.138042 0.977384 1.238224
1678843349034 -1.456303 0.882700 1.640784
1678843349060 -0.921185 -0.056200 1.770288
1678843349078 -0.274278 -0.667065 1.402547
1678843349121 -0.132558 -0.258396 1.063516
1678843349135 -0.232740 0.194866 0.895528
1678843349143 -0.307265 0.255953 0.755640
1678843349185 -0.134390 0.160658 0.786794
1678843349202 0.239459 0.211970 0.830777
1678843349220 0.472810 0.425162 0.865596
1678843349244 0.439823 0.618196 0.951117
1678843349270 0.364076 0.626748 1.122159
1678843349297 0.164323 0.478307 1.177137
1678843349329 0.066584 0.421497 1.057408
1678843349358 0.215025 0.299935 0.978606
1678843349377 0.156992 0.221133 0.935846
1678843349399 -0.016493 0.240070 0.916909
1678843349429 -0.122784 0.023824 0.814894
1678843349483 -0.093462 -0.234572 0.461203
1678843349503 0.307265 -0.696386 0.199142
1678843349511 0.125838 0.095295 0.224798
1678843349527 -0.637132 1.024421 0.850935
1678843349557 -0.974941 0.645074 1.389108
1678843349578 -0.440434 -0.852768 1.171640
1678843349603 -0.074526 -1.182024 0.718988
1678843349647 -0.044593 0.094684 0.317039
1678843349663 -0.025045 1.445918 0.009774
1678843349679 0.235794 1.436755 0.074526
1678843349730 0.603535 0.321926 0.398284
1678843349745 0.576657 -0.037874 0.473421
1678843349756 0.367130 0.483194 0.500910
1678843349786 0.166766 0.856433 0.650571
1678843349829 0.104458 0.676839 0.885144
1678843349839 -0.029932 0.538172 1.041525
1678843349861 -0.119119 0.431271 0.939511
1678843349890 -0.014050 0.426995 0.819781
1678843349914 0.185703 0.468534 0.876592
1678843349940 0.257785 0.347582 0.902248
1678843349962 0.104458 0.401338 0.885144
1678843350019 -0.004276 0.594983 0.929126
1678843350045 -0.040317 0.878424 1.018923
1678843350052 -0.273668 1.641395 0.881479
1678843350063 -0.356134 1.462411 0.643852
1678843350088 -0.491136 0.433714 0.781907
1678843350115 -1.080010 0.400117 1.199739
1678843350139 -1.888184 1.519222 1.585806
1678843350165 -1.874135 1.611462 1.443475
1678843350190 -0.973108 -0.053145 1.187522
1678843350216 -0.340863 -0.848492 1.146594
1678843350242 -0.625526 0.287718 1.279763
1678843350267 -1.163087 1.140485 1.249219
1678843350294 -1.215011 0.860098 1.139264
1678843350322 -0.640798 -0.043982 1.182635
1678843350358 -0.192423 -0.391565 1.268767
1678843350369 -0.049480 0.075136 1.141096
1678843350413 -0.166155 0.436769 0.994489
1678843350424 -0.221133 0.419664 1.007928
1678843350447 -0.241292 0.409891 0.930348
1678843350472 -0.312152 0.238848 0.686002
1678843350498 -0.231518 -0.162490 0.576657
1678843350525 -0.074526 -0.004887 0.302989
1678843350565 -0.036652 0.247400 0.185703
1678843350573 -0.020769 0.138056 0.120951
1678843350599 -0.027489 -0.304822 0.018326
1678843350626 -0.474031 -0.080023 0.050702
1678843350651 -0.679893 0.908357 0.156382
1678843350679 -0.353691 0.751975 0.042150
1678843350715 0.021380 -0.163712 0.150273
1678843350726 -0.136223 -1.026865 -0.189979
1678843350753 -0.570548 -0.104458 -0.620028
1678843350778 -0.569326 1.353067 -0.350026
1678843350812 -0.169821 1.516778 0.119119
1678843350830 0.172264 0.727540 0.386678
1678843350863 0.744645 0.770912 0.695165
1678843350883 0.583376 0.632856 0.140499
1678843350919 -0.258396 1.238224 -0.265116
1678843350933 -0.538172 2.908940 0.490525
1678843350963 0.039706 2.005471 0.681726
1678843350987 0.263283 -0.075747 0.668287
1678843351008 0.282220 0.734260 0.695165
1678843351034 0.395230 1.180802 0.486860
1678843351063 -0.332311 0.509462 0.484416
1678843351125 -0.043371 0.208916 0.904081
1678843351137 0.796568 -0.001833 1.189965
1678843351144 0.982271 -0.162490 1.172861
1678843351163 1.381166 0.970665 1.133766
1678843351190 1.733025 2.092213 1.522276
1678843351215 0.930959 1.882076 1.724473
1678843351238 0.494190 2.162463 2.023797
1678843351266 1.929723 0.998154 2.430022
1678843351304 2.938873 0.168599 2.762333
1678843351317 2.725681 1.186911 2.813035
1678843351343 2.131920 2.054951 2.405587
1678843351368 1.607186 1.467298 1.678658
1678843351392 1.628567 1.463633 1.792889
1678843351427 2.191784 2.420248 1.987145
1678843351458 2.691472 2.683531 1.800831
1678843351474 2.530815 2.810591 1.848478
1678843351507 1.987756 2.736065 1.985312
1678843351520 1.884519 2.195450 2.106874
1678843351556 2.235156 1.958434 1.950493
1678843351572 2.528982 1.531439 1.878411
1678843351620 2.361605 2.182011 1.829541
1678843351633 1.893682 1.913230 1.803274
1678843351648 1.875356 1.422705 1.700649
1678843351676 1.954158 1.996918 1.622458
1678843351701 2.062281 2.178956 1.413542
1678843351737 2.230269 1.773953 1.089784
1678843351762 1.998751 1.312749 0.957226
1678843351800 1.149037 0.714101 0.981050
1678843351811 0.873537 1.267545 0.700052
1678843351828 1.070236 2.197282 0.530842
1678843351856 1.364673 2.232713 0.361021
1678843351890 1.393384 1.858252 0.345750
1678843351903 1.323745 1.729970 0.445932
1678843351934 1.271211 1.990199 0.287718
1678843351961 1.371392 2.091603 0.155771
1678843351986 1.761124 2.574797 0.091019
1678843352026 1.713477 3.172223 0.007941
1678843352044 1.552209 2.623055 -0.044593
1678843352060 2.016466 2.373822 -0.177151
1678843352083 2.032959 2.389094 -0.168599
1678843352130 2.137418 2.276084 -0.354913
1678843352143 2.216830 2.663983 -0.547946
1678843352164 1.696984 1.823433 -0.581544
1678843352224 0.929737 1.448362 -0.544892
1678843352236 1.086729 2.176513 -0.558331
1678843352247 1.332297 2.127644 -0.624304
1678843352261 1.228450 1.869859 -0.714101
1678843352289 0.949895 1.520444 -0.136834
1678843352315 0.768468 1.391551 0.221133
1678843352359 1.044580 2.031738 -0.033598
1678843352374 1.333519 2.227826 -0.641409
1678843352390 0.839329 1.790446 -0.684169
1678843352427 0.285885 1.608408 -0.395841
1678843352447 0.419054 1.345736 -0.208305
1678843352504 0.844216 1.639562 -0.424551
1678843352519 1.409266 2.282804 -0.816727
1678843352532 2.044566 2.498439 -1.149648
1678843352543 2.023186 2.174069 -1.436144
1678843352568 1.483792 1.784948 -1.604743
1678843352606 1.466077 2.321288 -1.257161
1678843352648 1.736079 2.699414 -0.986547
1678843352664 1.198518 2.474615 -0.873537
1678843352674 0.667065 1.937054 -1.079399
1678843352695 0.530231 1.764790 -1.334130
1678843352741 0.768468 2.114815 -1.265713
1678843352759 1.366506 2.273030 -1.330464
1678843352775 1.921782 2.406198 -1.409877
1678843352829 2.108096 2.381153 -1.419040
1678843352840 1.626734 1.932778 -1.063516
1678843352853 1.290758 1.378723 -0.720210
1678843352875 1.926058 1.417818 -0.843605
1678843352900 2.411085 1.472185 -1.296256
1678843352937 2.096489 1.118494 -1.224174
1678843352954 1.322523 0.563829 -0.850935
1678843353023 0.405615 0.045204 -0.627359
1678843353034 0.336587 -0.054978 -0.791071
1678843353044 0.904691 0.282220 -0.928515
1678843353056 1.569313 0.510072 -1.341460
1678843353080 2.149024 0.789849 -1.933999
1678843353105 2.414750 1.058630 -1.763568
1678843353150 2.356718 0.643852 -1.452638
1678843353166 1.891239 0.486860 -1.280984
1678843353188 1.081231 0.242514 -1.258382
1678843353207 0.436158 0.144775 -1.379945
1678843353247 0.637743 0.662178 -1.493566
1678843353269 0.821003 0.266337 -1.197907
1678843353289 0.356134 -0.373850 -1.149648
1678843353310 -0.345139 -0.470977 -1.458746
1678843353343 -0.185092 -0.167377 -1.973095
1678843353382 0.301767 -0.254731 -1.982258
1678843353396 0.460592 -0.013439 -2.130087
1678843353411 0.334143 0.010385 -2.464841
1678843353438 -0.290161 -0.516792 -2.282804
1678843353479 -0.338419 -1.182635 -2.441018
1678843353496 0.286496 -0.139277 -2.753781
1678843353514 0.463036 0.232129 -2.736065
1678843353539 0.671341 -0.136834 -2.871067
1678843353578 1.420262 -0.149051 -2.792265
1678843353601 1.232115 -0.160047 -2.524706
1678843353616 0.616363 -0.383623 -2.574186
1678843353642 0.941343 -0.413556 -2.845410
1678843353677 1.097725 -0.402560 -2.729957
1678843353712 0.653626 -0.553444 -2.636494
1678843353731 1.325578 -0.284663 -2.631608
1678843353744 1.462411 -0.280387 -2.442239
1678843353771 0.767247 -0.676228 -2.266310
1678843353815 1.296867 -0.302378 -2.196671
1678843353839 1.739133 0.147219 -1.847257
1678843353856 1.527774 -0.207694 -1.736079
1678843353910 2.040901 -0.337808 -1.828320
1678843353926 2.222328 -0.059254 -1.709201
1678843353936 2.094046 0.140499 -1.502118
1678843353953 3.089146 -0.028100 -0.999376
1678843353974 2.844189 -0.036652 -0.689056
1678843354015 2.533869 0.235183 -0.722043
1678843354030 3.037833 0.707993 -0.316428
1678843354065 3.415958 -0.203418 0.310320
1678843354078 2.913827 -0.041539 0.673173
1678843354106 3.260799 0.785573 0.412945
1678843354127 3.517362 1.533272 0.726319
1678843354158 2.858849 0.967000 1.255939
1678843354193 1.876578 0.420275 1.282817
1678843354205 1.547933 0.579100 1.153314
1678843354230 1.690264 1.033584 1.155757
1678843354263 1.756238 1.237002 1.174083
1678843354292 1.890628 1.031751 0.992045
1678843354306 1.833817 1.069014 0.969443
1678843354338 1.890017 1.327410 0.888809
1678843354381 1.842981 1.257771 0.809396
1678843354402 1.581530 0.854600 1.217454
1678843354414 1.259604 0.717767 1.415986
1678843354434 1.383610 0.788016 1.418429
1678843354474 1.766011 1.372003 1.593747
1678843354488 1.560150 1.504561 1.571756
1678843354513 1.300532 1.313360 1.351234
1678843354536 1.185689 1.374447 1.262048
1678843354582 1.100779 1.520444 1.351234
1678843354596 1.294423 1.719586 1.351234
1678843354614 1.367116 1.419040 1.324967
1678843354638 1.560761 1.074512 1.461801
1678843354670 1.733636 1.120938 1.562593
1678843354712 1.847867 1.663997 1.750129
1678843354726 1.452638 1.720807 1.750129
1678843354740 1.178359 1.450805 1.780061
1678843354767 0.861320 1.144761 1.645060
1678843354815 0.497855 0.961502 1.447140
1678843354831 0.519846 1.182635 1.370171
1678843354846 0.401949 1.377501 1.330464
1678843354868 0.124006 1.511281 1.200961
1678843354907 0.357967 2.040901 1.406823
1678843354921 0.307265 2.447737 1.409877
1678843354950 -0.046426 2.246762 1.294423
1678843354971 0.036041 2.150246 1.431257
1678843354997 0.033598 2.300519 1.384832
1678843355036 -0.107512 2.205224 1.035417
1678843355055 -0.235794 2.059838 0.881479
1678843355123 0.117286 2.188119 0.979217
1678843355138 0.312152 2.277306 0.972497
1678843355150 -0.079412 2.125200 1.009760
1678843355159 -0.329867 1.769677 1.035417
1678843355176 0.164934 2.027462 1.015869
1678843355201 0.397673 1.965153 0.934624
1678843355226 -0.531453 1.473407 0.949895
1678843355253 -1.183857 1.053743 0.535118
1678843355305 -1.041525 0.892474 0.555887
1678843355330 -0.098349 1.653001 0.489914
1678843355339 0.258396 2.392148 0.133779
1678843355367 0.074526 2.195450 -0.103236
1678843355410 -0.295048 1.472796 0.063530
1678843355434 -0.413556 1.722029 0.177151
1678843355442 0.258396 2.401922 -0.116675
1678843355459 0.384845 2.116037 -0.347582
1678843355483 -0.142332 1.714699 -0.368352
1678843355513 0.159436 2.175291 -0.381180
1678843355547 0.538172 2.324342 -0.423330
1678843355565 0.608422 2.307238 -0.562607
1678843355587 0.683558 2.194228 -0.681726
1678843355611 0.722043 1.933388 -0.748921
1678843355649 0.199753 1.194242 -0.915687
1678843355668 -0.161268 1.089784 -1.063516
1678843355690 -0.137445 1.043358 -0.951117
1678843355712 -0.057421 0.733649 -0.932180
1678843355741 -0.146608 0.576046 -1.116051
1678843355785 0.087965 0.616974 -1.213178
1678843355800 0.322537 0.780686 -1.085508
1678843355827 0.426995 0.728151 -0.967000
1678843355840 0.553444 0.759305 -1.008538
1678843355879 0.447153 0.921185 -0.799012
1678843355897 0.320093 0.658513 -0.666454
1678843355920 0.092241 0.464258 -0.528398
1678843355945 0.461203 0.549779 -0.651182
1678843355971 0.591928 0.735482 -0.936456
1678843356022 0.169821 0.494801 -0.966389
1678843356036 -0.602924 0.131947 -0.758084
1678843356046 -0.971887 0.155771 -0.563218
1678843356070 -0.394619 0.248011 -0.508851
1678843356095 -0.129503 0.130725 -0.328035
1678843356128 -0.213192 0.066584 -0.298713
1678843356148 -0.123395 0.105680 -0.383623
1678843356172 -0.411112 -0.144164 -0.342085
1678843356229 -0.770912 -0.168599 -0.463036
1678843356238 -0.974941 0.036652 -0.389732
1678843356256 -1.011593 -0.006109 -0.135612
1678843356308 -0.939511 0.410501 0.003054
1678843356323 -0.919963 0.608422 -0.062919
1678843356331 -0.611476 0.628580 -0.101404
1678843356354 -0.173486 0.993267 -0.098960
1678843356378 -0.405615 0.926072 -0.280387
1678843356408 -1.258993 0.324980 -0.426995
1678843356445 -1.106888 0.917520 -0.483805
1678843356460 -1.141707 1.778229 -0.233351
1678843356484 -1.533883 2.704300 -0.109956
1678843356504 -1.816102 2.287080 0.278555
1678843356539 -0.564439 2.320677 -0.079412
1678843356579 1.394605 1.310306 -0.561996
1678843356600 1.215622 1.200350 -0.640798
1678843356610 0.219911 0.714712 -0.518625
1678843356632 -0.489303 -0.370184 -0.540616
1678843356660 -0.276111 0.137445 -0.883311
1678843356692 0.061087 0.131336 -0.817949
1678843356711 -0.204640 -0.394619 -0.577268
1678843356735 -0.378126 -0.490525 -0.317650
1678843356830 0.081856 -0.164934 -0.045815
1678843356842 0.705549 -0.213803 -0.139888
1678843356856 0.929126 -0.510072 -0.469755
1678843356861 0.599259 -0.924239 -0.648739
1678843356864 0.960280 -0.871094 -0.641409
1678843356888 0.996321 -0.866207 -0.558331
1678843356913 0.120340 -1.425149 -0.774577
1678843356939 -0.313985 -2.470339 -0.925461
1678843356969 0.015272 -2.809980 -0.853379
1678843357012 0.363465 -1.732414 -0.916909
1678843357025 0.163101 -1.806329 -1.426370
1678843357046 -0.458760 -2.861293 -1.694540
1678843357094 -0.061087 -2.435520 -1.663386
1678843357109 0.568716 -2.158798 -1.938275
1678843357120 -0.393397 -2.711631 -2.441628
1678843357146 -1.673160 -2.522263 -2.656653
1678843357169 -1.196685 -2.605340 -2.709187
1678843357198 -0.546114 -2.765998 -2.635273
1678843357221 -0.980439 -2.110539 -3.012787
1678843357254 -0.366519 -1.536937 -3.251636
1678843357292 -0.136834 -2.051286 -2.807537
1678843357304 -1.861917 -1.753794 -2.393981
1678843357334 -3.118467 -0.281609 -3.095865
1678843357351 -1.593137 -0.502742 -3.646255
1678843357390 -0.971276 -0.296881 -2.904053
1678843357427 -1.547933 -0.036041 -2.984688
1678843357441 -1.504561 -0.237627 -3.384193
1678843357454 -1.262048 0.034819 -2.572964
1678843357476 -1.486846 0.400728 -2.104431
1678843357503 -1.712255 0.613309 -2.171015
1678843357532 -1.790446 0.334754 -2.307238
1678843357573 -2.222939 0.627359 -2.309071
1678843357606 -2.273640 1.004262 -2.142915
1678843357614 -1.491122 1.247998 -1.858863
1678843357629 -1.554041 1.690875 -2.061670
1678843357655 -2.095879 1.769066 -2.383596
1678843357685 -1.571756 1.709812 -2.539978
1678843357705 -1.167974 1.943773 -2.655431
1678843357761 -1.613295 1.713477 -2.800817
1678843357775 -1.835650 1.026865 -2.593123
1678843357785 -1.773953 1.072679 -2.081829
1678843357808 -2.073277 1.175305 -2.003638
1678843357833 -2.196671 0.907135 -2.002416
1678843357859 -2.701857 0.365908 -2.022575
1678843357893 -2.710409 0.563218 -1.908954
1678843357910 -1.517389 0.122784 -1.528385
1678843357964 -0.786184 0.229685 -0.695165
1678843357974 -1.002430 0.560774 -0.436769
1678843357993 -0.695165 0.180816 -0.274278
1678843358045 -0.679893 -0.163101 0.120951
1678843358060 -0.827722 -0.313374 0.390954
1678843358068 -0.688445 -0.114843 0.758084
1678843358094 -0.419664 -0.438601 1.047634
1678843358114 -0.425773 -0.659124 1.128879
1678843358142 -0.377515 -0.408669 1.053132
1678843358166 0.004887 0.002443 1.070236
1678843358201 0.227242 0.224188 0.983493
1678843358232 0.172264 0.106901 0.640798
1678843358243 0.236405 0.015272 0.288939
1678843358267 0.138666 0.190590 0.059865
1678843358293 0.102014 0.041539 -0.002443
1678843358331 0.236405 -0.215635 0.207694
1678843358345 0.349415 0.016493 0.201586
1678843358378 1.053132 0.168599 0.524122
1678843358395 1.623680 0.318872 1.067792
1678843358424 1.436755 0.663400 1.246165
1678843358468 0.951117 0.701273 1.019534
1678843358480 0.338419 0.681115 0.763582
1678843358503 -0.385456 0.279165 0.667065
1678843358523 -0.747088 0.116064 0.711047
1678843358562 -0.966389 0.117286 0.475253
1678843358601 -1.544878 0.287107 0.287718
1678843358623 -1.390329 0.147219 -0.067806
1678843358629 -0.725097 0.268170 0.034819
1678843358653 -0.398284 0.029932 0.309709
1678843358676 -0.924239 0.037263 0.044593
1678843358704 -1.897958 -0.143553 -0.439212
1678843358741 -2.660929 0.081856 -0.420886
1678843358761 -2.464230 0.183870 -0.408058
1678843358778 -1.962099 0.613309 -0.397062
1678843358804 -1.750740 0.628580 -0.521679
1678843358836 -1.935221 0.704328 -0.637743
1678843358859 -2.177735 0.810007 -0.844827
1678843358888 -2.310903 0.692110 -1.019534
1678843358929 -2.787989 0.461814 -1.043969
1678843358942 -3.227201 0.324980 -1.026865
1678843358967 -3.314555 0.131947 -1.073901
1678843359012 -3.182608 0.439823 -1.016480
1678843359032 -2.904053 0.569937 -0.926683
1678843359042 -2.786156 0.772745 -0.819781
1678843359065 -2.948036 0.813062 -0.699441
1678843359106 -3.520416 0.456927 -0.896750
1678843359129 -4.024991 0.632856 -0.858877
1678843359136 -3.957796 0.939511 -0.616974
1678843359162 -3.709785 0.957226 -0.328035
1678843359198 -3.860668 1.123381 -0.439212
1678843359216 -4.250401 1.211957 -0.762360
1678843359242 -4.399452 1.059240 -0.654237
1678843359300 -4.675562 0.703106 -0.519846
1678843359310 -4.379904 0.861320 -0.361021
1678843359318 -3.274238 1.043358 -0.091019
1678843359341 -2.762333 1.010982 0.102014
1678843359366 -2.642603 1.404379 0.158825
1678843359396 -2.231491 0.880257 0.262672
1678843359432 -1.866193 0.434325 0.578489
1678843359446 -1.277930 0.551611 1.059851
1678843359468 -0.620028 0.318261 1.205237
1678843359494 -0.578489 0.075747 1.018923
1678843359537 -0.351248 -0.365297 1.056186
1678843359548 0.161268 -0.817949 1.216233
1678843359576 0.227853 -0.844216 1.362840
1678843359628 -0.072082 -0.792292 1.164309
1678843359636 0.010385 -1.151481 0.875370
1678843359656 -0.207694 -1.361619 0.950506
1678843359707 -0.271835 -1.136209 0.861931
1678843359721 0.129503 -1.049466 0.949285
1678843359731 -0.010385 -1.229672 1.259604
1678843359751 -0.438601 -1.361008 1.535104
1678843359776 -0.536951 -1.607797 1.616349
1678843359803 -0.755640 -1.651169 1.302365
1678843359843 -0.362854 -1.393994 1.525331
1678843359864 0.321926 -0.973108 2.061670
1678843359878 0.470366 -0.887587 2.186287
1678843359903 0.559553 -0.956615 2.249817
1678843359938 0.671952 -0.872316 2.472172
1678843359979 0.543670 -0.617585 2.590679
1678843359995 0.179594 -0.658513 2.506380
1678843360008 -0.018326 -0.750753 2.270586
1678843360031 -0.249844 -0.395230 2.281582
1678843360081 -0.246179 -0.343917 2.139250
1678843360095 -0.191201 -0.527177 1.971873
1678843360112 -0.244957 -0.381791 2.103820
1678843360174 0.037263 -0.305433 2.115426
1678843360188 0.224188 -0.276722 2.042123
1678843360196 0.339030 -0.062308 2.149635
1678843360210 0.273057 0.079412 2.069000
1678843360256 -0.187536 0.194866 1.828930
1678843360266 -0.480751 0.090408 1.583363
1678843360286 -0.295048 0.099571 1.608408
1678843360312 -0.006720 0.675617 1.596191
1678843360358 -0.171042 0.427606 1.361008
1678843360371 -0.691499 -0.255342 0.890642
1678843360404 -0.972497 -0.307265 0.618196
1678843360416 -0.848492 -0.111788 0.543059
1678843360461 -0.979217 -0.189979 0.283441
1678843360465 -0.445321 0.042761 0.007330
1678843360492 0.073304 0.160658 0.107512
1678843360521 -0.402560 0.109345 0.729984
1678843360544 -1.653001 -0.724486 0.789849
1678843360568 -2.116648 -1.293813 0.281609
1678843360606 -1.530217 -1.348790 0.140499
1678843360676 -0.468534 -1.577865 0.332922
1678843360694 0.408058 -1.247387 0.512516
1678843360703 0.775799 -0.953561 0.348193
1678843360711 0.811229 -1.039693 0.217468
1678843360721 0.871705 -1.252274 0.273057
1678843360747 0.438601 -1.293813 0.053145
1678843360780 -0.117286 -1.045190 -0.293215
1678843360800 -0.169210 -0.893085 -0.364687
1678843360872 -0.276722 -1.437977 -0.320704
1678843360882 -0.383623 -1.823433 -0.287107
1678843360894 0.150884 -1.464244 0.109345
1678843360902 0.678671 -1.537548 -0.032376
1678843360926 0.654848 -1.365284 -0.306654
1678843360960 0.401949 -1.585806 0.051313
1678843360978 -0.423330 -2.687807 0.054367
1678843361002 -1.241278 -2.943149 -0.389732
1678843361055 -1.318858 -2.109318 -0.881479
1678843361069 -0.368352 -2.102598 -0.491747
1678843361079 2.190563 -0.690889 -0.247400
1678843361104 2.659096 -0.097128 -0.882700
1678843361150 1.303586 -0.819170 -1.762346
1678843361165 0.205251 -0.145997 -2.362216
1678843361184 0.005498 0.287107 -2.592512
1678843361245 -0.248622 -0.161879 -3.111137
1678843361260 -0.744645 -0.042761 -3.809967
1678843361268 -0.431271 -0.161879 -4.260174
1678843361284 -0.411723 0.554055 -4.422664
1678843361308 -0.515570 1.318247 -4.422053
1678843361334 -0.116064 0.846659 -4.718323
1678843361380 -0.227242 1.311528 -5.044525
1678843361398 0.603535 1.998140 -4.580878
1678843361411 1.535104 1.825265 -3.630372
1678843361436 0.880868 2.061670 -3.232699
1678843361469 0.941343 2.790432 -2.974914
1678843361518 0.671952 2.040901 -2.897945
1678843361531 -0.369573 1.166753 -2.542421
1678843361540 0.291994 1.483181 -1.877800
1678843361565 0.816727 1.306030 -1.230283
1678843361590 0.318872 1.369560 -1.284039
1678843361624 -0.122784 0.888198 -1.430036
1678843361641 -0.457538 0.288328 -1.643227
1678843361669 -0.834442 -0.463036 -1.896737
1678843361716 -0.243735 -1.078177 -1.436144
1678843361729 0.811840 -1.643838 -0.921796
1678843361747 0.989602 -1.704925 -0.483805
1678843361796 0.834442 -2.015244 -0.383013
1678843361808 0.821003 -2.395813 -0.558331
1678843361824 1.247387 -2.186287 -0.479529
1678843361845 1.665830 -2.107485 -0.332311
1678843361897 1.613906 -2.654209 -0.494801
1678843361908 1.480127 -2.789822 -0.453262
1678843361926 2.174069 -2.488054 0.203418
1678843361975 2.887560 -2.191174 0.853990
1678843361990 3.021339 -1.991421 1.027475
1678843362014 3.453832 -1.591304 1.265102
1678843362062 3.878994 -1.335962 1.665219
1678843362077 3.370144 -1.081231 1.454470
1678843362087 2.385429 -1.277319 0.936456
1678843362101 1.967597 -1.475240 0.928515
1678843362127 2.296853 -0.983493 1.134377
1678843362153 2.719572 -0.064141 1.539380
1678843362179 2.108096 0.108123 1.259604
1678843362215 0.914465 0.310320 0.602313
1678843362232 0.618806 0.783129 0.447153
1678843362259 0.871705 1.243722 0.631635
1678843362300 0.585209 1.604132 0.766025
1678843362315 -0.384234 1.292591 -0.070860
1678843362343 -0.234572 1.537548 -0.423330
1678843362357 0.161879 1.482570 0.041539
1678843362385 0.014050 1.477683 0.742812
1678843362407 1.058630 1.951715 1.604132
1678843362439 1.741577 2.803871 2.331673
1678843362466 0.885144 3.075096 2.495995
1678843362498 -0.292604 3.088535 2.574186
1678843362530 -0.660345 2.924823 2.598010
1678843362537 -0.152716 3.641368 3.020118
1678843362567 0.654848 3.995670 3.549127
1678843362596 1.962099 3.882659 3.855170
1678843362670 3.291342 4.144721 4.137390
1678843362725 3.696346 4.571105 4.477031
1678843362739 3.436728 3.529579 3.701844
1678843362750 3.277292 2.891225 3.042109
1678843362754 1.994475 3.264464 2.452013
1678843362757 0.107512 2.893669 1.563204
1678843362764 -0.890642 2.991407 1.163087
1678843362791 -0.616363 3.211930 1.007928
1678843362825 0.812451 2.645046 0.813672
1678843362848 1.751351 2.497828 0.794736
1678843362905 1.123381 2.277306 0.569326
1678843362919 -0.135612 1.503950 0.115454
1678843362930 -0.692110 0.747699 -0.251066
1678843362944 -0.534507 0.599870 -0.548557
1678843362969 -0.136223 0.560774 -0.511905
1678843363003 0.282831 0.654848 -0.249233
1678843363042 1.111164 0.873537 -0.196699
1678843363054 1.758681 1.062906 -0.152716
1678843363086 2.466674 0.925461 -0.188147
1678843363099 2.698803 0.519846 -0.486249
1678843363125 2.020742 0.240681 -0.626748
1678843363151 0.931570 0.226631 -0.291994
1678843363195 0.831388 -0.568105 -0.036652
1678843363206 1.445918 -0.754419 0.286496
1678843363265 1.849089 -0.339641 0.800233
1678843363277 1.870469 -0.365297 0.800233
1678843363288 1.391551 -0.524733 0.664011
1678843363303 0.941343 -0.181427 0.232740
1678843363328 1.279763 -0.327424 -0.425773
1678843363368 1.148427 -0.547335 -0.333532
1678843363385 1.351234 0.074526 -0.243124
1678843363404 2.621223 0.472810 -0.293826
1678843363429 3.675576 0.717156 -0.145386
1678843363455 4.147775 0.183870 -0.408058
1678843363491 3.679241 -0.380569 -0.212581
1678843363506 1.623680 1.105055 -0.150273
1678843363532 0.390954 1.882687 -1.764790
1678843363558 0.710436 0.786184 -3.221092
1678843363589 0.677450 0.372017 -3.307225
1678843363613 0.777021 1.010982 -2.197893
1678843363634 1.248609 1.033584 -1.153314
1678843363666 1.214400 0.831388 -0.738536
1678843363716 0.962724 0.915076 -1.171029
1678843363731 0.838718 0.493579 -1.588250
1678843363742 0.812451 0.148440 -1.423316
1678843363762 0.622472 0.621861 -1.426981
1678843363802 -0.001833 0.838718 -1.557706
1678843363841 -0.896750 0.767247 -1.478294
1678843363859 -1.505783 0.392175 -1.599856
1678843363870 -0.971276 0.926683 -1.282817
1678843363897 -0.026267 1.065960 -0.735482
1678843363935 -0.619417 0.310320 -0.945009
1678843363948 -1.858252 -0.115454 -1.235170
1678843363967 -1.546711 0.007941 -1.503950
1678843363992 0.153327 0.215025 -1.026865
1678843364038 0.176540 -0.110567 -0.777021
1678843364056 -1.420262 -0.747088 -0.869261
1678843364074 -2.123368 -0.893696 -0.850935
1678843364095 -0.886365 -0.637743 -0.817338
1678843364132 0.505796 -0.307876 -0.709825
1678843364170 0.752586 -0.458760 -0.323148
1678843364183 0.322537 -0.956615 -0.012828
1678843364215 0.108123 -0.997543 0.010996
1678843364236 -0.312763 -1.042136 -0.050702
1678843364266 -1.365895 -1.437366 -0.121562
1678843364277 -2.540589 -2.212554 -0.304822
1678843364313 -3.006068 -2.393370 -0.195477
1678843364328 -2.939484 -2.362216 0.186925
1678843364352 -2.466674 -2.326786 0.105069
1678843364400 -1.085508 -2.123368 0.362854
1678843364413 0.502131 -1.690875 0.802066
1678843364435 1.334741 -1.274265 -0.227242
1678843364453 0.574824 -1.211957 -1.173472
1678843364494 -1.474629 -1.187522 -1.674382
1678843364507 -2.199726 -1.269989 -1.718364
1678843364529 -0.350637 -0.797790 -1.980425
1678843364555 1.216844 -0.913244 -2.143526
1678843364595 0.892474 -1.339017 -2.344501
1678843364606 -0.451429 -1.603521 -3.210708
1678843364631 -0.145386 -1.153924 -3.715893
1678843364672 1.474018 -1.012815 -3.313944
1678843364711 1.988366 -1.086118 -3.236364
1678843364728 2.092213 -0.621250 -3.686572
1678843364740 2.450181 -0.995099 -3.993837
1678843364764 1.357343 -0.682947 -4.405560
1678843364785 0.265116 0.120951 -4.945565
1678843364831 1.158201 0.147829 -5.051856
1678843364842 1.887574 -0.133779 -5.450140
1678843364898 1.808772 0.003054 -5.221676
1678843364908 2.591901 0.218690 -4.455651
1678843364922 3.801414 0.099571 -3.722613
1678843364944 3.637092 -0.255953 -4.098295
1678843364963 2.918714 -0.299935 -4.771469
1678843365000 3.475212 -0.439212 -3.867388
1678843365037 4.202142 0.290772 -1.483792
1678843365093 3.389080 0.790460 -0.888809
1678843365102 1.784337 -0.210138 -2.656653
1678843365112 -0.146608 -1.087340 -2.309681
1678843365130 -1.539380 -0.485027 -1.042136
1678843365143 -1.137431 -0.290772 -0.002443
1678843365174 -0.466090 -0.783740 0.956615
1678843365194 -0.507018 -1.566869 1.403768
1678843365225 -1.676214 -1.918728 1.305419
1678843365249 -2.986520 -1.010982 1.337795
1678843365271 -3.163060 -0.657291 1.183246
1678843365335 -2.077553 -0.924850 1.525941
1678843365350 -0.708604 -0.515570 2.311514
1678843365358 -0.053756 0.119730 2.690251
1678843365374 -0.100182 0.675006 2.928488
1678843365398 -0.703717 0.530842 2.568688
1678843365427 -1.645060 0.627969 1.844813
1678843365450 -1.785559 0.876592 1.624902
1678843365506 -1.228450 1.172250 1.712255
1678843365528 -0.783129 1.302976 1.587639
1678843365534 -0.811229 1.490511 1.379945
1678843365562 -0.935235 1.306641 0.993267
1678843365578 -1.166142 1.280984 0.574213
1678843365603 -1.863139 1.433701 -0.125838
1678843365628 -1.736690 1.327410 -0.580322
1678843365657 -1.332297 1.576032 -0.387289
1678843365691 -0.656680 1.999362 -0.182649
1678843365734 0.367130 1.895515 -0.257785
1678843365738 0.226020 1.795944 -0.740369
1678843365790 -0.471588 1.868637 -1.397049
1678843365801 -0.296881 1.976760 -1.781894
1678843365807 -0.107512 2.234545 -1.500896
1678843365833 -0.533896 2.470950 -1.411710
1678843365858 -0.338419 2.634662 -1.484403
1678843365884 -0.059865 2.598621 -1.434312
1678843365927 -0.491747 2.688418 -1.517389
1678843365934 -0.913244 2.735455 -1.346958
1678843365963 -0.770301 2.492330 -0.924850
1678843365988 -0.965778 2.138028 -0.990823
1678843366023 -1.065960 1.698816 -1.109331
1678843366061 -0.801455 1.398270 -0.701884
1678843366074 -0.648128 1.871080 -0.365908
1678843366097 -0.806953 2.114205 -0.582765
1678843366141 -1.263269 1.541824 -1.107499
1678843366190 -1.624902 1.243111 -1.538770
1678843366203 -2.336560 1.620625 -2.025018
1678843366214 -2.160630 2.060448 -2.502715
1678843366225 -1.320691 1.726305 -2.700024
1678843366242 0.051313 1.517389 -1.931556
1678843366291 1.633454 1.733025 -0.916909
1678843366301 1.875967 1.885130 -0.587041
1678843366325 0.219301 1.303586 -1.508226
1678843366347 -1.803274 0.785573 -2.348166
1678843366383 -2.809980 0.571159 -2.371379
1678843366396 -2.819143 0.231518 -1.594358
1678843366434 -2.983466 0.098960 -1.187522
1678843366449 -3.098919 0.502742 -1.321302
1678843366472 -2.144748 0.594983 -1.051299
1678843366497 -0.724486 0.857655 -0.977384
1678843366526 -0.389732 1.185079 -0.958448
1678843366554 -1.292591 1.032973 -1.261437
1678843366575 -1.613295 0.752586 -1.707979
1678843366601 -1.155757 0.900415 -1.790446
1678843366656 -0.556498 0.644463 -1.466077
1678843366671 -0.463036 0.387899 -0.997543
1678843366685 -0.501520 0.486249 -0.566272
1678843366702 -0.169821 0.175318 -0.166155
1678843366742 -0.461203 0.194255 0.113010
1678843366759 -0.894918 0.312763 0.149051
1678843366781 -1.226617 -0.456316 0.386067
1678843366805 -2.442239 -0.516792 0.347582
1678843366831 -1.884519 0.190590 0.475864
1678843366862 -0.711658 0.126449 0.675006
1678843366898 -1.025032 0.042150 1.032362
1678843366914 -0.912633 0.012828 1.335962
1678843366935 -0.621861 -0.120340 1.926669
1678843366985 -1.208902 -0.578489 2.171626
1678843367000 -1.790446 -0.766636 2.150856
1678843367010 -1.613295 -0.518014 1.977371
1678843367034 -1.277930 -0.591318 1.791057
1678843367060 -1.295645 -0.408058 1.770898
1678843367088 -0.924850 -0.324369 1.685377
1678843367125 -0.323148 -0.469145 1.866193
1678843367140 -0.418443 -0.205251 2.054951
1678843367162 -0.413556 -0.087965 1.975538
1678843367188 -0.379347 -0.701273 2.063503
1678843367227 -0.835053 -0.651182 2.269975
1678843367239 -0.926072 -0.506407 2.180789
1678843367264 -0.769079 -0.462425 1.731192
1678843367291 -0.938900 -0.870483 1.544878
1678843367317 -1.210124 -1.044580 1.394605
1678843367342 -1.349401 -0.993267 1.450805
1678843367367 -1.627345 -1.052521 1.571145
1678843367399 -1.533883 -1.706758 1.376890
1678843367423 -1.962710 -2.222328 1.236391
1678843367495 -1.952325 -1.659110 1.409877
1678843367507 -1.285260 -1.668273 0.882700
1678843367525 -0.800233 -1.310306 0.624304
1678843367530 -0.141721 -1.052521 0.965167
1678843367546 -0.238848 -1.271211 1.150259
1678843367585 -1.607186 -1.668273 0.773966
1678843367599 -2.477669 -2.232102 0.119730
1678843367622 -2.025629 -2.384207 -0.074526
1678843367649 -0.916909 -2.311514 0.059254
1678843367676 -0.408058 -2.446515 -0.182649
1678843367699 -0.558331 -2.605951 -0.489303
1678843367725 -0.836885 -2.512489 -0.575435
1678843367758 -0.665232 -2.285247 -0.560163
1678843367809 -0.372628 -2.519819 -0.690278
1678843367826 -0.375071 -2.568688 -0.846659
1678843367838 -0.419054 -2.260201 -0.776410
1678843367853 -0.092241 -1.660332 -0.625526
1678843367878 -0.381791 -1.800220 -0.877203
1678843367910 -1.270600 -1.943162 -1.180192
1678843367950 -1.368949 -1.825876 -1.280984
1678843367964 -0.428827 -1.009760 -0.978606
1678843367982 -0.023213 -0.805120 -0.891863
1678843368006 -0.544281 -0.866207 -1.607797
1678843368044 -1.387275 -0.544892 -2.100155
1678843368060 -1.026865 -0.127671 -2.118481
1678843368083 -0.078191 -0.247400 -2.215608
1678843368143 -0.174097 -1.146594 -2.281582
1678843368154 -0.662789 -0.398895 -1.843591
1678843368163 -0.456927 0.669508 -2.620612
1678843368186 0.341474 0.637743 -3.814243
1678843368225 -0.283441 0.417221 -3.233921
1678843368241 -1.040914 1.147205 -2.882062
1678843368261 0.579711 1.392162 -3.360370
1678843368287 1.271211 1.097725 -3.854560
1678843368324 0.221133 1.354288 -4.026824
1678843368338 0.505186 2.133142 -3.428787
1678843368418 0.978606 1.430036 -3.745215
1678843368433 -0.958448 1.420873 -5.046358
1678843368443 -2.508213 1.871080 -5.626680
1678843368450 -1.399492 1.379945 -4.716491
1678843368466 -0.307876 2.266310 -3.908927
1678843368491 0.275500 3.139847 -3.986507
1678843368523 -0.065363 2.376877 -4.569272
1678843368544 -2.023186 1.534493 -4.897918
1678843368570 -3.061657 1.720196 -4.486805
1678843368647 -2.722016 2.180789 -4.075082
1678843368663 -2.236378 2.409863 -3.596164
1678843368674 -1.623069 1.959045 -3.534466
1678843368682 -0.623083 2.055562 -3.112969
1678843368696 -0.146608 2.287690 -2.710409
1678843368723 -0.243124 1.532661 -3.025615
1678843368756 -0.634078 0.973108 -3.148400
1678843368774 -1.318247 1.091005 -2.910162
1678843368798 -1.996308 1.014036 -2.745839
1678843368853 -2.354886 0.612087 -2.652988
1678843368865 -2.438574 0.034819 -2.667038
1678843368875 -2.359162 -0.583987 -2.693305
1678843368901 -2.490498 -0.653626 -2.651766
1678843368945 -2.332894 -0.781907 -2.708576
1678843368959 -2.028073 -0.846048 -2.723848
1678843368979 -1.927280 -0.951117 -2.408031
1678843369003 -2.152689 -1.241889 -2.624277
1678843369032 -2.710409 -1.483181 -3.238197
1678843369077 -2.822197 -1.620625 -3.296229
1678843369098 -2.587014 -1.830152 -2.860682
1678843369105 -2.321899 -1.683545 -2.326175
1678843369131 -1.868637 -1.761124 -2.398868
1678843369156 -1.597413 -1.715310 -2.607173
1678843369185 -1.948660 -1.343293 -2.392148
1678843369211 -2.784324 -1.318858 -2.401311
1678843369233 -3.255912 -1.269378 -2.623666
1678843369271 -2.713463 -0.866818 -2.254704
1678843369314 -1.606576 -0.198531 -1.421483
1678843369327 -0.819170 0.426384 -0.638965
1678843369339 -0.620639 0.583987 -0.268781
1678843369362 -0.865596 0.346361 -0.295659
1678843369389 -1.323134 -0.193644 -0.557109
1678843369445 -2.476448 -0.417221 -0.695165
1678843369468 -3.751934 -0.648739 -0.850324
1678843369479 -4.143499 -1.076345 -0.924239
1678843369492 -3.405574 -1.005484 -0.790460
1678843369539 -1.919339 -0.392175 -0.270613
1678843369552 -0.744645 0.177151 0.310320
1678843369579 -0.585820 0.256563 0.321926
1678843369596 -1.129490 0.094684 0.092852
1678843369630 -1.703092 -0.372017 -0.241903
1678843369675 -2.574797 -0.379958 -0.612087
1678843369696 -3.472158 0.010385 -0.857655
1678843369705 -3.342044 -0.020769 -0.907746
1678843369724 -2.694527 0.284663 -0.466090
1678843369744 -2.036014 0.965167 -0.257174
1678843369774 -1.292591 1.160033 -0.565661
1678843369818 -0.582765 0.791681 -1.538159
1678843369832 -0.503353 0.600481 -2.273030
1678843369862 -0.455705 0.613920 -2.205834
1678843369906 -0.558331 0.690278 -1.848478
1678843369925 -1.122770 0.847270 -2.059227
1678843369936 -1.562593 0.583987 -2.504548
1678843369950 -1.606576 0.151495 -2.810591
1678843369974 -1.130101 0.260229 -2.576019
1678843370007 -0.430660 0.849714 -1.923004
1678843370027 0.114843 0.948674 -1.351234
1678843370092 0.219911 0.764192 -1.005484
1678843370102 0.185092 0.825279 -0.532674
1678843370111 0.218690 0.440434 -0.302378
1678843370131 0.190590 0.418443 -0.085521
1678843370179 0.124006 0.500910 0.507018
1678843370193 0.380569 0.136834 0.781297
1678843370204 0.378126 -0.100793 0.778853
1678843370230 0.457538 -0.277944 1.032973
1678843370261 0.736093 -0.387899 1.762346
1678843370291 1.021367 -0.334754 2.760500
1678843370331 1.916895 -0.019548 3.561955
1678843370343 3.225368 0.120951 4.058589
1678843370379 3.681685 -0.029932 4.158771
1678843370396 2.797763 -0.216857 4.202753
1678843370421 1.511891 -0.334143 4.103182
1678843370435 0.611476 -0.728762 3.626096
1678843370460 0.192423 -1.143540 3.194214
1678843370485 -0.049480 -1.290758 3.095865
1678843370522 -0.233961 -1.292591 3.089756
1678843370536 -0.105680 -1.139264 3.016453
1678843370564 0.418443 -1.080010 2.782491
1678843370603 0.707993 -0.976774 2.574186
1678843370616 0.653015 -0.952339 2.371990
1678843370646 0.526566 -0.968832 2.188119
1678843370670 0.446543 -0.930348 2.092824
1678843370690 0.106291 -1.219287 1.732414
1678843370718 -0.136834 -1.382999 1.291369
1678843370764 0.206472 -1.299921 1.182024
1678843370774 1.285871 -0.892474 1.282206
1678843370795 1.659110 -0.478307 1.180802
1678843370836 1.139875 -0.478918 0.668287
1678843370852 0.881479 -0.448986 -0.040317
1678843370874 1.276708 -0.224798 -0.435547
1678843370894 1.505172 0.190590 -0.423330
1678843370931 1.601689 0.340863 -0.401338
1678843370969 1.403157 0.264505 -0.847270
1678843370992 1.239446 0.394619 -1.285871
1678843370998 1.486846 0.746477 -1.255939
1678843371023 1.656056 0.897972 -1.301754
1678843371051 1.510670 0.868650 -1.521665
1678843371073 1.273043 0.756862 -1.697595
1678843371110 1.365895 0.834442 -1.658499
1678843371128 1.661554 1.211346 -1.322523
1678843371151 1.891239 1.459357 -1.279763
1678843371179 2.109929 1.230893 -1.234559
1678843371210 1.574811 0.753197 -1.323745
1678843371249 0.553444 0.323148 -1.370171
1678843371294 0.088575 -0.035430 -1.051910
1678843371305 -0.240681 -0.271224 -0.651182
1678843371316 -0.172264 -0.567494 0.154549
1678843371332 0.898583 -0.860709 1.601078
1678843371388 2.069612 -0.707382 2.748283
1678843371402 2.685975 -0.635911 3.583336
1678843371411 2.500882 -0.537561 4.078747
1678843371431 1.564426 -0.725708 4.307822
1678843371457 1.167974 -0.992656 4.238794
1678843371485 2.159409 -0.604146 4.528344
1678843371508 2.605951 0.282220 5.046968
1678843371537 1.274876 0.508240 4.826447
1678843371584 -0.624915 0.084910 4.219246
1678843371598 -1.357953 -0.139277 4.026213
1678843371618 -0.846659 0.004887 4.170377
1678843371635 -0.592539 0.405615 4.470923
1678843371677 -1.273654 0.755640 4.300491
1678843371691 -1.819768 0.832609 3.731776
1678843371715 -1.978593 0.781907 3.179554
1678843371738 -1.867415 1.004873 3.225979
1678843371771 -1.282817 1.252885 3.643200
1678843371815 -1.308473 1.374447 3.746437
1678843371826 -1.576032 1.169807 3.238197
1678843371840 -1.543656 0.871094 2.691472
1678843371865 -1.299921 0.994489 2.189952
1678843371918 -0.927293 0.924239 2.136196
1678843371931 -1.594358 0.350026 2.070222
1678843371946 -1.817935 -0.028100 1.622458
1678843371968 -1.125214 0.124617 1.481348
1678843372006 -0.222966 0.416610 1.844202
1678843372047 -0.226631 0.254120 1.849700
1678843372074 -0.923628 0.013439 1.503950
1678843372090 -1.439198 -0.360410 0.836275
1678843372096 -1.609630 -0.401949 0.599259
1678843372123 -1.348180 -0.431882 0.927904
1678843372164 -1.496620 -0.861931 0.866207
1678843372176 -2.059227 -1.183857 0.624915
1678843372200 -1.861917 -1.356121 0.525344
1678843372224 -1.053743 -1.383610 0.673173
1678843372259 -0.628580 -1.304197 0.766636
1678843372278 -0.475253 -1.291980 0.726319
1678843372327 -0.480140 -1.437977 0.600481
1678843372339 -0.546114 -1.309695 0.448986
1678843372358 -0.540005 -1.058019 0.253509
1678843372383 -0.511905 -1.273654 0.180816
1678843372416 -0.629191 -1.568702 0.273668
1678843372454 -0.589485 -1.665830 -0.072693
1678843372489 -0.669508 -1.324356 -0.326202
1678843372550 -0.705549 -1.161255 -0.623083
1678843372560 -0.520457 -1.292591 -1.063516
1678843372572 -0.099571 -1.634675 -1.888184
1678843372582 0.083078 -1.673771 -2.172848
1678843372589 0.210138 -1.454470 -1.841759
1678843372611 0.788016 -1.718975 -1.872302
1678843372634 0.950506 -1.545489 -1.959045
1678843372703 0.637132 -1.047634 -2.207056
1678843372715 0.631024 -1.205237 -2.786156
1678843372727 0.613309 -1.637730 -3.285844
1678843372738 0.513738 -1.232726 -3.087924
1678843372783 0.845438 -0.692110 -2.601675
1678843372789 1.329854 -0.740980 -2.563802
1678843372816 0.819170 -0.860709 -2.630386
1678843372841 -0.120340 -0.838107 -3.094643
1678843372868 0.546114 -0.828944 -3.324939
1678843372893 1.252885 -0.759305 -2.429411
1678843372932 0.080634 -0.382402 -1.817324
1678843372945 -0.541837 -0.158214 -2.395813
1678843372981 0.295048 -0.596204 -3.210097
1678843372995 0.454484 -1.018923 -3.023783
1678843373022 -0.481362 -0.822225 -2.479502
1678843373050 -0.379958 -0.351248 -2.178956
1678843373072 1.113607 -0.111788 -1.858863
1678843373097 1.934610 0.150273 -1.683545
1678843373124 1.954769 0.491136 -1.588861
1678843373154 1.910787 0.684169 -1.144761
1678843373176 1.587028 0.481973 -0.916298
1678843373209 0.893696 0.290161 -1.223563
1678843373251 0.204029 0.335365 -1.737912
1678843373264 -0.276111 0.282220 -2.263867
1678843373279 -0.346971 0.399506 -2.399479
1678843373303 0.042761 0.780686 -1.934610
1678843373328 0.366519 0.979217 -1.465466
1678843373387 0.204029 1.009760 -1.355510
1678843373401 -0.146608 0.906524 -1.486235
1678843373414 -0.185703 0.752586 -1.815492
1678843373431 -0.072693 0.667676 -1.967597
1678843373458 -0.104458 0.693332 -1.995697
1678843373491 -0.303600 0.805731 -1.995086
1678843373523 -0.392786 0.788627 -1.957823
1678843373537 -0.361632 0.583987 -2.004860
1678843373559 -0.415999 0.613309 -1.908343
1678843373585 -0.466090 0.810618 -1.711034
1678843373631 -0.270002 0.795347 -1.663386
1678843373640 -0.033598 0.832609 -1.713477
1678843373662 0.283441 0.999986 -1.316415
1678843373687 0.158214 1.022588 -0.603535
1678843373720 -0.638354 0.400728 0.094073
1678843373752 -1.268767 -0.423330 0.282831
1678843373797 -0.820392 -0.738536 0.531453
1678843373807 0.747699 -0.505796 1.418429
1678843373823 2.043344 -0.308487 2.626721
1678843373842 2.197282 -0.363465 3.521027
1678843373892 1.758681 -0.446543 3.802025
1678843373902 1.298089 -0.527788 3.625485
1678843373919 1.142929 -0.630413 3.378696
1678843373947 0.986547 -0.671952 3.348763
1678843373982 0.861931 -0.592539 3.332270
1678843374001 1.097725 -0.541837 3.167336
1678843374041 1.489900 -0.295048 3.114191
1678843374057 1.935221 0.205251 3.237586
1678843374082 2.306627 0.423330 3.248581
1678843374099 2.235767 0.224188 3.011566
1678843374136 1.767233 0.218690 2.688418
1678843374182 1.312139 0.125838 2.263256
1678843374194 0.970665 -0.189979 1.882687
1678843374202 0.809396 -0.248011 1.685988
1678843374227 0.489303 -0.245568 1.507005
1678843374270 0.221133 -0.606589 1.087951
1678843374288 -0.163712 -1.010982 1.015258
1678843374307 -0.387289 -1.275487 1.260215
1678843374364 -0.182649 -1.317025 1.642006
1678843374375 -0.194866 -1.121549 1.963932
1678843374391 -0.464868 -0.704938 1.869859
1678843374408 -0.504575 -0.233351 1.838704
1678843374433 -0.772134 0.091630 1.877800
1678843374462 -1.073901 0.205251 1.735468
1678843374486 -0.968221 0.372628 1.786170
1678843374510 -0.915687 0.616363 1.894293
1678843374554 -1.026865 0.718378 1.901013
1678843374565 -0.955393 0.525955 1.863139
1678843374588 -0.743423 0.470366 1.814881
1678843374615 -0.627969 0.698219 1.834428
1678843374639 -0.450208 0.868650 1.711034
1678843374686 0.031765 0.810618 1.610852
1678843374692 0.117286 0.624304 1.714699
1678843374731 -0.358578 0.628580 1.552209
1678843374772 -0.459371 0.542448 1.494787
1678843374792 -0.224188 0.199142 1.353677
1678843374802 -0.167377 -0.156992 0.888809
1678843374823 -0.011606 -0.550390 0.394008
1678843374843 -0.444710 -0.720821 0.236405
1678843374877 -1.066571 -0.310320 0.370184
1678843374894 -0.996321 0.494190 0.988991
1678843374934 -0.009163 0.992045 1.587028
1678843374949 0.772134 0.765414 2.102598
1678843374978 0.430660 0.282220 1.918117
1678843375019 -0.633467 -0.166766 1.233948
1678843375032 -1.537548 -0.405004 0.755640
1678843375062 -1.698816 -0.461203 0.700052
1678843375101 -1.134988 -0.121562 0.730595
1678843375115 -0.401949 0.079412 0.655458
1678843375127 -0.262672 -0.081245 0.579100
1678843375166 -0.582765 -0.764803 0.569937
1678843375198 -0.912633 -1.434922 0.712269
1678843375214 -1.216844 -2.038457 1.276098
1678843375239 -1.045190 -2.337170 1.586417
1678843375297 -0.189979 -1.810605 0.893085
1678843375317 0.453873 -1.225396 0.376904
1678843375323 0.078191 -0.442266 -0.260839
1678843375330 -0.452040 -0.419054 -1.064738
1678843375356 -0.335976 0.280387 -1.562593
1678843375383 -0.088575 0.967611 -1.791057
1678843375409 -0.017715 1.135599 -1.979814
1678843375447 -0.693943 1.450805 -2.433687
1678843375495 -1.586417 2.040290 -3.159395
1678843375507 -1.850311 1.768455 -3.600440
1678843375516 -2.557082 1.354899 -3.350596
1678843375538 -3.140458 1.964543 -3.280346
1678843375576 -2.856406 1.968208 -3.386637
1678843375592 -2.873510 1.816713 -3.003014
1678843375616 -2.703690 2.638938 -3.334102
1678843375639 -1.344514 2.361605 -3.821573
1678843375673 -0.788627 2.414750 -3.654196
1678843375714 -1.087951 2.612060 -4.061643
1678843375729 -0.720210 2.872899 -4.459316
1678843375742 0.237627 2.657875 -3.960850
1678843375768 0.122173 2.246151 -3.934583
1678843375815 -0.302378 2.232102 -4.158160
1678843375830 0.467923 2.730568 -3.640146
1678843375846 1.400714 2.733622 -2.819754
1678843375870 1.257161 1.884519 -2.417805
1678843375911 0.582765 1.213789 -1.973095
1678843375925 0.402560 0.951728 -1.807550
1678843375966 0.393397 0.653626 -1.658499
1678843375982 0.167988 0.483194 -1.507615
1678843376007 -0.296270 0.748310 -1.178970
1678843376060 -0.431271 0.970665 -0.970054
1678843376069 -0.229685 1.026865 -0.882700
1678843376088 0.323148 1.076345 -0.444710
1678843376103 0.988991 0.700052 0.122173
1678843376139 1.494176 0.551611 0.900415
1678843376158 1.841148 0.698219 1.661554
1678843376191 1.950493 0.508851 1.903456
1678843376222 2.115426 0.498466 1.824044
1678843376237 2.480724 0.386678 1.913230
1678843376276 2.517987 0.090408 2.337170
1678843376297 2.208278 0.335365 2.691472
1678843376326 1.950493 0.295048 2.817921
1678843376332 1.891239 0.021380 2.838080
1678843376385 1.693318 -0.097128 2.918103
1678843376399 1.293813 -0.077580 2.812424
1678843376418 0.928515 -0.193644 2.524095
1678843376435 0.668287 -0.352469 2.433076
1678843376464 0.657291 -0.668287 2.419637
1678843376519 0.646906 -1.156368 2.019521
1678843376537 0.282220 -1.310917 1.978593
1678843376545 0.072693 -1.310306 2.054951
1678843376564 -0.128893 -1.769677 1.897347
1678843376589 -0.406836 -1.979203 1.240056
1678843376625 -0.437990 -1.769677 1.029308
1678843376641 -0.127671 -1.614517 0.935235
1678843376711 -0.111788 -1.593747 0.329867
1678843376728 -0.401338 -1.920560 -0.149051
1678843376737 -0.808175 -2.566245 -0.304211
1678843376743 -1.200961 -3.506366 -0.499077
1678843376794 -1.213178 -3.649309 -0.748310
1678843376798 -0.957226 -3.699400 -1.081842
1678843376848 0.420886 -3.663359 -1.145372
1678843376862 0.871705 -2.877175 -1.028086
1678843376873 1.047634 -2.420248 -0.631024
1678843376897 1.280984 -2.584571 -0.733649
1678843376923 0.806953 -2.562580 -1.092227
1678843376988 0.586431 -2.476448 -1.004262
1678843377001 0.422108 -2.684142 -1.065960
1678843377015 0.309098 -2.443461 -1.234559
1678843377025 0.905913 -2.132531 -1.242500
1678843377054 1.437977 -1.839926 -1.024421
1678843377077 1.430646 -1.852754 -1.117272
1678843377127 1.237613 -2.025629 -1.274265
1678843377138 1.243722 -1.979814 -1.427592
1678843377158 1.466077 -1.667662 -1.463022
1678843377187 1.583363 -1.431868 -1.112386
1678843377218 1.312139 -2.687196 -1.210124
1678843377258 0.908967 -3.158784 -1.556485
1678843377271 0.715323 -2.047009 -1.732414
1678843377306 0.874148 -1.634065 -1.687210
1678843377322 0.986547 -1.944995 -1.651780
1678843377342 0.874759 -1.273654 -1.507615
1678843377391 0.525955 -1.083064 -1.610241
1678843377406 0.061697 -1.381777 -1.613906
1678843377416 0.205251 -0.954172 -1.480737
1678843377437 0.603535 -0.689056 -1.477072
1678843377461 0.578489 -1.032362 -1.519833
1678843377498 -0.246179 -1.134988 -1.384221
1678843377517 -0.901026 -1.100168 -1.175916
1678843377548 -0.688445 -0.553444 -1.053743
1678843377582 -0.197309 -0.235183 -0.892474
1678843377590 -0.098960 -0.494190 -0.697608
1678843377616 -0.282831 -0.235794 -0.498466
1678843377644 -0.494190 -0.220522 -0.426384
1678843377687 -0.422719 0.018326 -0.424551
1678843377698 -0.131947 0.115454 -0.475253
1678843377730 -0.086132 0.128893 -0.301767
1678843377744 -0.197309 0.291994 0.080023
1678843377776 -0.315206 0.312763 0.303600
1678843377828 -0.312152 0.639576 0.640798
1678843377843 -0.012217 0.251066 0.842383
1678843377853 0.230296 -0.241903 0.664621
1678843377872 0.222355 0.041539 0.587041
1678843377902 0.178984 0.281609 0.542448
1678843377925 0.237016 0.079412 0.384845
1678843377964 0.147829 -0.086132 0.282831
1678843377978 0.044593 0.008552 0.269392
1678843378005 -0.031154 0.265116 0.295659
1678843378026 0.027489 0.313985 0.216246
1678843378061 0.201586 0.169821 0.098960
1678843378101 0.260839 0.048258 0.108123
1678843378115 0.206472 0.059254 0.179594
1678843378131 0.130114 0.087354 0.146608
1678843378157 0.227853 0.021380 0.029932
1678843378205 0.312763 -0.276111 0.015882
1678843378221 0.332311 -0.301157 0.132558
1678843378239 0.497244 -0.174707 0.174707
1678843378257 0.689056 -0.340252 0.177762
1678843378296 0.742201 -0.535118 0.174707
1678843378310 1.028697 -0.295048 0.288939
1678843378336 1.333519 0.047037 0.359189
1678843378360 1.214400 -0.032987 0.343306
1678843378390 0.931570 -0.102625 0.460592
1678843378433 0.722654 0.418443 0.521679
1678843378450 0.838107 0.947452 0.673784
1678843378462 1.150870 0.597426 0.959058
1678843378492 1.025643 0.719599 1.462411
1678843378532 0.330478 1.074512 2.036625
1678843378549 -0.251066 1.369560 2.423302
1678843378575 -0.215635 1.587639 2.480724
1678843378593 0.163712 1.634675 2.453235
1678843378631 0.075136 1.988366 2.425135
1678843378669 -0.468534 2.031738 2.199115
1678843378689 -0.511294 1.946828 1.913841
1678843378702 -0.169210 1.910176 2.098933
1678843378722 -0.135001 1.426370 2.302962
1678843378747 -0.350026 1.577254 2.266310
1678843378772 -0.866207 1.823433 2.167350
1678843378820 -1.045190 1.541824 2.187508
1678843378831 -0.734871 1.482570 2.198504
1678843378851 -0.351248 1.763568 2.058005
1678843378897 -0.990823 2.031127 2.145970
1678843378912 -1.912619 1.592526 2.188730
1678843378926 -1.678047 1.169196 2.079385
1678843378950 -0.872316 1.306641 1.966986
1678843379000 -0.542448 1.881465 1.986534
1678843379014 -0.895528 1.839926 1.897958
1678843379034 -1.378112 1.430646 1.916284
1678843379090 -1.643227 1.408044 2.081829
1678843379102 -1.194852 1.268767 2.247984
1678843379117 -0.780075 0.946230 2.298686
1678843379130 -0.940732 0.684169 2.141694
1678843379155 -1.472185 1.026254 2.313347
1678843379202 -1.773953 0.885144 2.629775
1678843379212 -1.629789 0.868650 2.875343
1678843379233 -1.308473 0.784962 2.720183
1678843379258 -1.372003 0.717767 2.604729
1678843379284 -1.514335 0.503353 2.473393
1678843379330 -1.263880 0.606589 2.295632
1678843379364 -0.642630 0.485027 2.142915
1678843379378 -0.068417 0.158214 2.164907
1678843379408 -0.056200 0.098960 2.322510
1678843379426 -0.365908 0.324980 2.520430
1678843379438 -0.549779 0.493579 2.564412
1678843379471 -0.422719 0.356134 2.417805
1678843379505 -0.206472 0.355524 2.302351
1678843379549 -0.149662 0.378736 2.106874
1678843379562 -0.182649 0.592539 1.924226
1678843379572 -0.268170 0.544281 1.774564
1678843379593 -0.072082 0.260839 1.536326
1678843379618 0.237627 0.106291 1.461801
1678843379653 0.281609 0.027489 1.500896
1678843379694 0.239459 -0.275500 1.502118
1678843379708 -0.054978 -0.180816 1.346958
1678843379722 -0.021380 0.171042 1.318858
1678843379755 0.615752 -0.175929 1.219898
1678843379795 0.846659 -0.332922 1.024421
1678843379809 0.565050 -0.166766 0.918130
1678843379823 0.124617 0.368963 0.995099
1678843379850 -0.313374 0.822225 1.001208
1678843379882 -0.450819 0.396452 1.051910
1678843379927 -0.347582 0.034208 1.248609
1678843379946 -0.110567 0.160047 1.375058
1678843379955 -0.049480 0.301767 1.293202
1678843379979 -0.034819 0.248011 1.232115
1678843380004 -0.012217 0.280387 1.251052
1678843380032 0.105069 0.260229 1.205237
1678843380066 -0.116064 0.456927 1.366506
1678843380110 -0.281609 0.624915 1.494176
1678843380115 -0.280998 0.607200 1.473407
1678843380130 -0.001222 0.733038 1.347569
1678843380163 0.244346 1.029919 1.320080
1678843380183 0.288328 0.971887 1.341460
1678843380224 0.163101 0.741590 1.420262
1678843380254 0.063530 0.725097 1.477683
1678843380269 0.000611 0.809396 1.458135
1678843380293 -0.166766 0.722043 1.458135
1678843380318 -0.435547 0.659734 1.478294
1678843380336 -0.494190 0.641409 1.476461
1678843380402 -0.343306 0.509462 1.446529
1678843380421 -0.242514 0.395230 1.205848
1678843380426 -0.106291 0.412334 1.027475
1678843380439 0.017715 0.536951 0.932180
1678843380464 0.012217 0.530842 0.923628
1678843380490 0.001833 0.549779 0.857655
1678843380536 0.070860 0.573602 0.755029
1678843380551 -0.011606 0.551000 0.743423
1678843380568 -0.059254 0.541227 0.766636
1678843380593 -0.047647 0.502742 0.703106
1678843380623 -0.105680 0.417221 0.641409
1678843380670 -0.048258 0.309709 0.572992
1678843380692 0.075747 0.328035 0.467312
1678843380698 0.109345 0.405004 0.435547
1678843380722 -0.050702 0.397062 0.452651
1678843380747 -0.142332 0.372017 0.428827
1678843380772 -0.064752 0.327424 0.370795
1678843380812 0.013439 0.310320 0.284052
1678843380823 -0.160047 0.474031 0.253509
1678843380855 -0.335976 0.419054 0.356134
1678843380896 -0.029322 0.149051 0.363465
1678843380905 0.331089 0.029322 0.381791
