# Created at Tue Mar 14 18:22:07 MST 2023
1678843328124 0.165745 -0.169318 -0.941197 0.240851
1678843328156 0.173158 -0.170597 -0.939695 0.240595
1678843328169 0.180854 -0.180654 -0.936235 0.241082
1678843328178 0.188376 -0.189406 -0.932630 0.242571
1678843328185 0.184591 -0.196449 -0.931419 0.244526
1678843328191 0.188787 -0.201297 -0.928824 0.247233
1678843328198 0.189447 -0.202912 -0.926414 0.254350
1678843328204 0.189611 -0.198159 -0.925237 0.262139
1678843328211 0.193536 -0.193478 -0.923460 0.268946
1678843328219 0.214694 -0.194581 -0.915350 0.279604
1678843328225 0.231828 -0.189694 -0.908398 0.291693
1678843328239 0.240780 -0.175721 -0.903279 0.308602
1678843328271 0.240599 -0.167498 -0.898516 0.326690
1678843328334 0.234903 -0.158690 -0.895316 0.343580
1678843328373 0.229232 -0.147919 -0.891271 0.362228
1678843328448 0.232444 -0.155483 -0.886165 0.369467
1678843328483 0.234531 -0.160852 -0.881209 0.377616
1678843328546 0.206024 -0.168375 -0.883667 0.385145
1678843328624 0.214595 -0.162538 -0.881317 0.388345
1678843328672 0.198809 -0.153164 -0.880319 0.402560
1678843328730 0.177167 -0.151590 -0.881841 0.409865
1678843328786 0.171613 -0.146857 -0.883135 0.411163
1678843328839 0.163884 -0.143321 -0.884663 0.412277
1678843328905 0.154376 -0.146206 -0.885589 0.412945
1678843328964 0.157943 -0.145281 -0.885449 0.412223
1678843329031 0.162484 -0.146254 -0.881286 0.418979
1678843329100 0.162750 -0.146318 -0.874231 0.433386
1678843329148 0.172232 -0.141628 -0.869365 0.441002
1678843329202 0.166539 -0.131253 -0.872109 0.440981
1678843329259 0.177266 -0.121715 -0.873113 0.437533
1678843329318 0.180694 -0.115425 -0.873201 0.437660
1678843329364 0.184164 -0.122417 -0.872328 0.436052
1678843329411 0.181849 -0.133134 -0.869748 0.439027
1678843329467 0.177921 -0.135619 -0.866477 0.446284
1678843329555 0.187384 -0.136526 -0.862289 0.450229
1678843329592 0.185802 -0.143330 -0.863151 0.447107
1678843329656 0.183776 -0.143742 -0.873442 0.427391
1678843329730 0.185123 -0.148541 -0.882257 0.406556
1678843329767 0.177851 -0.157552 -0.891988 0.384583
1678843329838 0.176754 -0.154864 -0.907504 0.348156
1678843329892 0.180398 -0.174163 -0.916095 0.312881
1678843329947 0.186829 -0.178418 -0.923091 0.284897
1678843330042 0.184308 -0.189298 -0.926187 0.269025
1678843330070 0.179161 -0.196839 -0.925649 0.268941
1678843330112 0.175838 -0.194645 -0.924809 0.275541
1678843330178 0.167083 -0.177004 -0.925960 0.288707
1678843330228 0.153994 -0.164334 -0.927270 0.299083
1678843330269 0.142697 -0.171745 -0.929904 0.292268
1678843330343 0.145955 -0.176598 -0.932394 0.279557
1678843330372 0.150992 -0.168530 -0.934153 0.275967
1678843330426 0.154376 -0.173855 -0.932682 0.275767
1678843330497 0.149134 -0.180195 -0.928950 0.286952
1678843330567 0.146352 -0.183055 -0.926644 0.293945
1678843330630 0.134377 -0.185989 -0.930256 0.286314
1678843330725 0.136275 -0.183483 -0.938956 0.257148
1678843330791 0.124176 -0.190584 -0.945010 0.234979
1678843330865 0.124306 -0.207124 -0.949716 0.199218
1678843330914 0.137053 -0.200035 -0.953732 0.177759
1678843330969 0.135678 -0.219207 -0.953053 0.158841
1678843331024 0.139845 -0.225192 -0.952462 0.150160
1678843331080 0.138922 -0.220591 -0.953770 0.149543
1678843331107 0.137769 -0.218161 -0.954364 0.150384
1678843331170 0.128254 -0.213014 -0.955147 0.160843
1678843331223 0.111662 -0.201253 -0.957627 0.173144
1678843331293 0.106108 -0.188597 -0.958675 0.184701
1678843331325 0.099207 -0.182094 -0.958585 0.195231
1678843331377 0.090287 -0.187271 -0.958397 0.195584
1678843331482 0.091611 -0.182280 -0.959814 0.192714
1678843331497 0.092381 -0.185662 -0.960066 0.187800
1678843331567 0.096988 -0.197958 -0.957593 0.185531
1678843331606 0.090318 -0.203874 -0.956573 0.187742
1678843331677 0.082245 -0.208769 -0.955625 0.190874
1678843331733 0.067332 -0.210001 -0.957577 0.185509
1678843331787 0.069780 -0.209528 -0.961076 0.166016
1678843331852 0.063698 -0.213857 -0.963861 0.145533
1678843331912 0.059917 -0.220591 -0.964016 0.135729
1678843331946 0.062283 -0.228517 -0.965064 0.112036
1678843331984 0.080126 -0.218076 -0.968086 0.093975
1678843332030 0.078214 -0.227172 -0.967571 0.077991
1678843332095 0.083848 -0.237386 -0.966054 0.057941
1678843332183 0.082292 -0.228001 -0.968733 0.052923
1678843332204 0.077880 -0.221305 -0.970934 0.047389
1678843332282 0.069478 -0.214091 -0.973367 0.043536
1678843332307 0.062244 -0.200454 -0.976694 0.044871
1678843332337 0.053955 -0.191363 -0.979085 0.043161
1678843332410 0.047348 -0.194911 -0.979631 0.009541
1678843332464 -0.040205 0.206325 0.976993 0.036035
1678843332536 -0.033817 0.227044 0.968122 0.100236
1678843332603 -0.021306 0.235377 0.958862 0.157251
1678843332644 -0.013469 0.234881 0.948250 0.213240
1678843332715 -0.013905 0.211944 0.940427 0.265487
1678843332813 0.008165 0.216171 0.920509 0.325371
1678843332848 0.014165 0.210725 0.899996 0.381314
1678843332891 0.020186 0.195964 0.887537 0.416496
1678843332936 0.031145 0.187616 0.875236 0.444738
1678843332998 0.056620 0.169284 0.862516 0.473500
1678843333083 0.079938 0.151452 0.847051 0.503166
1678843333116 0.106187 0.141532 0.821874 0.541495
1678843333171 0.122465 0.136418 0.797516 0.574770
1678843333262 0.132400 0.145560 0.765796 0.612242
1678843333290 0.154955 0.146043 0.742810 0.634740
1678843333351 0.180897 0.117882 0.723353 0.655851
1678843333429 0.209936 0.104910 0.689912 0.684793
1678843333441 0.210678 0.104777 0.674556 0.699721
1678843333501 0.198602 0.090930 0.635821 0.740284
1678843333556 0.195671 0.082773 0.605584 0.766896
1678843333596 0.200544 0.092805 0.554473 0.802327
1678843333643 0.207670 0.099913 0.511540 0.827779
1678843333690 0.208985 0.100664 0.476134 0.848227
1678843333740 0.211101 0.107635 0.446815 0.862675
1678843333810 0.221022 0.129982 0.414520 0.873171
1678843333873 0.223450 0.117533 0.397515 0.882178
1678843333925 0.231525 0.106718 0.374282 0.891583
1678843333973 0.231824 0.103176 0.337034 0.906653
1678843334038 0.238997 0.084890 0.296415 0.920767
1678843334091 0.227438 0.096972 0.241586 0.938352
1678843334166 0.250230 0.106858 0.186200 0.944085
1678843334201 0.261838 0.114717 0.141637 0.947745
1678843334256 0.268951 0.106369 0.112382 0.950643
1678843334311 0.267554 0.093463 0.096711 0.954111
1678843334367 0.261033 0.084744 0.084933 0.957845
1678843334421 0.235091 0.081287 0.076351 0.965554
1678843334472 0.222073 0.091167 0.073441 0.967977
1678843334507 0.193406 0.088176 0.082363 0.973671
1678843334571 0.173909 0.072023 0.078987 0.978943
1678843334633 0.170737 0.072497 0.066737 0.980377
1678843334713 0.183174 0.077600 0.068194 0.977638
1678843334731 0.197590 0.091876 0.070439 0.973424
1678843334776 0.213275 0.104045 0.081163 0.968040
1678843334816 0.218410 0.101423 0.091868 0.966215
1678843334870 0.229375 0.098180 0.105639 0.962594
1678843334917 0.225434 0.099026 0.111887 0.962733
1678843334988 0.206875 0.103532 0.102105 0.967501
1678843335043 0.193568 0.108064 0.092509 0.970719
1678843335096 0.200651 0.100835 0.079686 0.971196
1678843335150 0.207954 0.102241 0.069521 0.970293
1678843335196 0.208406 0.110581 0.062191 0.969779
1678843335232 0.231568 0.107534 0.051695 0.965474
1678843335308 0.246651 0.120332 0.043740 0.960610
1678843335350 0.250768 0.130103 0.051484 0.957882
1678843335414 0.254525 0.144563 0.072586 0.953441
1678843335468 0.242884 0.142589 0.102833 0.953992
1678843335534 0.223975 0.107574 0.140180 0.958443
1678843335608 0.206703 0.125573 0.174718 0.954452
1678843335640 0.208451 0.117534 0.183392 0.953468
1678843335703 0.197699 0.121012 0.199224 0.952146
1678843335750 0.209917 0.118882 0.210141 0.947440
1678843335831 0.230652 0.126621 0.219334 0.939500
1678843335877 0.244110 0.126623 0.236452 0.931916
1678843335939 0.249035 0.120671 0.243757 0.929517
1678843335963 0.253365 0.122896 0.245653 0.927555
1678843336030 0.252670 0.119810 0.252681 0.926259
1678843336076 0.243507 0.127328 0.256655 0.926618
1678843336152 0.260750 0.127929 0.246260 0.924662
1678843336202 0.243082 0.138195 0.245883 0.928092
1678843336286 0.251651 0.131929 0.240667 0.928087
1678843336329 0.243859 0.141917 0.247738 0.926832
1678843336371 0.223134 0.135704 0.285378 0.922147
1678843336438 0.230052 0.136435 0.339724 0.901693
1678843336509 0.253497 0.148325 0.410710 0.863167
1678843336563 0.257273 0.166120 0.476578 0.824068
1678843336624 0.233305 0.142498 0.570891 0.774175
1678843336670 0.219205 0.130203 0.611507 0.749036
1678843336725 0.178221 0.129383 0.649222 0.728017
1678843336764 0.151285 0.100038 0.673347 0.716735
1678843336833 0.137347 0.105912 0.688015 0.704666
1678843336864 0.118861 0.123313 0.689869 0.703382
1678843336930 0.101547 0.111250 0.720929 0.676441
1678843336970 0.110294 0.104396 0.742042 0.652925
1678843337049 0.099625 0.144744 0.762691 0.622436
1678843337088 0.091767 0.167250 0.778356 0.598137
1678843337151 0.069579 0.194114 0.795027 0.570448
1678843337205 0.044341 0.185975 0.810107 0.554233
1678843337274 0.052498 0.186797 0.806735 0.558149
1678843337328 0.046570 0.207209 0.793000 0.571005
1678843337382 0.035303 0.228818 0.787374 0.571347
1678843337434 0.023555 0.251673 0.785782 0.564494
1678843337483 0.026441 0.255106 0.794605 0.550295
1678843337536 0.020453 0.255757 0.808148 0.530158
1678843337613 0.025612 0.224605 0.832406 0.505961
1678843337682 0.024764 0.213088 0.847276 0.485906
1678843337749 0.017660 0.219013 0.860164 0.460260
1678843337808 0.002654 0.212546 0.877706 0.429476
1678843337858 0.007346 0.217652 0.884613 0.412351
1678843337913 0.003631 0.217636 0.888692 0.403545
1678843337982 -0.000842 0.208124 0.895550 0.393287
1678843338007 -0.015461 0.218997 0.897298 0.382959
1678843338062 -0.016583 0.236675 0.900417 0.364637
1678843338118 -0.011454 0.235202 0.911202 0.338022
1678843338188 0.005372 0.235514 0.919031 0.316047
1678843338244 0.040500 0.234702 0.923065 0.302035
1678843338304 0.039063 0.233632 0.922289 0.305405
1678843338341 0.023612 0.226732 0.925628 0.302072
1678843338418 0.046572 0.230748 0.921450 0.309059
1678843338467 0.034757 0.238857 0.913399 0.327783
1678843338499 0.030546 0.244993 0.906820 0.341647
1678843338555 0.031669 0.263631 0.895957 0.356029
1678843338614 0.023805 0.285147 0.887271 0.361767
1678843338672 0.023598 0.286338 0.889940 0.354204
1678843338763 0.020436 0.273715 0.900038 0.338518
1678843338779 0.016881 0.250005 0.911788 0.325354
1678843338817 0.005629 0.238720 0.918287 0.315802
1678843338877 -0.016405 0.237024 0.921430 0.307437
1678843338974 -0.032037 0.218322 0.931804 0.288184
1678843339026 -0.066021 0.212963 0.933468 0.280936
1678843339082 -0.075717 0.222656 0.933836 0.269521
1678843339116 -0.084445 0.241292 0.933295 0.252204
1678843339178 -0.083779 0.243327 0.938748 0.229183
1678843339246 -0.064547 0.233484 0.947121 0.210430
1678843339308 -0.063501 0.229289 0.947644 0.212990
1678843339337 -0.069527 0.236141 0.944130 0.219140
1678843339402 -0.080292 0.267906 0.935470 0.216046
1678843339439 -0.057588 0.293897 0.931530 0.206300
1678843339499 -0.061509 0.287573 0.934883 0.198779
1678843339595 -0.059294 0.269499 0.937802 0.210669
1678843339607 -0.064948 0.279819 0.933117 0.216277
1678843339629 -0.076204 0.291702 0.927833 0.219610
1678843339688 -0.077952 0.292328 0.929569 0.210641
1678843339738 -0.089811 0.275027 0.942041 0.169863
1678843339831 -0.109097 0.245618 0.956850 0.110491
1678843339852 -0.112508 0.217883 0.966191 0.079648
1678843339898 0.133404 -0.195228 -0.971572 0.011743
1678843339950 0.120082 -0.191259 -0.970304 0.086662
1678843340007 0.080284 -0.160740 -0.972894 0.145586
1678843340069 0.073079 -0.144290 -0.969725 0.182957
1678843340139 0.103203 -0.151173 -0.962739 0.199074
1678843340204 0.141138 -0.144408 -0.950593 0.235793
1678843340228 0.153818 -0.140515 -0.940688 0.267773
1678843340299 0.176134 -0.121195 -0.924843 0.314572
1678843340336 0.198725 -0.107125 -0.912335 0.341580
1678843340396 0.214374 -0.106250 -0.900392 0.363387
1678843340425 0.243301 -0.104878 -0.878269 0.398056
1678843340478 0.266875 -0.094964 -0.854172 0.436061
1678843340526 0.286249 -0.093417 -0.834042 0.462286
1678843340604 0.300993 -0.095812 -0.813228 0.488757
1678843340642 0.299525 -0.094234 -0.797761 0.514764
1678843340706 0.301868 -0.089825 -0.783549 0.535591
1678843340771 0.277112 -0.085968 -0.777587 0.557832
1678843340857 0.261359 -0.099218 -0.765051 0.580124
1678843340882 0.261386 -0.102546 -0.748291 0.601017
1678843340956 0.265107 -0.097141 -0.712952 0.641858
1678843341037 0.247320 -0.082449 -0.693817 0.671307
1678843341067 0.242744 -0.083842 -0.666542 0.699834
1678843341123 0.233409 -0.081744 -0.651749 0.716981
1678843341211 0.235692 -0.061680 -0.626612 0.740271
1678843341232 0.248470 -0.086454 -0.614162 0.744039
1678843341288 0.243144 -0.075168 -0.602480 0.756471
1678843341339 0.244836 -0.083929 -0.593234 0.762289
1678843341390 0.257193 -0.083688 -0.577151 0.770548
1678843341445 0.264911 -0.086029 -0.562005 0.778827
1678843341507 0.281191 -0.078662 -0.542269 0.787838
1678843341540 0.299806 -0.062030 -0.526559 0.793098
1678843341597 0.282799 -0.066641 -0.547308 0.784881
1678843341641 0.275323 -0.079554 -0.572271 0.768358
1678843341684 0.284174 -0.079776 -0.586829 0.753998
1678843341736 0.279106 -0.097308 -0.611907 0.733622
1678843341791 0.278362 -0.094980 -0.632103 0.716895
1678843341846 0.292027 -0.113160 -0.659936 0.682935
1678843341896 0.298539 -0.122552 -0.674857 0.663644
1678843341942 0.306893 -0.126176 -0.686675 0.646819
1678843342006 0.307665 -0.132403 -0.689415 0.642277
1678843342074 0.290980 -0.125023 -0.688542 0.652387
1678843342138 0.254744 -0.117316 -0.696159 0.660836
1678843342162 0.240311 -0.110343 -0.696890 0.666648
1678843342202 0.228587 -0.101528 -0.696526 0.672526
1678843342233 0.219592 -0.107950 -0.700342 0.670557
1678843342296 0.209893 -0.122694 -0.711400 0.659394
1678843342355 0.217763 -0.109537 -0.719423 0.650393
1678843342420 0.221755 -0.125198 -0.732135 0.631766
1678843342487 0.227460 -0.145119 -0.739707 0.616471
1678843342531 0.238342 -0.153611 -0.741506 0.608084
1678843342578 0.239744 -0.161703 -0.747974 0.597419
1678843342632 0.216531 -0.184027 -0.767319 0.574865
1678843342701 0.212932 -0.174473 -0.795282 0.540135
1678843342761 0.210860 -0.175490 -0.826641 0.491331
1678843342817 0.214995 -0.181881 -0.856806 0.431950
1678843342864 0.209234 -0.207518 -0.885901 0.358242
1678843342931 0.210727 -0.211270 -0.906463 0.298804
1678843342963 0.207340 -0.199047 -0.919324 0.268762
1678843343028 0.194114 -0.185938 -0.931076 0.246667
1678843343082 0.190678 -0.192234 -0.937942 0.216687
1678843343147 0.169685 -0.197015 -0.943218 0.206719
1678843343192 0.142551 -0.190991 -0.949801 0.202682
1678843343232 0.101724 -0.183473 -0.957270 0.199055
1678843343291 0.091338 -0.186467 -0.961078 0.182253
1678843343354 0.085179 -0.194076 -0.966330 0.145897
1678843343403 0.074490 -0.204776 -0.969187 0.114867
1678843343458 0.113506 -0.208195 -0.967954 0.082681
1678843343516 0.129911 -0.222502 -0.963900 0.067181
1678843343569 0.128274 -0.234724 -0.961660 0.060497
1678843343628 0.128592 -0.242211 -0.960249 0.052152
1678843343678 0.126656 -0.252719 -0.958376 0.040074
1678843343714 0.127667 -0.255274 -0.957959 0.029190
1678843343774 -0.129441 0.263276 0.955978 0.006116
1678843343834 -0.142818 0.274703 0.950252 0.034097
1678843343876 -0.115967 0.282213 0.950427 0.059975
1678843343931 -0.112212 0.273601 0.951246 0.087645
1678843343996 -0.099814 0.251820 0.956046 0.112254
1678843344043 -0.081443 0.250064 0.954962 0.137412
1678843344096 -0.079131 0.258811 0.949737 0.157339
1678843344145 -0.077221 0.262366 0.948268 0.161209
1678843344167 -0.074352 0.259769 0.949573 0.159068
1678843344229 -0.067351 0.251678 0.953478 0.151664
1678843344309 -0.043705 0.238912 0.959356 0.143688
1678843344377 -0.050735 0.219362 0.965135 0.133497
1678843344426 -0.028046 0.225045 0.962937 0.146013
1678843344498 -0.030576 0.219843 0.960757 0.166371
1678843344546 -0.018943 0.223916 0.955900 0.189095
1678843344596 -0.005665 0.226412 0.950975 0.210600
1678843344662 0.003812 0.231459 0.939552 0.252299
1678843344707 0.009586 0.231309 0.925025 0.301220
1678843344763 0.038269 0.207693 0.909974 0.356855
1678843344818 0.058420 0.210967 0.876645 0.428454
1678843344875 0.071227 0.209606 0.846074 0.484924
1678843344906 0.068939 0.215706 0.795521 0.562019
1678843344966 0.078794 0.231273 0.752686 0.611366
1678843345001 0.112975 0.228800 0.711936 0.654244
1678843345065 0.121670 0.216245 0.664484 0.704908
1678843345141 0.142637 0.221888 0.620316 0.738667
1678843345174 0.153800 0.220783 0.583396 0.766323
1678843345231 0.148845 0.174606 0.561675 0.794908
1678843345277 0.156856 0.167826 0.544608 0.806618
1678843345330 0.192031 0.153965 0.491388 0.835438
1678843345395 0.206493 0.119345 0.433847 0.868847
1678843345430 0.194265 0.097115 0.400830 0.890037
1678843345475 0.179690 0.085600 0.346473 0.916701
1678843345528 0.178866 0.075097 0.289266 0.937386
1678843345561 0.181384 0.066171 0.264078 0.944978
1678843345623 0.165900 0.047075 0.239224 0.955528
1678843345683 0.151895 0.015841 0.216693 0.964221
1678843345745 0.141126 0.011138 0.196501 0.970230
1678843345789 0.145185 -0.001319 0.175532 0.973709
1678843345820 0.150905 0.025157 0.132233 0.979341
1678843345894 0.156728 0.041949 0.089387 0.982694
1678843345969 0.168610 0.077057 0.061680 0.980729
1678843346026 0.194904 0.105739 0.042910 0.974161
1678843346082 0.217724 0.113552 0.025324 0.969052
1678843346173 0.231556 0.123928 0.008697 0.964857
1678843346195 0.235196 0.123469 -0.001816 0.964072
1678843346237 0.231082 0.123304 -0.021593 0.964848
1678843346294 0.244832 0.098131 -0.048468 0.963368
1678843346338 0.265084 0.082789 -0.092146 0.956235
1678843346399 0.273471 0.104580 -0.125207 0.947945
1678843346448 0.259326 0.109219 -0.146751 0.948307
1678843346488 0.248459 0.101465 -0.159524 0.950013
1678843346544 0.254784 0.090281 -0.171797 0.947323
1678843346623 0.260590 0.089419 -0.171845 0.945815
1678843346661 0.259627 0.094269 -0.162469 0.947265
1678843346708 0.257030 0.098666 -0.149061 0.949727
1678843346767 0.243855 0.108636 -0.125430 0.955510
1678843346844 0.231737 0.131192 -0.095205 0.959178
1678843346914 0.228207 0.120870 -0.081212 0.962661
1678843346951 0.226333 0.114432 -0.076889 0.964244
1678843346983 0.222783 0.123069 -0.062285 0.965061
1678843347039 0.220209 0.118088 -0.041061 0.967407
1678843347101 0.226831 0.115579 -0.013967 0.966951
1678843347179 0.231553 0.110000 0.008875 0.966543
1678843347228 0.231380 0.108540 0.028203 0.966378
1678843347299 0.230905 0.096523 0.034491 0.967562
1678843347330 0.236096 0.102429 0.025797 0.965972
1678843347368 0.239399 0.115669 0.025257 0.963676
1678843347428 0.239757 0.118897 0.023815 0.963230
1678843347442 0.242763 0.113068 0.021655 0.963230
1678843347501 0.246557 0.108741 0.011536 0.962939
1678843347549 0.246047 0.125710 0.000478 0.961071
1678843347614 0.247215 0.126754 -0.010000 0.960582
1678843347667 0.247720 0.129367 -0.015810 0.960026
1678843347699 0.248565 0.122371 -0.016535 0.960712
1678843347759 0.243757 0.094720 -0.016220 0.965063
1678843347809 0.242013 0.086041 -0.013871 0.966351
1678843347866 0.231109 0.091114 -0.007851 0.968620
1678843347925 0.218757 0.101460 -0.000668 0.970490
1678843347983 0.207605 0.102791 0.018832 0.972615
1678843348045 0.211120 0.097012 0.028820 0.972207
1678843348123 0.201834 0.111151 0.046321 0.971989
1678843348155 0.202297 0.113544 0.067949 0.970344
1678843348210 0.209845 0.104251 0.091582 0.967838
1678843348265 0.209562 0.096052 0.112994 0.966483
1678843348328 0.201532 0.090952 0.127470 0.966884
1678843348415 0.189088 0.092020 0.127824 0.969247
1678843348473 0.193919 0.085861 0.115496 0.970404
1678843348494 0.200329 0.083582 0.106053 0.970379
1678843348548 0.212934 0.075053 0.092871 0.969743
1678843348603 0.214215 0.074716 0.079478 0.970677
1678843348658 0.202991 0.102145 0.073499 0.971061
1678843348727 0.213874 0.101352 0.058393 0.969833
1678843348762 0.223565 0.103337 0.048859 0.967963
1678843348840 0.233877 0.110727 0.047820 0.964756
1678843348923 0.228840 0.118394 0.076857 0.963176
1678843348964 0.217877 0.122363 0.100985 0.962995
1678843349046 0.186350 0.136977 0.151454 0.961027
1678843349083 0.178563 0.117659 0.192646 0.957685
1678843349133 0.178343 0.112676 0.207878 0.955136
1678843349194 0.169153 0.121804 0.228609 0.950941
1678843349230 0.173992 0.141199 0.247496 0.942622
1678843349279 0.185831 0.163447 0.273026 0.929628
1678843349330 0.190623 0.170324 0.299159 0.919324
1678843349378 0.197105 0.174118 0.320857 0.909881
1678843349436 0.201154 0.169822 0.347430 0.899994
1678843349509 0.208828 0.154986 0.353572 0.898531
1678843349547 0.195518 0.163131 0.375728 0.891061
1678843349587 0.189312 0.149601 0.399448 0.884433
1678843349643 0.196974 0.130251 0.407766 0.882022
1678843349680 0.182739 0.150338 0.417504 0.877323
1678843349746 0.192590 0.164579 0.425908 0.868577
1678843349793 0.193977 0.178865 0.440618 0.858042
1678843349853 0.189053 0.190375 0.468995 0.841463
1678843349935 0.179169 0.196460 0.500198 0.824077
1678843350029 0.178509 0.202873 0.521658 0.809228
1678843350053 0.166701 0.218930 0.549051 0.789192
1678843350097 0.145687 0.228315 0.573114 0.773426
1678843350136 0.125641 0.222107 0.598611 0.759307
1678843350191 0.077318 0.215181 0.641923 0.731884
1678843350262 0.081430 0.194864 0.667542 0.713993
1678843350278 0.060755 0.192687 0.685892 0.699094
1678843350354 0.033512 0.173909 0.716784 0.674429
1678843350361 0.033728 0.168910 0.723561 0.668425
1678843350419 0.028522 0.167558 0.743734 0.646507
1678843350467 0.020346 0.168889 0.761399 0.625567
1678843350524 0.032836 0.159328 0.773666 0.612353
1678843350584 0.035847 0.158465 0.778377 0.606410
1678843350640 0.035900 0.151187 0.779911 0.606294
1678843350712 0.013911 0.153172 0.783644 0.601870
1678843350741 0.023738 0.142290 0.782847 0.605260
1678843350814 -0.015902 0.149330 0.778774 0.609064
1678843350864 -0.030205 0.165763 0.783317 0.598352
1678843350923 -0.037429 0.183905 0.782367 0.593868
1678843350982 -0.095211 0.226225 0.787697 0.565058
1678843351034 -0.098667 0.245400 0.793907 0.547499
1678843351128 -0.109105 0.253059 0.801768 0.530307
1678843351148 -0.089551 0.272785 0.812907 0.506705
1678843351199 -0.088447 0.326372 0.815019 0.470534
1678843351238 -0.101481 0.361107 0.821507 0.429454
1678843351311 -0.070072 0.432861 0.823440 0.360095
1678843351355 -0.049612 0.505139 0.812959 0.285430
1678843351430 -0.049652 0.561825 0.796919 0.216350
1678843351504 -0.070629 0.635792 0.757780 0.128643
1678843351529 -0.080339 0.677027 0.729117 0.059734
1678843351610 0.076882 -0.727902 -0.681321 0.007085
1678843351648 0.076615 -0.772399 -0.624841 0.084286
1678843351704 0.079930 -0.801866 -0.573340 0.148001
1678843351742 0.087546 -0.817589 -0.539923 0.179908
1678843351806 0.089345 -0.837213 -0.495419 0.213663
1678843351843 0.104747 -0.840608 -0.463691 0.259608
1678843351898 0.131348 -0.843185 -0.422520 0.305392
1678843351961 0.157085 -0.841192 -0.382160 0.348819
1678843352035 0.204614 -0.828105 -0.322151 0.410601
1678843352060 0.235881 -0.816015 -0.284231 0.444627
1678843352134 0.283243 -0.799055 -0.224489 0.480509
1678843352166 0.335134 -0.773661 -0.167704 0.510890
1678843352244 0.375198 -0.742056 -0.130319 0.539997
1678843352292 0.419178 -0.707742 -0.093156 0.560993
1678843352363 0.430622 -0.690058 -0.061773 0.578419
1678843352385 0.458333 -0.655841 -0.027749 0.599194
1678843352451 0.474801 -0.625499 -0.006468 0.619091
1678843352530 0.491960 -0.594196 0.053192 0.634095
1678843352558 0.540515 -0.533264 0.096536 0.643548
1678843352614 0.579873 -0.469010 0.126660 0.654014
1678843352670 0.603089 -0.414384 0.162296 0.661989
1678843352738 0.619393 -0.359634 0.179200 0.674464
1678843352775 0.643441 -0.287917 0.204807 0.679074
1678843352843 0.675247 -0.209607 0.235077 0.666967
1678843352875 0.692473 -0.166049 0.253374 0.654760
1678843352944 0.730848 -0.094488 0.268351 0.620420
1678843353029 0.745064 -0.067278 0.263802 0.608902
1678843353059 0.760370 -0.034565 0.251966 0.597625
1678843353109 0.789128 0.031373 0.241185 0.564024
1678843353171 0.815581 0.086047 0.230257 0.523838
1678843353240 0.832000 0.128077 0.205588 0.499104
1678843353276 0.834004 0.167494 0.193614 0.488770
1678843353348 0.824469 0.206060 0.157073 0.503108
1678843353402 0.816791 0.252458 0.123268 0.503907
1678843353486 0.795789 0.304960 0.074087 0.517909
1678843353524 0.775185 0.359788 0.027620 0.518535
1678843353584 0.757751 0.418002 -0.024119 0.500505
1678843353628 0.742913 0.459385 -0.068403 0.482044
1678843353681 0.717306 0.507149 -0.125210 0.461080
1678843353730 0.695983 0.537133 -0.164616 0.447211
1678843353769 0.676111 0.568196 -0.212375 0.418240
1678843353837 0.652476 0.595704 -0.262502 0.387949
1678843353913 0.638680 0.612479 -0.311689 0.346131
1678843353938 0.628648 0.621188 -0.364021 0.293965
1678843353962 0.630616 0.615270 -0.395931 0.258854
1678843354026 0.637647 0.596667 -0.443758 0.201183
1678843354068 0.650811 0.570313 -0.476507 0.155336
1678843354118 0.677773 0.510643 -0.520765 0.093115
1678843354187 0.713260 0.448046 -0.537892 0.034454
1678843354226 0.737069 0.399741 -0.544789 0.011900
1678843354295 -0.761404 -0.353144 0.542940 0.027735
1678843354339 -0.772146 -0.304521 0.552919 0.073066
1678843354408 -0.790119 -0.253518 0.548080 0.105117
1678843354468 -0.806531 -0.199835 0.543674 0.118287
1678843354502 -0.828800 -0.135683 0.524913 0.138373
1678843354576 -0.847012 -0.082863 0.502596 0.151993
1678843354598 -0.858257 -0.051293 0.485248 0.159053
1678843354643 -0.870529 0.005903 0.459510 0.176051
1678843354717 -0.875970 0.073451 0.434233 0.196782
1678843354769 -0.881913 0.156942 0.394789 0.204307
1678843354835 -0.883230 0.210059 0.370683 0.195895
1678843354911 -0.890342 0.265388 0.325994 0.174895
1678843354966 -0.898752 0.316554 0.266753 0.144507
1678843355036 -0.901180 0.357972 0.215667 0.114969
1678843355127 -0.901982 0.384983 0.171549 0.093743
1678843355155 -0.897565 0.412980 0.128400 0.085656
1678843355194 -0.888235 0.443633 0.092246 0.075624
1678843355241 -0.881521 0.465146 0.061784 0.052374
1678843355312 -0.876907 0.477749 0.051071 0.013503
1678843355341 -0.875328 0.483343 0.013413 0.000432
1678843355430 0.874437 -0.483598 0.034173 0.018032
1678843355458 0.871872 -0.479881 0.086923 0.044695
1678843355516 0.870895 -0.468104 0.132579 0.069596
1678843355567 0.867444 -0.449829 0.193079 0.088968
1678843355637 0.864781 -0.423508 0.249702 0.102193
1678843355673 0.867161 -0.396538 0.275980 0.120931
1678843355740 0.870941 -0.367533 0.293254 0.142768
1678843355797 0.877382 -0.335756 0.305024 0.156299
1678843355831 0.880398 -0.313762 0.317530 0.160086
1678843355894 0.880930 -0.283099 0.340129 0.167719
1678843355945 0.875698 -0.256840 0.361744 0.190599
1678843356017 0.873962 -0.230720 0.381121 0.194179
1678843356043 0.881494 -0.216355 0.365797 0.205796
1678843356090 0.879085 -0.208585 0.364351 0.225719
1678843356157 0.879069 -0.200730 0.363194 0.234597
1678843356233 0.879642 -0.201419 0.356551 0.241935
1678843356298 0.877832 -0.208194 0.349089 0.253384
1678843356326 0.867086 -0.216029 0.358071 0.270700
1678843356365 0.848779 -0.213125 0.386165 0.291596
1678843356453 0.831831 -0.206887 0.395331 0.330105
1678843356494 0.795782 -0.197437 0.433558 0.373869
1678843356545 0.759092 -0.191072 0.471132 0.406577
1678843356606 0.757243 -0.148429 0.497930 0.395750
1678843356665 0.755135 -0.132428 0.492492 0.411929
1678843356704 0.756298 -0.120264 0.487079 0.419886
1678843356829 0.760019 -0.121533 0.473171 0.428614
1678843356846 0.764388 -0.118837 0.471220 0.423723
1678843356863 0.783002 -0.105110 0.454546 0.411397
1678843356900 0.805771 -0.090542 0.430899 0.396058
1678843356963 0.829333 -0.094205 0.376368 0.402094
1678843357022 0.854566 -0.093628 0.317337 0.400310
1678843357094 0.875153 -0.085103 0.238915 0.412050
1678843357113 0.887345 -0.072830 0.198128 0.409950
1678843357151 0.894888 -0.048650 0.118543 0.427499
1678843357202 0.888828 -0.018072 0.019939 0.457450
1678843357262 0.878208 0.031786 -0.067329 0.472449
1678843357310 0.856250 0.075305 -0.144454 0.490202
1678843357357 0.817078 0.144923 -0.187071 0.525724
1678843357432 0.788871 0.204167 -0.223635 0.534776
1678843357464 0.746536 0.276850 -0.261814 0.545428
1678843357519 0.707786 0.338766 -0.271927 0.557075
1678843357589 0.664653 0.395361 -0.277659 0.569940
1678843357609 0.635033 0.435583 -0.272489 0.576845
1678843357623 0.613618 0.472819 -0.265831 0.573802
1678843357684 0.563648 0.553613 -0.249724 0.559866
1678843357766 0.510121 0.633107 -0.244740 0.528256
1678843357796 0.438705 0.700855 -0.229305 0.513575
1678843357860 0.362510 0.755388 -0.198718 0.508416
1678843357952 0.292747 0.789382 -0.169968 0.512139
1678843357983 0.263144 0.805156 -0.154765 0.508455
1678843358064 0.252501 0.806726 -0.136404 0.516557
1678843358101 0.260475 0.799405 -0.112922 0.529484
1678843358154 0.276468 0.783872 -0.092408 0.548243
1678843358227 0.292698 0.765336 -0.087580 0.566496
1678843358268 0.302785 0.763501 -0.085947 0.563916
1678843358335 0.301009 0.760615 -0.094903 0.567320
1678843358384 0.309585 0.751539 -0.110854 0.571889
1678843358426 0.350603 0.744477 -0.119882 0.555392
1678843358485 0.380886 0.742470 -0.116231 0.538660
1678843358554 0.391023 0.740146 -0.091294 0.539398
1678843358612 0.379633 0.741741 -0.058094 0.549840
1678843358653 0.366640 0.744994 -0.035083 0.556173
1678843358709 0.346768 0.747614 -0.014316 0.566233
1678843358763 0.298033 0.752575 0.031734 0.586344
1678843358804 0.250960 0.775853 0.027290 0.578209
1678843358863 0.190787 0.798818 0.039691 0.569136
1678843358933 0.115735 0.816215 0.059626 0.562888
1678843358976 0.010453 0.817530 0.095626 0.567795
1678843359046 -0.097427 0.807527 0.134571 0.565950
1678843359116 -0.156745 0.801638 0.183297 0.547001
1678843359150 -0.235878 0.785070 0.254415 0.513127
1678843359197 -0.283488 0.772479 0.303120 0.480654
1678843359240 -0.350025 0.747263 0.362229 0.433440
1678843359307 -0.411055 0.707514 0.428461 0.383246
1678843359337 -0.461188 0.670327 0.482660 0.324049
1678843359400 -0.495724 0.646799 0.515085 0.265701
1678843359450 -0.503933 0.634131 0.542816 0.221990
1678843359528 -0.491859 0.641112 0.557275 0.191035
1678843359558 -0.464168 0.651236 0.572377 0.181175
1678843359616 -0.442371 0.659988 0.580283 0.178875
1678843359641 -0.413096 0.659598 0.599647 0.186294
1678843359716 -0.378992 0.643429 0.632369 0.206093
1678843359762 -0.322633 0.647436 0.659731 0.203691
1678843359836 -0.270522 0.638418 0.692198 0.200258
1678843359872 -0.215408 0.646340 0.708472 0.184153
1678843359938 -0.153729 0.664379 0.713894 0.159130
1678843359992 -0.099830 0.678591 0.716285 0.128391
1678843360027 -0.066193 0.687937 0.713816 0.113261
1678843360091 -0.022760 0.687127 0.721636 0.081124
1678843360173 0.024145 0.682592 0.728837 0.047782
1678843360199 0.068168 0.684048 0.726176 0.009972
1678843360260 -0.104020 -0.681839 -0.723352 0.032218
1678843360297 -0.132262 -0.668776 -0.728689 0.065253
1678843360365 -0.149458 -0.659537 -0.729384 0.103302
1678843360409 -0.189447 -0.616335 -0.752589 0.133610
1678843360482 -0.203927 -0.591697 -0.767940 0.136298
1678843360526 -0.206720 -0.586064 -0.770028 0.144401
1678843360572 -0.237019 -0.553737 -0.786765 0.134902
1678843360687 -0.280870 -0.530308 -0.792525 0.108582
1678843360709 -0.304726 -0.541503 -0.776212 0.106826
1678843360722 -0.322074 -0.554876 -0.760002 0.103817
1678843360785 -0.346220 -0.565501 -0.743360 0.088065
1678843360876 -0.363586 -0.566990 -0.736556 0.061738
1678843360900 -0.399578 -0.569141 -0.717972 0.030536
1678843360960 -0.424004 -0.584630 -0.691585 0.011785
1678843361005 0.470103 0.576479 0.667427 0.034889
1678843361075 0.505190 0.568435 0.641727 0.099252
1678843361155 0.502572 0.619650 0.596291 0.088838
1678843361231 0.469947 0.657037 0.577524 0.117975
1678843361255 0.429073 0.681293 0.572205 0.155943
1678843361280 0.347421 0.717227 0.559680 0.227250
1678843361370 0.222214 0.759208 0.540987 0.285584
1678843361402 0.098765 0.796713 0.502805 0.320440
1678843361462 0.005137 0.834890 0.449797 0.317200
1678843361527 -0.082652 0.858270 0.407922 0.300234
1678843361564 -0.142434 0.865237 0.382811 0.290746
1678843361626 -0.189867 0.871667 0.358353 0.275191
1678843361707 -0.235253 0.854847 0.360026 0.290301
1678843361744 -0.243678 0.838959 0.351497 0.336479
1678843361805 -0.226677 0.824634 0.339663 0.391439
1678843361841 -0.206726 0.809098 0.323942 0.444620
1678843361904 -0.174009 0.787582 0.295882 0.511751
1678843361978 -0.118048 0.767254 0.263216 0.572803
1678843362021 -0.031945 0.758910 0.219461 0.612268
1678843362083 0.069298 0.756010 0.169320 0.628472
1678843362115 0.134493 0.739023 0.135830 0.645993
1678843362172 0.207512 0.732173 0.107479 0.639773
1678843362226 0.244352 0.734245 0.097061 0.625904
1678843362294 0.265984 0.751460 0.097940 0.595791
1678843362339 0.266281 0.776697 0.110592 0.560005
1678843362384 0.262447 0.799190 0.121159 0.527007
1678843362460 0.322621 0.824695 0.142848 0.442027
1678843362528 0.367630 0.833795 0.199777 0.360172
1678843362570 0.412126 0.831280 0.266174 0.261298
1678843362707 0.479577 0.821197 0.287484 0.113990
1678843362744 -0.542111 -0.793584 -0.269588 0.060522
1678843362755 -0.571764 -0.758648 -0.250229 0.186884
1678843362783 -0.579895 -0.715825 -0.296820 0.251425
1678843362837 -0.568483 -0.683551 -0.327314 0.320079
1678843362919 -0.547858 -0.663331 -0.335548 0.383732
1678843362949 -0.541069 -0.652397 -0.361313 0.388685
1678843363010 -0.525055 -0.652103 -0.375875 0.397237
1678843363079 -0.494193 -0.659145 -0.364270 0.434290
1678843363123 -0.448689 -0.681319 -0.330521 0.474593
1678843363198 -0.426798 -0.694545 -0.313681 0.486883
1678843363270 -0.418639 -0.711606 -0.265786 0.497711
1678843363294 -0.413586 -0.719945 -0.220060 0.512054
1678843363361 -0.395548 -0.733289 -0.196093 0.517084
1678843363394 -0.374850 -0.742906 -0.174971 0.526273
1678843363450 -0.317531 -0.749878 -0.115395 0.568807
1678843363506 -0.256821 -0.759407 -0.047005 0.595931
1678843363560 -0.207047 -0.745997 -0.073026 0.628719
1678843363633 -0.116335 -0.747523 -0.115060 0.643768
1678843363719 -0.073910 -0.737573 -0.109652 0.662193
1678843363743 -0.026863 -0.734071 -0.120244 0.667802
1678843363807 0.016452 -0.732165 -0.141338 0.666099
1678843363866 0.030135 -0.716977 -0.191833 0.669504
1678843363892 0.038361 -0.703273 -0.212889 0.677211
1678843363945 0.047586 -0.689102 -0.240713 0.681859
1678843364000 0.052709 -0.677392 -0.291846 0.673192
1678843364059 0.054823 -0.678222 -0.317964 0.660234
1678843364102 0.038403 -0.676736 -0.356535 0.642990
1678843364177 0.053465 -0.688656 -0.356265 0.629261
1678843364225 0.047824 -0.707075 -0.353949 0.610310
1678843364263 0.036692 -0.714320 -0.361844 0.597887
1678843364320 -0.028352 -0.722009 -0.422062 0.547506
1678843364396 -0.106099 -0.723572 -0.473028 0.491357
1678843364434 -0.136165 -0.747260 -0.455415 0.464391
1678843364498 -0.123765 -0.769525 -0.459003 0.426414
1678843364536 -0.117577 -0.767737 -0.507311 0.373351
1678843364601 -0.075609 -0.797040 -0.505531 0.321635
1678843364665 -0.021032 -0.809627 -0.534226 0.242207
1678843364730 0.061662 -0.843363 -0.509177 0.160235
1678843364765 0.153089 -0.862336 -0.475975 0.079926
1678843364842 -0.304882 0.837001 0.454261 0.011096
1678843364911 -0.417510 0.810197 0.401194 0.091161
1678843364947 -0.491395 0.795912 0.307454 0.174722
1678843365005 -0.561760 0.754054 0.218599 0.260851
1678843365098 -0.562301 0.754285 0.123583 0.315594
1678843365122 -0.603614 0.712029 0.101247 0.344114
1678843365183 -0.611486 0.703370 0.138770 0.334811
1678843365237 -0.589044 0.703895 0.202980 0.341114
1678843365338 -0.582669 0.696842 0.295305 0.296147
1678843365369 -0.524470 0.737357 0.335946 0.261487
1678843365418 -0.485986 0.766949 0.354888 0.222850
1678843365456 -0.472217 0.773466 0.381273 0.182737
1678843365531 -0.454519 0.787813 0.396408 0.124997
1678843365566 -0.446288 0.796592 0.401505 0.071148
1678843365622 -0.460588 0.782274 0.418895 0.020790
1678843365690 0.497182 -0.762629 -0.413637 0.010525
1678843365738 0.525022 -0.757592 -0.385174 0.045243
1678843365804 0.576056 -0.731956 -0.357518 0.067681
1678843365825 0.612619 -0.709386 -0.336560 0.090543
1678843365889 0.668736 -0.667477 -0.296877 0.138313
1678843365935 0.707001 -0.630176 -0.266760 0.178512
1678843365991 0.736174 -0.590409 -0.238265 0.229554
1678843366067 0.754907 -0.553692 -0.226210 0.269015
1678843366144 0.771591 -0.511526 -0.198013 0.322148
1678843366206 0.785890 -0.451845 -0.209606 0.366441
1678843366226 0.802372 -0.376737 -0.216425 0.409179
1678843366295 0.832633 -0.321373 -0.196355 0.406063
1678843366339 0.862630 -0.276767 -0.160410 0.391839
1678843366416 0.848249 -0.196421 -0.192838 0.452444
1678843366439 0.830560 -0.169897 -0.209147 0.487404
1678843366489 0.802271 -0.120760 -0.224156 0.539937
1678843366537 0.802659 -0.086207 -0.218848 0.548099
1678843366588 0.789132 -0.031500 -0.223351 0.571308
1678843366663 0.781954 0.013928 -0.231185 0.578712
1678843366692 0.776804 0.040559 -0.234087 0.583210
1678843366755 0.771908 0.046606 -0.229282 0.591114
1678843366801 0.749153 0.044393 -0.227370 0.620565
1678843366858 0.718419 0.045888 -0.216727 0.659392
1678843366906 0.707452 0.037031 -0.202735 0.676046
1678843366977 0.693118 0.006574 -0.171751 0.700032
1678843367008 0.657887 -0.039618 -0.142758 0.738401
1678843367073 0.629511 -0.073593 -0.119881 0.764152
1678843367130 0.611434 -0.103956 -0.094986 0.778665
1678843367170 0.595583 -0.140749 -0.056251 0.788864
1678843367236 0.572467 -0.188432 -0.022273 0.797670
1678843367288 0.542559 -0.229212 0.007652 0.808105
1678843367344 0.502033 -0.278694 0.019486 0.818482
1678843367403 0.455175 -0.327542 0.023966 0.827622
1678843367425 0.432950 -0.355868 0.017665 0.828010
1678843367511 0.381867 -0.409218 0.007556 0.828650
1678843367533 0.360539 -0.445433 0.006661 0.819486
1678843367595 0.326267 -0.488186 -0.001294 0.809458
1678843367642 0.278582 -0.538220 -0.049103 0.793915
1678843367699 0.264527 -0.588530 -0.079507 0.759827
1678843367762 0.252030 -0.632813 -0.121029 0.722067
1678843367830 0.247510 -0.674373 -0.159196 0.677213
1678843367863 0.246108 -0.705183 -0.191599 0.636740
1678843367946 0.239930 -0.727021 -0.246770 0.594121
1678843367983 0.242601 -0.734974 -0.282589 0.566658
1678843368053 0.261235 -0.726356 -0.335517 0.539992
1678843368137 0.294132 -0.708844 -0.379552 0.516688
1678843368160 0.321316 -0.694101 -0.421792 0.486899
1678843368224 0.391946 -0.653111 -0.459871 0.456446
1678843368264 0.452305 -0.598075 -0.493985 0.440120
1678843368330 0.551963 -0.532546 -0.509443 0.390128
1678843368436 0.643777 -0.447284 -0.515978 0.345333
1678843368449 0.697589 -0.321552 -0.551166 0.325869
1678843368500 0.768008 -0.199497 -0.540111 0.280436
1678843368566 0.810982 -0.045760 -0.530693 0.242034
1678843368658 0.818499 0.081209 -0.514040 0.243367
1678843368681 0.822406 0.199027 -0.482477 0.226392
1678843368722 0.828741 0.280135 -0.448981 0.182015
1678843368770 0.815117 0.351069 -0.434589 0.153188
1678843368852 0.788739 0.437712 -0.404010 0.151906
1678843368889 0.734711 0.530785 -0.382916 0.178444
1678843368954 0.670539 0.602405 -0.378429 0.210422
1678843369003 0.591243 0.667971 -0.381644 0.242063
1678843369081 0.495948 0.732323 -0.375167 0.277469
1678843369114 0.400492 0.777489 -0.366527 0.317452
1678843369172 0.312974 0.803841 -0.367531 0.347576
1678843369233 0.205884 0.837321 -0.340658 0.374776
1678843369317 0.121343 0.861552 -0.306678 0.385944
1678843369356 0.099750 0.876219 -0.289485 0.372142
1678843369439 0.076196 0.886724 -0.264416 0.371481
1678843369476 0.017039 0.902415 -0.190099 0.386290
1678843369542 -0.040819 0.906169 -0.115626 0.404751
1678843369584 -0.045850 0.905907 -0.097636 0.409509
1678843369674 -0.073580 0.905439 -0.056869 0.414164
1678843369707 -0.131652 0.903974 0.015365 0.406526
1678843369767 -0.178035 0.903381 0.071969 0.383440
1678843369828 -0.218726 0.904351 0.077030 0.358295
1678843369864 -0.270811 0.895779 0.065146 0.346406
1678843369932 -0.327516 0.883769 0.068932 0.327009
1678843369960 -0.383839 0.865191 0.077240 0.313284
1678843370014 -0.446981 0.840780 0.072181 0.296793
1678843370098 -0.474394 0.832891 0.048313 0.280907
1678843370128 -0.482651 0.832394 0.032708 0.270370
1678843370198 -0.467409 0.843407 0.024251 0.263828
1678843370246 -0.441802 0.854126 0.023471 0.273368
1678843370301 -0.374872 0.880104 0.022485 0.290486
1678843370372 -0.272045 0.911067 -0.010484 0.309580
1678843370416 -0.139787 0.930577 -0.048629 0.334845
1678843370451 -0.050391 0.932949 -0.036403 0.354602
1678843370520 0.029032 0.921104 -0.004644 0.388205
1678843370564 0.103995 0.902754 0.028007 0.416457
1678843370637 0.184899 0.878633 0.039788 0.438445
1678843370665 0.227424 0.861979 0.046052 0.450721
1678843370703 0.261188 0.843059 0.053590 0.467076
1678843370771 0.286906 0.821420 0.043676 0.490964
1678843370831 0.332559 0.804913 0.019632 0.491054
1678843370874 0.348258 0.798555 -0.005686 0.490912
1678843370934 0.359012 0.803574 -0.042779 0.472809
1678843370995 0.356382 0.815895 -0.083122 0.447658
1678843371032 0.347633 0.833217 -0.125559 0.411262
1678843371081 0.333101 0.850379 -0.159605 0.374734
1678843371134 0.323639 0.858211 -0.186734 0.351941
1678843371202 0.329129 0.858491 -0.216334 0.328431
1678843371290 0.308819 0.868364 -0.245887 0.300191
1678843371329 0.290981 0.870609 -0.250732 0.307416
1678843371402 0.365828 0.824275 -0.278989 0.330008
1678843371434 0.470449 0.753252 -0.299165 0.348983
1678843371497 0.580482 0.656467 -0.296835 0.379447
1678843371574 0.681625 0.562295 -0.268190 0.383778
1678843371616 0.728839 0.488777 -0.208142 0.431936
1678843371679 0.774649 0.406632 -0.136457 0.464704
1678843371726 0.791020 0.335327 -0.040894 0.510070
1678843371806 0.797646 0.276290 0.047331 0.534027
1678843371856 0.794046 0.209060 0.143527 0.552435
1678843371926 0.780960 0.163583 0.212423 0.564108
1678843371963 0.760758 0.117032 0.250308 0.587280
1678843372041 0.755192 0.082474 0.286143 0.583956
1678843372093 0.738218 0.035179 0.311968 0.597054
1678843372131 0.723040 0.010534 0.315970 0.614219
1678843372193 0.698013 -0.043194 0.308177 0.644933
1678843372267 0.683585 -0.103101 0.287805 0.662760
1678843372336 0.682760 -0.149607 0.269819 0.662310
1678843372383 0.680107 -0.180158 0.250661 0.664956
1678843372450 0.678495 -0.210937 0.226220 0.666314
1678843372494 0.677397 -0.229403 0.200729 0.669489
1678843372575 0.682671 -0.238536 0.138830 0.676600
1678843372600 0.705797 -0.227793 0.062658 0.667858
1678843372696 0.734763 -0.216253 0.001618 0.642927
1678843372719 0.752389 -0.193267 -0.043992 0.628191
1678843372779 0.774096 -0.151936 -0.124437 0.601837
1678843372797 0.794458 -0.117471 -0.171350 0.570680
1678843372856 0.805059 -0.067709 -0.234114 0.540820
1678843372895 0.811953 -0.031600 -0.278526 0.512013
1678843372968 0.809914 0.017616 -0.321161 0.490494
1678843372991 0.807010 0.051268 -0.353832 0.470010
1678843373035 0.793441 0.093743 -0.399012 0.449948
1678843373090 0.791890 0.128010 -0.429168 0.415137
1678843373159 0.814917 0.144507 -0.444337 0.342916
1678843373220 0.828131 0.155519 -0.449188 0.297057
1678843373269 0.822600 0.202478 -0.457258 0.270643
1678843373319 0.816183 0.255937 -0.457794 0.242417
1678843373404 0.819208 0.296871 -0.443960 0.208962
1678843373448 0.809238 0.356145 -0.435468 0.169299
1678843373517 0.796427 0.406217 -0.424683 0.142603
1678843373556 0.779020 0.456016 -0.413170 0.120282
1678843373634 0.763226 0.500177 -0.396761 0.099446
1678843373674 0.748953 0.538557 -0.380624 0.064439
1678843373749 0.751553 0.547511 -0.363220 0.058921
1678843373809 0.754406 0.538315 -0.364327 0.091403
1678843373881 0.793352 0.458195 -0.391918 0.083965
1678843373908 0.833695 0.355539 -0.411810 0.094639
1678843373975 0.860931 0.248940 -0.427718 0.117830
1678843374034 0.874664 0.170396 -0.434328 0.131481
1678843374077 0.892925 0.070283 -0.426847 0.124689
1678843374139 0.904703 -0.028614 -0.411775 0.105526
1678843374191 0.905605 -0.090044 -0.402479 0.098906
1678843374262 0.898506 -0.147840 -0.401502 0.098113
1678843374293 0.884955 -0.177608 -0.417370 0.105415
1678843374371 0.860841 -0.214260 -0.444957 0.122719
1678843374405 0.836778 -0.257316 -0.459465 0.149940
1678843374461 0.819488 -0.289785 -0.456151 0.190764
1678843374513 0.803644 -0.315408 -0.444764 0.238452
1678843374584 0.787409 -0.340912 -0.425334 0.287848
1678843374633 0.789343 -0.347183 -0.417651 0.286303
1678843374691 0.786799 -0.363809 -0.400412 0.297086
1678843374775 0.778686 -0.383720 -0.383575 0.315083
1678843374804 0.764723 -0.405268 -0.373495 0.333854
1678843374836 0.756834 -0.414798 -0.378775 0.334178
1678843374884 0.744273 -0.417055 -0.390784 0.345560
1678843374942 0.732249 -0.430681 -0.370223 0.375845
1678843375015 0.716714 -0.468588 -0.337864 0.390633
1678843375064 0.686678 -0.476427 -0.353295 0.420325
1678843375118 0.664129 -0.480660 -0.360445 0.444947
1678843375170 0.648123 -0.491539 -0.364168 0.453550
1678843375223 0.594582 -0.524929 -0.400710 0.458644
1678843375316 0.554445 -0.560905 -0.421974 0.447118
1678843375350 0.556474 -0.557202 -0.441856 0.429681
1678843375405 0.589828 -0.519136 -0.452474 0.421744
1678843375498 0.634011 -0.450467 -0.465134 0.422801
1678843375524 0.670623 -0.340940 -0.497226 0.432194
1678843375583 0.686216 -0.213261 -0.525700 0.455266
1678843375634 0.699310 -0.064653 -0.536979 0.467376
1678843375719 0.726403 0.073047 -0.535463 0.424598
1678843375737 0.740659 0.165190 -0.528216 0.380951
1678843375822 0.751288 0.284519 -0.515680 0.297810
1678843375863 0.763363 0.362749 -0.491380 0.210325
1678843375919 0.765770 0.404785 -0.478360 0.144631
1678843375975 0.757130 0.438368 -0.472765 0.105268
1678843376056 0.749947 0.468476 -0.459472 0.083642
1678843376090 0.751523 0.489639 -0.437576 0.063196
1678843376143 0.764733 0.473279 -0.435829 0.035264
1678843376193 0.793792 0.415082 -0.444446 0.008255
1678843376241 -0.815486 -0.356032 0.455937 0.018589
1678843376299 -0.837059 -0.269518 0.474077 0.044073
1678843376373 -0.854177 -0.177341 0.485912 0.053111
1678843376404 -0.861283 -0.090172 0.497691 0.048618
1678843376462 -0.859762 -0.021113 0.509249 0.032062
1678843376540 -0.840691 0.043356 0.539622 0.012938
1678843376587 0.807995 -0.091130 -0.581892 0.015525
1678843376637 0.773749 -0.104695 -0.624019 0.030858
1678843376730 0.744566 -0.087861 -0.661671 0.009695
1678843376748 0.696402 -0.059580 -0.715132 0.007796
1678843376836 0.631804 -0.018838 -0.774893 0.003091
1678843376866 -0.562407 0.012795 0.826204 0.030373
1678843376919 -0.509906 0.026618 0.857387 0.064621
1678843376995 -0.457449 0.023506 0.883800 0.095314
1678843377025 -0.394934 0.015831 0.908758 0.133926
1678843377080 -0.347020 0.036559 0.920834 0.174087
1678843377142 -0.291516 0.046818 0.929550 0.220825
1678843377198 -0.243586 0.076315 0.927837 0.271957
1678843377268 -0.168415 0.073198 0.929099 0.321020
1678843377323 -0.125884 0.079382 0.916962 0.370178
1678843377386 -0.096690 0.090758 0.903505 0.407544
1678843377416 -0.068046 0.082378 0.886791 0.449650
1678843377466 -0.043195 0.086957 0.867349 0.488138
1678843377535 -0.025372 0.061088 0.850659 0.521540
1678843377584 -0.023352 0.046846 0.837092 0.544551
1678843377626 -0.019901 0.050069 0.829123 0.556464
1678843377694 -0.020489 0.066221 0.822437 0.564617
1678843377738 -0.021492 0.085744 0.816198 0.570971
1678843377822 -0.032039 0.113496 0.818913 0.561671
1678843377853 -0.036639 0.117152 0.830337 0.543574
1678843377915 -0.036556 0.124203 0.838997 0.528509
1678843377972 -0.041341 0.128991 0.842453 0.521465
1678843378012 -0.046382 0.136477 0.844944 0.515066
1678843378068 -0.049967 0.144541 0.846260 0.510349
1678843378154 -0.049004 0.154680 0.847394 0.505566
1678843378217 -0.042127 0.156625 0.846994 0.506256
1678843378263 -0.026360 0.166357 0.847335 0.503641
1678843378306 -0.009882 0.174575 0.846823 0.502311
1678843378360 0.010291 0.202420 0.845007 0.494856
1678843378442 0.021268 0.227213 0.845963 0.481943
1678843378488 0.022969 0.264515 0.851636 0.451907
1678843378551 0.017076 0.285138 0.872507 0.396403
1678843378603 -0.005776 0.300286 0.901119 0.312698
1678843378675 -0.032829 0.310921 0.916951 0.247894
1678843378706 -0.066575 0.316120 0.929267 0.179161
1678843378772 -0.091694 0.318244 0.938717 0.095517
1678843378827 -0.112739 0.301176 0.946310 0.032870
1678843378893 0.140768 -0.279613 -0.949038 0.036442
1678843378921 0.161500 -0.247017 -0.950016 0.101834
1678843378991 0.170958 -0.219396 -0.949036 0.148222
1678843379032 0.200388 -0.178538 -0.937673 0.220768
1678843379102 0.215909 -0.133995 -0.923444 0.287541
1678843379148 0.224697 -0.110327 -0.894149 0.371263
1678843379214 0.221720 -0.064982 -0.859015 0.456849
1678843379267 0.217353 -0.039144 -0.819556 0.528729
1678843379337 0.206678 -0.014040 -0.780246 0.590173
1678843379390 0.206766 -0.014119 -0.741759 0.637841
1678843379462 0.202335 -0.008736 -0.682259 0.702501
1678843379510 0.179300 0.018088 -0.639959 0.746978
1678843379568 0.150696 0.024129 -0.599916 0.785372
1678843379607 0.154306 0.027213 -0.567780 0.808130
1678843379688 0.161722 0.017639 -0.534082 0.829633
1678843379742 0.157656 -0.003485 -0.492462 0.855929
1678843379808 0.172843 -0.026282 -0.463808 0.868514
1678843379845 0.178937 -0.025847 -0.442184 0.878514
1678843379927 0.178984 -0.014350 -0.413839 0.892466
1678843379954 0.192311 -0.009529 -0.384811 0.902688
1678843380004 0.195142 -0.009570 -0.351690 0.915501
1678843380067 0.197941 -0.008601 -0.317179 0.927439
1678843380128 0.199386 0.003255 -0.264010 0.943681
1678843380179 0.198873 0.013863 -0.229794 0.952603
1678843380259 0.198390 0.022998 -0.181919 0.962818
1678843380320 0.191417 0.031187 -0.118533 0.973826
1678843380411 0.178772 0.036798 -0.069713 0.980728
1678843380436 0.176605 0.038199 -0.037490 0.982826
1678843380491 0.186599 0.046742 -0.009473 0.981278
1678843380554 0.193682 0.057286 0.014663 0.979281
1678843380618 0.198149 0.070453 0.037314 0.976924
1678843380666 0.199288 0.076278 0.051346 0.975617
1678843380706 0.207950 0.084059 0.068620 0.972102
1678843380760 0.213851 0.093670 0.082964 0.968819
1678843380816 0.214946 0.098312 0.094137 0.967094
1678843380892 0.208774 0.106381 0.104155 0.966565
