# Created at Tue Mar 14 18:14:31 MST 2023
1678842872205 -0.529119 4.525041 8.640674
1678842872221 -0.047884 4.386178 7.721301
1678842872240 -0.708684 4.601655 9.021352
1678842872244 -0.500388 4.446033 8.578424
1678842872250 -0.598550 4.522647 7.984663
1678842872252 -0.885855 4.467580 8.995016
1678842872256 -0.916979 4.472369 8.499416
1678842872259 -1.170765 4.446033 8.485051
1678842872263 -1.259350 4.355053 8.535329
1678842872266 -1.419762 4.426879 8.185776
1678842872270 -1.244985 4.419696 7.975086
1678842872282 -0.916979 4.383783 8.090008
1678842872286 -2.487576 4.616021 7.797915
1678842872289 -2.279280 4.718972 8.655039
1678842872292 -1.482011 4.402937 8.793902
1678842872295 -1.235408 4.249708 8.920795
1678842872298 -1.089362 4.252102 8.863335
1678842872318 -1.280898 4.716578 8.171411
1678842872321 -1.608904 5.135562 7.867347
1678842872325 -1.570596 4.934450 8.315063
1678842872329 -1.659182 4.584896 10.014946
1678842872334 -1.740585 4.491522 9.959879
1678842872346 -1.431733 4.663905 8.508993
1678842872354 -1.089362 4.750096 8.406042
1678842872359 -1.259350 4.707001 8.293514
1678842872362 -1.108515 4.740520 7.927202
1678842872368 -0.758962 4.666299 8.063671
1678842872373 -0.919373 4.776433 8.233660
1678842872376 -1.479617 4.958392 8.188169
1678842872380 -1.678335 4.999093 8.171411
1678842872389 -1.800440 4.996699 7.398083
1678842872408 -1.412579 4.874595 7.941567
1678842872431 -0.749385 4.481946 9.117120
1678842872440 -0.708684 4.357447 9.548077
1678842872467 -1.142034 4.491522 9.787497
1678842872492 -0.344765 5.056554 9.593566
1678842872531 -0.497994 5.178658 7.117962
1678842872543 -2.011129 5.087678 8.930372
1678842872569 -1.781286 4.220978 13.113043
1678842872594 -1.221043 3.663129 13.237541
1678842872625 -0.876278 3.394978 9.928755
1678842872645 -0.110133 3.150769 8.724471
1678842872690 0.191536 3.215413 7.161057
1678842872710 0.009577 4.017470 5.434838
1678842872723 -0.814029 4.673482 5.650316
1678842872748 -1.180341 4.331111 7.635109
1678842872774 -0.691924 3.945644 9.291897
1678842872811 -0.385466 3.790021 10.505757
1678842872828 -0.562637 3.995923 10.474632
1678842872851 -0.256180 4.120421 8.406042
1678842872885 -0.153229 4.249708 7.098808
1678842872917 -0.294487 4.522647 6.313510
1678842872929 -0.299275 4.735731 5.930438
1678842872953 -0.694318 4.853047 7.103596
1678842872979 -0.555455 4.675876 8.030152
1678842873019 -0.452504 4.685453 8.216900
1678842873037 -0.629675 4.718972 8.497022
1678842873056 -0.689530 4.683059 8.801085
1678842873082 -0.677559 4.778827 8.688558
1678842873107 -0.847547 4.955997 8.434772
1678842873138 -0.806846 4.951209 8.774749
1678842873165 -0.459687 4.841076 8.609550
1678842873185 -0.586579 4.936844 8.221688
1678842873218 -0.873884 5.046977 7.994239
1678842873240 -0.866701 5.049371 7.862558
1678842873272 -0.826000 4.671088 9.179369
1678842873289 -0.739808 4.398149 10.273520
1678842873322 -1.264138 4.836287 9.471462
1678842873372 -1.702277 4.891354 9.713276
1678842873392 -2.006341 4.156334 11.822568
1678842873404 -2.051831 3.641581 13.000515
1678842873415 -2.066196 3.349488 12.775460
1678842873443 -2.679112 3.512294 11.283873
1678842873474 -2.774880 3.797204 7.410054
1678842873500 -2.968810 4.144363 5.257667
1678842873518 -3.624821 4.036624 5.820304
1678842873544 -3.610456 3.620033 7.405266
1678842873580 -2.164358 3.179500 8.868123
1678842873600 -1.889025 3.373430 9.181764
1678842873629 -1.651999 3.421314 8.571242
1678842873674 -1.288081 3.646369 8.030152
1678842873680 -1.242591 3.983952 7.496245
1678842873698 -0.960075 4.285621 7.551312
1678842873727 -0.900220 4.496311 8.099585
1678842873749 -1.204283 4.568137 8.968679
1678842873788 -1.170765 4.618415 8.635885
1678842873810 -0.407014 4.426879 8.674192
1678842873826 -0.141258 4.481946 8.429984
1678842873853 -0.225055 4.647145 8.638280
1678842873877 -0.416591 5.080496 9.323022
1678842873903 -0.067038 5.413290 7.984663
1678842873929 -0.268151 5.219360 9.567230
1678842873954 -0.268151 4.132392 12.729970
1678842873980 -0.727837 3.517082 12.737153
1678842874031 -0.296881 3.347094 10.445902
1678842874046 0.902614 3.277662 7.764396
1678842874057 1.984793 3.251326 6.275203
1678842874082 1.120486 3.222595 7.510611
1678842874108 -1.118092 3.416526 9.758766
1678842874137 -1.956063 3.761291 9.856929
1678842874166 -1.103727 3.837905 8.401254
1678842874193 -0.746991 3.790021 7.802703
1678842874211 -1.347936 4.096479 7.261614
1678842874236 -1.142034 4.297592 6.074090
1678842874262 -1.063026 4.472369 6.457162
1678842874303 -1.280898 4.431667 7.824251
1678842874313 -1.108515 4.474763 7.776367
1678842874339 -0.957681 4.695030 8.221688
1678842874378 -1.477222 4.874595 8.781932
1678842874405 -1.783680 5.035006 8.406042
1678842874416 -1.711854 5.102044 8.597578
1678842874443 -1.388637 4.419696 9.782708
1678842874467 -1.704672 4.367024 11.772290
1678842874493 -2.389413 5.080496 9.188946
1678842874521 -2.722207 5.765238 7.685388
1678842874544 -3.332729 4.548983 9.564836
1678842874572 -2.434903 3.011906 13.955802
1678842874596 -2.030283 2.674323 13.515268
1678842874621 -1.587356 3.076549 8.382100
1678842874665 -1.546654 3.165135 5.942409
1678842874673 -2.025495 3.045424 7.776367
1678842874707 -2.013524 2.956839 9.617508
1678842874724 -1.520318 3.224990 8.180987
1678842874749 -1.199495 3.483563 6.497863
1678842874775 -1.369483 3.718195 6.998251
1678842874800 -1.268927 3.902549 7.493851
1678842874827 -0.790087 4.283227 6.854599
1678842874852 0.083797 4.462792 6.117185
1678842874878 -0.598550 4.649539 7.144298
1678842874912 -1.175553 4.793192 8.058883
1678842874930 -0.588974 4.876989 8.066066
1678842874966 -0.179565 5.013458 8.068460
1678842874981 -0.442927 5.202600 8.906430
1678842875020 -0.749385 5.250484 10.661380
1678842875031 -0.893037 5.614403 12.203246
1678842875066 -0.596156 5.319916 9.938332
1678842875083 -0.301669 5.465962 9.131485
1678842875114 -0.241814 3.897760 11.360487
1678842875134 -0.893037 2.904167 14.547170
1678842875161 0.184354 2.798822 11.372458
1678842875185 1.764527 3.102885 6.533776
1678842875211 1.338359 3.440468 5.863400
1678842875238 -0.952892 3.078943 9.176975
1678842875264 -2.533065 3.035848 10.989386
1678842875288 -1.472434 3.117251 8.741230
1678842875314 -0.593762 3.071761 7.723695
1678842875339 -1.029507 3.347094 7.479486
1678842875365 -1.417367 3.763685 6.940791
1678842875393 -1.561020 4.034230 6.854599
1678842875438 -1.271321 4.007894 7.287950
1678842875444 -0.699107 3.907337 7.687782
1678842875468 -0.679953 4.118027 8.281544
1678842875507 -1.115698 4.398149 8.717288
1678842875522 -1.458069 4.376601 9.686940
1678842875544 -1.742979 4.242526 10.670957
1678842875572 -1.326388 4.086902 11.106702
1678842875596 -1.309628 4.414908 9.083601
1678842875623 -2.645593 4.972757 8.786720
1678842875647 -3.153164 4.630386 10.149021
1678842875686 -2.925714 3.849876 13.072341
1678842875701 -2.406173 3.272874 12.349293
1678842875738 -1.094150 3.311181 7.874529
1678842875749 -0.723049 3.263297 5.944803
1678842875789 -1.388637 3.390190 7.070077
1678842875815 -1.656788 3.246537 8.992621
1678842875834 -0.964863 3.280056 9.150639
1678842875854 -0.488417 3.469198 7.668628
1678842875885 -0.811634 3.756502 7.266402
1678842875903 -1.130063 4.072537 7.498640
1678842875929 -0.785298 4.395754 6.943185
1678842875955 -0.337582 4.680665 6.710948
1678842875980 -0.574608 4.771644 7.395689
1678842876006 -1.175553 4.865018 7.927202
1678842876037 -0.914585 4.881777 8.441956
1678842876057 0.090980 4.613626 9.109938
1678842876083 0.656011 4.371812 10.041282
1678842876123 0.620098 4.197036 10.903194
1678842876136 0.517148 4.862624 10.005369
1678842876161 -0.074220 5.363012 9.579201
1678842876200 -0.782904 4.920084 10.584765
1678842876215 -0.553061 3.392584 12.911930
1678842876237 0.083797 3.181894 11.077971
1678842876274 0.833182 3.610456 7.299921
1678842876291 0.330400 3.825934 6.813898
1678842876314 -1.120486 2.983175 10.141838
1678842876339 -1.115698 2.466028 11.291056
1678842876370 -0.593762 2.466028 9.215282
1678842876395 -0.237026 2.882619 7.316680
1678842876416 -0.933739 3.454833 6.521805
1678842876442 -1.216254 3.830723 6.289568
1678842876471 -0.684742 3.744531 7.304709
1678842876495 -0.414197 3.648763 8.109161
1678842876525 -0.708684 3.744531 8.348581
1678842876544 -1.139640 4.089296 8.901642
1678842876578 -1.666364 4.347870 9.330204
1678842876603 -2.003947 4.410120 8.777143
1678842876625 -1.826776 4.153940 9.469068
1678842876663 -1.379060 4.065354 11.135432
1678842876673 -1.493982 4.199430 9.311050
1678842876698 -2.217031 4.850653 8.889671
1678842876724 -3.057395 4.268862 10.934319
1678842876750 -2.904167 3.536236 14.516045
1678842876775 -1.465251 3.093309 12.059594
1678842876802 -0.538695 3.172317 7.565677
1678842876827 -1.240196 3.301604 6.186617
1678842876853 -2.578555 3.227384 7.158663
1678842876890 -2.422932 2.949656 8.350976
1678842876904 -1.225831 2.688689 8.444349
1678842876931 -0.588974 2.602497 8.671799
1678842876955 -0.818817 2.688689 8.370130
1678842876981 -1.060631 3.134010 7.460332
1678842877006 -0.792481 3.624821 6.888118
1678842877032 -0.337582 4.027047 6.785168
1678842877069 -0.445322 4.405331 7.287950
1678842877090 -1.496376 4.805163 7.785944
1678842877109 -1.455675 4.814740 8.461109
1678842877136 -0.998382 4.666299 9.107543
1678842877161 -0.914585 4.699818 9.157822
1678842877186 -1.577779 4.759673 10.627861
1678842877222 -1.733402 4.637568 12.097901
1678842877245 -0.864307 4.872200 9.143456
1678842877263 0.004788 4.697424 8.317456
1678842877288 0.038307 3.524265 10.749966
1678842877315 -1.405396 3.093309 13.917495
1678842877340 -1.695095 3.198653 11.039664
1678842877371 -0.122104 3.433285 5.935226
1678842877407 1.149217 3.689465 4.204218
1678842877422 -0.136469 2.770091 8.530540
1678842877447 -2.949656 2.738967 13.558364
1678842877471 -2.669535 2.770091 12.016499
1678842877494 -1.146823 2.695871 7.704541
1678842877530 -0.995988 2.999935 6.835446
1678842877545 -2.303222 3.543418 7.232883
1678842877572 -2.477999 3.849876 6.631939
1678842877615 -1.441309 3.852271 6.694188
1678842877622 -1.175553 3.720589 7.898471
1678842877647 -1.388637 3.849876 8.784326
1678842877673 -1.213860 3.902549 8.856153
1678842877699 -0.579397 3.928885 8.451532
1678842877730 -0.931344 4.137180 8.712500
1678842877750 -1.228225 4.103662 9.940725
1678842877776 -0.998382 4.735731 10.644621
1678842877803 -1.074997 4.769250 7.596802
1678842877828 -3.160346 5.003881 9.035717
1678842877854 -3.136404 3.888184 12.739547
1678842877878 -2.152387 2.992752 14.963760
1678842877925 -1.297657 2.987964 11.307815
1678842877930 -0.411803 3.433285 5.841852
1678842877955 -1.003170 4.022259 4.362236
1678842877981 -2.801216 3.948039 7.678205
1678842878007 -3.248932 3.873818 10.350134
1678842878053 -2.035071 3.596091 9.732430
1678842878058 -1.249773 3.378219 8.480263
1678842878084 -1.783680 3.526659 8.348581
1678842878109 -1.963245 3.749320 7.706935
1678842878136 -1.101333 3.787627 6.643910
1678842878164 -0.938527 3.995923 7.163452
1678842878193 -1.606509 4.254497 8.008605
1678842878214 -1.819593 4.316746 8.133103
1678842878244 -1.072602 4.127604 8.513782
1678842878263 -0.622492 3.878607 9.464279
1678842878295 -0.383072 3.816358 10.465055
1678842878318 -0.177171 4.577713 9.813833
1678842878340 -0.746991 4.982334 7.297527
1678842878377 -2.269703 4.474763 11.698070
1678842878392 -1.956063 3.145981 16.230293
1678842878419 -0.792481 2.564190 12.507310
1678842878443 -0.114922 2.705448 8.044518
1678842878468 0.835576 3.418920 5.386954
1678842878503 1.458069 3.366248 4.532224
1678842878523 -0.497994 3.198653 8.046912
1678842878546 -2.966416 3.454833 11.204864
1678842878571 -2.537854 3.184288 11.116279
1678842878601 -0.632069 2.815581 9.552865
1678842878623 -0.981623 3.023877 8.204929
1678842878648 -1.685518 3.421314 6.387730
1678842878674 -1.364695 3.507505 4.788404
1678842878702 -0.778116 3.375824 6.179435
1678842878725 -0.732626 3.378219 7.809886
1678842878761 -1.000776 3.385401 8.427590
1678842878776 -1.493982 3.790021 7.967903
1678842878806 -1.393425 4.086902 7.548918
1678842878829 -1.175553 4.168305 7.671022
1678842878853 -1.405396 4.498705 8.336611
1678842878879 -1.508347 4.831499 9.598354
1678842878905 -1.168370 4.752491 11.008539
1678842878931 -2.140416 4.697424 14.073117
1678842878956 -4.594473 4.316746 15.921441
1678842878981 -3.569755 3.816358 14.077906
1678842879008 -1.295263 3.825934 8.044518
1678842879052 -0.090980 4.094085 5.087678
1678842879069 -1.989582 3.914520 6.715736
1678842879099 -3.840300 3.751714 9.363723
1678842879113 -3.732560 3.519476 9.191340
1678842879138 -2.511518 3.454833 7.465121
1678842879162 -1.747767 3.157952 6.991069
1678842879186 -0.988805 3.126827 7.410054
1678842879214 -0.794875 3.445256 7.728483
1678842879238 -0.682347 4.055778 6.593631
1678842879265 -0.684742 4.522647 6.011840
1678842879290 -1.774103 5.228937 6.780379
1678842879315 -1.884237 5.504270 7.311892
1678842879345 -1.417367 5.712565 8.164227
1678842879370 -1.036689 5.477933 8.995016
1678842879392 -0.670376 4.946421 10.929531
1678842879417 -0.275333 5.391742 10.359711
1678842879448 -0.222661 5.327099 9.691729
1678842879469 -0.251391 4.319140 12.205640
1678842879497 0.064643 3.641581 12.492945
1678842879522 0.723049 3.720589 9.454702
1678842879546 1.558625 3.948039 6.675035
1678842879571 0.158017 3.849876 8.578424
1678842879600 -2.171541 4.050989 10.651803
1678842879623 -2.214637 3.971981 8.767567
1678842879650 -0.991199 4.017470 6.856994
1678842879674 -1.237802 4.517859 6.811504
1678842879708 -2.372654 5.056554 7.094019
1678842879740 -1.944092 4.831499 7.666234
1678842879756 -0.955287 4.266468 8.841787
1678842879776 -0.725443 4.256891 8.626308
1678842879803 -0.725443 4.331111 8.334216
1678842879850 -0.438139 4.079720 8.990228
1678842879869 -0.746991 4.264073 9.210494
1678842879879 -1.101333 4.534618 8.544906
1678842879905 -0.931344 4.709395 8.216900
1678842879931 -0.658405 4.726154 8.714894
1678842879956 -0.952892 4.817134 10.151415
1678842879982 -1.467646 4.702212 9.988609
1678842880024 -1.410185 4.599261 8.437167
1678842880056 -1.182736 4.635174 7.299921
1678842880065 -1.683124 4.175488 9.294291
1678842880084 -2.087744 3.732560 13.441049
1678842880110 -1.369483 3.636792 12.571953
1678842880136 -0.624887 4.194642 6.936002
1678842880168 -0.636858 4.328717 5.425261
1678842880204 -0.679953 3.957615 7.752425
1678842880224 -0.837971 3.533842 9.739613
1678842880238 -0.658405 3.538630 9.849746
1678842880270 -0.359130 3.591303 8.259995
1678842880289 -0.430956 3.651158 8.082825
1678842880316 -0.536301 3.892972 8.597578
1678842880341 -0.198719 4.084508 7.896077
1678842880395 -0.447716 4.441244 7.503428
1678842880411 -0.751779 4.584896 8.015787
1678842880421 -0.960075 4.431667 8.540117
1678842880443 -0.988805 4.338294 8.480263
1678842880469 -1.051055 4.491522 8.439561
1678842880496 -0.931344 4.577713 8.753201
1678842880520 -0.744597 4.383783 9.430760
1678842880546 -0.957681 4.127604 10.103531
1678842880571 -0.622492 4.340688 9.414001
1678842880597 0.634463 4.288015 7.158663
1678842880629 0.325611 4.869806 8.231265
1678842880648 -0.735020 3.991134 10.984597
1678842880674 -0.454898 3.320758 13.747506
1678842880710 0.751779 3.074155 10.211270
1678842880728 1.848324 3.122039 6.794744
1678842880753 0.792481 3.138798 7.987057
1678842880776 -0.914585 3.174711 10.879252
1678842880821 -1.034295 2.932897 11.880029
1678842880842 0.395043 2.616863 10.438720
1678842880853 0.088585 2.726996 8.504205
1678842880878 -1.355118 3.655946 7.682993
1678842880904 -1.486799 3.737349 7.091625
1678842880930 -0.519542 3.521871 7.108385
1678842880956 -0.421380 3.603274 7.924808
1678842880981 -1.072602 4.022259 7.879318
1678842881007 -1.323994 4.390966 7.467515
1678842881037 -1.276109 4.326323 8.250419
1678842881058 -1.637634 4.407725 9.212888
1678842881084 -1.403002 4.240131 9.718064
1678842881113 -1.297657 4.048595 11.044453
1678842881148 -1.082179 4.558560 10.211270
1678842881161 -1.635240 4.522647 8.578424
1678842881186 -1.848324 3.794810 11.027693
1678842881211 -0.627281 3.081338 12.421119
1678842881237 -0.660800 3.244143 9.986216
1678842881263 -0.670376 3.639187 7.031770
1678842881288 -0.313640 3.938462 5.492299
1678842881314 -1.189918 3.888184 7.939173
1678842881342 -2.116474 3.605668 11.880029
1678842881370 -1.781286 3.548207 12.406754
1678842881393 -0.751779 3.416526 10.907983
1678842881417 -0.591368 3.344700 9.603143
1678842881450 -0.761356 3.442862 8.092402
1678842881468 -0.418985 3.517082 6.653487
1678842881494 -0.105345 3.639187 6.313510
1678842881519 -0.474052 4.065354 6.689400
1678842881545 -0.629675 3.971981 8.066066
1678842881607 -0.215478 3.562572 8.956709
1678842881619 -0.469264 3.514688 8.848969
1678842881632 -0.359130 3.450045 8.789114
1678842881647 -0.567426 3.332729 9.428367
1678842881675 -1.213860 3.383007 10.709264
1678842881705 -1.316811 3.837905 9.969456
1678842881725 -0.682347 4.153940 7.474698
1678842881750 0.395043 3.936068 7.953538
1678842881788 -0.328006 3.792415 10.754754
1678842881838 -2.037466 3.818752 14.267048
1678842881842 -2.477999 3.916914 11.956643
1678842881852 -0.861913 3.888184 7.491457
1678842881879 -0.124498 3.526659 6.224925
1678842881904 -0.478840 2.935291 8.726865
1678842881930 -1.029507 2.901772 10.129868
1678842881955 -0.924162 3.258508 8.262390
1678842881981 -0.909797 3.670311 7.000646
1678842882012 -1.501164 4.189853 6.710948
1678842882035 -1.594538 4.228160 8.013393
1678842882058 -1.367089 4.321534 8.846576
1678842882084 -0.593762 4.165911 8.571242
1678842882118 0.002394 4.146757 7.606379
1678842882141 -0.112527 4.448427 7.912837
1678842882161 -0.665588 4.718972 8.781932
1678842882186 -0.555455 4.757279 8.513782
1678842882219 -0.373495 4.663905 8.444349
1678842882238 -0.179565 4.623203 9.136273
1678842882263 -0.277727 4.709395 9.504981
1678842882289 -0.478840 4.999093 8.683769
1678842882314 -0.409408 5.109226 8.082825
1678842882370 -0.313640 5.063736 7.829040
1678842882382 -0.344765 4.967968 8.810662
1678842882391 -0.639252 5.075707 9.289502
1678842882417 -0.555455 5.523423 8.621520
1678842882443 -0.768539 5.334281 7.022193
1678842882468 -0.945710 4.900931 8.463503
1678842882495 -0.351948 3.531447 11.190498
1678842882520 0.014365 3.122039 12.162544
1678842882547 -0.387861 3.490746 9.768343
1678842882571 -0.289698 3.830723 7.833828
1678842882602 -0.071826 3.643975 8.497022
1678842882622 -0.490811 3.349488 10.285490
1678842882649 -1.865083 3.359065 11.180922
1678842882673 -3.110068 3.418920 10.630256
1678842882699 -2.691083 2.858677 11.066000
1678842882724 -1.142034 2.233790 10.460267
1678842882750 -1.156399 2.664747 9.279925
1678842882788 -1.798046 3.284845 6.947973
1678842882811 -1.740585 3.955221 4.951209
1678842882835 -1.769315 4.292804 6.179435
1678842882853 -1.924938 4.319140 8.190564
1678842882878 -1.745373 4.252102 8.506598
1678842882904 -1.304840 4.249708 8.202535
1678842882935 -1.541866 4.477157 7.783550
1678842882957 -1.857901 4.659117 7.922413
1678842882980 -1.620875 4.587290 7.941567
1678842883006 -1.853112 4.690241 8.054094
1678842883052 -2.032677 4.862624 8.123527
1678842883076 -1.850718 5.025429 7.036559
1678842883084 -1.527501 4.984728 7.017405
1678842883111 -1.563414 4.829105 8.219295
1678842883135 -1.618480 5.078102 8.772355
1678842883160 -1.273715 5.125986 7.898471
1678842883186 -0.981623 5.178658 7.908048
1678842883222 -1.182736 5.379771 8.700529
1678842883242 -1.426944 5.276821 9.155427
1678842883265 -1.697489 4.915296 9.588778
1678842883289 -0.859518 4.520253 9.902418
1678842883314 -0.356736 4.680665 7.987057
1678842883340 -0.914585 4.891354 7.501034
1678842883366 -2.056619 4.388572 11.745954
1678842883394 -2.729390 3.842694 14.836868
1678842883421 -2.138022 3.368642 13.769054
1678842883442 -0.397437 3.064578 9.562442
1678842883469 1.316811 2.865860 6.438008
1678842883498 0.445322 2.621651 7.754819
1678842883521 -1.031901 2.494758 10.800244
1678842883552 -0.775721 2.652776 10.096349
1678842883570 -0.328006 2.729390 8.741230
1678842883602 -0.995988 2.758120 9.220071
1678842883629 -0.823605 2.719813 8.980651
1678842883651 -0.189142 2.753332 7.412448
1678842883704 -0.387861 2.889802 7.529764
1678842883720 -0.957681 3.157952 8.607155
1678842883726 -1.398214 3.373430 9.272743
1678842883750 -1.352724 3.581726 9.361329
1678842883775 -1.098939 3.778050 8.681376
1678842883801 -0.835576 3.974375 8.090008
1678842883827 -0.656011 4.065354 7.941567
1678842883861 -0.521936 4.180276 8.717288
1678842883885 -0.574608 4.285621 9.222465
1678842883907 -0.663194 4.529830 8.865729
1678842883938 -0.785298 4.860229 8.013393
1678842883955 -0.488417 4.750096 7.855376
1678842883986 -0.268151 4.711789 8.130709
1678842884040 -0.464475 4.807557 8.133103
1678842884045 -0.239420 4.790798 7.862558
1678842884058 -0.423774 4.752491 8.542512
1678842884096 -0.857124 4.941632 8.892065
1678842884109 -0.945710 5.032612 8.542512
1678842884140 -0.938527 5.125986 8.348581
1678842884179 -1.015141 5.183447 8.487445
1678842884186 -0.581791 4.620809 9.208099
1678842884212 -0.313640 4.501099 9.696517
1678842884237 -0.550666 4.407725 7.141904
1678842884272 -1.223437 4.630386 7.999028
1678842884290 -1.077391 3.541024 9.303867
1678842884314 -1.539472 3.055001 9.991004
1678842884340 -2.336741 3.038242 10.893618
1678842884369 -1.889025 2.971204 10.991780
1678842884393 -1.556231 2.590526 10.910378
1678842884417 -2.509123 2.367866 12.399570
1678842884442 -3.648763 2.683900 11.470620
1678842884468 -3.347094 3.162740 9.227253
1678842884510 -2.425326 3.110068 7.805098
1678842884525 -1.963245 2.839523 8.255207
1678842884545 -1.824382 2.815581 9.107543
1678842884572 -1.225831 2.990358 7.924808
1678842884601 -1.381454 3.471592 7.335834
1678842884628 -1.582567 3.799598 7.115568
1678842884659 -2.070984 4.019865 8.018182
1678842884679 -2.535460 4.161122 9.279925
1678842884709 -2.798822 4.285621 9.378088
1678842884735 -2.710236 4.364630 8.346188
1678842884770 -2.183512 4.532224 7.589619
1678842884779 -2.166753 4.637568 7.113173
1678842884814 -2.339135 4.865018 6.689400
1678842884836 -2.367866 4.991910 7.429208
1678842884854 -2.276886 4.855441 8.152257
1678842884878 -2.348712 4.817134 8.506598
1678842884914 -2.542642 4.879383 8.473080
1678842884938 -2.382231 4.888960 8.051701
1678842884956 -2.018312 5.025429 7.517793
1678842884998 -2.166753 5.152322 7.728483
1678842885007 -2.082955 4.853047 8.959103
1678842885032 -1.857901 4.180276 9.502586
1678842885060 -0.414197 4.120421 8.750807
1678842885094 0.009577 4.005499 7.469909
1678842885117 -1.843535 4.034230 11.738770
1678842885135 -2.291251 3.385401 12.710816
1678842885162 -3.122039 3.665523 11.923124
1678842885186 -1.726219 3.617639 10.900801
1678842885212 0.215478 3.869030 6.835446
1678842885237 -0.021548 4.292804 7.283162
1678842885270 -1.601721 4.319140 10.213664
1678842885300 -1.323994 4.146757 9.641450
1678842885318 0.215478 4.005499 7.501034
1678842885340 0.701501 4.065354 7.584831
1678842885365 -0.148441 4.402937 8.319851
1678842885401 -0.706290 4.345476 8.580819
1678842885429 0.605733 3.878607 8.540117
1678842885443 1.335965 3.639187 8.920795
1678842885469 0.792481 3.914520 8.719683
1678842885495 0.260968 4.252102 7.869741
1678842885520 0.205901 4.266468 7.817069
1678842885545 0.126893 4.240131 8.214506
1678842885570 -0.684742 4.347870 7.738060
1678842885608 -0.433351 4.378995 7.211336
1678842885644 0.452504 4.132392 8.090008
1678842885668 -0.150835 4.522647 8.947132
1678842885673 -0.770933 5.090073 8.532935
1678842885709 -0.675165 5.317522 8.939949
1678842885724 -0.418985 5.415684 9.756371
1678842885750 -0.328006 5.391742 10.244789
1678842885775 -0.744597 5.712565 10.216059
1678842885802 -1.249773 4.893748 9.318233
1678842885827 -1.537078 4.326323 10.951078
1678842885852 -0.588974 3.574543 11.602302
1678842885878 -0.462081 2.918532 12.129025
1678842885903 0.047884 2.135628 10.848128
1678842885955 -0.488417 2.008735 8.714894
1678842885974 -1.745373 2.341529 7.663840
1678842885985 -2.473210 2.564190 8.283937
1678842886006 -3.064578 2.777274 9.821015
1678842886033 -3.119645 2.719813 10.716447
1678842886057 -2.504335 2.528277 9.253590
1678842886083 -2.097321 2.671929 7.910442
1678842886112 -1.927332 2.844312 7.685388
1678842886135 -1.520318 3.021482 7.340622
1678842886162 -1.522712 3.406949 7.462727
1678842886186 -2.205060 3.900155 8.008605
1678842886215 -2.458845 4.321534 7.666234
1678842886249 -1.886631 4.381389 7.541735
1678842886270 -1.498770 4.280833 8.710106
1678842886288 -1.434127 4.084508 9.758766
1678842886315 -1.441309 4.034230 9.658210
1678842886339 -1.170765 3.933673 9.042900
1678842886368 -0.622492 3.720589 9.239224
1678842886394 -0.835576 3.689465 9.832987
1678842886417 -0.608127 4.074931 8.437167
1678842886442 -1.242591 4.795586 5.556942
1678842886468 -3.593697 4.335899 11.853693
1678842886494 -2.360683 2.669535 15.370775
1678842886519 -0.265756 2.782062 9.452309
1678842886545 -0.545878 3.921702 4.745308
1678842886571 -2.695871 4.608838 6.004658
1678842886608 -4.017470 4.010288 10.864887
1678842886624 -2.128445 2.959233 12.416330
1678842886648 -1.015141 2.679112 10.374076
1678842886673 -2.154782 3.502717 7.747637
1678842886699 -2.470816 4.007894 6.730101
1678842886727 -1.829170 4.115633 6.100426
1678842886750 -1.127669 4.228160 6.658275
1678842886776 -1.216254 4.261679 7.747637
1678842886801 -1.371878 4.627992 7.735666
1678842886827 -1.671153 4.953603 7.673417
1678842886856 -1.872266 5.190629 8.250419
1678842886878 -1.606509 5.183447 8.810662
1678842886906 -1.616086 5.221754 9.203311
1678842886929 -1.960851 5.418078 9.320627
1678842886962 -2.257732 5.413290 9.174581
1678842886983 -1.996764 5.209783 9.318233
1678842887012 -1.417367 5.042189 9.610326
1678842887044 -1.381454 5.032612 8.003817
1678842887060 -2.454057 4.941632 7.908048
1678842887103 -2.889802 4.874595 8.652645
1678842887111 -2.762909 4.666299 8.882488
1678842887135 -2.516306 4.082114 10.369287
1678842887161 -1.438915 3.694253 10.366894
1678842887187 -1.235408 3.904943 7.838616
1678842887213 -2.128445 4.146757 6.787562
1678842887245 -2.650381 4.197036 7.618350
1678842887266 -2.715025 4.259285 9.399636
1678842887289 -2.466028 4.046201 10.146626
1678842887315 -1.968034 3.926491 9.399636
1678842887340 -2.422932 4.362236 8.078036
1678842887368 -2.149993 4.414908 6.730101
1678842887393 -1.699883 4.489128 6.416461
1678842887438 -1.903390 4.527435 7.951144
1678842887444 -1.817199 4.697424 7.972692
1678842887483 -1.793257 4.781221 7.730877
1678842887509 -1.869871 4.742914 8.149862
1678842887525 -1.793257 4.702212 9.205706
1678842887545 -1.912967 4.905719 9.775525
1678842887571 -2.173935 5.341464 8.887277
1678842887597 -2.138022 5.736507 5.844246
1678842887623 -2.997540 6.066907 7.309498
1678842887648 -3.102885 5.178658 12.078748
1678842887674 -2.296039 4.321534 12.401965
1678842887700 -0.976834 3.888184 7.876924
1678842887727 0.414197 3.854665 5.312734
1678842887755 1.465251 3.957615 3.095703
1678842887777 -0.986411 4.410120 6.021417
1678842887809 -3.440468 4.623203 10.824186
1678842887841 -3.110068 4.254497 13.017275
1678842887859 -1.877054 4.383783 9.586384
1678842887879 -2.331953 5.228937 6.521805
1678842887912 -1.920150 5.157111 6.126762
1678842887934 -1.611298 4.707001 7.575254
1678842887998 -1.405396 4.800375 7.943961
1678842888004 -1.151611 5.066131 7.173028
1678842888009 -1.690306 5.518635 7.079654
1678842888033 -1.651999 5.659893 6.971915
1678842888061 -0.873884 5.351041 7.769185
1678842888090 -0.284910 5.542577 8.588001
1678842888110 -0.055067 5.547365 8.049306
1678842888144 0.047884 5.638345 8.118738
1678842888184 -0.646434 5.786786 8.657434
1678842888206 -1.295263 6.294356 9.670180
1678842888217 -0.943315 6.059724 7.785944
1678842888239 -0.237026 5.116409 5.920861
1678842888267 -1.513135 4.879383 8.774749
1678842888290 -2.252944 4.465186 12.318168
1678842888324 -1.982399 4.213795 13.132196
1678842888341 -0.447716 3.969586 10.438720
1678842888374 0.177171 3.732560 8.262390
1678842888392 -0.952892 4.065354 8.585608
1678842888436 -2.468422 4.283227 9.789890
1678842888449 -1.944092 4.077325 8.216900
1678842888470 -1.455675 3.861847 6.497863
1678842888506 -0.979228 3.806781 5.880159
1678842888521 -1.201889 3.500323 7.922413
1678842888546 -1.584962 3.615245 8.339005
1678842888578 -1.651999 3.739743 7.742848
1678842888612 -1.137246 3.675100 8.013393
1678842888653 -1.807622 3.689465 9.550470
1678842888672 -2.595315 3.924097 9.569624
1678842888684 -2.147599 4.036624 9.100361
1678842888700 -2.140416 4.086902 9.358934
1678842888727 -2.580950 4.235343 9.306262
1678842888752 -2.365471 4.252102 8.142680
1678842888777 -2.468422 4.558560 8.106767
1678842888806 -2.932897 4.790798 7.903260
1678842888837 -2.568978 4.800375 6.780379
1678842888856 -2.355895 4.654328 7.766790
1678842888885 -3.373430 4.690241 10.474632
1678842888905 -3.445256 4.754885 10.843340
1678842888936 -3.165135 4.800375 10.079589
1678842888976 -3.423708 4.692636 10.898406
1678842888983 -3.679888 4.874595 10.321404
1678842889028 -3.066972 4.611232 6.940791
1678842889035 -2.841918 4.252102 7.754819
1678842889059 -2.099715 3.126827 11.353305
1678842889085 -1.381454 2.676718 11.899182
1678842889117 -1.130063 2.430115 10.998962
1678842889136 -0.636858 2.025495 9.832987
1678842889168 -0.524330 2.264915 8.678981
1678842889187 -0.816423 2.585738 7.479486
1678842889223 -1.778892 2.944868 7.773973
1678842889239 -2.257732 2.873042 9.006987
1678842889265 -2.523489 2.683900 10.412383
1678842889292 -2.047042 2.829947 9.198523
1678842889322 -0.761356 2.715025 7.819463
1678842889341 -1.223437 2.856283 8.875306
1678842889368 -1.833959 2.944868 9.332599
1678842889396 -1.280898 2.870648 8.145074
1678842889421 -0.986411 2.746149 7.771579
1678842889444 -1.441309 2.918532 9.028535
1678842889470 -1.596933 3.100491 9.136273
1678842889500 -1.482011 3.466804 7.893683
1678842889550 -0.900220 3.514688 7.376535
1678842889569 -0.418985 3.397372 8.195353
1678842889580 -0.974440 3.632004 9.440337
1678842889610 -1.754950 3.598485 9.837775
1678842889627 -1.154005 3.459621 8.310274
1678842889650 -0.553061 3.414132 8.271967
1678842889675 -1.118092 3.509900 8.884883
1678842889701 -1.465251 3.485958 8.985439
1678842889726 -1.266533 3.442862 7.491457
1678842889755 -1.915361 3.169923 8.300697
1678842889792 -2.236184 2.849100 11.607090
1678842889829 -1.565808 2.731784 12.385205
1678842889847 -1.422156 3.138798 9.806650
1678842889876 -2.111686 3.770868 7.486669
1678842889888 -2.616863 4.022259 7.285556
1678842889906 -2.846706 3.711013 8.006210
1678842889938 -2.722207 3.375824 8.923190
1678842889962 -1.900996 2.930503 9.217676
1678842889983 -1.644817 2.856283 9.449914
1678842890016 -1.221043 2.810793 9.742006
1678842890034 -0.842759 3.083732 8.470686
1678842890066 -1.247379 3.758897 7.388506
1678842890109 -1.750161 4.232949 7.170634
1678842890114 -2.140416 4.302381 7.996634
1678842890138 -2.272097 4.106056 9.004593
1678842890167 -1.989582 3.857059 9.691729
1678842890189 -1.934515 4.000711 9.241618
1678842890214 -1.903390 4.242526 8.444349
1678842890246 -2.233790 4.486734 8.793902
1678842890274 -2.841918 4.572925 10.927136
1678842890297 -2.135628 4.769250 9.452309
1678842890335 -1.244985 4.410120 7.900866
1678842890345 -0.574608 3.414132 10.350134
1678842890379 -0.579397 2.619257 12.047623
1678842890393 -0.387861 3.004723 10.819398
1678842890435 0.397437 3.236961 9.334992
1678842890445 0.119710 3.778050 7.615956
1678842890470 -1.850718 4.249708 9.009381
1678842890499 -2.779668 4.168305 9.974244
1678842890522 -1.616086 3.861847 8.860941
1678842890547 -0.354342 3.569755 8.386889
1678842890582 -0.936133 3.725378 8.255207
1678842890602 -1.285686 3.780444 7.869741
1678842890625 -0.984017 3.720589 7.304709
1678842890650 -1.149217 3.799598 7.584831
1678842890682 -1.628057 3.940856 8.599973
1678842890702 -1.929727 4.077325 9.186552
1678842890734 -2.047042 4.070143 9.442732
1678842890752 -1.640028 3.794810 9.275137
1678842890778 -1.860295 3.727772 9.512163
1678842890804 -2.614468 3.993528 9.313444
1678842890829 -2.035071 4.034230 8.171411
1678842890855 -1.647211 4.113238 7.984663
1678842890881 -2.296039 4.311957 6.924031
1678842890911 -4.149151 4.340688 8.317456
1678842890932 -3.711013 3.385401 13.098678
1678842890962 -1.647211 2.815581 11.947066
1678842891010 -0.624887 2.968810 8.207323
1678842891015 -1.352724 3.081338 8.046912
1678842891053 -2.123657 3.043030 11.118672
1678842891061 -1.709460 2.901772 11.753136
1678842891086 -1.285686 3.076549 8.394072
1678842891112 -1.860295 3.402161 6.418855
1678842891147 -2.583344 3.596091 7.366959
1678842891168 -2.025495 3.342306 8.157045
1678842891188 -1.323994 3.320758 7.855376
1678842891215 -1.766921 3.608062 8.068460
1678842891242 -2.202666 3.804387 8.312668
1678842891267 -1.549049 3.617639 9.052477
1678842891304 -1.501164 3.708618 8.877700
1678842891318 -1.841141 3.895366 9.085996
1678842891343 -2.358289 4.216189 8.444349
1678842891368 -2.542642 4.378995 8.274361
1678842891394 -2.142811 4.338294 8.532935
1678842891420 -1.479617 4.050989 9.085996
1678842891447 -1.115698 4.101267 7.922413
1678842891471 -0.782904 4.496311 7.580042
1678842891506 -0.612916 4.570531 7.445967
1678842891528 -1.472434 4.663905 9.138668
1678842891556 -1.134852 4.817134 10.292673
1678842891576 -0.565032 4.781221 9.935937
1678842891603 -0.524330 4.836287 9.844957
1678842891645 -0.268151 4.994305 8.394072
1678842891670 -1.034295 4.826711 8.808268
1678842891677 -0.974440 4.398149 10.565612
1678842891702 0.428562 4.010288 9.921572
1678842891728 0.584185 4.232949 7.934384
1678842891753 0.076614 4.481946 7.244854
1678842891779 -0.320823 4.412514 7.924808
1678842891804 -0.079009 4.335899 8.805874
1678842891838 0.263362 4.374207 8.987833
1678842891859 0.301669 4.522647 7.302315
1678842891886 -0.148441 4.364630 7.261614
1678842891909 -0.356736 3.962404 9.708488
1678842891945 -0.430956 4.156334 10.122684
1678842891967 0.234632 4.551377 7.094019
1678842892012 -0.505177 4.453215 5.401319
1678842892038 -2.375048 3.687071 12.550406
1678842892043 -2.324770 3.476381 17.434576
1678842892062 -0.814029 3.971981 10.175357
1678842892087 0.067038 4.486734 5.054160
1678842892112 -0.543484 5.073313 5.418078
1678842892138 -1.453280 5.118803 7.493851
1678842892163 -1.752556 4.869806 9.131485
1678842892190 -1.187524 4.249708 10.374076
1678842892222 -0.086191 3.703830 9.864111
1678842892242 0.878672 3.246537 9.947908
1678842892269 1.118092 3.119645 10.323798
1678842892293 0.323217 3.897760 8.700529
1678842892325 0.174777 4.520253 6.490681
1678842892362 0.165200 4.611232 7.297527
1678842892376 -0.301669 4.467580 8.760384
1678842892400 -0.239420 4.225766 9.464279
1678842892421 -0.900220 4.551377 7.515399
1678842892462 -0.363919 4.393360 8.528147
1678842892475 0.011971 4.046201 9.856929
1678842892508 -0.011971 3.909731 9.045294
1678842892530 -0.181959 4.192247 8.386889
1678842892549 -0.318429 4.441244 7.781156
1678842892574 0.124498 4.687847 6.924031
1678842892602 0.045490 4.577713 8.343793
1678842892625 -0.184354 4.491522 9.165004
1678842892651 -0.440533 4.386178 9.926360
1678842892676 -0.265756 4.527435 9.425972
1678842892702 -0.124498 4.618415 8.702923
1678842892746 -0.189142 4.639963 8.489840
1678842892757 -0.383072 4.836287 7.996634
1678842892790 -0.272939 4.726154 8.312668
1678842892828 -0.179565 4.501099 8.248025
1678842892846 -0.280122 4.537012 8.226477
1678842892861 -0.399832 4.656722 8.695741
1678842892882 -0.035913 4.517859 9.351752
1678842892907 0.337582 4.326323 8.896853
1678842892933 0.550666 4.347870 8.355764
1678842892982 0.634463 4.465186 8.492233
1678842892987 0.543484 4.659117 8.657434
1678842893010 0.691924 4.592079 8.616732
1678842893036 0.802058 4.642357 8.216900
1678842893074 0.857124 4.625597 8.106767
1678842893115 0.421380 4.817134 8.633492
1678842893120 0.445322 5.001487 8.657434
1678842893138 0.610521 4.965574 8.317456
1678842893164 0.414197 5.078102 8.602366
1678842893190 0.272939 5.130774 8.875306
1678842893231 0.653617 5.164293 8.465898
1678842893241 0.488417 5.327099 8.777143
1678842893266 0.158017 5.312734 9.457097
1678842893293 0.081403 5.700594 8.710106
1678842893325 0.531513 5.123591 7.402872
1678842893347 -0.509965 4.762067 9.864111
1678842893375 -1.175553 4.678270 10.955867
1678842893400 -1.005565 4.192247 10.795456
1678842893425 -0.878672 3.950433 9.701305
1678842893446 -0.948104 4.098873 8.518570
1678842893474 -1.431733 4.453215 8.082825
1678842893497 -2.059013 4.467580 8.092402
1678842893541 -2.473210 4.256891 8.319851
1678842893554 -2.255338 4.218584 8.523358
1678842893578 -2.169147 4.352659 8.576031
1678842893617 -2.789245 4.742914 9.069236
1678842893632 -2.664747 5.106832 9.059659
1678842893651 -2.011129 5.413290 7.955932
1678842893677 -2.403779 5.796362 7.577648
1678842893702 -2.111686 5.446809 7.058106
1678842893728 -1.470040 5.085284 7.709330
1678842893758 -1.551443 5.470751 8.140285
1678842893784 -1.582567 5.710171 7.675811
1678842893828 -1.194707 5.609614 7.520187
1678842893832 -1.132457 5.489904 8.166622
1678842893857 -0.754174 5.260061 7.036559
1678842893882 -0.337582 4.946421 5.841852
1678842893915 -0.373495 4.654328 5.937620
1678842893933 -0.742203 4.278439 7.422025
1678842893971 -1.426944 4.338294 8.279149
1678842893987 -0.732626 4.525041 7.422025
1678842894010 -0.225055 4.723760 7.577648
1678842894071 -0.301669 3.584120 8.623915
1678842894087 -1.261744 3.715801 10.014946
1678842894097 -0.995988 3.521871 7.709330
1678842894113 -0.940921 3.031059 7.278373
1678842894138 -0.972046 3.059790 8.865729
1678842894167 -1.845930 3.612850 11.054029
1678842894190 -1.843535 3.751714 10.625467
1678842894216 -0.153229 3.347094 8.705317
1678842894241 -0.119710 3.624821 9.303867
1678842894275 -0.802058 4.204218 10.017340
1678842894301 -0.385466 4.134786 9.351752
1678842894319 0.404620 3.924097 9.002198
1678842894344 0.308852 4.077325 9.105149
1678842894372 0.404620 3.866636 8.781932
1678842894417 1.094150 4.036624 8.525752
1678842894425 0.912191 4.620809 8.997410
1678842894447 0.608127 4.910508 9.720459
1678842894472 0.699107 4.537012 9.490616
1678842894498 0.802058 4.419696 8.904037
1678842894525 0.272939 4.481946 9.564836
1678842894562 0.119710 4.402937 10.424355
1678842894575 0.153229 5.231331 9.033323
1678842894601 0.050278 4.656722 9.224859
1678842894632 -1.347936 4.338294 11.185710
1678842894652 -2.226608 4.007894 11.468226
1678842894684 -2.430115 3.299210 11.044453
1678842894703 -2.315193 3.177106 9.464279
1678842894756 -2.310405 3.330335 7.936779
1678842894761 -2.600103 3.363853 7.965509
1678842894780 -2.518700 3.303998 8.140285
1678842894806 -2.142811 3.462016 8.068460
1678842894832 -2.255338 4.031836 8.166622
1678842894866 -2.063802 4.036624 7.481880
1678842894908 -2.111686 4.062960 7.295133
1678842894925 -2.401384 4.261679 7.603985
1678842894939 -2.025495 4.187459 7.153875
1678842894978 -1.754950 4.508282 7.515399
1678842894986 -1.450886 4.666299 7.781156
1678842895011 -0.991199 4.800375 7.733272
1678842895037 -0.569820 5.238513 8.044518
1678842895063 -0.617704 5.607220 8.295909
1678842895088 -0.469264 5.600038 8.997410
1678842895114 -0.390255 5.147533 9.555259
1678842895142 -0.665588 5.681441 9.641450
1678842895166 0.632069 5.066131 8.719683
1678842895192 -0.387861 5.164293 10.670957
1678842895216 -1.137246 4.225766 11.779472
1678842895253 -1.723825 3.502717 9.619903
1678842895307 -1.146823 3.440468 7.661446
1678842895319 -0.014365 3.584120 6.801927
1678842895328 -0.720655 3.624821 9.162610
1678842895345 -1.709460 3.466804 10.754754
1678842895370 -1.357512 3.201048 9.840169
1678842895396 -1.077391 3.093309 8.219295
1678842895431 -1.465251 3.538630 7.580042
1678842895452 -1.982399 3.991134 7.991845
1678842895475 -1.805228 4.050989 7.733272
1678842895498 -1.640028 4.192247 6.593631
1678842895536 -1.256956 4.539406 6.258443
1678842895552 -1.431733 4.903325 7.103596
1678842895575 -1.592144 4.876989 8.350976
1678842895601 -1.853112 4.836287 9.318233
1678842895627 -1.936909 5.063736 9.473856
1678842895653 -1.637634 5.109226 8.729259
1678842895683 -1.685518 5.125986 8.614338
1678842895704 -2.027889 5.128380 9.622296
1678842895735 -2.279280 6.244078 8.815451
1678842895756 -1.675941 5.015852 7.244854
1678842895785 -1.290475 4.369418 9.900024
1678842895807 -2.245761 3.560178 12.978968
1678842895833 -2.760514 3.790021 11.705252
1678842895858 -2.219425 4.022259 7.881712
1678842895896 -2.001553 4.022259 6.342240
1678842895909 -2.291251 3.754108 9.100361
1678842895937 -2.116474 3.643975 10.323798
1678842895961 -1.309628 3.497929 9.514558
1678842895986 -0.811634 3.691859 8.190564
1678842896013 -1.000776 4.094085 7.412448
1678842896038 -1.063026 4.175488 6.433220
1678842896065 -0.617704 4.256891 5.796362
1678842896092 -1.122881 4.807557 7.043741
1678842896125 -1.259350 5.080496 7.788338
1678842896140 -0.708684 5.051765 7.520187
1678842896178 -0.682347 5.133168 8.058883
1678842896195 -0.651223 5.202600 8.623915
1678842896217 -0.129287 4.862624 8.753201
1678842896248 -0.174777 4.443638 9.435549
1678842896270 -0.083797 4.599261 9.662998
1678842896301 0.670376 4.577713 8.279149
1678842896347 0.177171 5.820304 7.977480
1678842896371 0.213084 4.247314 10.785878
1678842896382 -0.675165 4.007894 13.864822
1678842896397 1.297657 3.672705 9.567230
1678842896422 1.893813 3.581726 7.694964
1678842896448 1.086968 3.167529 10.180145
1678842896474 0.622492 2.813187 11.528081
1678842896499 0.481235 2.789245 10.400413
1678842896532 0.605733 2.901772 8.868123
1678842896552 0.490811 3.035848 8.473080
1678842896584 0.102951 3.426103 8.571242
1678842896628 0.280122 3.471592 8.066066
1678842896632 0.474052 3.505111 7.256825
1678842896653 0.246603 3.629610 7.417237
1678842896680 -0.411803 4.010288 8.516175
1678842896735 -0.811634 4.333505 9.138668
1678842896739 -0.936133 4.584896 9.239224
1678842896756 -1.386243 4.841076 9.560047
1678842896785 -1.754950 4.874595 9.674969
1678842896832 -1.616086 5.001487 8.935161
1678842896835 -0.986411 4.965574 8.674192
1678842896865 -0.914585 5.398925 9.263166
1678842896886 -0.780510 5.465962 8.154651
1678842896910 -0.737414 4.948815 8.406042
1678842896958 -1.074997 4.493917 9.768343
1678842896978 -0.658405 4.039018 10.146626
1678842896989 -1.070208 3.639187 10.754754
1678842897012 -1.314417 3.900155 9.275137
1678842897052 -1.192312 3.667917 7.675811
1678842897074 -1.642422 3.423708 8.058883
1678842897093 -2.209848 3.143587 9.165004
1678842897115 -2.296039 3.117251 9.495404
1678842897143 -2.054225 3.450045 8.844181
1678842897167 -2.063802 3.790021 7.843405
1678842897195 -1.982399 4.074931 7.007828
1678842897218 -1.556231 4.151546 6.876147
1678842897246 -1.625663 4.247314 7.560889
1678842897270 -1.663970 4.362236 7.800309
1678842897300 -1.256956 4.472369 7.656657
1678842897322 -1.103727 4.709395 7.663840
1678842897349 -1.079785 4.716578 7.795521
1678842897377 -1.300052 4.927267 8.101978
1678842897397 -1.005565 4.912902 8.650250
1678842897425 -0.883460 4.977545 9.006987
1678842897448 -0.979228 4.809951 9.777920
1678842897474 -1.118092 5.702989 9.105149
1678842897509 -0.043096 4.793192 8.918402
1678842897538 -1.101333 4.228160 11.492168
1678842897552 -2.169147 3.351882 12.763490
1678842897577 -1.508347 3.325546 10.050858
1678842897603 -0.466869 3.651158 7.070077
1678842897628 -0.794875 4.141969 7.295133
1678842897654 -1.731008 3.919308 10.074800
1678842897685 -2.130840 3.617639 12.061988
1678842897707 -1.127669 3.361459 9.734824
1678842897735 -0.816423 3.442862 8.176199
1678842897763 -1.163582 3.584120 7.017405
1678842897792 -1.496376 3.845088 6.938396
1678842897808 -1.278504 3.919308 6.672640
1678842897838 -1.137246 4.211401 6.718130
1678842897878 -1.596933 4.505888 7.297527
1678842897902 -1.685518 4.587290 7.486669
1678842897910 -1.862689 4.551377 7.513005
1678842897936 -2.351106 4.623203 8.094796
1678842897962 -2.564190 4.537012 8.106767
1678842897987 -2.566584 4.429273 8.200141
1678842898024 -2.647987 4.228160 9.478644
1678842898039 -2.935291 5.355829 9.090784
1678842898079 -2.051831 4.596867 7.814674
1678842898100 -2.710236 4.520253 9.375694
1678842898115 -2.726996 3.866636 12.186486
1678842898141 -2.856283 3.924097 12.548011
1678842898179 -2.068590 4.029441 9.615114
1678842898199 -2.015918 3.804387 8.226477
1678842898218 -1.994370 3.521871 9.593566
1678842898247 -2.336741 3.430891 11.013328
1678842898269 -2.142811 3.579332 9.500193
1678842898296 -1.192312 3.787627 7.089231
1678842898326 -1.252167 4.072537 6.378153
1678842898346 -1.750161 4.529830 7.275979
1678842898372 -1.007959 4.515464 8.159439
1678842898423 -0.351948 4.556166 8.329428
1678842898443 -1.098939 4.912902 6.404490
1678842898457 -1.091756 4.946421 7.036559
1678842898475 0.009577 4.541800 7.884106
1678842898500 0.397437 4.479551 8.257602
1678842898534 0.210690 4.529830 7.694964
1678842898564 -0.143652 4.407725 9.145850
1678842898581 -0.258574 4.431667 11.228806
1678842898603 0.035913 4.812346 9.528923
1678842898632 -0.804452 5.054160 9.777920
1678842898655 -1.000776 4.551377 10.419566
1678842898680 -1.252167 3.713407 10.620679
1678842898706 -0.802058 3.564966 9.267955
1678842898736 0.033519 3.828329 6.722919
1678842898765 0.215478 3.849876 5.880159
1678842898803 -0.912191 3.557784 9.042900
1678842898808 -2.212242 3.567361 10.723629
1678842898834 -1.915361 3.658340 9.234436
1678842898859 -0.871489 3.548207 8.259995
1678842898885 -0.691924 3.813963 8.159439
1678842898914 -1.379060 4.067749 7.694964
1678842898949 -1.312023 4.120421 7.419631
1678842898967 -1.137246 4.010288 7.781156
1678842899002 -1.640028 4.098873 8.195353
1678842899017 -1.675941 4.232949 8.161834
1678842899053 -1.482011 4.213795 8.580819
1678842899094 -1.788469 4.369418 9.720459
1678842899102 -1.771709 4.522647 9.615114
1678842899116 -2.233790 4.493917 9.354146
1678842899151 -2.410961 4.551377 9.354146
1678842899185 -2.564190 4.970363 8.882488
1678842899204 -3.543418 4.953603 10.244789
1678842899219 -3.373430 4.180276 11.937490
1678842899247 -1.572991 3.275268 11.307815
1678842899272 0.019154 2.892196 8.820239
1678842899300 -0.660800 3.356671 7.220912
1678842899335 -2.561796 4.029441 6.809110
1678842899350 -3.280056 4.151546 8.063671
1678842899372 -2.217031 3.552995 9.502586
1678842899399 -1.312023 3.081338 10.302250
1678842899426 -1.302446 3.088520 9.433155
1678842899450 -1.774103 3.596091 7.635109
1678842899477 -1.726219 3.799598 6.684611
1678842899502 -1.357512 4.010288 6.567295
1678842899527 -1.146823 4.364630 7.378930
1678842899552 -0.890643 4.690241 7.757214
1678842899582 -1.060631 5.001487 8.152257
1678842899628 -1.070208 5.142745 8.410830
1678842899643 -1.357512 5.425261 9.287108
1678842899659 -1.623269 5.597643 9.576807
1678842899681 -2.013524 5.525817 10.022128
1678842899707 -1.800440 5.401319 10.544065
1678842899732 -1.089362 5.887342 8.319851
1678842899778 -1.022324 5.544971 6.184223
1678842899798 -0.131681 5.125986 8.027759
1678842899809 0.079009 3.919308 10.388441
1678842899834 -0.881066 3.495534 11.511322
1678842899877 -0.287304 3.426103 8.623915
1678842899912 1.055843 3.430891 5.676652
1678842899935 0.720655 3.268085 6.378153
1678842899943 -2.013524 3.337517 9.629479
1678842899965 -2.906561 3.591303 11.575965
1678842899988 -1.987187 3.383007 9.672575
1678842900017 -1.319205 3.711013 6.600814
1678842900040 -2.008735 4.491522 5.382165
1678842900076 -2.279280 4.687847 6.440403
1678842900091 -1.462857 4.510676 8.022970
1678842900125 -1.154005 4.584896 8.633492
1678842900143 -1.980005 4.936844 8.990228
1678842900177 -2.274492 5.061342 9.236830
1678842900196 -1.678335 4.826711 9.483433
1678842900272 -0.854730 4.548983 9.437943
1678842900287 -1.417367 4.606444 9.734824
1678842900306 -1.582567 5.272032 9.500193
1678842900311 -1.561020 5.576096 7.764396
1678842900324 -2.861071 5.458780 9.121908
1678842900347 -2.540248 4.326323 12.765883
1678842900373 -1.642422 4.125209 12.243947
1678842900404 -0.433351 3.988740 7.505822
1678842900431 -0.703895 3.979163 7.450756
1678842900463 -1.482011 3.768473 8.923190
1678842900481 -1.012747 3.488352 10.254366
1678842900501 -0.328006 3.294421 9.830592
1678842900528 -1.623269 3.730166 8.765172
1678842900568 -2.928109 4.225766 7.967903
1678842900582 -1.970428 4.041412 7.307104
1678842900604 -0.852336 3.919308 6.687006
1678842900631 -0.979228 4.144363 6.576872
1678842900656 -1.769315 4.472369 7.110779
1678842900681 -1.505953 4.489128 7.836222
1678842900714 -0.921768 4.237737 9.126697
1678842900735 -0.490811 4.232949 8.772355
1678842900758 -0.744597 4.345476 8.188169
1678842900785 -0.902614 4.120421 8.789114
1678842900818 -0.842759 3.694253 9.809045
1678842900836 0.112527 3.215413 9.732430
1678842900861 -0.445322 3.026271 10.386047
1678842900886 -1.386243 3.320758 9.373300
1678842900914 -0.778116 3.277662 8.508993
1678842900938 -0.897826 3.021482 9.698911
1678842900964 -0.950498 2.573767 12.758701
1678842900991 -0.897826 2.518700 11.609484
1678842901015 -0.878672 3.050213 9.543288
1678842901041 -0.349553 2.789245 10.014946
1678842901067 0.155623 2.372654 12.023681
1678842901111 -0.483629 2.463634 11.815386
1678842901125 -0.335188 2.432509 9.794679
1678842901143 0.768539 2.001553 9.440337
1678842901168 0.569820 1.905785 9.674969
1678842901195 -0.258574 2.372654 9.167398
1678842901234 -1.108515 2.683900 8.444349
1678842901248 -0.991199 2.667141 9.176975
1678842901273 -0.624887 2.530671 9.679757
1678842901297 -1.453280 2.952051 9.897630
1678842901326 -2.351106 3.263297 10.328587
1678842901348 -1.647211 2.784456 10.910378
1678842901381 -0.905008 2.475605 11.259931
1678842901420 -1.443704 2.700660 10.134656
1678842901450 -1.582567 2.880225 8.762778
1678842901455 -1.472434 3.114856 8.123527
1678842901478 -2.049437 3.720589 8.030152
1678842901505 -2.080561 4.199430 8.090008
1678842901530 -2.442086 4.484340 8.511387
1678842901554 -2.681506 4.565742 9.253590
1678842901579 -2.911349 4.402937 8.829816
1678842901617 -2.353500 4.857835 7.958326
1678842901653 -2.686294 5.193024 6.351817
1678842901662 -1.960851 4.103662 8.389283
1678842901684 0.313640 3.579332 9.986216
1678842901708 0.627281 3.888184 9.598354
1678842901733 -1.699883 4.551377 8.123527
1678842901761 -3.694253 4.879383 7.522582
1678842901784 -3.517082 4.817134 9.387665
1678842901813 -2.030283 4.132392 11.247959
1678842901855 -1.879448 3.940856 10.757148
1678842901866 -2.284068 4.101267 8.106767
1678842901910 -3.045424 4.352659 7.206547
1678842901927 -3.514688 4.613626 7.316680
1678842901938 -3.112462 4.544195 7.184999
1678842901964 -2.762909 4.417302 6.909666
1678842901994 -2.913743 4.407725 6.895301
1678842902019 -2.413355 4.386178 7.235278
1678842902041 -2.286463 4.848258 7.821857
1678842902067 -2.875436 5.274426 8.386889
1678842902097 -3.167529 5.671864 7.690176
1678842902124 -2.525883 5.623980 7.460332
1678842902143 -1.628057 5.494693 8.104373
1678842902175 -1.714248 5.638345 8.068460
1678842902200 -1.570596 5.568913 8.535329
1678842902225 -1.572991 5.571307 9.311050
1678842902246 -1.946486 6.153099 8.880095
1678842902272 -2.688689 5.975927 5.899313
1678842902297 -2.808398 4.594473 9.294291
1678842902331 -2.257732 3.253720 15.610195
1678842902366 -0.629675 3.150769 11.228806
1678842902375 0.538695 3.478775 5.647922
1678842902400 -0.301669 3.552995 6.004658
1678842902426 -2.501941 3.564966 9.763555
1678842902460 -3.773262 4.017470 11.532869
1678842902485 -3.608062 4.283227 9.382876
1678842902508 -2.420538 4.321534 6.936002
1678842902532 -2.406173 4.448427 7.249643
1678842902558 -1.776498 4.211401 8.487445
1678842902589 -1.510741 4.264073 7.668628
1678842902610 -2.183512 4.759673 6.675035
1678842902633 -2.557007 4.738125 7.362170
1678842902664 -1.900996 4.350265 8.228871
1678842902683 -0.869095 4.225766 7.544129
1678842902708 -0.694318 4.393360 7.350199
1678842902733 -0.548272 4.508282 8.310274
1678842902764 -0.998382 4.702212 8.808268
1678842902788 -2.324770 5.075707 8.923190
1678842902811 -2.930503 5.736507 9.038112
1678842902836 -2.557007 5.846641 5.437232
1678842902862 -2.315193 5.185841 5.834670
1678842902888 -1.982399 3.957615 11.501745
1678842902914 -0.972046 3.234566 14.578294
1678842902945 -0.232238 3.356671 11.662156
1678842902969 -0.878672 3.904943 7.149086
1678842902994 -2.554613 4.321534 6.145916
1678842903016 -3.892972 4.496311 8.274361
1678842903051 -2.688689 3.933673 9.825804
1678842903075 -1.539472 3.696647 8.425196
1678842903094 -1.505953 3.950433 7.762002
1678842903119 -2.219425 4.043807 7.783550
1678842903145 -2.126051 4.247314 7.532158
1678842903170 -1.972822 4.517859 7.129933
1678842903198 -2.047042 4.817134 7.038953
1678842903231 -1.999158 4.848258 7.192182
1678842903247 -1.668759 4.716578 8.207323
1678842903274 -0.476446 4.355053 9.358934
1678842903299 -0.584185 4.458004 9.852140
1678842903330 -1.137246 4.666299 9.866506
1678842903350 -1.067814 4.673482 9.629479
1678842903375 -0.562637 5.025429 6.852205
1678842903401 -0.914585 4.876989 6.435614
1678842903431 -1.814805 4.383783 10.335769
1678842903453 -1.304840 3.792415 13.163321
1678842903478 -0.325611 3.493140 10.776301
1678842903506 0.165200 3.502717 8.085219
1678842903532 0.069432 3.454833 7.972692
1678842903555 -1.182736 3.253720 10.919954
1678842903594 -2.044648 3.557784 11.377247
1678842903606 -1.266533 3.560178 8.104373
1678842903647 -0.335188 3.378219 7.398083
1678842903666 -1.015141 3.648763 7.273585
1678842903684 -1.041478 3.857059 7.122750
1678842903709 -0.634463 3.983952 7.730877
1678842903750 -1.065420 4.072537 7.908048
1678842903764 -1.395820 4.218584 7.649475
1678842903786 -1.206678 4.050989 8.058883
1678842903812 -0.948104 3.900155 8.683769
1678842903837 -0.241814 3.861847 8.350976
1678842903864 0.244209 3.866636 8.329428
1678842903889 -0.450110 3.993528 9.071630
1678842903914 -0.751779 4.266468 10.572795
1678842903940 -0.390255 4.989516 10.065224
1678842903966 -0.725443 5.173870 7.096414
1678842903992 -2.130840 5.334281 8.298303
1678842904018 -2.628834 4.517859 11.973403
1678842904043 -2.351106 3.881001 14.444219
1678842904070 -1.486799 3.440468 12.583924
1678842904098 -1.209072 3.445256 8.456321
1678842904120 -1.623269 3.423708 7.920019
1678842904145 -2.329558 3.277662 9.923966
1678842904172 -2.195483 3.406949 9.227253
1678842904200 -1.726219 3.548207 7.122750
1678842904236 -1.759738 3.691859 6.438008
1678842904251 -2.130840 3.900155 7.208941
1678842904277 -1.546654 3.801992 7.611167
1678842904299 -0.493206 4.015076 7.388506
1678842904325 -0.826000 4.374207 6.892907
1678842904351 -1.321599 4.661511 6.926425
1678842904376 -1.690306 4.924873 7.864953
1678842904402 -1.036689 4.721366 8.834604
1678842904431 -0.486023 4.465186 8.978256
1678842904454 -0.543484 4.455609 9.308656
1678842904490 -0.634463 4.458004 9.988609
1678842904518 -0.445322 5.181053 8.485051
1678842904530 -1.556231 5.207389 7.596802
1678842904569 -2.566584 4.967968 11.286267
1678842904581 -2.070984 3.689465 14.121001
1678842904607 -1.029507 3.380613 10.568007
1678842904633 0.090980 3.402161 7.460332
1678842904658 0.457293 3.711013 6.438008
1678842904685 -0.725443 3.445256 9.054871
1678842904710 -2.343924 3.473987 11.226412
1678842904736 -1.963245 3.356671 9.909601
1678842904767 -0.756568 3.193865 7.575254
1678842904805 -0.703895 3.294421 6.689400
1678842904819 -1.165976 3.502717 6.509834
1678842904839 -0.931344 3.550601 6.241684
1678842904864 -0.782904 3.734955 7.091625
1678842904891 -1.410185 3.794810 8.655039
1678842904940 -2.104503 4.077325 9.090784
1678842904952 -1.817199 3.897760 9.279925
1678842904972 -1.173159 3.514688 9.500193
1678842904993 -1.592144 3.610456 9.179369
1678842905021 -1.996764 3.775656 8.669404
1678842905044 -1.869871 3.651158 9.136273
1678842905070 -2.109292 4.256891 9.739613
1678842905095 -3.205836 4.225766 9.198523
1678842905123 -3.974375 4.350265 10.951078
1678842905161 -2.233790 2.916138 11.865664
1678842905173 -1.237802 2.659958 10.647015
1678842905217 -1.189918 2.755726 8.882488
1678842905235 -2.070984 3.045424 7.970297
1678842905249 -2.557007 3.153164 7.546524
1678842905281 -2.039860 2.734178 8.853758
1678842905302 -1.872266 2.592921 10.369287
1678842905331 -1.905785 2.753332 9.737218
1678842905372 -1.687912 3.014300 8.274361
1678842905396 -1.845930 3.179500 8.025364
1678842905404 -2.250550 3.541024 8.401254
1678842905430 -2.068590 3.758897 8.101978
1678842905456 -1.419762 3.576937 7.570466
1678842905481 -1.209072 3.476381 8.396465
1678842905532 -1.307234 3.548207 10.050858
1678842905541 -0.869095 3.653552 9.514558
1678842905565 -1.051055 3.964798 8.949526
1678842905590 -2.231396 4.355053 10.053253
1678842905624 -3.040636 4.501099 10.596737
1678842905634 -2.724602 5.147533 8.990228
1678842905660 -1.661576 4.608838 6.100426
1678842905687 -1.850718 4.141969 9.208099
1678842905711 -2.353500 2.873042 14.525621
1678842905737 -1.264138 2.377442 13.781025
1678842905763 0.304064 2.655170 7.596802
1678842905790 0.390255 3.272874 4.766856
1678842905814 -1.798046 3.023877 8.180987
1678842905839 -3.442862 2.947262 12.014104
1678842905865 -2.509123 2.983175 10.910378
1678842905892 -1.414973 3.179500 7.242460
1678842905918 -1.666364 3.564966 6.605602
1678842905942 -1.570596 3.562572 7.211336
1678842905973 -1.575385 3.811569 7.462727
1678842905994 -1.182736 3.813963 7.752425
1678842906020 -0.845153 3.663129 7.982268
1678842906045 -1.350330 3.770868 8.860941
1678842906078 -2.097321 4.027047 9.521740
1678842906112 -1.589750 4.070143 8.690952
1678842906158 -1.335965 3.998317 8.619126
1678842906173 -1.747767 3.873818 9.634268
1678842906182 -1.431733 4.228160 10.898406
1678842906199 -1.582567 4.158728 7.673417
1678842906226 -2.906561 4.472369 9.718064
1678842906251 -2.384625 3.512294 13.374011
1678842906276 -1.776498 3.426103 12.275072
1678842906311 -0.936133 3.464410 6.919243
1678842906331 -1.278504 3.675100 5.700594
1678842906356 -2.104503 3.706224 7.352593
1678842906379 -1.845930 3.380613 9.945514
1678842906404 -1.130063 3.193865 9.938332
1678842906430 -0.253785 3.148375 7.570466
1678842906462 -0.991199 3.560178 6.476315
1678842906493 -1.671153 3.895366 6.971915
1678842906511 -1.249773 4.046201 7.094019
1678842906532 -1.192312 4.311957 6.909666
1678842906558 -1.723825 4.702212 6.840234
1678842906596 -2.025495 4.891354 7.177817
1678842906613 -1.668759 4.831499 8.635885
1678842906653 -1.177947 4.747702 9.466674
1678842906666 -0.995988 4.735731 9.162610
1678842906694 -1.288081 4.730943 9.742006
1678842906730 -1.288081 5.214571 10.462662
1678842906740 -1.589750 4.951209 8.887277
1678842906767 -1.769315 4.893748 11.018116
1678842906790 -0.864307 3.512294 11.856087
1678842906815 -2.147599 4.043807 9.909601
1678842906841 -1.053449 4.031836 7.070077
1678842906870 0.430956 3.622427 7.321469
1678842906896 -0.459687 2.999935 11.080365
1678842906920 -2.087744 3.203442 12.519280
1678842906956 -1.838747 3.421314 8.465898
1678842906971 -0.995988 3.428497 5.937620
1678842906996 -0.330400 3.002329 7.690176
1678842907021 -0.751779 3.294421 8.334216
1678842907046 -1.022324 3.586514 7.800309
1678842907071 -0.847547 3.615245 7.795521
1678842907106 -0.897826 3.691859 8.516175
1678842907144 -1.460463 4.000711 9.066842
1678842907150 -1.606509 4.163517 9.227253
1678842907174 -1.218649 4.089296 9.009381
1678842907201 -1.932121 4.218584 9.220071
1678842907231 -2.116474 4.132392 9.124303
1678842907253 -1.125275 3.672705 9.952697
1678842907277 -1.048660 4.034230 9.643845
1678842907315 -2.858677 4.232949 9.320627
1678842907351 -3.287239 4.170700 10.793061
1678842907366 -1.522712 3.361459 12.078748
1678842907394 -0.993594 3.124433 10.120291
1678842907409 -1.343147 3.378219 7.965509
1678842907431 -2.188300 3.464410 6.900089
1678842907462 -3.603274 3.782839 7.199365
1678842907483 -3.086126 3.507505 8.147469
1678842907513 -1.173159 2.928109 9.816227
1678842907552 -1.110910 3.040636 9.636662
1678842907568 -1.960851 3.600879 8.219295
1678842907590 -2.408567 4.062960 6.564901
1678842907611 -2.133234 4.170700 7.771579
1678842907648 -1.496376 4.070143 9.148245
1678842907662 -0.912191 4.070143 8.236053
1678842907700 -1.074997 4.331111 7.781156
1678842907714 -1.604115 4.699818 8.161834
1678842907739 -1.508347 4.884171 8.504205
1678842907765 -1.484405 4.850653 8.810662
1678842907791 -1.953669 4.879383 8.822633
1678842907816 -2.264915 4.908113 9.512163
1678842907842 -1.786075 5.284003 9.576807
1678842907868 -1.572991 5.051765 7.876924
1678842907903 -0.974440 4.513070 8.413225
1678842907922 -0.883460 3.579332 11.798626
1678842907955 -0.823605 3.445256 10.946290
1678842907971 0.505177 3.677494 6.938396
1678842907998 0.988805 3.794810 6.062119
1678842908027 -1.268927 3.462016 9.993398
1678842908048 -2.774880 3.409343 12.794614
1678842908073 -1.606509 3.514688 8.822633
1678842908110 -1.225831 3.787627 6.584054
1678842908128 -1.850718 4.007894 7.290344
1678842908151 -1.618480 3.948039 7.486669
1678842908176 -1.132457 4.019865 7.259220
1678842908202 -1.412579 4.120421 8.125920
1678842908231 -1.441309 4.247314 8.178593
1678842908254 -1.539472 4.369418 8.362947
1678842908279 -1.470040 4.347870 9.153033
1678842908304 -1.470040 4.381389 8.908825
1678842908331 -1.798046 4.252102 8.616732
1678842908357 -1.843535 4.278439 9.433155
1678842908381 -0.888249 4.410120 9.500193
1678842908407 -1.616086 4.371812 7.326257
1678842908433 -3.258508 4.766856 9.842564
1678842908468 -2.966416 4.292804 12.416330
1678842908505 -2.489970 3.852271 12.868834
1678842908529 -1.508347 3.576937 8.954314
1678842908537 -2.470816 3.768473 7.304709
1678842908561 -3.263297 3.895366 7.723695
1678842908589 -2.051831 3.380613 8.482656
1678842908633 -1.616086 3.392584 8.983045
1678842908643 -1.630451 3.612850 8.051701
1678842908664 -1.810017 3.842694 7.244854
1678842908701 -2.310405 4.103662 7.374141
1678842908716 -2.219425 4.278439 7.108385
1678842908741 -1.505953 4.280833 6.222530
1678842908775 -1.367089 4.350265 6.730101
1678842908808 -1.810017 4.486734 7.702147
1678842908818 -1.453280 4.716578 7.335834
1678842908843 -0.986411 4.671088 7.898471
1678842908869 -1.046266 4.884171 9.188946
1678842908895 -1.398214 5.169082 9.490616
1678842908939 -1.723825 5.590461 10.115502
1678842908946 -2.205060 5.875371 8.389283
1678842908971 -2.334347 5.635951 10.366894
1678842908997 -0.859518 4.268862 11.619061
1678842909023 -0.835576 3.976769 10.917560
1678842909054 -0.124498 3.902549 8.288726
1678842909074 1.448492 3.677494 6.873753
1678842909100 0.790087 3.488352 8.628703
1678842909129 -1.565808 3.533842 11.403583
1678842909180 -2.238579 3.730166 10.371682
1678842909204 -1.788469 3.854665 7.723695
1678842909211 -1.163582 3.718195 7.433996
1678842909274 -1.134852 3.682282 8.566454
1678842909291 -1.635240 3.945644 7.718906
1678842909294 -1.244985 3.895366 7.395689
1678842909306 -1.230620 3.823540 7.943961
1678842909331 -1.678335 4.022259 8.626308
1678842909358 -1.738190 4.098873 8.473080
1678842909382 -1.328782 4.062960 8.489840
1678842909410 -1.556231 4.046201 8.805874
1678842909435 -1.891419 3.981557 9.452309
1678842909459 -1.762132 4.259285 9.892841
1678842909485 -1.352724 4.194642 6.916849
1678842909512 -2.578555 4.582502 6.885724
1678842909539 -3.272874 3.924097 11.496957
1678842909563 -3.303998 3.871424 14.920665
1678842909602 -2.212242 3.497929 12.265495
1678842909617 -1.651999 3.663129 7.072472
1678842909639 -2.406173 3.785233 7.012617
1678842909665 -2.729390 3.648763 8.863335
1678842909694 -1.958457 3.392584 8.750807
1678842909725 -1.707066 3.483563 7.240066
1678842909767 -1.874660 3.677494 6.876147
1678842909780 -2.159570 3.799598 7.374141
1678842909794 -2.217031 4.139575 7.105990
1678842909821 -1.798046 4.345476 6.433220
1678842909863 -1.424550 4.299986 6.926425
1678842909870 -1.520318 4.247314 8.346188
1678842909896 -1.920150 4.563348 8.429984
1678842909923 -1.613692 4.841076 7.575254
1678842909947 -1.163582 4.843470 8.034941
1678842909973 -1.582567 5.073313 9.591172
1678842910013 -2.193089 5.248090 10.354922
1678842910025 -1.915361 5.803545 8.712500
1678842910049 -2.104503 5.504270 7.912837
1678842910076 -2.329558 4.651934 11.362882
1678842910101 -1.733402 3.526659 13.651738
1678842910129 -0.478840 3.165135 12.533646
1678842910153 0.146046 3.481169 9.028535
1678842910179 0.026336 4.127604 5.640739
1678842910204 -1.053449 4.067749 6.526594
1678842910230 -3.208230 4.019865 10.436325
1678842910270 -3.028665 3.790021 11.216835
1678842910290 -1.853112 3.653552 8.949526
1678842910311 -1.429338 3.572149 8.202535
1678842910333 -1.130063 3.313575 7.812280
1678842910360 -1.163582 3.543418 6.777985
1678842910384 -1.355118 3.758897 5.815516
1678842910425 -1.879448 3.969586 6.892907
1678842910463 -1.939303 3.864242 8.552089
1678842910480 -1.728614 3.646369 9.050082
1678842910501 -1.400608 3.567361 8.853758
1678842910512 -1.529895 3.531447 8.884883
1678842910537 -1.699883 3.679888 8.836999
1678842910563 -1.786075 3.622427 9.488221
1678842910592 -1.395820 3.665523 10.089166
1678842910614 -1.288081 3.945644 8.180987
1678842910640 -2.849100 4.680665 7.826645
1678842910666 -3.138798 4.091691 8.130709
1678842910717 -2.906561 3.069367 12.306197
1678842910731 -1.824382 2.578555 12.794614
1678842910745 -0.009577 2.482787 8.683769
1678842910768 -0.052672 2.825158 7.654263
1678842910797 -1.702277 3.131616 9.210494
1678842910820 -2.219425 3.476381 9.684546
1678842910845 -1.666364 3.505111 8.678981
1678842910879 -2.197877 3.897760 7.685388
1678842910897 -2.513912 4.089296 7.711724
1678842910929 -2.066196 4.084508 7.809886
1678842910949 -1.307234 3.866636 7.963115
1678842910987 -1.079785 3.770868 8.334216
1678842911001 -1.168370 3.842694 8.724471
1678842911034 -1.388637 4.082114 8.829816
1678842911068 -1.355118 4.398149 8.396465
1678842911076 -1.079785 4.443638 8.805874
1678842911104 -1.072602 4.213795 10.290278
1678842911141 -1.170765 4.390966 10.821792
1678842911193 -1.252167 5.214571 8.374918
1678842911198 -1.924938 5.386954 7.335834
1678842911205 -2.358289 4.797980 10.984597
1678842911251 -1.719037 3.574543 13.409924
1678842911270 -0.703895 2.875436 12.164939
1678842911282 0.624887 2.772485 9.629479
1678842911307 1.355118 3.078943 7.137115
1678842911334 -0.363919 3.406949 8.592790
1678842911366 -2.324770 3.306392 11.118672
1678842911396 -2.315193 3.186682 10.472239
1678842911415 -1.211466 3.172317 8.188169
1678842911438 -0.967257 3.081338 7.546524
1678842911461 -1.034295 3.033453 7.635109
1678842911500 -0.751779 2.983175 6.744466
1678842911534 -0.560243 3.385401 6.344635
1678842911538 -0.866701 3.641581 7.302315
1678842911564 -1.738190 3.991134 8.209718
1678842911595 -1.795651 4.077325 8.231265
1678842911617 -1.328782 3.888184 9.011775
1678842911642 -1.249773 3.892972 9.521740
1678842911701 -1.359907 3.928885 9.033323
1678842911713 -1.984793 4.149151 9.952697
1678842911722 -1.821988 4.627992 9.586384
1678842911743 -1.960851 4.817134 7.467515
1678842911769 -3.160346 4.876989 10.515334
1678842911800 -3.210624 3.950433 13.335704
1678842911821 -2.655170 3.155558 13.347674
1678842911846 -1.259350 2.885013 9.387665
1678842911872 -0.804452 2.870648 6.327875
1678842911898 -2.099715 3.100491 7.187394
1678842911923 -2.968810 3.239355 8.848969
1678842911949 -2.870648 3.469198 8.583213
1678842911983 -1.276109 3.287239 8.564059
1678842912000 -1.180341 3.359065 8.413225
1678842912026 -1.989582 3.904943 6.397307
1678842912055 -2.286463 4.194642 5.793968
1678842912077 -1.429338 4.017470 7.429208
1678842912103 -0.835576 3.991134 8.066066
1678842912129 -1.367089 4.453215 7.462727
1678842912156 -1.649605 4.726154 7.472303
1678842912188 -1.041478 4.587290 8.530540
1678842912228 -0.821211 4.730943 9.038112
1678842912234 -1.134852 4.872200 9.483433
1678842912258 -1.812411 5.315128 10.568007
1678842912295 -2.023100 5.446809 8.530540
1678842912317 -2.116474 5.142745 10.290278
1678842912335 -1.304840 3.847482 11.269507
1678842912362 -1.235408 3.440468 11.410766
1678842912392 -1.237802 3.397372 10.687716
1678842912427 -0.258574 3.471592 9.033323
1678842912440 -0.881066 3.732560 8.231265
1678842912482 -3.014300 3.632004 10.783484
1678842912505 -3.136404 3.193865 11.765107
1678842912514 -0.876278 2.715025 9.191340
1678842912540 -0.095768 2.827552 7.388506
1678842912565 -0.811634 3.260903 6.883330
1678842912592 -1.855506 3.591303 6.536170
1678842912635 -1.343147 3.562572 7.022193
1678842912643 -0.761356 3.284845 9.100361
1678842912669 -0.940921 3.423708 9.528923
1678842912699 -0.902614 3.452439 9.064447
1678842912735 -0.861913 3.663129 8.798691
1678842912753 -1.144428 4.070143 7.673417
1678842912774 -1.367089 4.481946 7.201759
1678842912805 -1.113304 4.321534 8.434772
1678842912825 -0.816423 3.823540 9.907207
1678842912848 -0.615310 3.885789 10.022128
1678842912906 -0.488417 4.280833 9.777920
1678842912913 -0.727837 5.094861 9.227253
1678842912942 -1.213860 5.231331 7.977480
1678842912957 -2.070984 5.176264 12.026075
1678842912977 -0.641646 4.216189 12.737153
1678842913012 0.035913 4.412514 8.856153
1678842913032 0.509965 4.465186 8.221688
1678842913070 0.624887 4.101267 9.837775
1678842913085 0.248997 4.151546 10.453085
1678842913105 0.782904 4.079720 10.515334
1678842913135 1.764527 3.507505 10.479421
1678842913157 1.314417 3.524265 8.793902
1678842913198 0.390255 3.768473 8.640674
1678842913209 0.110133 3.775656 8.082825
1678842913260 -0.033519 3.433285 8.370130
1678842913276 -0.304064 3.440468 8.465898
1678842913285 0.237026 3.100491 6.957550
1678842913310 -0.057461 2.865860 6.804321
1678842913336 -0.758962 2.901772 9.174581
1678842913362 -0.330400 2.322376 9.713276
1678842913388 0.160412 2.408567 7.862558
1678842913418 0.476446 2.918532 6.646304
1678842913457 -0.474052 3.351882 7.682993
1678842913475 -0.241814 3.450045 10.201694
1678842913490 0.835576 3.825934 9.028535
1678842913516 0.253785 4.977545 6.665458
1678842913568 -0.184354 5.106832 9.911995
1678842913582 -0.423774 4.343082 12.236765
1678842913596 0.414197 3.416526 11.075577
1678842913621 0.416591 3.775656 8.078036
1678842913644 -0.167594 3.897760 9.198523
1678842913670 -0.902614 3.739743 11.068395
1678842913700 -1.036689 4.039018 9.923966
1678842913724 -1.422156 4.781221 7.034164
1678842913768 -1.441309 5.386954 6.610391
1678842913786 -0.407014 5.109226 8.817844
1678842913798 -0.201113 4.745308 10.223241
1678842913825 -0.536301 4.893748 9.339781
1678842913849 -0.471658 4.970363 8.133103
1678842913875 0.560243 4.446033 9.354146
1678842913901 -0.028730 4.491522 10.084377
1678842913927 -0.414197 4.565742 9.016563
1678842913952 -0.691924 5.013458 8.135497
1678842914006 -0.512359 5.264850 7.596802
1678842914011 -0.277727 4.661511 8.377312
1678842914037 0.440533 3.818752 10.637438
1678842914068 1.486799 3.150769 10.089166
1678842914082 -0.181959 3.775656 9.378088
1678842914107 -1.173159 3.857059 10.187328
1678842914134 -0.258574 3.090914 10.034100
1678842914157 0.263362 2.837129 8.836999
1678842914186 -0.067038 3.296816 8.614338
1678842914209 0.126893 2.750938 9.957485
1678842914234 -0.100556 2.336741 11.077971
1678842914264 -0.055067 2.159570 10.218452
1678842914286 -0.634463 2.700660 9.454702
1678842914330 -0.921768 2.825158 8.767567
1678842914337 -0.955287 3.069367 8.372523
1678842914387 -0.533907 3.251326 8.149862
1678842914401 -0.378284 3.028665 9.045294
1678842914414 -0.526724 2.944868 9.363723
1678842914440 -1.266533 2.896984 9.610326
1678842914465 -1.568202 2.712631 10.766725
1678842914494 -0.972046 2.681506 10.213664
1678842914522 -1.450886 3.536236 7.103596
1678842914542 -2.813187 4.733337 5.992687
1678842914572 -1.953669 4.256891 8.145074
1678842914594 -1.501164 3.969586 9.516952
1678842914627 -2.870648 4.575319 9.212888
1678842914645 -4.041412 5.128380 8.920795
1678842914683 -2.427721 4.637568 7.563283
1678842914699 -0.967257 4.194642 7.405266
1678842914723 -0.610521 4.714183 7.359776
1678842914748 -1.242591 5.403713 6.706159
1678842914773 -1.357512 5.588067 7.477092
1678842914805 -0.718261 5.647922 8.439561
1678842914826 -0.383072 5.877765 8.281544
1678842914868 -0.404620 6.007052 8.477868
1678842914883 0.325611 5.856217 8.468291
1678842914905 0.445322 5.899313 8.667010
1678842914927 -0.134075 6.093243 9.725247
1678842914958 -0.445322 5.887342 10.639832
1678842914980 -0.871489 5.044583 9.835381
1678842915013 -1.405396 4.927267 10.314221
1678842915030 -1.374272 4.683059 9.131485
1678842915061 -1.091756 4.642357 8.386889
1678842915081 -1.958457 4.443638 10.620679
1678842915111 -2.511518 4.661511 11.125855
1678842915157 -2.439692 4.460398 9.485827
1678842915164 -2.722207 4.220978 9.349358
1678842915184 -3.485958 4.173094 9.361329
1678842915210 -3.682282 4.273650 9.117120
1678842915235 -3.543418 4.091691 9.150639
1678842915261 -3.402161 3.632004 8.049306
1678842915290 -3.289633 4.192247 7.292738
1678842915312 -2.039860 4.007894 6.981492
1678842915338 -2.317587 4.165911 6.363788
1678842915367 -2.511518 4.237737 6.586449
1678842915391 -2.758120 4.527435 6.766014
1678842915416 -2.760514 4.946421 6.605602
1678842915441 -2.317587 4.970363 6.378153
1678842915467 -2.109292 5.341464 6.634333
1678842915510 -2.348712 5.734113 6.880936
1678842915530 -1.831564 5.676652 7.168240
1678842915543 -1.520318 5.695806 7.953538
1678842915569 -1.525106 5.465962 9.205706
1678842915595 -1.350330 5.691018 9.916783
1678842915622 -0.928950 6.153099 7.369353
1678842915653 -0.933739 6.351817 7.924808
1678842915672 -0.931344 5.386954 10.575189
1678842915697 -1.187524 4.656722 11.963826
1678842915724 -0.361524 4.417302 9.114726
1678842915749 0.407014 4.503493 6.950367
1678842915776 -0.258574 4.869806 7.848193
1678842915806 -1.829170 4.783615 10.122684
1678842915836 -2.130840 4.371812 10.307038
1678842915856 -1.331176 3.907337 8.080431
1678842915877 -1.491588 3.904943 7.074866
1678842915902 -1.726219 4.118027 6.900089
1678842915928 -1.594538 4.400543 6.687006
1678842915960 -1.383849 4.663905 6.282385
1678842915984 -1.470040 5.087678 5.968745
1678842916005 -1.769315 5.477933 6.754043
1678842916033 -1.601721 5.597643 7.606379
1678842916068 -1.632846 5.509058 8.439561
1678842916120 -1.807622 5.379771 9.464279
1678842916126 -1.793257 5.293580 8.980651
1678842916134 -1.733402 5.214571 8.348581
1678842916174 -1.728614 5.228937 8.973468
1678842916187 -2.035071 6.220136 8.022970
1678842916211 -2.109292 5.482722 8.350976
1678842916237 -1.821988 5.420473 9.612720
1678842916262 -2.284068 5.130774 10.836157
1678842916294 -2.329558 5.099649 8.746018
1678842916332 -1.958457 4.920084 7.536947
1678842916354 -1.970428 4.855441 7.560889
1678842916365 -1.922544 4.513070 9.332599
1678842916392 -2.063802 4.496311 10.204087
1678842916418 -1.134852 4.520253 7.905654
1678842916448 -0.320823 4.647145 6.136339
1678842916481 -0.428562 4.881777 6.588843
1678842916502 -1.058237 5.152322 7.422025
1678842916523 -1.362301 5.336676 7.510611
1678842916545 -1.091756 5.346252 7.129933
1678842916576 -0.639252 5.130774 7.091625
1678842916596 -0.320823 5.102044 7.671022
1678842916627 -0.677559 5.075707 8.267179
1678842916669 -0.423774 4.951209 9.090784
1678842916687 -0.505177 4.556166 9.684546
1678842916699 -0.488417 5.415684 8.286332
1678842916724 -0.043096 5.097255 7.577648
1678842916750 -0.471658 4.716578 10.524911
1678842916787 -1.297657 4.299986 12.835316
1678842916803 -0.248997 4.460398 9.852140
1678842916828 0.316035 4.570531 7.630321
1678842916853 0.153229 4.809951 7.460332
1678842916879 -0.407014 4.458004 9.615114
1678842916904 -0.390255 4.074931 10.299856
1678842916931 0.203507 3.840300 8.841787
1678842916959 0.481235 4.022259 7.587225
1678842916981 0.119710 4.386178 7.165846
1678842917008 0.222661 4.537012 7.048530
1678842917033 0.332794 4.637568 7.649475
1678842917072 0.033519 4.776433 8.463503
1678842917088 0.114922 4.616021 8.377312
1678842917126 -0.282516 4.728549 8.458714
1678842917135 -0.835576 4.915296 9.018958
1678842917161 -0.952892 4.987122 9.038112
1678842917189 -1.149217 5.044583 8.719683
1678842917230 -1.312023 5.073313 8.341399
1678842917238 -1.300052 5.114015 8.422802
1678842917278 -1.340753 5.351041 8.743625
1678842917294 -1.079785 6.224925 8.607155
1678842917315 -0.284910 5.528212 8.178593
1678842917341 -0.347159 4.965574 9.404425
1678842917367 -1.201889 4.620809 11.032481
1678842917396 -1.321599 4.649539 10.821792
1678842917430 -1.027112 4.515464 9.184157
1678842917443 -0.667982 4.709395 7.244854
1678842917469 -1.189918 4.872200 7.125144
1678842917496 -1.948880 4.833893 9.210494
1678842917530 -1.886631 4.594473 10.718841
1678842917548 -1.534683 4.295198 10.187328
1678842917577 -0.665588 4.139575 8.063671
1678842917633 -0.538695 4.180276 6.868965
1678842917647 -0.636858 4.283227 6.502652
1678842917663 -0.610521 4.515464 6.593631
1678842917674 -0.656011 4.876989 6.780379
1678842917700 -0.713472 5.090073 7.184999
1678842917726 -0.466869 4.920084 7.199365
1678842917753 -0.395043 4.788404 7.266402
1678842917779 -0.407014 4.896142 7.457938
1678842917803 -0.275333 5.288792 7.364564
1678842917859 0.110133 5.209783 7.778761
1678842917873 0.203507 5.142745 8.858546
1678842917880 0.457293 5.331887 9.313444
1678842917905 0.248997 5.530606 10.354922
1678842917931 0.337582 4.745308 10.493786
1678842917960 0.380678 4.333505 9.911995
1678842917982 -0.033519 4.477157 9.191340
1678842918008 -0.052672 4.867412 8.188169
1678842918044 -0.086191 4.979939 8.123527
1678842918088 -0.399832 4.896142 9.502586
1678842918095 -0.390255 4.632780 9.222465
1678842918111 -0.186748 4.522647 8.372523
1678842918136 0.019154 4.544195 7.654263
1678842918163 0.088585 4.817134 7.127539
1678842918194 0.107739 4.876989 6.945579
1678842918213 0.062249 4.948815 6.952762
1678842918263 -0.351948 5.219360 7.211336
1678842918276 -0.325611 5.193024 7.173028
1678842918295 -0.234632 5.140351 7.776367
1678842918321 -0.344765 5.224148 8.552089
1678842918366 -0.313640 5.528212 8.485051
1678842918379 -0.344765 5.655105 7.939173
1678842918401 -0.462081 5.755661 8.281544
1678842918418 -0.639252 5.645528 9.588778
1678842918462 -1.326388 6.153099 9.181764
1678842918470 -1.060631 5.166687 9.947908
1678842918495 -1.731008 5.058948 11.001357
1678842918523 -1.939303 4.963180 11.224017
1678842918548 -1.867477 4.683059 9.837775
1678842918572 -1.637634 4.486734 7.929596
1678842918598 -1.673547 4.496311 7.565677
1678842918624 -1.221043 4.156334 9.026140
1678842918650 -1.084573 3.897760 9.919178
1678842918685 -1.120486 3.873818 9.246407
1678842918701 -0.814029 3.914520 7.654263
1678842918727 -0.703895 4.050989 7.022193
1678842918754 -0.612916 4.395754 7.323863
1678842918779 -0.347159 4.637568 7.053318
1678842918804 -0.660800 5.164293 7.182605
1678842918830 -0.670376 5.183447 7.465121
1678842918870 -0.155623 5.032612 7.716512
1678842918886 -0.033519 4.967968 8.025364
1678842918906 0.011971 4.975151 8.152257
1678842918932 -0.421380 5.130774 8.233660
1678842918962 -0.603339 5.171476 8.125920
1678842918984 -0.347159 4.917690 8.449138
1678842919009 0.804452 5.044583 7.433996
1678842919035 1.479617 4.786009 8.259995
1678842919092 1.163582 4.747702 9.698911
1678842919098 0.588974 4.426879 10.474632
1678842919113 0.849942 4.132392 10.637438
1678842919138 0.792481 4.355053 8.743625
1678842919164 0.612916 4.644751 7.709330
1678842919191 0.395043 4.702212 8.920795
1678842919215 -0.268151 4.242526 9.904813
1678842919243 -0.629675 4.031836 9.165004
1678842919266 -0.495600 4.357447 7.762002
1678842919292 -0.699107 4.568137 7.790732
1678842919331 -0.775721 4.745308 7.673417
1678842919344 -1.043872 4.802769 7.496245
1678842919368 -0.902614 4.766856 7.017405
1678842919394 -0.778116 4.738125 7.316680
1678842919420 -0.866701 4.838682 7.644686
1678842919446 -1.108515 4.833893 8.480263
1678842919478 -1.735796 4.690241 9.437943
1678842919497 -1.673547 4.534618 9.449914
1678842919543 -1.194707 4.242526 9.035717
1678842919565 -1.486799 5.114015 7.915231
1678842919577 -2.260126 4.446033 8.973468
1678842919600 -2.042254 3.675100 10.548853
1678842919627 -2.109292 3.727772 12.143391
1678842919654 -1.956063 3.938462 10.752359
1678842919677 -1.987187 4.168305 8.645462
1678842919712 -1.819593 4.232949 8.147469
1678842919748 -1.438915 3.960010 10.251971
1678842919766 -1.347936 3.806781 10.328587
1678842919789 -0.828394 3.643975 8.731653
1678842919805 -0.440533 3.459621 7.551312
1678842919847 -0.457293 3.394978 7.433996
1678842919863 -0.914585 3.859453 7.661446
1678842919900 -1.079785 4.304775 7.369353
1678842919915 -0.727837 4.407725 7.252037
1678842919934 -0.363919 4.271256 7.264008
1678842919959 -0.292093 4.321534 7.630321
1678842920003 -0.208296 4.663905 7.874529
1678842920010 0.153229 4.766856 7.965509
1678842920036 0.227449 4.668694 8.166622
1678842920063 -0.023942 4.565742 8.995016
1678842920087 -0.095768 4.589684 9.844957
1678842920113 0.945710 4.450821 8.690952
1678842920154 0.696713 4.747702 10.137050
1678842920164 0.354342 4.431667 12.160151
1678842920191 0.112527 3.770868 12.131420
1678842920216 0.593762 3.562572 10.218452
1678842920241 0.940921 3.584120 8.482656
1678842920268 1.086968 3.782839 8.202535
1678842920293 0.373495 3.536236 9.730036
1678842920333 0.143652 3.186682 9.749189
1678842920345 0.292093 3.191471 7.982268
1678842920370 0.181959 3.339911 6.967127
1678842920395 -0.174777 4.010288 7.307104
1678842920426 -0.361524 4.283227 7.668628
1678842920447 -0.366313 4.261679 7.903260
1678842920473 -0.411803 4.414908 7.917625
1678842920508 -0.567426 4.546589 8.116343
1678842920527 -0.826000 4.637568 8.492233
1678842920551 -1.003170 4.685453 8.992621
1678842920577 -0.718261 4.367024 9.011775
1678842920612 -0.790087 4.683059 8.834604
1678842920629 -0.703895 4.812346 9.531317
1678842920653 -1.079785 5.415684 9.009381
1678842920678 -0.984017 4.735731 9.323022
1678842920704 -1.261744 3.909731 12.358870
1678842920732 -1.558625 3.610456 12.813767
1678842920762 -1.426944 3.694253 9.382876
1678842920806 -1.235408 3.677494 7.235278
1678842920812 -1.795651 3.718195 8.341399
1678842920832 -1.434127 3.541024 10.735600
1678842920866 -0.869095 3.560178 10.824186
1678842920887 -0.646434 3.837905 8.415619
1678842920911 -0.416591 3.964798 6.440403
1678842920935 -0.019154 3.892972 6.184223
1678842920961 -0.169988 3.895366 7.436390
1678842921019 -0.466869 3.995923 7.369353
1678842921026 -0.737414 4.158728 7.249643
1678842921038 0.237026 4.015076 6.940791
1678842921063 -0.519542 4.302381 8.784326
1678842921089 -0.244209 4.462792 8.616732
1678842921115 0.588974 4.522647 7.426814
1678842921140 0.289698 4.707001 7.817069
1678842921166 -0.481235 4.673482 9.160215
1678842921191 -0.684742 5.094861 9.974244
1678842921226 0.270545 4.783615 8.518570
1678842921245 -0.304064 4.946421 9.801862
1678842921278 -0.675165 4.249708 11.980585
1678842921295 -0.330400 3.782839 11.834539
1678842921325 0.292093 3.842694 9.418790
1678842921367 0.550666 4.244920 7.364564
1678842921384 -0.019154 3.962404 8.827422
1678842921397 -1.482011 3.936068 10.287885
1678842921426 -0.912191 3.624821 8.520964
1678842921448 -0.158017 3.481169 6.890512
1678842921477 -0.253785 3.960010 6.519411
1678842921524 -0.849942 4.383783 7.295133
1678842921538 -0.861913 4.510676 8.106767
1678842921559 -0.821211 4.745308 7.910442
1678842921578 -0.833182 4.757279 8.006210
1678842921602 -0.809240 4.726154 8.456321
1678842921628 -1.082179 4.783615 9.131485
1678842921654 -1.379060 4.704607 9.670180
1678842921686 -1.295263 4.474763 9.560047
1678842921705 -1.443704 4.168305 9.852140
1678842921740 -1.572991 4.508282 8.554482
1678842921757 -0.577003 4.168305 7.369353
1678842921797 -2.130840 4.685453 10.587160
1678842921836 -2.197877 4.003105 12.904747
1678842921843 -1.355118 3.720589 10.651803
1678842921864 -1.189918 3.641581 8.264784
1678842921892 -1.824382 3.667917 8.456321
1678842921938 -2.166753 3.603274 10.931925
1678842921948 -1.905785 3.325546 11.133038
1678842921962 -0.981623 3.057395 8.259995
1678842921994 -1.244985 3.165135 7.407660
1678842922013 -1.549049 3.378219 7.738060
1678842922048 -0.531513 3.033453 7.180211
1678842922069 -1.644817 3.550601 8.068460
1678842922091 -1.221043 3.739743 7.510611
1678842922116 -1.012747 3.837905 7.548918
1678842922146 -1.702277 4.127604 8.037335
1678842922167 -1.395820 4.309563 7.764396
1678842922193 -0.577003 4.074931 8.298303
1678842922220 -0.943315 4.096479 9.466674
1678842922256 -1.082179 3.971981 9.148245
1678842922270 -0.452504 3.608062 9.837775
1678842922295 -0.124498 3.550601 8.099585
1678842922322 -0.469264 3.991134 8.434772
1678842922347 -0.699107 3.490746 9.284714
1678842922389 -1.223437 3.265691 12.282255
1678842922402 -0.342371 3.246537 10.290278
1678842922425 -0.131681 3.371036 7.838616
1678842922449 -1.582567 3.588908 9.780313
1678842922475 -1.551443 3.282450 10.670957
1678842922501 -0.282516 2.858677 10.074800
1678842922533 -0.521936 3.002329 10.031705
1678842922554 -0.723049 2.908955 9.308656
1678842922579 -0.885855 2.822764 8.899248
1678842922603 -1.055843 2.920926 8.939949
1678842922646 -1.450886 3.184288 9.169792
1678842922660 -1.793257 3.229778 9.114726
1678842922683 -1.697489 3.138798 9.176975
1678842922706 -1.168370 2.810793 9.440337
1678842922741 -1.005565 2.918532 9.210494
1678842922780 -0.854730 2.920926 8.760384
1678842922797 -1.170765 3.045424 9.344569
1678842922809 -0.533907 2.987964 9.191340
1678842922835 -0.246603 3.256114 8.712500
1678842922871 -1.189918 3.703830 9.215282
1678842922888 -1.551443 3.952827 9.246407
1678842922932 -1.745373 3.909731 9.658210
1678842922949 -1.788469 3.734955 9.380483
1678842922964 -1.309628 3.349488 8.851364
1678842922989 -1.493982 3.294421 9.040505
1678842923031 -1.599327 3.404555 8.655039
1678842923040 -1.757344 3.397372 8.817844
1678842923065 -1.750161 3.397372 8.734048
1678842923091 -1.620875 3.294421 8.564059
1678842923125 -1.707066 3.473987 8.511387
1678842923159 -1.716643 3.579332 8.803479
1678842923168 -1.656788 3.514688 8.949526
1678842923200 -1.515530 3.488352 8.762778
1678842923241 -1.618480 3.605668 8.942344
1678842923267 -1.745373 3.703830 9.150639
1678842923271 -1.826776 3.754108 9.346964
1678842923296 -1.647211 3.768473 9.033323
1678842923325 -1.616086 3.818752 8.836999
1678842923348 -1.620875 3.792415 8.947132
1678842923373 -1.759738 3.845088 9.093178
1678842923429 -1.714248 3.837905 9.119514
1678842923442 -1.683124 3.912126 9.016563
1678842923456 -1.683124 3.857059 9.033323
1678842923476 -1.644817 3.754108 9.074024
1678842923502 -1.386243 3.620033 8.779537
1678842923527 -1.766921 3.758897 8.930372
1678842923553 -1.714248 3.711013 8.556877
1678842923582 -1.405396 3.603274 8.473080
1678842923631 -1.517924 3.653552 8.860941
1678842923640 -1.750161 3.852271 8.585608
1678842923668 -1.632846 3.830723 8.695741
1678842923706 -1.613692 3.914520 9.011775
1678842923726 -1.412579 3.897760 8.757990
1678842923735 -1.697489 3.998317 8.882488
1678842923760 -1.757344 3.960010 9.093178
1678842923790 -1.661576 3.926491 8.887277
1678842923810 -1.616086 3.833117 8.690952
1678842923838 -1.462857 3.722984 8.868123
1678842923865 -1.608904 3.883395 8.820239
1678842923900 -1.587356 3.914520 8.937555
1678842923915 -1.472434 3.823540 8.803479
1678842923956 -1.438915 3.811569 8.700529
1678842923967 -1.565808 3.933673 9.026140
1678842924004 -1.501164 3.895366 8.884883
1678842924042 -1.489193 3.857059 8.609550
1678842924050 -1.383849 3.696647 8.614338
1678842924066 -1.326388 3.787627 8.801085
1678842924104 -1.340753 3.749320 8.918402
1678842924145 -1.012747 3.591303 6.687006
1678842924150 -2.214637 4.027047 11.202470
1678842924185 -0.263362 3.924097 8.714894
1678842924228 -2.822764 3.749320 8.676587
1678842924233 -2.351106 4.345476 9.672575
