# Created at Tue Mar 14 18:14:31 MST 2023
1678842872213 0.066812 -0.018782 -0.099699 -0.546874 -0.008126 -0.056325 0.835278
1678842872250 0.067630 -0.018436 -0.108669 -0.547671 -0.006132 -0.048848 0.835244
1678842872271 0.068091 -0.018064 -0.118648 -0.547970 -0.001687 -0.042990 0.835391
1678842872307 0.070047 -0.017371 -0.130014 -0.548109 0.001908 -0.037700 0.835555
1678842872367 0.070065 -0.017672 -0.142387 -0.548667 0.004085 -0.032797 0.835387
1678842872387 0.070053 -0.018465 -0.155952 -0.547695 0.006836 -0.031339 0.836063
1678842872447 0.068681 -0.019734 -0.170618 -0.545242 0.010771 -0.032675 0.837573
1678842872508 0.065475 -0.022341 -0.205188 -0.544823 0.014390 -0.029851 0.837896
1678842872543 0.060475 -0.026187 -0.243293 -0.548952 0.009268 -0.027186 0.835360
1678842872618 0.054831 -0.026649 -0.282817 -0.547424 -0.006069 -0.030305 0.836284
1678842872649 0.051973 -0.026955 -0.305112 -0.552620 -0.004028 -0.037084 0.832598
1678842872700 0.048153 -0.023662 -0.326644 -0.553349 -0.010277 -0.037036 0.832062
1678842872733 0.039266 -0.009370 -0.365394 -0.532214 -0.025235 -0.039198 0.845325
1678842872780 0.035541 -0.004134 -0.383897 -0.522088 -0.036699 -0.041854 0.851073
1678842872833 0.033290 -0.001619 -0.403911 -0.518832 -0.042725 -0.046600 0.852536
1678842872881 0.025819 -0.001925 -0.445324 -0.524283 -0.035412 -0.051981 0.849218
1678842872941 0.023104 -0.001288 -0.464965 -0.525398 -0.036785 -0.050491 0.848560
1678842872995 0.016638 0.001515 -0.501797 -0.519686 -0.041960 -0.047328 0.852013
1678842873046 0.012150 -0.003095 -0.538536 -0.523440 -0.039305 -0.050285 0.849669
1678842873077 0.009921 -0.007697 -0.560506 -0.527707 -0.035590 -0.052021 0.847085
1678842873136 0.008184 -0.012037 -0.582435 -0.532057 -0.032046 -0.053685 0.844397
1678842873179 0.004973 -0.021788 -0.629335 -0.537911 -0.023909 -0.056730 0.840751
1678842873247 0.003362 -0.031951 -0.680951 -0.540685 -0.017426 -0.057049 0.839107
1678842873289 0.002986 -0.036485 -0.707667 -0.540473 -0.015354 -0.056830 0.839299
1678842873331 0.003839 -0.041023 -0.730508 -0.541043 -0.013437 -0.055534 0.839052
1678842873388 0.004568 -0.050705 -0.789154 -0.548659 -0.005449 -0.051690 0.834429
1678842873449 0.005080 -0.058415 -0.847963 -0.562063 0.005893 -0.043027 0.825953
1678842873492 0.004280 -0.057196 -0.878115 -0.568425 0.016861 -0.037314 0.821716
1678842873536 0.002858 -0.054524 -0.906221 -0.568343 0.023244 -0.031391 0.821864
1678842873595 -0.005494 -0.039545 -0.962130 -0.551334 0.030933 -0.018340 0.833509
1678842873643 -0.024809 -0.031405 -1.014407 -0.553703 0.058222 0.005539 0.830658
1678842873699 -0.038089 -0.029943 -1.044165 -0.554601 0.073483 0.021316 0.828592
1678842873749 -0.051572 -0.029252 -1.076356 -0.550360 0.090908 0.033867 0.829272
1678842873811 -0.082417 -0.030343 -1.139835 -0.539629 0.117381 0.056783 0.831744
1678842873839 -0.117080 -0.034328 -1.200386 -0.529072 0.144688 0.071973 0.833047
1678842873888 -0.135565 -0.036259 -1.230963 -0.523510 0.155288 0.079308 0.833986
1678842873930 -0.154190 -0.038124 -1.261308 -0.519279 0.161767 0.086140 0.834722
1678842873988 -0.191134 -0.041841 -1.323618 -0.515727 0.170860 0.092609 0.834420
1678842874040 -0.228691 -0.041035 -1.384853 -0.528036 0.181867 0.095916 0.823955
1678842874081 -0.246026 -0.036772 -1.415019 -0.529302 0.183798 0.094923 0.822829
1678842874134 -0.263490 -0.029976 -1.446971 -0.526216 0.181155 0.094559 0.825432
1678842874195 -0.291349 -0.024360 -1.508423 -0.531746 0.181144 0.078290 0.823592
1678842874247 -0.315606 -0.020221 -1.566198 -0.535271 0.182105 0.061273 0.822538
1678842874291 -0.327824 -0.018428 -1.594537 -0.533500 0.181718 0.057560 0.824041
1678842874339 -0.356028 -0.017113 -1.656515 -0.529814 0.183394 0.057463 0.826052
1678842874384 -0.369904 -0.020841 -1.687359 -0.530753 0.187500 0.059779 0.824361
1678842874442 -0.385082 -0.027294 -1.721786 -0.530957 0.190740 0.063762 0.823187
1678842874479 -0.414572 -0.037435 -1.787267 -0.527285 0.202656 0.065615 0.822554
1678842874537 -0.432373 -0.041522 -1.824623 -0.526026 0.210517 0.068485 0.821151
1678842874609 -0.481601 -0.045240 -1.925046 -0.523891 0.235102 0.080620 0.814718
1678842874635 -0.500820 -0.044985 -1.958157 -0.531607 0.255181 0.091606 0.802425
1678842874671 -0.519486 -0.040889 -1.988650 -0.534167 0.264596 0.106770 0.795773
1678842874730 -0.536916 -0.035787 -2.016065 -0.526671 0.270438 0.117462 0.797298
1678842874777 -0.573325 -0.027424 -2.070142 -0.527538 0.291792 0.132360 0.786792
1678842874845 -0.611215 -0.026065 -2.123456 -0.521823 0.305960 0.147461 0.782524
1678842874882 -0.630814 -0.026973 -2.148859 -0.518797 0.312610 0.155050 0.780438
1678842874924 -0.648253 -0.028656 -2.173809 -0.513853 0.316514 0.163952 0.780317
1678842875002 -0.712302 -0.046885 -2.257200 -0.507413 0.323440 0.180626 0.778005
1678842875055 -0.732770 -0.055266 -2.283634 -0.507195 0.322233 0.184758 0.777678
1678842875109 -0.756059 -0.062877 -2.314198 -0.510220 0.321787 0.186038 0.775577
1678842875150 -0.804034 -0.071076 -2.375549 -0.514030 0.310122 0.189829 0.776893
1678842875214 -0.825388 -0.074514 -2.399324 -0.518583 0.308022 0.190386 0.774563
1678842875246 -0.872647 -0.068475 -2.461771 -0.527570 0.300819 0.187996 0.771904
1678842875303 -0.912366 -0.059427 -2.520373 -0.529899 0.293114 0.166386 0.778207
1678842875351 -0.931906 -0.057487 -2.552043 -0.537291 0.290227 0.154323 0.776705
1678842875392 -0.951683 -0.054494 -2.582012 -0.536346 0.286664 0.146401 0.780207
1678842875447 -0.993211 -0.052520 -2.642272 -0.530813 0.285419 0.129440 0.787413
1678842875515 -1.036702 -0.055905 -2.703403 -0.526587 0.286894 0.125015 0.790423
1678842875549 -1.058406 -0.060731 -2.734184 -0.525470 0.288370 0.125516 0.790551
1678842875603 -1.079954 -0.066234 -2.765512 -0.525048 0.291199 0.124772 0.789911
1678842875657 -1.123426 -0.073835 -2.828821 -0.525588 0.299671 0.126423 0.786112
1678842875699 -1.144304 -0.075349 -2.859384 -0.523433 0.302258 0.128861 0.786164
1678842875748 -1.191137 -0.076829 -2.921807 -0.530997 0.317749 0.139062 0.773136
1678842875809 -1.214196 -0.073076 -2.949968 -0.532694 0.321927 0.150752 0.768032
1678842875853 -1.234273 -0.067068 -2.975934 -0.525813 0.324211 0.159267 0.770092
1678842875903 -1.279758 -0.060285 -3.029126 -0.525595 0.334775 0.169729 0.763458
1678842875953 -1.321999 -0.056755 -3.080460 -0.521241 0.342316 0.180398 0.760648
1678842875993 -1.344696 -0.057235 -3.106871 -0.517901 0.344880 0.183901 0.760931
1678842876053 -1.390654 -0.062652 -3.159942 -0.508781 0.346921 0.191779 0.764204
1678842876089 -1.415960 -0.068018 -3.188996 -0.505682 0.350549 0.191467 0.764684
1678842876140 -1.438530 -0.073342 -3.217227 -0.503730 0.352095 0.192280 0.765058
1678842876189 -1.491527 -0.084819 -3.278899 -0.504691 0.343955 0.196519 0.767048
1678842876236 -1.514143 -0.086792 -3.308810 -0.505535 0.338775 0.190195 0.770384
1678842876278 -1.561779 -0.088987 -3.375742 -0.516160 0.325117 0.174461 0.772943
1678842876347 -1.600822 -0.084867 -3.430927 -0.522315 0.305161 0.161936 0.779641
1678842876387 -1.620658 -0.082225 -3.464849 -0.528823 0.298043 0.152446 0.779921
1678842876438 -1.641236 -0.080477 -3.498807 -0.538474 0.291398 0.145285 0.777190
1678842876490 -1.676293 -0.074427 -3.563304 -0.537587 0.276554 0.128831 0.786080
1678842876545 -1.706319 -0.075623 -3.620623 -0.534720 0.267985 0.112836 0.793427
1678842876583 -1.723461 -0.079422 -3.653899 -0.534787 0.265116 0.109817 0.794768
1678842876628 -1.745736 -0.083316 -3.694034 -0.534051 0.263246 0.106766 0.796299
1678842876703 -1.779039 -0.092897 -3.762236 -0.529777 0.263247 0.102741 0.799676
1678842876742 -1.809878 -0.099356 -3.823937 -0.528464 0.268435 0.107113 0.798245
1678842876795 -1.826665 -0.100788 -3.856665 -0.529885 0.271827 0.109863 0.795778
1678842876828 -1.843569 -0.098776 -3.889227 -0.537875 0.280631 0.114669 0.786630
1678842876903 -1.894942 -0.081619 -3.977175 -0.533673 0.285046 0.134123 0.784827
1678842876943 -1.911749 -0.077283 -4.005313 -0.535009 0.289301 0.137205 0.781822
1678842876979 -1.930347 -0.074734 -4.032668 -0.536360 0.292683 0.146763 0.777891
1678842877047 -1.966359 -0.068219 -4.091126 -0.532038 0.303308 0.158702 0.774438
1678842877080 -1.983959 -0.068775 -4.116781 -0.528124 0.305439 0.162129 0.775568
1678842877117 -1.996632 -0.070408 -4.136487 -0.524963 0.306028 0.165025 0.776870
1678842877186 -2.034020 -0.080971 -4.191010 -0.523172 0.310179 0.161636 0.777145
1678842877240 -2.052361 -0.085566 -4.216107 -0.523144 0.310068 0.161596 0.777216
1678842877277 -2.094853 -0.095790 -4.273883 -0.525927 0.305820 0.160641 0.777219
1678842877315 -2.116699 -0.097598 -4.302440 -0.524804 0.299678 0.161916 0.780101
1678842877370 -2.135236 -0.100209 -4.324418 -0.524141 0.293869 0.163786 0.782362
1678842877418 -2.177958 -0.097697 -4.382561 -0.534256 0.289252 0.156302 0.778764
1678842877467 -2.218832 -0.093343 -4.436034 -0.526274 0.275714 0.145537 0.791098
1678842877548 -2.256874 -0.093753 -4.492051 -0.545035 0.274009 0.127322 0.782078
1678842877582 -2.272045 -0.090655 -4.512981 -0.538654 0.273764 0.120497 0.787646
1678842877632 -2.308588 -0.089119 -4.560112 -0.531735 0.276456 0.107666 0.793245
1678842877690 -2.328762 -0.091232 -4.583712 -0.530378 0.276519 0.110170 0.793788
1678842877742 -2.374722 -0.101787 -4.628439 -0.530753 0.282444 0.118130 0.790298
1678842877790 -2.395887 -0.106724 -4.652125 -0.529192 0.285062 0.122507 0.789739
1678842877842 -2.437194 -0.117097 -4.700415 -0.529889 0.293107 0.125792 0.785800
1678842877895 -2.455576 -0.118194 -4.726068 -0.528318 0.294876 0.126919 0.786015
1678842877984 -2.517336 -0.116745 -4.801045 -0.544146 0.313644 0.142729 0.764958
1678842878017 -2.536656 -0.110570 -4.822501 -0.535644 0.309943 0.148470 0.771348
1678842878070 -2.561245 -0.108833 -4.848156 -0.533602 0.312932 0.148266 0.771596
1678842878113 -2.605661 -0.107940 -4.893047 -0.541852 0.321971 0.158947 0.759912
1678842878169 -2.655169 -0.103149 -4.935433 -0.533725 0.331690 0.172333 0.758564
1678842878224 -2.680179 -0.103104 -4.955885 -0.527859 0.334699 0.178378 0.759949
1678842878276 -2.735754 -0.109480 -5.005068 -0.520818 0.342320 0.182482 0.760438
1678842878336 -2.763901 -0.113552 -5.026409 -0.517362 0.346051 0.184838 0.760539
1678842878433 -2.850731 -0.120666 -5.100095 -0.512133 0.345190 0.186061 0.764163
1678842878447 -2.879593 -0.119248 -5.127450 -0.520176 0.350773 0.180945 0.757386
1678842878481 -2.907198 -0.117455 -5.149419 -0.526719 0.351652 0.181508 0.752305
1678842878546 -2.953550 -0.104619 -5.185141 -0.514851 0.336897 0.177858 0.767981
1678842878592 -2.976524 -0.101599 -5.206408 -0.516757 0.333389 0.171220 0.769738
1678842878647 -3.025229 -0.100823 -5.252785 -0.534560 0.333117 0.156605 0.760759
1678842878679 -3.047375 -0.098270 -5.272608 -0.532998 0.331195 0.157829 0.762439
1678842878737 -3.093930 -0.095361 -5.311287 -0.522620 0.329057 0.158612 0.770345
1678842878770 -3.116894 -0.098702 -5.330806 -0.521205 0.331791 0.163051 0.769204
1678842878817 -3.140247 -0.104890 -5.350808 -0.522051 0.333920 0.168643 0.766498
1678842878865 -3.198137 -0.117903 -5.401022 -0.514874 0.344270 0.173096 0.765782
1678842878943 -3.222837 -0.127105 -5.421209 -0.509490 0.351310 0.175897 0.765546
1678842878958 -3.251957 -0.138011 -5.444949 -0.505877 0.360540 0.178846 0.762963
1678842879030 -3.303831 -0.154057 -5.485720 -0.508184 0.381184 0.195715 0.747090
1678842879066 -3.345401 -0.151513 -5.509601 -0.490847 0.402106 0.207633 0.744492
1678842879103 -3.369654 -0.145341 -5.523072 -0.480008 0.401426 0.214879 0.749851
1678842879163 -3.388503 -0.137923 -5.528248 -0.481515 0.407489 0.214405 0.745739
1678842879208 -3.441938 -0.132720 -5.549684 -0.479659 0.420916 0.220396 0.737688
1678842879265 -3.462028 -0.130812 -5.549909 -0.476213 0.426858 0.228023 0.734179
1678842879309 -3.517804 -0.133672 -5.562656 -0.469512 0.431929 0.241768 0.731125
1678842879370 -3.548574 -0.139477 -5.574223 -0.466256 0.436298 0.241768 0.730615
1678842879410 -3.610550 -0.153742 -5.587893 -0.464127 0.442264 0.245335 0.727186
1678842879470 -3.680607 -0.170103 -5.604726 -0.462308 0.448385 0.253680 0.721713
1678842879517 -3.714862 -0.174180 -5.611946 -0.458535 0.447006 0.257537 0.723606
1678842879550 -3.749098 -0.176565 -5.619616 -0.459697 0.453905 0.255552 0.719265
1678842879616 -3.816074 -0.176686 -5.637392 -0.458042 0.461259 0.245347 0.719196
1678842879660 -3.846272 -0.172997 -5.647707 -0.464097 0.461475 0.238083 0.717615
1678842879731 -3.901591 -0.169662 -5.667714 -0.475564 0.456685 0.226452 0.716936
1678842879744 -3.929300 -0.168347 -5.676800 -0.476412 0.454380 0.222577 0.719048
1678842879780 -3.964584 -0.166119 -5.688373 -0.478396 0.454701 0.218699 0.718717
1678842879869 -4.033440 -0.167746 -5.710708 -0.477821 0.457626 0.226045 0.714961
1678842879883 -4.064219 -0.169761 -5.720163 -0.475271 0.459444 0.230063 0.714213
1678842879943 -4.094755 -0.172055 -5.730165 -0.472735 0.464174 0.231503 0.712370
1678842879981 -4.154435 -0.177603 -5.752974 -0.468392 0.467078 0.232017 0.713173
1678842880044 -4.217270 -0.183704 -5.777366 -0.472543 0.473608 0.228342 0.707290
1678842880078 -4.246573 -0.184085 -5.789519 -0.474539 0.476083 0.225228 0.705287
1678842880115 -4.275965 -0.184189 -5.801859 -0.478856 0.478688 0.223971 0.700993
1678842880172 -4.341594 -0.182274 -5.828872 -0.497785 0.481407 0.228696 0.684218
1678842880232 -4.368389 -0.177090 -5.841290 -0.492977 0.480212 0.225025 0.689735
1678842880270 -4.395340 -0.173183 -5.854810 -0.490845 0.481070 0.221055 0.691937
1678842880310 -4.449049 -0.168688 -5.886726 -0.496141 0.475394 0.227856 0.689874
1678842880355 -4.481898 -0.168670 -5.904844 -0.493236 0.473815 0.227921 0.693015
1678842880419 -4.531091 -0.167626 -5.940405 -0.490084 0.466710 0.225613 0.700785
1678842880444 -4.555058 -0.168354 -5.959914 -0.488788 0.460855 0.221370 0.706891
1678842880494 -4.580400 -0.170950 -5.981521 -0.489162 0.458090 0.212791 0.711051
1678842880556 -4.622901 -0.176385 -6.023107 -0.492042 0.441694 0.198596 0.723436
1678842880591 -4.646873 -0.179182 -6.046412 -0.494855 0.429815 0.191781 0.730477
1678842880636 -4.692923 -0.183221 -6.094946 -0.497938 0.402784 0.171921 0.748509
1678842880690 -4.712512 -0.184598 -6.118831 -0.498096 0.382294 0.162832 0.761077
1678842880743 -4.748884 -0.188392 -6.168860 -0.514506 0.350912 0.141942 0.769414
1678842880785 -4.773340 -0.189957 -6.203560 -0.518797 0.321686 0.132294 0.780939
1678842880840 -4.786530 -0.187978 -6.231105 -0.519698 0.300908 0.116441 0.791081
1678842880870 -4.806509 -0.190520 -6.284692 -0.538576 0.267273 0.085320 0.794495
1678842880935 -4.813301 -0.188490 -6.312058 -0.541232 0.249058 0.072124 0.799898
1678842880967 -4.815116 -0.180958 -6.363124 -0.537113 0.213993 0.037749 0.815041
1678842881032 -4.817489 -0.181132 -6.390088 -0.536536 0.195587 0.028256 0.820412
1678842881078 -4.819933 -0.187141 -6.445385 -0.534688 0.165871 0.007182 0.828580
1678842881147 -4.813768 -0.194367 -6.501053 -0.534168 0.147954 -0.010201 0.832268
1678842881166 -4.812853 -0.198539 -6.529778 -0.535641 0.141171 -0.015489 0.832418
1678842881202 -4.810848 -0.201137 -6.557910 -0.536344 0.133757 -0.019871 0.833096
1678842881262 -4.810638 -0.201231 -6.588997 -0.536745 0.126271 -0.023587 0.833909
1678842881306 -4.802152 -0.199295 -6.643184 -0.546394 0.105410 -0.023230 0.830544
1678842881372 -4.797750 -0.204759 -6.664279 -0.539944 0.090204 -0.027909 0.836388
1678842881412 -4.782716 -0.203971 -6.715150 -0.540365 0.069329 -0.046208 0.837296
1678842881469 -4.766475 -0.193030 -6.769361 -0.539795 0.046036 -0.058767 0.838480
1678842881509 -4.756408 -0.188012 -6.791143 -0.534816 0.028711 -0.063396 0.842098
1678842881544 -4.746849 -0.183650 -6.813060 -0.528702 0.008767 -0.067824 0.846048
1678842881607 -4.734940 -0.181215 -6.833937 -0.525036 -0.010563 -0.073868 0.847803
1678842881648 -4.706830 -0.181654 -6.875871 -0.523820 -0.043784 -0.091239 0.845796
1678842881692 -4.692439 -0.183862 -6.896887 -0.522498 -0.061787 -0.100120 0.844484
1678842881734 -4.677320 -0.186367 -6.916943 -0.519728 -0.080441 -0.110602 0.843314
1678842881837 -4.645086 -0.187599 -6.955242 -0.511518 -0.123883 -0.134615 0.839572
1678842881860 -4.613653 -0.189011 -6.989019 -0.504794 -0.166219 -0.157021 0.832405
1678842881897 -4.581144 -0.187311 -7.017063 -0.500293 -0.199198 -0.191196 0.820653
1678842881947 -4.566859 -0.183151 -7.029311 -0.487075 -0.219659 -0.201092 0.821018
1678842881995 -4.551613 -0.179847 -7.041078 -0.480499 -0.235888 -0.213596 0.817223
1678842882047 -4.536142 -0.178034 -7.051641 -0.478742 -0.254900 -0.225826 0.809219
1678842882090 -4.506202 -0.174236 -7.066535 -0.459204 -0.287956 -0.244230 0.804093
1678842882144 -4.476420 -0.177280 -7.083706 -0.457270 -0.308958 -0.254358 0.794198
1678842882186 -4.465128 -0.182711 -7.084188 -0.457806 -0.316879 -0.254005 0.790875
1678842882223 -4.449814 -0.185391 -7.091519 -0.460040 -0.324001 -0.254499 0.786522
1678842882271 -4.417367 -0.194072 -7.101837 -0.465444 -0.333815 -0.258566 0.777865
1678842882330 -4.399456 -0.197640 -7.108074 -0.467920 -0.336762 -0.260692 0.774391
1678842882378 -4.383784 -0.200407 -7.114201 -0.468904 -0.339710 -0.263395 0.771589
1678842882401 -4.343332 -0.205178 -7.124770 -0.463393 -0.346761 -0.268713 0.769946
1678842882474 -4.300626 -0.207606 -7.133073 -0.457443 -0.349945 -0.275428 0.769691
1678842882520 -4.275927 -0.209286 -7.138309 -0.453252 -0.352823 -0.276394 0.770509
1678842882573 -4.251519 -0.212543 -7.144749 -0.457513 -0.352860 -0.275950 0.768130
1678842882612 -4.197582 -0.215164 -7.155220 -0.475401 -0.349878 -0.272326 0.759880
1678842882677 -4.171957 -0.214171 -7.162714 -0.475041 -0.356638 -0.268504 0.758321
1678842882707 -4.119055 -0.212564 -7.166154 -0.477970 -0.363289 -0.271102 0.752376
1678842882758 -4.094083 -0.210386 -7.167729 -0.474361 -0.364984 -0.275359 0.752294
1678842882802 -4.049962 -0.200644 -7.170529 -0.468884 -0.367268 -0.276085 0.754346
1678842882874 -4.012104 -0.187179 -7.171937 -0.454210 -0.382476 -0.276933 0.755456
1678842882908 -3.993882 -0.185292 -7.174342 -0.450858 -0.384627 -0.281786 0.754576
1678842882967 -3.972926 -0.185158 -7.181391 -0.451021 -0.384671 -0.287793 0.752185
1678842883015 -3.935780 -0.187034 -7.191763 -0.447377 -0.387742 -0.294726 0.750098
1678842883058 -3.915550 -0.187887 -7.197348 -0.445429 -0.389936 -0.298115 0.748779
1678842883089 -3.896207 -0.190312 -7.204700 -0.444291 -0.391976 -0.300592 0.747399
1678842883146 -3.851525 -0.194343 -7.223652 -0.440689 -0.396600 -0.303093 0.746081
1678842883182 -3.830064 -0.198887 -7.234791 -0.441228 -0.397857 -0.303947 0.744744
1678842883242 -3.784608 -0.209278 -7.259992 -0.441854 -0.404461 -0.305139 0.740315
1678842883287 -3.757055 -0.213564 -7.275273 -0.440552 -0.408714 -0.306451 0.738210
1678842883324 -3.731542 -0.218946 -7.289702 -0.440898 -0.413960 -0.308215 0.734336
1678842883368 -3.675924 -0.227441 -7.322410 -0.438594 -0.427611 -0.309448 0.727342
1678842883411 -3.648958 -0.230284 -7.337809 -0.433102 -0.435442 -0.311947 0.724915
1678842883466 -3.590297 -0.233588 -7.374049 -0.432228 -0.431659 -0.336664 0.716594
1678842883536 -3.566554 -0.227771 -7.389266 -0.426430 -0.438236 -0.338352 0.715279
1678842883570 -3.522072 -0.215614 -7.414295 -0.411552 -0.449147 -0.348285 0.712453
1678842883611 -3.500268 -0.211607 -7.424253 -0.408056 -0.453491 -0.358355 0.706695
1678842883660 -3.480437 -0.207037 -7.431462 -0.401928 -0.458060 -0.363399 0.704682
1678842883734 -3.442608 -0.198667 -7.444407 -0.391270 -0.468833 -0.372716 0.698703
1678842883758 -3.425117 -0.194957 -7.450215 -0.388710 -0.476247 -0.374451 0.694175
1678842883817 -3.391317 -0.193984 -7.455814 -0.385455 -0.483104 -0.382605 0.686766
1678842883872 -3.374264 -0.194103 -7.458140 -0.385115 -0.487692 -0.384140 0.682846
1678842883912 -3.342354 -0.194448 -7.459830 -0.384274 -0.496513 -0.385264 0.676299
1678842883943 -3.325600 -0.195737 -7.459535 -0.383979 -0.498754 -0.387453 0.673561
1678842884000 -3.309495 -0.198589 -7.456523 -0.382325 -0.502157 -0.389354 0.670872
1678842884083 -3.274106 -0.201261 -7.450490 -0.377574 -0.510547 -0.391737 0.665825
1678842884104 -3.253889 -0.203524 -7.446451 -0.376259 -0.513909 -0.393761 0.662781
1678842884155 -3.210081 -0.207882 -7.434214 -0.372219 -0.519641 -0.398780 0.657572
1678842884206 -3.160739 -0.214135 -7.419322 -0.367647 -0.526437 -0.401476 0.653083
1678842884244 -3.134098 -0.216592 -7.410275 -0.366804 -0.528234 -0.401134 0.652314
1678842884291 -3.106379 -0.219230 -7.401138 -0.370083 -0.529424 -0.399286 0.650631
1678842884336 -3.048818 -0.224312 -7.380535 -0.386401 -0.538951 -0.391785 0.637754
1678842884391 -3.018713 -0.227578 -7.369887 -0.390636 -0.533663 -0.392003 0.639484
1678842884439 -2.988999 -0.230143 -7.358978 -0.391689 -0.528973 -0.394806 0.641011
1678842884486 -2.934587 -0.231090 -7.339599 -0.396124 -0.529203 -0.397307 0.636535
1678842884549 -2.888579 -0.222552 -7.323573 -0.382862 -0.531445 -0.397691 0.642514
1678842884573 -2.868230 -0.216538 -7.318252 -0.379045 -0.533030 -0.393107 0.646274
1678842884639 -2.831378 -0.209580 -7.312022 -0.379131 -0.531793 -0.389303 0.649538
1678842884687 -2.813704 -0.206430 -7.309125 -0.375939 -0.533144 -0.388698 0.650647
1678842884738 -2.796497 -0.204567 -7.306402 -0.370542 -0.532344 -0.391498 0.652716
1678842884777 -2.760522 -0.204340 -7.303508 -0.363457 -0.530003 -0.401967 0.652241
1678842884836 -2.742656 -0.203421 -7.303675 -0.359848 -0.532051 -0.403763 0.651465
1678842884874 -2.706000 -0.202693 -7.308266 -0.354544 -0.537894 -0.404558 0.649077
1678842884916 -2.685088 -0.204465 -7.311662 -0.354229 -0.539380 -0.405583 0.647375
1678842884973 -2.661952 -0.206108 -7.315604 -0.356013 -0.541785 -0.406068 0.644074
1678842885008 -2.614688 -0.210879 -7.327248 -0.352662 -0.549209 -0.403868 0.641007
1678842885075 -2.560029 -0.216130 -7.341630 -0.345245 -0.559967 -0.403078 0.636216
1678842885117 -2.532701 -0.219021 -7.350451 -0.338641 -0.563162 -0.404946 0.635759
1678842885166 -2.505198 -0.220615 -7.359385 -0.334027 -0.570972 -0.405786 0.630678
1678842885213 -2.452594 -0.225079 -7.374084 -0.319101 -0.573604 -0.427440 0.621649
1678842885251 -2.429654 -0.222250 -7.381366 -0.310289 -0.577125 -0.436886 0.616261
1678842885314 -2.387974 -0.212496 -7.394800 -0.296708 -0.593044 -0.443427 0.603022
1678842885356 -2.368407 -0.210965 -7.398401 -0.290080 -0.593417 -0.452678 0.598992
1678842885411 -2.328229 -0.202837 -7.402942 -0.285435 -0.605168 -0.454857 0.587711
1678842885457 -2.307011 -0.198987 -7.403024 -0.282581 -0.609432 -0.457180 0.582861
1678842885538 -2.249546 -0.194201 -7.387993 -0.280033 -0.626668 -0.458996 0.564084
1678842885567 -2.231630 -0.194030 -7.377374 -0.274358 -0.635405 -0.461125 0.555295
1678842885601 -2.213825 -0.194933 -7.364528 -0.267341 -0.643097 -0.464681 0.546834
1678842885640 -2.196121 -0.196865 -7.349605 -0.258788 -0.650819 -0.469246 0.537840
1678842885706 -2.164128 -0.205868 -7.312465 -0.241406 -0.664499 -0.479979 0.519408
1678842885746 -2.146716 -0.210941 -7.291839 -0.229859 -0.670857 -0.486998 0.509852
1678842885802 -2.129008 -0.216669 -7.268113 -0.217461 -0.676440 -0.493426 0.501667
1678842885848 -2.093262 -0.224349 -7.216573 -0.196275 -0.686491 -0.506360 0.483535
1678842885886 -2.076439 -0.225589 -7.186788 -0.185933 -0.692344 -0.511513 0.473754
1678842885940 -2.043338 -0.226633 -7.122085 -0.177380 -0.699226 -0.526305 0.450135
1678842885982 -2.031284 -0.222387 -7.088029 -0.170235 -0.708484 -0.529845 0.433976
1678842886016 -2.022795 -0.216790 -7.053108 -0.154635 -0.723290 -0.529103 0.415920
1678842886076 -2.012177 -0.209224 -6.983339 -0.117241 -0.746800 -0.533652 0.379156
1678842886128 -2.007953 -0.206083 -6.950104 -0.103091 -0.754722 -0.536954 0.362556
1678842886160 -2.005686 -0.202806 -6.919055 -0.091059 -0.764798 -0.535089 0.347091
1678842886215 -2.002626 -0.196265 -6.858841 -0.072947 -0.783857 -0.532620 0.310746
1678842886267 -1.999015 -0.197665 -6.798190 -0.050048 -0.798468 -0.533310 0.274817
1678842886308 -1.998470 -0.199287 -6.768238 -0.039581 -0.805260 -0.533419 0.255838
1678842886350 -2.000231 -0.202148 -6.737579 -0.029509 -0.810548 -0.534270 0.238112
1678842886426 -2.000628 -0.205066 -6.675120 -0.005132 -0.823266 -0.531696 0.198763
1678842886477 -2.007688 -0.207202 -6.614388 0.028355 -0.839078 -0.520707 0.154945
1678842886515 -2.014117 -0.207979 -6.584859 0.046204 -0.847193 -0.513995 0.126247
1678842886567 -2.018628 -0.212437 -6.553694 0.066728 -0.847285 -0.516754 0.103055
1678842886618 -2.034987 -0.209548 -6.499070 -0.094097 0.851953 0.513163 -0.044561
1678842886674 -2.056054 -0.209237 -6.448128 -0.133175 0.849843 0.509924 -0.003120
1678842886728 -2.065783 -0.208376 -6.423466 -0.139898 0.846172 0.514010 0.014693
1678842886745 -2.076195 -0.205297 -6.401836 -0.147878 0.848140 0.507547 0.034440
1678842886820 -2.097447 -0.201641 -6.360688 -0.161896 0.851873 0.493484 0.067643
1678842886852 -2.108365 -0.203120 -6.339292 -0.165530 0.850762 0.492319 0.080161
1678842886937 -2.151579 -0.212564 -6.287433 -0.178653 0.848168 0.487156 0.106645
1678842886959 -2.165923 -0.216659 -6.265434 -0.181590 0.847012 0.486851 0.112122
1678842887012 -2.181160 -0.219916 -6.243407 -0.184265 0.846093 0.486317 0.116916
1678842887086 -2.209398 -0.225637 -6.184987 -0.186854 0.844333 0.486687 0.123790
1678842887115 -2.226356 -0.225444 -6.161974 -0.186736 0.843968 0.485673 0.130267
1678842887155 -2.251050 -0.222651 -6.146082 -0.190136 0.844516 0.482959 0.131876
1678842887219 -2.286836 -0.221389 -6.098589 -0.190796 0.839744 0.490418 0.133853
1678842887273 -2.325541 -0.208242 -6.048842 -0.185868 0.840505 0.489389 0.139651
1678842887319 -2.343208 -0.205871 -6.026710 -0.185585 0.841370 0.487671 0.140826
1678842887347 -2.355194 -0.202422 -6.014663 -0.184055 0.840095 0.490810 0.139537
1678842887404 -2.386234 -0.197116 -5.971237 -0.177160 0.842712 0.489220 0.138258
1678842887467 -2.391497 -0.191638 -5.969669 -0.173402 0.846576 0.483596 0.139197
1678842887507 -2.405178 -0.189633 -5.948415 -0.170225 0.849108 0.480254 0.139270
1678842887533 -2.432326 -0.189290 -5.904343 -0.166951 0.851687 0.476397 0.140720
1678842887584 -2.446405 -0.191715 -5.880352 -0.166705 0.853203 0.473447 0.141780
1678842887620 -2.459590 -0.192466 -5.857785 -0.166779 0.854209 0.470786 0.144471
1678842887676 -2.484208 -0.189291 -5.816015 -0.165869 0.859762 0.457632 0.154496
1678842887735 -2.496418 -0.188927 -5.792340 -0.168985 0.860535 0.456805 0.149174
1678842887783 -2.521356 -0.179024 -5.740883 -0.159317 0.857028 0.465654 0.152603
1678842887829 -2.542699 -0.172689 -5.699145 -0.155987 0.861436 0.455926 0.160399
1678842887877 -2.555924 -0.177934 -5.677909 -0.167207 0.857247 0.461965 0.154133
1678842887920 -2.567844 -0.180102 -5.657207 -0.172513 0.854547 0.467092 0.147692
1678842887972 -2.586157 -0.179056 -5.620424 -0.162988 0.858574 0.462040 0.151011
1678842888020 -2.595400 -0.179255 -5.600666 -0.157011 0.859386 0.464408 0.145357
1678842888067 -2.606170 -0.178939 -5.576524 -0.149161 0.858931 0.468806 0.142156
1678842888096 -2.624902 -0.183418 -5.534621 -0.137204 0.862289 0.470695 0.126806
1678842888169 -2.631511 -0.184585 -5.518637 -0.130459 0.863096 0.474039 0.115468
1678842888204 -2.653381 -0.191357 -5.473179 -0.117298 0.865126 0.478247 0.095277
1678842888247 -2.666535 -0.194643 -5.450183 -0.113858 0.866325 0.478932 0.084499
1678842888300 -2.677146 -0.199979 -5.432390 -0.109345 0.867506 0.479336 0.075592
1678842888349 -2.710064 -0.199470 -5.377553 -0.095865 0.867740 0.484918 0.051882
1678842888383 -2.725638 -0.201459 -5.353186 -0.090478 0.861013 0.499103 0.036966
1678842888451 -2.757655 -0.195997 -5.306370 -0.071529 0.856594 0.510205 0.028652
1678842888480 -2.773574 -0.191748 -5.287585 -0.070409 0.855915 0.511612 0.026546
1678842888516 -2.789339 -0.187428 -5.269402 -0.071615 0.855473 0.512216 0.025938
1678842888573 -2.818499 -0.181418 -5.234778 -0.071122 0.858032 0.507859 0.028301
1678842888629 -2.832331 -0.181080 -5.216627 -0.073747 0.855831 0.511236 0.027420
1678842888670 -2.863392 -0.182723 -5.176173 -0.074986 0.849458 0.520994 0.036935
1678842888720 -2.876005 -0.185374 -5.159071 -0.078620 0.845559 0.526670 0.038303
1678842888752 -2.887583 -0.187422 -5.142617 -0.079334 0.841855 0.532061 0.043546
1678842888803 -2.908146 -0.189689 -5.108367 -0.080141 0.836479 0.539576 0.052329
1678842888853 -2.915625 -0.190197 -5.091467 -0.081696 0.836100 0.539635 0.055292
1678842888894 -2.920455 -0.190936 -5.074871 -0.083812 0.835683 0.539639 0.058306
1678842888936 -2.927427 -0.195099 -5.033820 -0.087086 0.833231 0.542511 0.061837
1678842888987 -2.929152 -0.197100 -5.010008 -0.090050 0.830849 0.545714 0.061463
1678842889066 -2.924510 -0.194876 -4.962291 -0.092599 0.833027 0.541814 0.062682
1678842889084 -2.924857 -0.191820 -4.928256 -0.091549 0.836932 0.535805 0.063843
1678842889143 -2.910872 -0.182692 -4.868482 -0.081011 0.832974 0.544402 0.056732
1678842889187 -2.899822 -0.176708 -4.842357 -0.071573 0.828489 0.552750 0.054325
1678842889248 -2.888000 -0.168650 -4.818383 -0.065661 0.828364 0.554115 0.049589
1678842889276 -2.865590 -0.152264 -4.771715 -0.059155 0.832218 0.549575 0.043365
1678842889324 -2.852687 -0.146343 -4.751542 -0.059292 0.833302 0.548580 0.033949
1678842889379 -2.820977 -0.135753 -4.719132 -0.047011 0.834027 0.549602 0.011261
1678842889421 -2.803692 -0.130243 -4.702026 -0.036355 0.834621 0.549621 -0.001442
1678842889464 -2.766479 -0.121934 -4.672751 0.016190 -0.835294 -0.548820 0.028614
1678842889534 -2.747426 -0.118885 -4.658209 0.006470 -0.835091 -0.548386 0.043058
1678842889574 -2.706087 -0.117377 -4.632215 -0.009286 -0.834366 -0.546390 0.072146
1678842889606 -2.685092 -0.116926 -4.619653 -0.016259 -0.834103 -0.544291 0.088068
1678842889647 -2.664440 -0.117352 -4.606663 -0.021452 -0.831778 -0.544746 0.104581
1678842889699 -2.622879 -0.119073 -4.583066 -0.033096 -0.828795 -0.541807 0.135823
1678842889748 -2.602141 -0.120345 -4.571978 -0.040086 -0.825804 -0.541904 0.150932
1678842889784 -2.581682 -0.121152 -4.561739 -0.047225 -0.821420 -0.543792 0.165317
1678842889843 -2.561315 -0.123150 -4.551504 -0.055841 -0.816549 -0.546066 0.178722
1678842889883 -2.519514 -0.130223 -4.533051 -0.073722 -0.797233 -0.561340 0.209478
1678842889939 -2.478835 -0.129053 -4.520074 -0.084210 -0.794167 -0.555088 0.232562
1678842889985 -2.457444 -0.130022 -4.514990 -0.089441 -0.791005 -0.552627 0.246809
1678842890020 -2.434290 -0.131388 -4.508700 -0.101452 -0.785209 -0.553223 0.259035
1678842890082 -2.384572 -0.134486 -4.498153 -0.130711 -0.772585 -0.553591 0.282071
1678842890169 -2.336769 -0.137430 -4.490310 -0.148034 -0.768660 -0.547401 0.295971
1678842890190 -2.312138 -0.140894 -4.485586 -0.150737 -0.766931 -0.544910 0.303593
1678842890250 -2.258678 -0.149950 -4.475936 -0.157402 -0.761690 -0.543266 0.316093
1678842890307 -2.230158 -0.152626 -4.471109 -0.161239 -0.761696 -0.540977 0.318064
1678842890343 -2.170552 -0.159358 -4.462496 -0.160141 -0.759857 -0.539513 0.325420
1678842890408 -2.107297 -0.162751 -4.453739 -0.160377 -0.760053 -0.537704 0.327831
1678842890446 -2.074600 -0.163307 -4.449272 -0.158069 -0.755874 -0.541813 0.331824
1678842890489 -2.043156 -0.161407 -4.445229 -0.157493 -0.757231 -0.543157 0.326769
1678842890545 -1.986735 -0.155803 -4.436502 -0.139779 -0.763922 -0.539847 0.324732
1678842890595 -1.957797 -0.153021 -4.431642 -0.132985 -0.763726 -0.541039 0.326061
1678842890651 -1.901302 -0.146440 -4.421350 -0.140314 -0.765407 -0.536652 0.326295
1678842890699 -1.872963 -0.143535 -4.417237 -0.143341 -0.766710 -0.532928 0.328020
1678842890740 -1.817214 -0.142307 -4.403870 -0.150513 -0.768535 -0.525666 0.332225
1678842890788 -1.787095 -0.142033 -4.396615 -0.153864 -0.767702 -0.524022 0.335201
1678842890819 -1.758342 -0.142692 -4.389942 -0.157357 -0.766845 -0.521664 0.339196
1678842890881 -1.701372 -0.142365 -4.378563 -0.160901 -0.766241 -0.515391 0.348364
1678842890931 -1.674632 -0.141807 -4.375849 -0.161529 -0.767318 -0.510702 0.352583
1678842890968 -1.614078 -0.141171 -4.368772 -0.158548 -0.764579 -0.504605 0.368313
1678842891029 -1.581437 -0.141402 -4.367661 -0.162604 -0.754368 -0.509334 0.380877
1678842891071 -1.519116 -0.134682 -4.370253 -0.180470 -0.748559 -0.500549 0.395652
1678842891135 -1.489902 -0.131463 -4.372627 -0.185103 -0.741914 -0.500690 0.405722
1678842891170 -1.462861 -0.129375 -4.377303 -0.192568 -0.737341 -0.499498 0.412004
1678842891249 -1.387310 -0.115947 -4.396511 -0.207700 -0.736150 -0.481219 0.428220
1678842891274 -1.361048 -0.114377 -4.404716 -0.214111 -0.734654 -0.475947 0.433491
1678842891331 -1.335091 -0.113997 -4.413736 -0.217753 -0.733165 -0.471684 0.438824
1678842891368 -1.281605 -0.113242 -4.435184 -0.224077 -0.732289 -0.464125 0.445117
1678842891431 -1.256436 -0.113526 -4.447620 -0.223343 -0.734102 -0.460961 0.445789
1678842891478 -1.200430 -0.110974 -4.476786 -0.219245 -0.738657 -0.456710 0.444672
1678842891524 -1.173122 -0.112066 -4.493322 -0.216316 -0.741646 -0.455887 0.441968
1678842891574 -1.121911 -0.114281 -4.528003 -0.198946 -0.749785 -0.456683 0.435526
1678842891612 -1.096527 -0.116763 -4.545049 -0.189441 -0.748917 -0.464046 0.433471
1678842891665 -1.072808 -0.123367 -4.562413 -0.182285 -0.747232 -0.471015 0.431927
1678842891706 -1.027594 -0.123076 -4.595574 -0.174596 -0.744134 -0.480598 0.429891
1678842891757 -1.004261 -0.123260 -4.610907 -0.175905 -0.738423 -0.485600 0.433568
1678842891824 -0.965703 -0.118670 -4.638821 -0.193965 -0.733694 -0.485923 0.433531
1678842891866 -0.948845 -0.115868 -4.650844 -0.197248 -0.732100 -0.482839 0.438166
1678842891892 -0.916137 -0.114604 -4.670397 -0.212698 -0.727564 -0.479094 0.442582
1678842891952 -0.902221 -0.115968 -4.678052 -0.217512 -0.727962 -0.474527 0.444504
1678842892012 -0.873433 -0.118678 -4.690063 -0.222082 -0.721011 -0.473382 0.454678
1678842892037 -0.860707 -0.119414 -4.695107 -0.221891 -0.720720 -0.469542 0.459192
1678842892100 -0.836586 -0.123255 -4.702324 -0.223746 -0.697898 -0.484542 0.477592
1678842892144 -0.827677 -0.119574 -4.707320 -0.226916 -0.702606 -0.477796 0.475989
1678842892210 -0.814678 -0.113174 -4.714101 -0.211102 -0.708810 -0.463762 0.487800
1678842892255 -0.800702 -0.113173 -4.717385 -0.216056 -0.706469 -0.467375 0.485574
1678842892282 -0.791324 -0.112091 -4.719339 -0.225530 -0.704232 -0.469966 0.482001
1678842892316 -0.783298 -0.109735 -4.721055 -0.234314 -0.704740 -0.469981 0.477029
1678842892372 -0.772537 -0.103731 -4.722124 -0.234350 -0.719080 -0.468837 0.456285
1678842892411 -0.770539 -0.100943 -4.720241 -0.224186 -0.730498 -0.466788 0.445222
1678842892469 -0.768258 -0.098914 -4.711905 -0.205626 -0.748414 -0.472300 0.417765
1678842892504 -0.767543 -0.098081 -4.707337 -0.196571 -0.759594 -0.473425 0.400306
1678842892551 -0.767938 -0.098269 -4.702930 -0.187986 -0.767528 -0.476520 0.385344
1678842892612 -0.770316 -0.097268 -4.692919 -0.169080 -0.785802 -0.480560 0.350699
1678842892666 -0.776138 -0.094804 -4.688477 -0.159448 -0.793223 -0.483065 0.334695
1678842892698 -0.782835 -0.097476 -4.675676 -0.144067 -0.800161 -0.495163 0.306270
1678842892741 -0.787715 -0.096492 -4.665592 -0.136777 -0.802594 -0.501278 0.293010
1678842892806 -0.793077 -0.096634 -4.658649 -0.131189 -0.806259 -0.504794 0.279139
1678842892853 -0.806859 -0.095309 -4.643732 -0.121456 -0.813725 -0.510413 0.250155
1678842892915 -0.820330 -0.095977 -4.625689 -0.108318 -0.819459 -0.514083 0.229068
1678842892941 -0.827462 -0.096831 -4.615807 -0.101764 -0.821014 -0.516808 0.220204
1678842893009 -0.843867 -0.099403 -4.596572 -0.090951 -0.824991 -0.519417 0.203279
1678842893032 -0.843867 -0.099403 -4.596572 -0.090951 -0.824991 -0.519417 0.203279
1678842893092 -0.864285 -0.101370 -4.574121 -0.080203 -0.828710 -0.522908 0.182684
1678842893154 -0.890395 -0.103498 -4.547624 -0.064032 -0.833589 -0.523148 0.165366
1678842893185 -0.905618 -0.105202 -4.532381 -0.055134 -0.834856 -0.524440 0.157917
1678842893249 -0.939844 -0.108511 -4.499397 -0.038184 -0.837819 -0.525301 0.143736
1678842893292 -0.959428 -0.109734 -4.482005 -0.031795 -0.839213 -0.525426 0.136523
1678842893347 -1.002352 -0.112046 -4.442184 -0.021989 -0.842765 -0.523461 0.123499
1678842893394 -1.050905 -0.110922 -4.397863 -0.017110 -0.848027 -0.517961 0.110787
1678842893446 -1.076878 -0.110667 -4.374403 -0.016598 -0.845229 -0.523828 0.104480
1678842893478 -1.103728 -0.108578 -4.350818 -0.018061 -0.843276 -0.528804 0.094474
1678842893543 -1.156724 -0.099493 -4.308073 -0.012857 -0.848857 -0.523037 0.075552
1678842893584 -1.183091 -0.095164 -4.287471 -0.007396 -0.851068 -0.520852 0.065897
1678842893640 -1.230690 -0.087466 -4.245708 0.004036 -0.853223 -0.519245 0.048778
1678842893697 -1.271136 -0.079742 -4.204534 0.008379 -0.855561 -0.516660 0.031751
1678842893737 -1.288370 -0.075049 -4.183956 0.008066 -0.858910 -0.511539 0.023174
1678842893779 -1.304802 -0.071229 -4.161299 0.011526 -0.862947 -0.504808 0.018955
1678842893839 -1.331071 -0.064029 -4.114524 -0.016596 0.868637 0.495006 -0.012820
1678842893884 -1.345815 -0.060776 -4.088098 -0.017534 0.871270 0.490369 -0.010946
1678842893963 -1.366985 -0.055068 -4.036708 -0.015038 0.877404 0.479436 -0.008843
1678842893994 -1.386500 -0.057053 -4.003685 -0.011889 0.880224 0.474369 -0.006186
1678842894031 -1.397256 -0.058279 -3.975879 -0.009566 0.879709 0.475338 -0.008650
1678842894097 -1.421142 -0.063298 -3.919166 -0.006196 -0.870846 -0.491510 0.002521
1678842894121 -1.430294 -0.067867 -3.892035 -0.012849 -0.866381 -0.499211 0.002606
1678842894173 -1.447127 -0.077972 -3.840905 -0.016382 -0.859697 -0.510276 0.016469
1678842894218 -1.462092 -0.082688 -3.810305 -0.023908 -0.850245 -0.525365 0.022415
1678842894282 -1.468571 -0.090129 -3.787103 -0.030706 -0.837139 -0.545223 0.031415
1678842894336 -1.474781 -0.109676 -3.733891 -0.042318 -0.816463 -0.572360 0.063254
1678842894395 -1.477886 -0.109591 -3.713756 -0.046995 -0.813038 -0.575907 0.071352
1678842894431 -1.480278 -0.113092 -3.691977 -0.052564 -0.811171 -0.576885 0.080267
1678842894476 -1.486740 -0.119885 -3.645374 -0.058441 -0.807079 -0.577120 0.110185
1678842894519 -1.496319 -0.120975 -3.614086 -0.061712 -0.805288 -0.577513 0.119090
1678842894571 -1.509560 -0.126388 -3.557463 -0.060095 -0.809424 -0.568632 0.133712
1678842894637 -1.517297 -0.127883 -3.526866 -0.059511 -0.811502 -0.564641 0.138213
1678842894697 -1.536524 -0.129245 -3.463741 -0.065615 -0.815864 -0.558344 0.135321
1678842894736 -1.556756 -0.125247 -3.395699 -0.058834 -0.814041 -0.559174 0.145603
1678842894781 -1.565635 -0.119537 -3.362970 -0.058903 -0.815848 -0.556541 0.145549
1678842894811 -1.574050 -0.115345 -3.329024 -0.061288 -0.818100 -0.552915 0.145744
1678842894881 -1.584016 -0.105091 -3.267747 -0.066319 -0.817668 -0.553085 0.145317
1678842894941 -1.583992 -0.104330 -3.238872 -0.063521 -0.819647 -0.549342 0.149557
1678842894988 -1.583578 -0.100300 -3.178906 -0.060569 -0.822445 -0.542046 0.161563
1678842895022 -1.580662 -0.100980 -3.151213 -0.063650 -0.822303 -0.540892 0.164928
1678842895046 -1.576247 -0.102307 -3.120456 -0.066370 -0.822822 -0.538715 0.168361
1678842895105 -1.565877 -0.109036 -3.049841 -0.067685 -0.826781 -0.530740 0.173686
1678842895156 -1.559065 -0.112797 -3.015997 -0.067107 -0.829262 -0.527117 0.173116
1678842895198 -1.551835 -0.114733 -2.981930 -0.064626 -0.831169 -0.524985 0.171385
1678842895247 -1.538996 -0.118524 -2.908351 -0.056757 -0.836333 -0.521917 0.157886
1678842895314 -1.531591 -0.119206 -2.871149 -0.047017 -0.838742 -0.520568 0.152673
1678842895343 -1.523343 -0.113702 -2.796894 -0.020648 -0.844185 -0.515296 0.146271
1678842895400 -1.519555 -0.111581 -2.764433 -0.015000 -0.845639 -0.516451 0.133970
1678842895442 -1.514982 -0.109113 -2.695237 0.001962 -0.841112 -0.528605 0.114469
1678842895501 -1.511592 -0.103539 -2.629996 0.020707 -0.842315 -0.529673 0.097582
1678842895553 -1.510295 -0.102950 -2.598691 0.028871 -0.843138 -0.529121 0.091189
1678842895582 -1.508731 -0.102373 -2.568926 0.033286 -0.844860 -0.527394 0.083421
1678842895644 -1.504502 -0.108498 -2.503541 0.041437 -0.846293 -0.525417 0.077508
1678842895708 -1.499216 -0.114771 -2.434164 0.045932 -0.843892 -0.528931 0.077259
1678842895752 -1.497118 -0.117669 -2.399067 0.048037 -0.845223 -0.526603 0.077325
1678842895784 -1.494055 -0.119043 -2.364178 0.050926 -0.847087 -0.523130 0.078645
1678842895844 -1.490398 -0.120538 -2.290782 0.052955 -0.851472 -0.515858 0.077986
1678842895902 -1.490037 -0.117445 -2.218235 0.050774 -0.844999 -0.525324 0.086212
1678842895945 -1.489292 -0.112235 -2.184279 0.045390 -0.846685 -0.523247 0.085301
1678842895992 -1.488019 -0.107738 -2.150431 0.043593 -0.846365 -0.523443 0.088162
1678842896048 -1.482649 -0.103506 -2.083354 0.041162 -0.845875 -0.524400 0.088348
1678842896100 -1.480541 -0.100416 -2.049369 0.039633 -0.849801 -0.518621 0.085435
1678842896144 -1.480330 -0.095591 -1.986370 0.036074 -0.854784 -0.511637 0.079191
1678842896210 -1.481338 -0.098586 -1.919597 0.036656 -0.857359 -0.508805 0.068628
1678842896270 -1.484628 -0.105084 -1.850042 0.042252 -0.861136 -0.503816 0.053184
1678842896332 -1.486221 -0.111569 -1.806883 -0.046851 0.862416 0.502055 -0.044552
1678842896363 -1.490724 -0.114690 -1.771579 -0.053480 0.863572 0.500280 -0.033223
1678842896405 -1.503508 -0.122100 -1.700953 -0.077165 0.866406 0.493256 -0.009198
1678842896448 -1.513806 -0.124505 -1.666792 -0.092646 0.863007 0.496588 0.006050
1678842896486 -1.524457 -0.125755 -1.636654 -0.102430 0.861947 0.495712 0.028703
1678842896549 -1.556950 -0.123756 -1.581667 -0.125428 0.855130 0.497984 0.070942
1678842896610 -1.596201 -0.121254 -1.539654 -0.154017 0.843868 0.501137 0.114138
1678842896643 -1.619307 -0.119830 -1.522292 -0.170025 0.841092 0.495429 0.134931
1678842896683 -1.642565 -0.118882 -1.509641 -0.184041 0.837581 0.489664 0.157532
1678842896752 -1.696060 -0.122103 -1.483548 -0.210390 0.830668 0.476402 0.196895
1678842896806 -1.757244 -0.130405 -1.473900 -0.237439 0.821496 0.466917 0.225291
1678842896851 -1.787992 -0.133860 -1.465236 -0.249521 0.817865 0.461797 0.235756
1678842896889 -1.819144 -0.135051 -1.463660 -0.259025 0.814339 0.457529 0.245813
1678842896963 -1.884381 -0.137285 -1.449387 -0.269741 0.806992 0.451584 0.268469
1678842897016 -1.957647 -0.135929 -1.437225 -0.278658 0.801245 0.445861 0.285594
1678842897083 -2.034615 -0.134985 -1.428874 -0.286653 0.790572 0.445941 0.306533
1678842897112 -2.072344 -0.132051 -1.427428 -0.290253 0.786071 0.442045 0.320064
1678842897174 -2.147705 -0.128332 -1.426629 -0.307647 0.773508 0.437752 0.339724
1678842897211 -2.185865 -0.128290 -1.425667 -0.314801 0.767793 0.432836 0.352203
1678842897254 -2.221407 -0.126886 -1.426624 -0.318764 0.762936 0.425440 0.367856
1678842897313 -2.290161 -0.125296 -1.429257 -0.326097 0.751050 0.413079 0.398686
1678842897396 -2.362648 -0.130210 -1.429407 -0.332614 0.737737 0.405806 0.424775
1678842897439 -2.437050 -0.139303 -1.429444 -0.337738 0.723821 0.397517 0.451660
1678842897510 -2.513155 -0.150138 -1.429864 -0.344767 0.708850 0.386870 0.478538
1678842897552 -2.552298 -0.154665 -1.430716 -0.350265 0.703470 0.377406 0.489907
1678842897601 -2.625303 -0.162394 -1.434236 -0.367592 0.682735 0.366324 0.514351
1678842897662 -2.662985 -0.162464 -1.437582 -0.379818 0.671050 0.361693 0.524030
1678842897707 -2.739138 -0.160704 -1.444973 -0.392804 0.644190 0.350996 0.554551
1678842897761 -2.807995 -0.158352 -1.454098 -0.418228 0.620921 0.334774 0.572249
1678842897804 -2.847102 -0.151607 -1.460981 -0.424713 0.610554 0.322628 0.585451
1678842897861 -2.878748 -0.148410 -1.466646 -0.430978 0.604472 0.307351 0.595321
1678842897902 -2.950916 -0.138577 -1.483889 -0.440565 0.589726 0.287478 0.612766
1678842897939 -2.984195 -0.140978 -1.490976 -0.443840 0.584416 0.279792 0.619016
1678842898005 -3.055651 -0.148480 -1.507035 -0.450127 0.576907 0.269114 0.626212
1678842898044 -3.091137 -0.153560 -1.514689 -0.453792 0.575507 0.266358 0.626033
1678842898084 -3.121825 -0.158555 -1.522433 -0.456567 0.574293 0.266407 0.625109
1678842898143 -3.194067 -0.167603 -1.535534 -0.459930 0.570838 0.272092 0.623357
1678842898187 -3.230249 -0.164756 -1.542145 -0.463857 0.569392 0.279217 0.618601
1678842898237 -3.302739 -0.165130 -1.552874 -0.467010 0.562150 0.301104 0.612556
1678842898301 -3.368224 -0.164159 -1.553419 -0.462662 0.570056 0.307279 0.605442
1678842898354 -3.402670 -0.159603 -1.556990 -0.460939 0.572500 0.311884 0.602086
1678842898386 -3.436528 -0.153854 -1.560125 -0.453151 0.577469 0.312169 0.603103
1678842898435 -3.491078 -0.150285 -1.557678 -0.439268 0.587080 0.310574 0.604916
1678842898499 -3.527164 -0.148858 -1.560755 -0.432140 0.587299 0.313544 0.608296
1678842898538 -3.590101 -0.152692 -1.562706 -0.417021 0.592444 0.313692 0.613759
1678842898579 -3.628814 -0.154457 -1.567369 -0.411460 0.591727 0.316169 0.616925
1678842898616 -3.675472 -0.156905 -1.575098 -0.408160 0.589829 0.315291 0.621368
1678842898679 -3.752909 -0.162120 -1.591421 -0.413256 0.583332 0.308062 0.627726
1678842898727 -3.789541 -0.165741 -1.599654 -0.417627 0.573750 0.303539 0.635816
1678842898777 -3.861917 -0.162402 -1.620851 -0.431567 0.562428 0.286180 0.644613
1678842898815 -3.894626 -0.163215 -1.629963 -0.435592 0.553062 0.278107 0.653482
1678842898866 -3.961607 -0.162708 -1.654617 -0.458120 0.536344 0.263064 0.658225
1678842898930 -3.994280 -0.161851 -1.666923 -0.468929 0.526053 0.258509 0.660717
1678842898972 -4.056321 -0.161220 -1.692098 -0.481053 0.513873 0.244152 0.667018
1678842899013 -4.079629 -0.161421 -1.706011 -0.485874 0.507771 0.235770 0.671199
1678842899066 -4.141016 -0.166981 -1.735587 -0.493504 0.499658 0.220897 0.676757
1678842899115 -4.180026 -0.165157 -1.754521 -0.496588 0.495817 0.215646 0.679016
1678842899151 -4.211174 -0.169144 -1.770997 -0.499702 0.493623 0.211703 0.679571
1678842899215 -4.272482 -0.174556 -1.805959 -0.501476 0.492203 0.206348 0.680940
1678842899255 -4.326317 -0.166329 -1.828985 -0.502034 0.493621 0.206060 0.679588
1678842899325 -4.392040 -0.171729 -1.864142 -0.506954 0.494635 0.218721 0.671189
1678842899352 -4.423303 -0.166497 -1.881521 -0.503453 0.491138 0.229485 0.672796
1678842899399 -4.452832 -0.160754 -1.899840 -0.499357 0.490220 0.229277 0.676579
1678842899442 -4.515640 -0.159557 -1.939226 -0.500983 0.493251 0.222754 0.675352
1678842899511 -4.576400 -0.157181 -1.976266 -0.497255 0.497301 0.229035 0.673033
1678842899548 -4.604450 -0.154028 -1.995086 -0.491463 0.496686 0.229306 0.677633
1678842899599 -4.663154 -0.154023 -2.033932 -0.482767 0.497032 0.229295 0.683607
1678842899643 -4.692852 -0.156108 -2.054113 -0.480239 0.496607 0.228065 0.686104
1678842899679 -4.723035 -0.158871 -2.075430 -0.478028 0.495944 0.224432 0.689318
1678842899734 -4.787862 -0.170393 -2.122265 -0.474581 0.491058 0.213686 0.698551
1678842899791 -4.818963 -0.170987 -2.146431 -0.471414 0.488051 0.207094 0.704760
1678842899838 -4.890666 -0.173307 -2.196982 -0.459380 0.483566 0.188456 0.720846
1678842899886 -4.922751 -0.172309 -2.223808 -0.462330 0.476997 0.186805 0.723760
1678842899937 -4.983345 -0.176161 -2.277879 -0.472645 0.454614 0.174709 0.734445
1678842899989 -5.008588 -0.174597 -2.306954 -0.474780 0.440742 0.163334 0.744078
1678842900043 -5.043558 -0.177961 -2.364710 -0.502155 0.415986 0.135169 0.746006
1678842900108 -5.081873 -0.179893 -2.424128 -0.507572 0.389301 0.111024 0.760584
1678842900147 -5.095653 -0.180786 -2.453806 -0.510455 0.378243 0.100370 0.765698
1678842900195 -5.115396 -0.186197 -2.484904 -0.514799 0.369557 0.095310 0.767675
1678842900241 -5.128859 -0.193141 -2.535604 -0.517783 0.356517 0.085110 0.773015
1678842900297 -5.146368 -0.197733 -2.568737 -0.516462 0.352197 0.082223 0.776185
1678842900324 -5.149239 -0.193008 -2.597394 -0.513915 0.347602 0.080611 0.780107
1678842900380 -5.176715 -0.196379 -2.666757 -0.507048 0.337684 0.072866 0.789660
1678842900431 -5.190039 -0.197283 -2.730629 -0.511214 0.331835 0.073311 0.789412
1678842900495 -5.199738 -0.192452 -2.765118 -0.505734 0.322123 0.074925 0.796779
1678842900513 -5.198625 -0.186090 -2.795237 -0.501448 0.316021 0.068870 0.802457
1678842900574 -5.209153 -0.178712 -2.864565 -0.508361 0.289597 0.062433 0.808582
1678842900618 -5.201556 -0.166010 -2.897367 -0.507379 0.274693 0.050762 0.815189
1678842900652 -5.201634 -0.161214 -2.929894 -0.504789 0.259662 0.038141 0.822380
1678842900730 -5.206120 -0.155811 -2.998285 -0.500142 0.221215 0.023910 0.836869
1678842900795 -5.204540 -0.157030 -3.063798 -0.499511 0.184619 0.003789 0.846398
1678842900816 -5.214895 -0.160044 -3.112771 -0.498831 0.163206 -0.006074 0.851172
1678842900862 -5.211698 -0.161644 -3.145158 -0.496585 0.139213 -0.018027 0.856562
1678842900915 -5.207503 -0.165078 -3.175067 -0.494929 0.115364 -0.032195 0.860639
1678842900967 -5.193621 -0.168838 -3.234054 -0.484453 0.066439 -0.070177 0.869463
1678842901033 -5.182195 -0.173934 -3.295763 -0.468052 0.003679 -0.119534 0.875571
1678842901063 -5.170161 -0.176050 -3.316234 -0.465370 -0.027534 -0.146058 0.872548
1678842901117 -5.144606 -0.179588 -3.341084 -0.449842 -0.092132 -0.198249 0.865940
1678842901150 -5.129298 -0.179285 -3.348024 -0.445765 -0.119653 -0.221439 0.859035
1678842901205 -5.090894 -0.175748 -3.337126 -0.434890 -0.186427 -0.257719 0.842435
1678842901240 -5.072680 -0.174150 -3.328588 -0.427322 -0.221071 -0.273390 0.832936
1678842901291 -5.053804 -0.173744 -3.315084 -0.416919 -0.256888 -0.290922 0.821919
1678842901326 -5.038822 -0.171865 -3.313773 -0.404769 -0.291684 -0.307796 0.810151
1678842901378 -5.002628 -0.175616 -3.270979 -0.387300 -0.353102 -0.337042 0.782125
1678842901445 -4.988751 -0.181354 -3.248800 -0.379418 -0.378787 -0.351095 0.767655
1678842901485 -4.961496 -0.182046 -3.190245 -0.367272 -0.427367 -0.371967 0.737637
1678842901524 -4.955217 -0.183340 -3.151198 -0.356062 -0.453735 -0.381164 0.722536
1678842901565 -4.946590 -0.182837 -3.116364 -0.342380 -0.476210 -0.391685 0.708930
1678842901642 -4.928552 -0.182324 -3.043357 -0.318875 -0.512332 -0.411586 0.682958
1678842901677 -4.913619 -0.183562 -2.970681 -0.303584 -0.539689 -0.420950 0.662853
1678842901719 -4.903759 -0.186153 -2.936298 -0.303307 -0.553407 -0.420846 0.651640
1678842901770 -4.886508 -0.188967 -2.864336 -0.322969 -0.572118 -0.423501 0.623714
1678842901827 -4.876165 -0.192628 -2.826972 -0.318092 -0.584479 -0.427997 0.611572
1678842901910 -4.853629 -0.197240 -2.713716 -0.301230 -0.605552 -0.450507 0.582761
1678842901937 -4.846014 -0.195002 -2.676618 -0.291143 -0.617034 -0.452784 0.574013
1678842901971 -4.838285 -0.192784 -2.640018 -0.275895 -0.626820 -0.455209 0.569002
1678842902041 -4.822081 -0.188678 -2.569320 -0.261814 -0.644857 -0.458628 0.552516
1678842902080 -4.810815 -0.189490 -2.536454 -0.256064 -0.650615 -0.459162 0.547998
1678842902123 -4.800873 -0.190698 -2.497970 -0.254697 -0.656048 -0.460528 0.540967
1678842902199 -4.772984 -0.196799 -2.434037 -0.250098 -0.666784 -0.463304 0.527445
1678842902242 -4.733816 -0.204238 -2.380650 -0.249073 -0.678398 -0.462358 0.513774
1678842902291 -4.713992 -0.207295 -2.349967 -0.246082 -0.683636 -0.461807 0.508744
1678842902338 -4.665201 -0.212393 -2.309540 -0.242437 -0.698030 -0.458666 0.493562
1678842902378 -4.640997 -0.213756 -2.279776 -0.246073 -0.700447 -0.459436 0.487587
1678842902433 -4.591930 -0.210337 -2.221057 -0.260239 -0.706181 -0.459600 0.471542
1678842902470 -4.571161 -0.206327 -2.194138 -0.251011 -0.714784 -0.453840 0.469154
1678842902530 -4.552214 -0.204404 -2.170850 -0.241069 -0.714922 -0.461465 0.466715
1678842902581 -4.511351 -0.199450 -2.122688 -0.229957 -0.722415 -0.469221 0.452844
1678842902626 -4.489444 -0.197185 -2.102052 -0.227361 -0.724234 -0.469746 0.450700
1678842902668 -4.443188 -0.194082 -2.062798 -0.226996 -0.725101 -0.469762 0.449472
1678842902713 -4.421101 -0.193953 -2.050008 -0.225890 -0.724589 -0.468937 0.451711
1678842902767 -4.368540 -0.196747 -2.015099 -0.232070 -0.721819 -0.464239 0.457824
1678842902809 -4.341209 -0.200940 -2.001251 -0.232973 -0.719993 -0.462330 0.462152
1678842902842 -4.314275 -0.204646 -1.983490 -0.231728 -0.718379 -0.461194 0.466406
1678842902926 -4.259445 -0.214431 -1.948614 -0.224951 -0.715004 -0.455282 0.480505
1678842902977 -4.229502 -0.217793 -1.932392 -0.231968 -0.708939 -0.453152 0.488109
1678842903011 -4.167080 -0.225220 -1.901877 -0.267108 -0.683391 -0.466673 0.493807
1678842903067 -4.135778 -0.224401 -1.880780 -0.270382 -0.686163 -0.462159 0.492425
1678842903111 -4.079896 -0.222270 -1.850273 -0.264748 -0.680039 -0.465474 0.500789
1678842903170 -4.020823 -0.222833 -1.827818 -0.277936 -0.673594 -0.463393 0.504271
1678842903254 -3.965104 -0.220871 -1.811893 -0.285094 -0.668887 -0.456595 0.512672
1678842903271 -3.933049 -0.223973 -1.803612 -0.288272 -0.667012 -0.452008 0.517380
1678842903307 -3.899281 -0.228440 -1.796079 -0.292367 -0.664278 -0.447622 0.522389
1678842903372 -3.828547 -0.238203 -1.784605 -0.305605 -0.659249 -0.438536 0.528850
1678842903407 -3.793111 -0.242465 -1.777934 -0.306373 -0.659851 -0.433775 0.531575
1678842903452 -3.760758 -0.240929 -1.772117 -0.303467 -0.662653 -0.427267 0.535015
1678842903509 -3.688051 -0.247571 -1.759232 -0.307879 -0.660263 -0.426526 0.536040
1678842903573 -3.614483 -0.250198 -1.746872 -0.321460 -0.651815 -0.431880 0.534117
1678842903617 -3.580798 -0.249354 -1.741693 -0.322214 -0.649712 -0.433867 0.534614
1678842903650 -3.547153 -0.247833 -1.734991 -0.322218 -0.643199 -0.441877 0.535924
1678842903717 -3.484771 -0.242676 -1.726279 -0.318609 -0.641067 -0.441806 0.540674
1678842903780 -3.421633 -0.241963 -1.718174 -0.318255 -0.636429 -0.438958 0.548624
1678842903812 -3.389310 -0.244107 -1.714111 -0.320862 -0.632238 -0.436763 0.553679
1678842903850 -3.353567 -0.247322 -1.708143 -0.321867 -0.626478 -0.433087 0.562461
1678842903941 -3.260608 -0.262827 -1.699947 -0.344348 -0.606927 -0.415666 0.583340
1678842903970 -3.227284 -0.268659 -1.695095 -0.349672 -0.599499 -0.411855 0.590514
1678842904024 -3.197894 -0.274239 -1.691017 -0.351488 -0.591066 -0.409461 0.599532
1678842904081 -3.131413 -0.281656 -1.679088 -0.355439 -0.579889 -0.404669 0.611256
1678842904112 -3.092947 -0.284647 -1.672950 -0.363333 -0.562614 -0.410293 0.618962
1678842904160 -3.059132 -0.283803 -1.668881 -0.375334 -0.551568 -0.410582 0.621546
1678842904207 -2.995877 -0.273159 -1.661608 -0.389109 -0.547473 -0.399107 0.624164
1678842904263 -2.968164 -0.265251 -1.660548 -0.391093 -0.539946 -0.398178 0.630046
1678842904314 -2.907144 -0.255072 -1.659606 -0.390952 -0.531597 -0.387356 0.643829
1678842904346 -2.878178 -0.254019 -1.660471 -0.390968 -0.525159 -0.383481 0.651379
1678842904396 -2.810201 -0.253541 -1.664625 -0.394168 -0.519435 -0.371332 0.661008
1678842904442 -2.776645 -0.256063 -1.667241 -0.393177 -0.516470 -0.368168 0.665675
1678842904505 -2.706311 -0.263559 -1.674618 -0.398531 -0.511175 -0.361905 0.669999
1678842904539 -2.665680 -0.268461 -1.676972 -0.399708 -0.511005 -0.359940 0.670485
1678842904578 -2.629519 -0.271280 -1.680243 -0.398351 -0.512800 -0.359599 0.670105
1678842904633 -2.589352 -0.273941 -1.681885 -0.395603 -0.516384 -0.360680 0.668398
1678842904677 -2.514202 -0.275456 -1.690003 -0.397064 -0.506922 -0.375237 0.666759
1678842904725 -2.488839 -0.274699 -1.698609 -0.395946 -0.512801 -0.373996 0.663618
1678842904782 -2.418648 -0.270212 -1.704340 -0.388098 -0.513747 -0.388509 0.659169
1678842904838 -2.352227 -0.265835 -1.712456 -0.378980 -0.516700 -0.400084 0.655231
1678842904878 -2.318788 -0.263912 -1.714583 -0.373680 -0.520132 -0.401943 0.654422
1678842904918 -2.287594 -0.264033 -1.717209 -0.369110 -0.522356 -0.404372 0.653747
1678842904986 -2.217789 -0.272553 -1.720146 -0.365852 -0.520958 -0.411775 0.652071
1678842905042 -2.149465 -0.280895 -1.722070 -0.364649 -0.517513 -0.414846 0.653540
1678842905076 -2.114263 -0.285524 -1.722651 -0.365105 -0.516756 -0.414545 0.654075
1678842905138 -2.087264 -0.288187 -1.722200 -0.364151 -0.515034 -0.415334 0.655463
1678842905182 -2.017822 -0.295977 -1.722441 -0.367469 -0.504283 -0.419747 0.659149
1678842905240 -1.952842 -0.298073 -1.724752 -0.383300 -0.484731 -0.423114 0.662640
1678842905288 -1.919897 -0.295723 -1.725843 -0.391877 -0.483342 -0.420123 0.660537
1678842905326 -1.851604 -0.290042 -1.726777 -0.393244 -0.476260 -0.422971 0.663047
1678842905383 -1.819178 -0.289641 -1.727899 -0.400007 -0.470450 -0.425741 0.661374
1678842905431 -1.754397 -0.292041 -1.731233 -0.408640 -0.469065 -0.422130 0.659392
1678842905477 -1.722783 -0.291782 -1.731813 -0.409554 -0.469036 -0.419561 0.660484
1678842905529 -1.656052 -0.293953 -1.734511 -0.414275 -0.471717 -0.409195 0.662132
1678842905611 -1.622082 -0.296505 -1.736293 -0.416178 -0.471483 -0.405833 0.663174
1678842905648 -1.549624 -0.303363 -1.739920 -0.415333 -0.480691 -0.399378 0.661008
1678842905702 -1.478166 -0.305014 -1.741818 -0.401674 -0.490879 -0.400195 0.661468
1678842905737 -1.441287 -0.303684 -1.745114 -0.401778 -0.500110 -0.394972 0.657618
1678842905795 -1.402582 -0.303823 -1.749570 -0.407593 -0.497339 -0.398576 0.653956
1678842905835 -1.333136 -0.297046 -1.760652 -0.416960 -0.505326 -0.397167 0.642689
1678842905893 -1.297400 -0.291160 -1.763947 -0.408009 -0.513957 -0.396574 0.641955
1678842905936 -1.231286 -0.286690 -1.772235 -0.394567 -0.511976 -0.416127 0.639559
1678842905998 -1.161904 -0.277858 -1.782619 -0.382216 -0.521366 -0.413492 0.641181
1678842906032 -1.133758 -0.274445 -1.787512 -0.378573 -0.522620 -0.412951 0.642668
1678842906062 -1.097667 -0.274356 -1.793820 -0.377317 -0.523325 -0.410889 0.644153
1678842906131 -1.024770 -0.276214 -1.805083 -0.372322 -0.520397 -0.408394 0.650982
1678842906181 -0.987772 -0.277759 -1.810832 -0.370795 -0.519683 -0.405445 0.654259
1678842906212 -0.958150 -0.278086 -1.812219 -0.369273 -0.517179 -0.402727 0.658767
1678842906268 -0.884662 -0.279270 -1.822590 -0.369927 -0.507588 -0.399161 0.667966
1678842906328 -0.849179 -0.281360 -1.828629 -0.371908 -0.499413 -0.400095 0.672454
1678842906372 -0.778548 -0.274149 -1.838674 -0.380465 -0.492647 -0.393884 0.676314
1678842906415 -0.741089 -0.264073 -1.843759 -0.375753 -0.494801 -0.388398 0.680535
1678842906463 -0.671582 -0.258684 -1.852420 -0.378877 -0.486192 -0.389710 0.684248
1678842906518 -0.636180 -0.253850 -1.855865 -0.380125 -0.487570 -0.386230 0.684549
1678842906552 -0.602742 -0.251958 -1.858369 -0.375382 -0.488665 -0.385151 0.686989
1678842906627 -0.534138 -0.254781 -1.862947 -0.371786 -0.493143 -0.386128 0.685194
1678842906675 -0.456892 -0.261742 -1.868885 -0.366225 -0.498138 -0.389370 0.682736
1678842906738 -0.373195 -0.271115 -1.873950 -0.365533 -0.505577 -0.392065 0.676064
1678842906771 -0.334136 -0.275732 -1.875822 -0.362942 -0.510736 -0.394391 0.672219
1678842906812 -0.294907 -0.278893 -1.876905 -0.360649 -0.518665 -0.396505 0.666110
1678842906868 -0.220692 -0.282402 -1.878089 -0.349847 -0.523813 -0.406464 0.661826
1678842906935 -0.182792 -0.279859 -1.876998 -0.343859 -0.531577 -0.409709 0.656754
1678842906981 -0.111335 -0.281049 -1.877819 -0.344768 -0.538693 -0.423104 0.641816
1678842907009 -0.074824 -0.279266 -1.873241 -0.341070 -0.542835 -0.433267 0.633467
1678842907066 -0.013137 -0.272397 -1.858931 -0.326480 -0.557007 -0.439820 0.624269
1678842907114 0.021588 -0.272515 -1.852211 -0.322760 -0.562721 -0.445664 0.616892
1678842907169 0.055136 -0.271354 -1.845094 -0.318044 -0.569751 -0.449844 0.609813
1678842907218 0.124209 -0.276810 -1.826206 -0.303816 -0.578028 -0.458525 0.602772
1678842907273 0.191342 -0.282196 -1.804049 -0.295386 -0.586422 -0.462324 0.595914
1678842907315 0.231529 -0.285782 -1.792989 -0.291424 -0.587551 -0.463726 0.595663
1678842907369 0.304998 -0.287699 -1.766970 -0.291664 -0.587412 -0.466680 0.593371
1678842907418 0.338722 -0.287678 -1.752062 -0.292610 -0.583850 -0.471074 0.592949
1678842907458 0.369710 -0.284143 -1.738130 -0.300329 -0.581450 -0.472386 0.590399
1678842907504 0.432019 -0.274473 -1.706023 -0.291178 -0.590168 -0.469086 0.588962
1678842907571 0.491692 -0.272639 -1.672501 -0.283669 -0.592474 -0.470904 0.588860
1678842907611 0.522794 -0.271132 -1.657462 -0.291497 -0.594496 -0.470203 0.583535
1678842907655 0.552500 -0.269290 -1.641424 -0.292753 -0.600652 -0.467662 0.578623
1678842907716 0.617759 -0.271567 -1.608721 -0.294737 -0.609217 -0.461856 0.573301
1678842907776 0.654373 -0.272233 -1.594210 -0.298628 -0.613936 -0.457767 0.569520
1678842907806 0.685916 -0.273478 -1.577854 -0.297968 -0.619957 -0.453655 0.566627
1678842907872 0.788870 -0.281957 -1.525426 -0.291863 -0.636181 -0.447141 0.556915
1678842907938 0.823327 -0.283547 -1.508444 -0.290275 -0.640551 -0.446730 0.553052
1678842907971 0.897414 -0.286128 -1.474494 -0.291217 -0.648745 -0.445293 0.544092
1678842908034 0.933501 -0.286171 -1.457863 -0.294506 -0.646792 -0.450789 0.540108
1678842908072 1.000893 -0.285810 -1.425535 -0.289211 -0.658037 -0.453289 0.527137
1678842908130 1.034389 -0.286561 -1.406100 -0.279514 -0.655683 -0.464752 0.525317
1678842908159 1.059837 -0.285650 -1.391208 -0.270817 -0.655853 -0.473821 0.521544
1678842908219 1.121246 -0.282136 -1.354869 -0.252954 -0.666916 -0.475758 0.514677
1678842908269 1.169938 -0.286333 -1.326626 -0.241741 -0.672432 -0.476769 0.511945
1678842908328 1.201505 -0.289642 -1.308199 -0.237874 -0.674274 -0.476574 0.511515
1678842908370 1.225812 -0.284077 -1.283437 -0.235460 -0.676418 -0.475264 0.511020
1678842908438 1.319348 -0.293280 -1.224694 -0.236415 -0.678691 -0.468525 0.513781
1678842908480 1.340697 -0.289106 -1.200087 -0.240013 -0.679010 -0.466470 0.513560
1678842908545 1.370511 -0.290923 -1.179835 -0.242051 -0.675255 -0.467793 0.516344
1678842908581 1.416802 -0.293818 -1.143829 -0.257340 -0.663716 -0.473177 0.519000
1678842908635 1.471312 -0.284514 -1.109571 -0.261151 -0.666087 -0.465221 0.521245
1678842908685 1.493610 -0.280141 -1.091113 -0.267490 -0.663441 -0.464237 0.522283
1678842908737 1.547845 -0.274822 -1.063003 -0.275514 -0.660312 -0.458870 0.526799
1678842908809 1.610490 -0.272848 -1.032082 -0.281246 -0.660101 -0.450402 0.531324
1678842908939 1.709291 -0.280725 -0.994036 -0.290377 -0.660484 -0.439190 0.535307
1678842908949 1.741739 -0.286766 -0.982733 -0.293030 -0.659850 -0.437765 0.535811
1678842908987 1.780305 -0.292690 -0.969054 -0.294136 -0.658987 -0.437931 0.536131
1678842909044 1.856497 -0.299768 -0.942548 -0.296430 -0.659677 -0.438114 0.533864
1678842909090 1.927836 -0.300605 -0.922808 -0.308928 -0.651395 -0.441531 0.534133
1678842909182 2.000216 -0.293740 -0.896827 -0.314184 -0.652087 -0.441693 0.530073
1678842909214 2.034016 -0.293071 -0.883904 -0.308070 -0.647367 -0.450938 0.531662
1678842909280 2.107387 -0.286790 -0.857497 -0.295428 -0.650583 -0.455100 0.531363
1678842909332 2.172333 -0.283519 -0.834962 -0.288028 -0.651261 -0.456013 0.533807
1678842909372 2.203632 -0.283834 -0.822426 -0.286025 -0.652074 -0.454359 0.535301
1678842909429 2.236826 -0.284962 -0.811326 -0.284498 -0.651059 -0.452899 0.538577
1678842909471 2.306239 -0.287542 -0.793629 -0.284678 -0.647156 -0.445052 0.549615
1678842909563 2.401798 -0.292870 -0.763737 -0.295457 -0.638052 -0.428401 0.567509
1678842909595 2.434264 -0.295169 -0.754845 -0.303088 -0.626721 -0.428149 0.576235
1678842909638 2.466693 -0.296904 -0.747610 -0.316804 -0.609253 -0.431925 0.584711
1678842909690 2.497726 -0.293494 -0.744716 -0.328676 -0.602177 -0.425901 0.589884
1678842909744 2.552776 -0.282896 -0.735928 -0.339384 -0.594826 -0.412436 0.600747
1678842909779 2.581022 -0.279030 -0.733819 -0.347308 -0.588443 -0.408309 0.605306
1678842909836 2.636443 -0.273928 -0.732955 -0.354328 -0.577662 -0.397758 0.618504
1678842909877 2.675560 -0.275235 -0.731113 -0.358401 -0.572474 -0.392589 0.624257
1678842909919 2.704498 -0.277042 -0.733756 -0.362534 -0.567740 -0.385776 0.630410
1678842909980 2.784001 -0.288082 -0.737435 -0.372336 -0.556365 -0.376313 0.640478
1678842910028 2.815167 -0.293503 -0.742773 -0.375867 -0.553690 -0.370598 0.644056
1678842910091 2.851845 -0.297159 -0.740821 -0.379605 -0.550756 -0.366857 0.646517
1678842910142 2.951076 -0.309747 -0.765147 -0.385798 -0.538456 -0.359819 0.657082
1678842910193 2.983495 -0.307983 -0.784684 -0.396504 -0.524698 -0.360979 0.661188
1678842910238 3.045634 -0.301092 -0.807959 -0.413841 -0.521387 -0.349125 0.659548
1678842910279 3.077945 -0.298357 -0.822566 -0.410457 -0.521771 -0.345034 0.663499
1678842910333 3.138576 -0.294124 -0.846464 -0.408581 -0.503215 -0.355045 0.673631
1678842910382 3.167406 -0.294242 -0.848903 -0.411238 -0.499115 -0.350973 0.677190
1678842910435 3.222712 -0.287551 -0.880019 -0.412895 -0.487287 -0.339133 0.690694
1678842910492 3.248392 -0.287889 -0.892804 -0.411516 -0.479504 -0.334175 0.699327
1678842910528 3.276383 -0.290060 -0.910064 -0.414455 -0.468174 -0.330984 0.706746
1678842910579 3.334756 -0.293122 -0.952152 -0.422864 -0.443948 -0.318811 0.722811
1678842910633 3.385708 -0.299947 -0.990601 -0.433451 -0.419530 -0.302968 0.737784
1678842910681 3.413804 -0.302701 -1.013240 -0.440770 -0.405052 -0.294073 0.745101
1678842910767 3.477144 -0.311856 -1.075959 -0.471254 -0.350000 -0.272526 0.762331
1678842910803 3.495837 -0.312950 -1.099022 -0.489204 -0.332548 -0.259744 0.763298
1678842910839 3.512539 -0.311840 -1.120854 -0.500118 -0.322195 -0.244232 0.765783
1678842910926 3.560059 -0.306962 -1.184687 -0.515374 -0.280105 -0.224808 0.778070
1678842910958 3.575201 -0.310325 -1.207774 -0.518194 -0.267347 -0.217321 0.782798
1678842911007 3.588346 -0.312147 -1.232644 -0.522417 -0.254996 -0.207050 0.786885
1678842911063 3.601975 -0.316669 -1.256975 -0.526658 -0.242869 -0.195725 0.790783
1678842911106 3.626837 -0.324762 -1.312495 -0.532405 -0.222482 -0.176946 0.797331
1678842911164 3.645699 -0.334313 -1.369460 -0.535331 -0.206562 -0.162388 0.802735
1678842911212 3.657015 -0.337800 -1.400024 -0.537069 -0.200332 -0.157832 0.804060
1678842911279 3.665101 -0.340894 -1.432325 -0.536030 -0.199206 -0.153156 0.805936
1678842911314 3.686124 -0.343659 -1.500247 -0.545829 -0.180484 -0.152008 0.803984
1678842911360 3.692852 -0.345917 -1.535981 -0.552578 -0.173341 -0.146025 0.802052
1678842911429 3.710153 -0.335995 -1.601604 -0.552793 -0.171250 -0.137128 0.803921
1678842911450 3.722572 -0.332922 -1.631211 -0.549935 -0.160644 -0.146158 0.806476
1678842911506 3.738685 -0.322327 -1.695090 -0.542634 -0.149054 -0.145052 0.813812
1678842911546 3.743093 -0.318333 -1.725308 -0.539609 -0.141999 -0.142405 0.817544
1678842911600 3.757101 -0.315691 -1.789387 -0.534166 -0.128890 -0.135886 0.824372
1678842911653 3.762534 -0.316377 -1.822450 -0.533195 -0.119937 -0.134975 0.826498
1678842911706 3.776294 -0.323426 -1.889492 -0.531651 -0.099382 -0.127958 0.831323
1678842911748 3.784665 -0.327308 -1.926510 -0.531151 -0.089966 -0.121831 0.833632
1678842911807 3.797047 -0.332498 -1.993351 -0.526488 -0.066673 -0.110445 0.840337
1678842911847 3.802885 -0.335295 -2.028587 -0.525266 -0.052097 -0.103237 0.843045
1678842911918 3.807429 -0.336268 -2.063322 -0.529822 -0.027749 -0.097136 0.842071
1678842911971 3.812139 -0.326836 -2.124210 -0.534767 -0.010211 -0.062326 0.842636
1678842912008 3.814955 -0.317614 -2.183327 -0.534703 0.012095 -0.045740 0.843714
1678842912060 3.816014 -0.311645 -2.215737 -0.539478 0.018682 -0.033328 0.841132
1678842912093 3.813472 -0.309016 -2.244187 -0.541777 0.025120 -0.020658 0.839892
1678842912159 3.810399 -0.307161 -2.271968 -0.538472 0.032592 -0.013577 0.841903
1678842912200 3.797123 -0.309254 -2.364857 -0.535705 0.055881 0.010536 0.842488
1678842912258 3.790032 -0.311210 -2.397265 -0.533580 0.064316 0.015232 0.843163
1678842912301 3.772685 -0.321863 -2.460824 -0.533869 0.075277 0.025410 0.841826
1678842912347 3.763259 -0.326278 -2.493100 -0.533079 0.079699 0.025563 0.841915
1678842912396 3.748851 -0.327424 -2.523706 -0.530883 0.081146 0.027118 0.843115
1678842912455 3.723518 -0.328048 -2.588997 -0.531996 0.101199 0.024811 0.840311
1678842912508 3.694747 -0.323725 -2.643937 -0.531540 0.104680 0.027293 0.840096
1678842912549 3.677109 -0.321379 -2.664256 -0.531118 0.114193 0.020309 0.839322
1678842912590 3.664026 -0.316703 -2.690964 -0.531804 0.124027 0.018300 0.837537
1678842912645 3.636747 -0.303819 -2.738045 -0.520947 0.139687 0.025491 0.841696
1678842912695 3.621362 -0.301619 -2.755139 -0.516031 0.150049 0.025581 0.842937
1678842912764 3.596041 -0.302196 -2.794562 -0.517465 0.168985 0.040723 0.837864
1678842912800 3.572478 -0.302608 -2.834008 -0.513443 0.189145 0.055771 0.835159
1678842912820 3.572478 -0.302608 -2.834008 -0.513443 0.189145 0.055771 0.835159
1678842912876 3.551061 -0.304895 -2.869749 -0.508336 0.214321 0.069765 0.831140
1678842912940 3.529557 -0.308128 -2.908760 -0.507126 0.249115 0.087251 0.820459
1678842912978 3.520888 -0.308937 -2.925947 -0.503752 0.264891 0.093379 0.816913
1678842913035 3.507771 -0.307908 -2.955261 -0.498050 0.302131 0.100139 0.806620
1678842913071 3.501600 -0.303841 -2.971530 -0.492055 0.314917 0.109365 0.804206
1678842913115 3.497819 -0.297698 -2.987265 -0.483442 0.321929 0.116691 0.805623
1678842913170 3.498454 -0.284052 -3.023500 -0.480384 0.327228 0.121961 0.804536
1678842913220 3.501045 -0.273775 -3.041150 -0.479892 0.317333 0.120418 0.809014
1678842913280 3.519804 -0.256268 -3.074517 -0.472096 0.285454 0.085022 0.829706
1678842913324 3.533362 -0.248623 -3.090961 -0.469233 0.256968 0.064169 0.842419
1678842913396 3.566844 -0.235490 -3.135845 -0.458903 0.181343 0.016056 0.869635
1678842913440 3.605753 -0.231891 -3.161072 -0.455155 0.095005 -0.029948 0.884823
1678842913475 3.628579 -0.232095 -3.168196 -0.450250 0.042864 -0.049638 0.890491
1678842913535 3.675528 -0.239199 -3.174289 -0.447952 -0.051452 -0.092115 0.887810
1678842913580 3.701523 -0.244446 -3.173966 -0.447158 -0.097780 -0.112916 0.881895
1678842913635 3.757370 -0.256254 -3.166716 -0.446970 -0.179218 -0.158035 0.862046
1678842913680 3.785935 -0.260304 -3.159801 -0.444436 -0.214329 -0.177281 0.851535
1678842913723 3.814202 -0.262581 -3.149068 -0.438803 -0.258782 -0.192969 0.838598
1678842913779 3.870161 -0.267526 -3.120631 -0.422938 -0.329003 -0.235785 0.810732
1678842913834 3.925297 -0.270661 -3.084476 -0.405906 -0.405767 -0.268730 0.773549
1678842913869 3.951646 -0.273254 -3.067884 -0.398220 -0.426589 -0.285744 0.760127
1678842913927 3.977495 -0.274605 -3.049911 -0.387828 -0.450199 -0.299525 0.746455
1678842913978 4.028442 -0.275896 -3.010690 -0.370323 -0.495555 -0.321705 0.716792
1678842914044 4.076664 -0.274756 -2.965340 -0.343644 -0.540324 -0.339721 0.688875
1678842914086 4.100495 -0.274283 -2.941532 -0.333529 -0.559892 -0.347837 0.674009
1678842914131 4.121337 -0.274220 -2.920077 -0.328431 -0.573873 -0.356393 0.660142
1678842914181 4.164268 -0.274186 -2.871390 -0.311451 -0.612577 -0.376583 0.621235
1678842914238 4.198327 -0.271540 -2.815575 -0.283453 -0.649625 -0.396002 0.583802
1678842914298 4.210706 -0.269818 -2.785722 -0.269065 -0.669603 -0.406289 0.560504
1678842914338 4.226500 -0.267164 -2.724428 -0.234728 -0.703968 -0.428899 0.515148
1678842914411 4.227275 -0.263975 -2.663941 -0.197051 -0.743416 -0.447027 0.456804
1678842914434 4.223370 -0.264892 -2.635330 -0.178673 -0.760317 -0.455474 0.427244
1678842914486 4.218328 -0.265677 -2.606828 -0.160360 -0.775098 -0.464711 0.396928
1678842914537 4.201212 -0.268709 -2.552557 -0.121615 -0.802365 -0.480381 0.332648
1678842914581 4.189389 -0.269744 -2.528389 -0.105503 -0.815860 -0.484786 0.297026
1678842914627 4.173443 -0.269513 -2.508794 -0.088166 -0.830490 -0.485255 0.258921
1678842914699 4.135680 -0.279237 -2.447906 -0.043965 -0.843811 -0.502227 0.183896
1678842914736 4.124889 -0.281828 -2.429718 -0.032423 -0.845041 -0.506754 0.167497
1678842914775 4.116316 -0.284158 -2.412020 -0.029768 -0.845604 -0.510806 0.152135
1678842914816 4.107241 -0.288170 -2.391819 -0.024361 -0.845603 -0.515073 0.138067
1678842914876 4.112694 -0.328328 -2.327332 -0.006118 -0.843926 -0.520345 0.130355
1678842914927 4.094084 -0.339527 -2.271991 0.006016 -0.842375 -0.524168 0.124968
1678842914972 4.084860 -0.345824 -2.244666 0.011335 -0.841853 -0.525398 0.122933
1678842915012 4.073599 -0.351727 -2.215368 0.018992 -0.840938 -0.526722 0.122581
1678842915075 4.043456 -0.355602 -2.152771 0.025363 -0.838825 -0.531871 0.113325
1678842915129 4.021174 -0.349529 -2.117363 0.025852 -0.837966 -0.534983 0.104585
1678842915172 3.986516 -0.348193 -2.052146 0.032666 -0.836088 -0.539379 0.094661
1678842915234 3.968828 -0.345274 -2.019593 0.035073 -0.836451 -0.540075 0.086251
1678842915276 3.958391 -0.334694 -2.006320 0.037905 -0.839122 -0.536635 0.080373
1678842915332 3.932397 -0.318478 -1.949843 0.042660 -0.844173 -0.529974 0.068406
1678842915371 3.909831 -0.303333 -1.889607 0.043964 -0.852892 -0.516379 0.063203
1678842915435 3.914202 -0.287606 -1.881272 0.045110 -0.857834 -0.508335 0.060682
1678842915469 3.901251 -0.280079 -1.821961 0.055187 -0.866259 -0.492877 0.060177
1678842915536 3.899258 -0.277252 -1.794579 0.056912 -0.868890 -0.488311 0.057826
1678842915561 3.896081 -0.277495 -1.763629 -0.057197 0.870641 0.485332 -0.056274
1678842915641 3.890692 -0.284771 -1.664242 -0.052758 0.870855 0.486269 -0.048687
1678842915691 3.891715 -0.281154 -1.638877 -0.054645 0.870700 0.486726 -0.044648
1678842915728 3.887091 -0.282446 -1.569756 -0.063764 0.873447 0.481867 -0.028781
1678842915788 3.880494 -0.282917 -1.530810 -0.071720 0.872094 0.483412 -0.024927
1678842915857 3.869810 -0.276104 -1.464535 -0.080635 0.871504 0.483708 0.002348
1678842915887 3.855573 -0.272803 -1.426755 -0.090654 0.870148 0.484198 0.013295
1678842915935 3.838314 -0.265688 -1.364117 -0.108314 0.867702 0.483790 0.036170
1678842915991 3.833542 -0.265696 -1.336504 -0.117479 0.868430 0.479742 0.043306
1678842916045 3.817038 -0.264398 -1.277737 -0.129242 0.868706 0.474650 0.057915
1678842916099 3.801203 -0.271773 -1.221622 -0.138239 0.868423 0.471287 0.067972
1678842916143 3.791880 -0.276546 -1.189308 -0.142167 0.867561 0.471158 0.071678
1678842916183 3.785278 -0.278779 -1.163651 -0.145725 0.867071 0.470660 0.073705
1678842916235 3.764826 -0.284217 -1.100493 -0.150317 0.868656 0.465882 0.076126
1678842916302 3.742258 -0.289725 -1.036520 -0.154681 0.868452 0.464528 0.077966
1678842916349 3.731966 -0.287331 -1.004107 -0.157401 0.866590 0.467350 0.076363
1678842916379 3.720287 -0.285434 -0.973785 -0.158619 0.865937 0.467907 0.077827
1678842916436 3.696885 -0.280522 -0.913822 -0.158598 0.864745 0.469239 0.082926
1678842916509 3.684638 -0.278279 -0.884486 -0.158569 0.862920 0.471886 0.086876
1678842916533 3.659930 -0.272369 -0.828498 -0.156110 0.864690 0.466166 0.103108
1678842916588 3.644955 -0.272193 -0.795337 -0.158712 0.863902 0.464906 0.111110
1678842916636 3.613832 -0.274758 -0.737838 -0.164351 0.863629 0.458809 0.128946
1678842916695 3.598158 -0.276887 -0.715827 -0.165671 0.862605 0.456471 0.141773
1678842916726 3.560361 -0.284086 -0.658974 -0.174249 0.857393 0.453210 0.170630
1678842916792 3.543018 -0.285915 -0.640844 -0.182872 0.855695 0.446813 0.186287
1678842916849 3.500233 -0.291273 -0.592007 -0.207637 0.847804 0.435191 0.220736
1678842916899 3.458677 -0.289306 -0.558582 -0.227864 0.832287 0.429301 0.266603
1678842916942 3.436030 -0.288033 -0.542511 -0.238547 0.824033 0.426631 0.286444
1678842916983 3.411199 -0.286889 -0.524617 -0.253050 0.812165 0.429413 0.303246
1678842917044 3.363239 -0.283924 -0.501458 -0.273682 0.790348 0.426056 0.344856
1678842917089 3.336195 -0.282979 -0.486844 -0.282097 0.782571 0.418401 0.364615
1678842917129 3.282604 -0.287152 -0.472650 -0.294651 0.761782 0.411093 0.404810
1678842917195 3.256130 -0.290393 -0.474364 -0.302499 0.753727 0.405884 0.419105
1678842917237 3.198025 -0.297123 -0.468034 -0.320869 0.741561 0.392851 0.439087
1678842917306 3.136816 -0.302522 -0.461577 -0.332286 0.729525 0.383346 0.458721
1678842917350 3.106644 -0.304732 -0.460043 -0.336473 0.723398 0.381064 0.467196
1678842917383 3.074702 -0.306429 -0.456888 -0.339042 0.716350 0.380423 0.476625
1678842917464 3.009971 -0.314344 -0.454241 -0.346394 0.702329 0.381754 0.490927
1678842917506 2.946073 -0.311007 -0.455519 -0.352540 0.687261 0.379254 0.509465
1678842917556 2.914644 -0.307943 -0.456720 -0.351081 0.682372 0.373579 0.521103
1678842917597 2.883716 -0.305927 -0.460279 -0.352901 0.677860 0.369605 0.528544
1678842917646 2.820367 -0.300062 -0.460941 -0.356197 0.667939 0.366376 0.541064
1678842917694 2.760769 -0.291925 -0.460983 -0.349276 0.659179 0.356747 0.562335
1678842917744 2.730198 -0.290945 -0.461248 -0.348685 0.653647 0.352167 0.571964
1678842917800 2.671664 -0.294481 -0.462404 -0.351805 0.642165 0.340474 0.589860
1678842917861 2.606938 -0.302533 -0.462509 -0.355533 0.626819 0.330369 0.609549
1678842917898 2.578843 -0.301202 -0.466361 -0.356412 0.617045 0.326419 0.621028
1678842917939 2.545756 -0.306886 -0.467234 -0.359614 0.608237 0.322307 0.629955
1678842918004 2.477951 -0.313540 -0.471029 -0.374551 0.580387 0.316993 0.649906
1678842918071 2.447284 -0.315211 -0.474382 -0.384293 0.568759 0.309453 0.658081
1678842918107 2.390313 -0.318759 -0.481249 -0.403970 0.548804 0.289704 0.672081
1678842918149 2.362438 -0.319310 -0.486683 -0.414790 0.536865 0.282291 0.678260
1678842918243 2.279722 -0.317657 -0.506674 -0.432633 0.504051 0.260527 0.700634
1678842918292 2.253155 -0.318941 -0.514838 -0.434439 0.492937 0.256323 0.708925
1678842918327 2.196729 -0.319704 -0.532026 -0.437932 0.473177 0.246829 0.723460
1678842918369 2.168356 -0.324560 -0.543058 -0.441905 0.463941 0.242669 0.728416
1678842918412 2.146954 -0.323752 -0.554931 -0.447419 0.453955 0.239514 0.732376
1678842918490 2.084785 -0.333001 -0.576747 -0.455888 0.439942 0.231374 0.738298
1678842918548 2.023967 -0.340293 -0.605702 -0.464228 0.431825 0.225062 0.739842
1678842918595 1.992312 -0.342167 -0.621291 -0.471678 0.431296 0.221119 0.736620
1678842918633 1.930467 -0.337647 -0.649217 -0.477260 0.429040 0.214059 0.736428
1678842918695 1.859010 -0.326715 -0.670963 -0.472912 0.430467 0.209056 0.739830
1678842918735 1.827537 -0.322888 -0.683136 -0.471473 0.432156 0.209536 0.739628
1678842918796 1.787650 -0.320452 -0.698287 -0.467995 0.434879 0.209742 0.740182
1678842918845 1.727771 -0.314259 -0.721829 -0.457255 0.434522 0.214912 0.745601
1678842918898 1.668105 -0.314375 -0.746184 -0.448136 0.432664 0.222101 0.750099
1678842918970 1.637126 -0.315809 -0.759657 -0.447121 0.429927 0.224152 0.751666
1678842918995 1.597380 -0.318685 -0.777280 -0.448154 0.424675 0.225674 0.753578
1678842919060 1.534137 -0.323683 -0.807669 -0.448094 0.415775 0.220238 0.760157
1678842919101 1.502772 -0.325649 -0.826091 -0.447606 0.409702 0.216586 0.764777
1678842919136 1.439934 -0.331851 -0.860138 -0.453135 0.390617 0.211229 0.772961
1678842919201 1.411771 -0.335539 -0.879105 -0.461939 0.383188 0.203946 0.773424
1678842919243 1.359050 -0.336948 -0.917958 -0.480348 0.357805 0.193404 0.777069
1678842919300 1.311249 -0.339181 -0.961106 -0.497763 0.341166 0.168284 0.779435
1678842919356 1.265858 -0.339102 -1.004829 -0.510520 0.312894 0.149167 0.786902
1678842919407 1.244045 -0.341115 -1.027319 -0.511242 0.303614 0.139385 0.791847
1678842919442 1.220772 -0.343093 -1.050937 -0.509902 0.295860 0.132219 0.796859
1678842919500 1.172130 -0.349154 -1.100402 -0.508707 0.284686 0.127485 0.802445
1678842919570 1.121907 -0.358918 -1.153005 -0.511654 0.287427 0.120647 0.800650
1678842919608 1.098319 -0.362197 -1.178707 -0.510860 0.290485 0.117098 0.800580
1678842919669 1.046723 -0.369112 -1.230446 -0.516522 0.295184 0.116751 0.795261
1678842919711 1.023427 -0.371395 -1.253298 -0.524387 0.301531 0.121360 0.787000
1678842919770 0.973046 -0.368628 -1.298874 -0.527161 0.305648 0.134002 0.781488
1678842919817 0.948334 -0.364251 -1.319474 -0.527722 0.306053 0.142877 0.779376
1678842919871 0.896177 -0.356963 -1.362377 -0.522897 0.303567 0.162372 0.779783
1678842919936 0.845623 -0.351960 -1.403917 -0.513474 0.303037 0.176655 0.783139
1678842919974 0.819156 -0.351530 -1.425107 -0.508666 0.299818 0.183323 0.785978
1678842920027 0.755567 -0.351956 -1.470345 -0.498545 0.298431 0.191587 0.791004
1678842920072 0.726534 -0.355521 -1.492877 -0.494718 0.294518 0.195004 0.794032
1678842920125 0.690191 -0.360648 -1.519618 -0.491500 0.291881 0.195590 0.796855
1678842920178 0.629982 -0.370257 -1.567717 -0.493547 0.286352 0.190144 0.798911
1678842920216 0.601673 -0.375728 -1.594874 -0.496245 0.281729 0.187043 0.799615
1678842920270 0.543730 -0.379924 -1.644413 -0.510058 0.272673 0.174405 0.796915
1678842920331 0.494104 -0.376081 -1.688372 -0.521825 0.256129 0.161276 0.797550
1678842920371 0.474969 -0.375151 -1.708878 -0.527560 0.251673 0.151677 0.797080
1678842920409 0.451483 -0.372777 -1.732969 -0.532650 0.247231 0.141661 0.796927
1678842920473 0.409180 -0.371579 -1.778998 -0.536627 0.232556 0.127804 0.801009
1678842920527 0.387679 -0.372684 -1.804059 -0.536422 0.228095 0.122091 0.803317
1678842920569 0.344048 -0.378296 -1.856964 -0.534268 0.222409 0.115239 0.807349
1678842920624 0.335374 -0.380190 -1.879227 -0.534729 0.221858 0.112407 0.807594
1678842920668 0.290128 -0.387734 -1.936474 -0.533638 0.225256 0.106639 0.808157
1678842920727 0.253344 -0.391740 -1.992001 -0.527743 0.225654 0.098832 0.812896
1678842920780 0.224170 -0.392646 -2.023763 -0.527663 0.226351 0.097854 0.812872
1678842920824 0.179128 -0.387851 -2.082203 -0.530274 0.231428 0.105136 0.808824
1678842920887 0.158418 -0.382275 -2.109839 -0.527283 0.232257 0.113255 0.809446
1678842920946 0.135552 -0.378343 -2.136794 -0.527845 0.236220 0.122766 0.806541
1678842920977 0.089144 -0.367747 -2.187206 -0.521877 0.238007 0.141931 0.806755
1678842921054 0.038273 -0.362813 -2.242112 -0.511698 0.240482 0.149924 0.811084
1678842921093 -0.010343 -0.363127 -2.294098 -0.506496 0.244650 0.152448 0.812630
1678842921136 -0.039680 -0.365304 -2.324322 -0.505392 0.246624 0.151593 0.812881
1678842921184 -0.064974 -0.368730 -2.351245 -0.503700 0.248121 0.147604 0.814208
1678842921229 -0.118796 -0.376979 -2.408564 -0.498901 0.252162 0.129232 0.819031
1678842921281 -0.140024 -0.381089 -2.436245 -0.500905 0.250903 0.118973 0.819748
1678842921332 -0.187160 -0.387652 -2.493864 -0.508295 0.238098 0.106038 0.820793
1678842921394 -0.206667 -0.391284 -2.512557 -0.514319 0.233359 0.098656 0.819321
1678842921436 -0.246178 -0.387428 -2.566259 -0.521510 0.209910 0.088283 0.822297
1678842921502 -0.266980 -0.388358 -2.592227 -0.528024 0.205592 0.078366 0.820232
1678842921562 -0.301690 -0.385242 -2.645921 -0.535339 0.190671 0.064382 0.820312
1678842921618 -0.332184 -0.387524 -2.698853 -0.539142 0.179969 0.047628 0.821382
1678842921674 -0.352227 -0.390895 -2.750637 -0.537748 0.174431 0.036748 0.824045
1678842921707 -0.367787 -0.395048 -2.781915 -0.537661 0.174161 0.032757 0.824327
1678842921749 -0.382898 -0.398801 -2.813908 -0.537087 0.175919 0.028638 0.824482
1678842921819 -0.390667 -0.401471 -2.841255 -0.534908 0.178375 0.024863 0.825492
1678842921872 -0.418227 -0.404177 -2.905592 -0.530848 0.178146 0.022936 0.828214
1678842921910 -0.449756 -0.403307 -2.973893 -0.539216 0.184629 0.022239 0.821379
1678842921956 -0.461576 -0.399788 -3.004552 -0.538652 0.182520 0.025308 0.822131
1678842922012 -0.475008 -0.395312 -3.036514 -0.538145 0.183279 0.025276 0.822295
1678842922069 -0.496657 -0.386173 -3.094535 -0.538276 0.182553 0.025595 0.822361
1678842922104 -0.515708 -0.375743 -3.151602 -0.532831 0.175623 0.025408 0.827407
1678842922173 -0.533217 -0.372449 -3.204770 -0.528411 0.163679 0.022680 0.832753
1678842922205 -0.544815 -0.374436 -3.234530 -0.525520 0.157897 0.019192 0.835781
1678842922255 -0.553253 -0.376209 -3.261051 -0.523590 0.151419 0.015086 0.838271
1678842922301 -0.573209 -0.381681 -3.317836 -0.521116 0.133844 0.009677 0.842870
1678842922346 -0.580481 -0.384478 -3.344118 -0.519580 0.123820 0.005029 0.845388
1678842922400 -0.587958 -0.390403 -3.390780 -0.517454 0.099280 -0.008677 0.849888
1678842922459 -0.594743 -0.396219 -3.437150 -0.523732 0.075260 -0.028272 0.848081
1678842922502 -0.595028 -0.397918 -3.453777 -0.524144 0.062310 -0.036232 0.848574
1678842922556 -0.595618 -0.399016 -3.472740 -0.529302 0.052467 -0.045615 0.845580
1678842922595 -0.592510 -0.396872 -3.503309 -0.540654 0.031197 -0.054976 0.838867
1678842922636 -0.590855 -0.395338 -3.517391 -0.542215 0.021836 -0.060588 0.837768
1678842922703 -0.584189 -0.395667 -3.535654 -0.543709 0.006280 -0.066808 0.836587
1678842922747 -0.581528 -0.394955 -3.546183 -0.542907 0.002667 -0.069905 0.836874
1678842922796 -0.572866 -0.393878 -3.548683 -0.541971 0.000474 -0.071821 0.837323
1678842922845 -0.568670 -0.392352 -3.564213 -0.539792 -0.000993 -0.071578 0.838749
1678842922879 -0.562921 -0.391548 -3.567531 -0.540601 -0.001194 -0.071141 0.838265
1678842922959 -0.559975 -0.391224 -3.572189 -0.543376 -0.002788 -0.068544 0.836682
1678842922970 -0.552081 -0.391315 -3.579187 -0.547422 -0.003974 -0.071372 0.833798
1678842923029 -0.543991 -0.389312 -3.588321 -0.546217 -0.006237 -0.076618 0.834109
1678842923065 -0.538729 -0.389979 -3.592047 -0.545282 -0.007051 -0.079381 0.834456
1678842923122 -0.535407 -0.388975 -3.594091 -0.545221 -0.007888 -0.081212 0.834312
1678842923161 -0.530527 -0.389575 -3.598706 -0.546769 -0.009318 -0.082468 0.833160
1678842923242 -0.526548 -0.390171 -3.600499 -0.547111 -0.010560 -0.083326 0.832835
1678842923266 -0.525032 -0.390814 -3.601124 -0.547247 -0.010287 -0.084057 0.832676
1678842923298 -0.525117 -0.392596 -3.599303 -0.548580 -0.010231 -0.084684 0.831736
1678842923356 -0.524127 -0.393494 -3.599377 -0.549817 -0.009229 -0.086427 0.830751
1678842923391 -0.522041 -0.394596 -3.599213 -0.549806 -0.009085 -0.089016 0.830486
1678842923447 -0.520554 -0.395005 -3.598921 -0.549931 -0.009137 -0.090275 0.830267
1678842923495 -0.519907 -0.395046 -3.599080 -0.548949 -0.008209 -0.091009 0.830846
1678842923525 -0.519660 -0.394715 -3.599257 -0.548139 -0.008232 -0.090567 0.831429
1678842923575 -0.520175 -0.394141 -3.601608 -0.547020 -0.008199 -0.090038 0.832223
1678842923615 -0.519834 -0.393613 -3.601655 -0.546110 -0.007854 -0.089916 0.832837
1678842923671 -0.519184 -0.393020 -3.602403 -0.544657 -0.007808 -0.088906 0.833896
1678842923709 -0.518973 -0.393209 -3.602234 -0.544773 -0.007755 -0.088513 0.833863
1678842923760 -0.519786 -0.393359 -3.602593 -0.544577 -0.007914 -0.087711 0.834074
1678842923832 -0.519882 -0.393746 -3.602518 -0.544444 -0.007564 -0.087702 0.834165
1678842923857 -0.519138 -0.393720 -3.602831 -0.545027 -0.007335 -0.087469 0.833811
1678842923907 -0.519455 -0.393783 -3.603096 -0.544924 -0.007204 -0.086929 0.833936
1678842923948 -0.519804 -0.393948 -3.603352 -0.544895 -0.007233 -0.086250 0.834025
1678842924008 -0.519741 -0.393620 -3.603625 -0.544697 -0.007422 -0.085619 0.834218
1678842924048 -0.520534 -0.393898 -3.604270 -0.545143 -0.007577 -0.083802 0.834110
1678842924093 -0.520138 -0.393170 -3.604917 -0.545280 -0.007588 -0.083028 0.834097
1678842924137 -0.521130 -0.393489 -3.605937 -0.545771 -0.007135 -0.081628 0.833918
1678842924180 -0.522734 -0.393087 -3.606666 -0.548308 -0.005802 -0.082248 0.832202
1678842924232 -0.523146 -0.393811 -3.607144 -0.549429 -0.005447 -0.081772 0.831511
