# Created at Tue Mar 14 18:14:31 MST 2023
1678842872213 0.077419 -0.026231 -0.090922 0.554293 0.004846 0.061114 -0.830061
1678842872250 0.078414 -0.025763 -0.100006 0.555131 0.002923 0.053623 -0.830027
1678842872271 0.079031 -0.025338 -0.110136 0.555471 -0.001468 0.047726 -0.830164
1678842872307 0.081121 -0.024593 -0.121635 0.555645 -0.005013 0.042404 -0.830322
1678842872367 0.081256 -0.024822 -0.134101 0.556231 -0.007142 0.037483 -0.830151
1678842872387 0.081291 -0.025642 -0.147753 0.555279 -0.009886 0.035997 -0.830826
1678842872447 0.079913 -0.027033 -0.162518 0.552844 -0.013847 0.037287 -0.832335
1678842872508 0.076786 -0.029642 -0.197201 0.552451 -0.017442 0.034429 -0.832652
1678842872543 0.071814 -0.033294 -0.235173 0.556556 -0.012273 0.031826 -0.830109
1678842872618 0.066011 -0.033647 -0.274388 0.554985 0.003026 0.035082 -0.831115
1678842872649 0.063024 -0.034001 -0.296554 0.560118 0.000954 0.041857 -0.827354
1678842872700 0.059164 -0.030612 -0.317956 0.560827 0.007207 0.041870 -0.826842
1678842872733 0.050131 -0.016586 -0.356739 0.539769 0.022027 0.044099 -0.840369
1678842872780 0.046272 -0.011452 -0.375161 0.529655 0.033413 0.046826 -0.846260
1678842872833 0.043875 -0.009013 -0.395061 0.526375 0.039379 0.051615 -0.847770
1678842872881 0.036336 -0.009401 -0.436463 0.531787 0.032047 0.056947 -0.844353
1678842872941 0.033644 -0.008699 -0.456075 0.532900 0.033440 0.055473 -0.843696
1678842872995 0.027213 -0.005884 -0.492940 0.527223 0.038613 0.052339 -0.847234
1678842873046 0.022677 -0.010508 -0.529634 0.530947 0.035951 0.055284 -0.844835
1678842873077 0.020435 -0.015104 -0.551583 0.535190 0.032244 0.057000 -0.842189
1678842873136 0.018685 -0.019434 -0.573488 0.539516 0.028708 0.058646 -0.839440
1678842873179 0.015464 -0.029224 -0.620408 0.545341 0.020575 0.061635 -0.835692
1678842873247 0.013890 -0.039418 -0.672096 0.548113 0.014104 0.061903 -0.833991
1678842873289 0.013533 -0.043979 -0.698856 0.547909 0.012033 0.061665 -0.834175
1678842873331 0.014427 -0.048507 -0.721739 0.548488 0.010131 0.060353 -0.833916
1678842873388 0.015295 -0.058071 -0.780453 0.556099 0.002221 0.056461 -0.829193
1678842873449 0.016071 -0.065506 -0.839364 0.569494 -0.008967 0.047738 -0.820559
1678842873492 0.015462 -0.064201 -0.869694 0.575870 -0.019845 0.041945 -0.816223
1678842873536 0.014201 -0.061509 -0.898001 0.575835 -0.026174 0.035963 -0.816355
1678842873595 0.006144 -0.046720 -0.954507 0.559018 -0.033840 0.022787 -0.828151
1678842873643 -0.012582 -0.038430 -1.007611 0.561543 -0.060885 -0.001340 -0.825203
1678842873699 -0.025515 -0.036837 -1.037889 0.562536 -0.075987 -0.017258 -0.823092
1678842873749 -0.038736 -0.036189 -1.070686 0.558406 -0.093308 -0.029989 -0.823758
1678842873811 -0.069177 -0.037309 -1.135230 0.547875 -0.119605 -0.053196 -0.826255
1678842873839 -0.103630 -0.041466 -1.196756 0.537472 -0.146803 -0.068686 -0.827559
1678842873888 -0.122031 -0.043443 -1.227760 0.531981 -0.157352 -0.076144 -0.828516
1678842873930 -0.140578 -0.045292 -1.258420 0.527807 -0.163781 -0.083054 -0.829275
1678842873988 -0.177458 -0.049023 -1.321082 0.524306 -0.172821 -0.089626 -0.828978
1678842874040 -0.214956 -0.048133 -1.382403 0.536560 -0.183715 -0.093000 -0.818354
1678842874081 -0.232307 -0.043901 -1.412572 0.537815 -0.185647 -0.092021 -0.817204
1678842874134 -0.249779 -0.037117 -1.444513 0.534745 -0.183028 -0.091642 -0.819848
1678842874195 -0.277863 -0.031789 -1.505602 0.540178 -0.183145 -0.075351 -0.817917
1678842874247 -0.302379 -0.027980 -1.563055 0.543612 -0.184250 -0.058329 -0.816783
1678842874291 -0.314663 -0.026283 -1.591353 0.541836 -0.183909 -0.054618 -0.818296
1678842874339 -0.342888 -0.025039 -1.653425 0.538172 -0.185604 -0.054550 -0.820333
1678842874384 -0.356734 -0.028758 -1.684374 0.539117 -0.189679 -0.056903 -0.818619
1678842874442 -0.371856 -0.035165 -1.718928 0.539338 -0.192875 -0.060917 -0.817437
1678842874479 -0.401374 -0.045462 -1.784741 0.535698 -0.204779 -0.062901 -0.816784
1678842874537 -0.419166 -0.049603 -1.822322 0.534460 -0.212609 -0.065853 -0.815361
1678842874609 -0.468334 -0.053397 -1.923477 0.532385 -0.237054 -0.078241 -0.808857
1678842874635 -0.487467 -0.053078 -1.957046 0.540089 -0.256951 -0.089405 -0.796421
1678842874671 -0.505968 -0.048751 -1.987957 0.542684 -0.266185 -0.104659 -0.789738
1678842874730 -0.523337 -0.043569 -2.015805 0.535269 -0.271954 -0.115438 -0.791329
1678842874777 -0.559718 -0.035149 -2.070559 0.536164 -0.293115 -0.130555 -0.780748
1678842874845 -0.597588 -0.033694 -2.124522 0.530518 -0.307135 -0.145825 -0.776501
1678842874882 -0.617184 -0.034545 -2.150244 0.527527 -0.313712 -0.153494 -0.774429
1678842874924 -0.634599 -0.036116 -2.175514 0.522635 -0.317544 -0.162456 -0.774356
1678842875002 -0.698595 -0.054101 -2.259454 0.516273 -0.324320 -0.179231 -0.772111
1678842875055 -0.719014 -0.062370 -2.285946 0.516069 -0.323073 -0.183353 -0.771802
1678842875109 -0.742269 -0.069923 -2.316481 0.519079 -0.322597 -0.184619 -0.769678
1678842875150 -0.790071 -0.077843 -2.377618 0.522891 -0.310896 -0.188280 -0.771025
1678842875214 -0.811374 -0.081204 -2.401296 0.527420 -0.308768 -0.188801 -0.768664
1678842875246 -0.858537 -0.075048 -2.463424 0.536352 -0.301552 -0.186307 -0.765952
1678842875303 -0.898380 -0.066377 -2.521425 0.538616 -0.294074 -0.164600 -0.772218
1678842875351 -0.917980 -0.064606 -2.552696 0.545927 -0.291274 -0.152478 -0.770632
1678842875392 -0.937821 -0.061752 -2.582458 0.544967 -0.287803 -0.144520 -0.774141
1678842875447 -0.979569 -0.060195 -2.642459 0.539415 -0.286764 -0.127558 -0.781362
1678842875515 -1.023150 -0.063737 -2.703604 0.535199 -0.288306 -0.123160 -0.784393
1678842875549 -1.044866 -0.068582 -2.734440 0.534089 -0.289780 -0.123680 -0.784525
1678842875603 -1.066449 -0.074143 -2.765816 0.533664 -0.292614 -0.122966 -0.783874
1678842875657 -1.109968 -0.081814 -2.829309 0.534198 -0.301050 -0.124702 -0.780033
1678842875699 -1.130851 -0.083329 -2.860002 0.532062 -0.303620 -0.127174 -0.780098
1678842875748 -1.177656 -0.084723 -2.922791 0.539593 -0.318933 -0.137514 -0.766950
1678842875809 -1.200613 -0.080753 -2.951231 0.541310 -0.322973 -0.149246 -0.761838
1678842875853 -1.220666 -0.074644 -2.977512 0.534495 -0.325205 -0.157810 -0.763971
1678842875903 -1.266155 -0.067772 -3.031111 0.534293 -0.335639 -0.168386 -0.757313
1678842875953 -1.308406 -0.064137 -3.082861 0.529983 -0.343078 -0.179153 -0.754533
1678842875993 -1.331122 -0.064597 -3.109439 0.526670 -0.345619 -0.182695 -0.754843
1678842876053 -1.377097 -0.069921 -3.162838 0.517625 -0.347624 -0.190628 -0.758210
1678842876089 -1.402468 -0.075364 -3.192001 0.514537 -0.351265 -0.190364 -0.758700
1678842876140 -1.425063 -0.080703 -3.220305 0.512597 -0.352811 -0.191199 -0.759086
1678842876189 -1.477924 -0.091962 -3.281891 0.513577 -0.344638 -0.195353 -0.761118
1678842876236 -1.500528 -0.094006 -3.311569 0.514408 -0.339532 -0.188969 -0.764456
1678842876278 -1.548092 -0.096305 -3.377778 0.524946 -0.326007 -0.173051 -0.766945
1678842876347 -1.587029 -0.092151 -3.432245 0.531053 -0.306187 -0.160295 -0.773652
1678842876387 -1.606865 -0.089572 -3.465747 0.537499 -0.299143 -0.150708 -0.773883
1678842876438 -1.627412 -0.087805 -3.499291 0.547073 -0.292528 -0.143445 -0.771078
1678842876490 -1.662555 -0.081928 -3.563201 0.546151 -0.277882 -0.126837 -0.780008
1678842876545 -1.692739 -0.083391 -3.620099 0.543254 -0.269505 -0.110760 -0.787385
1678842876583 -1.709902 -0.087218 -3.653262 0.543312 -0.266671 -0.107710 -0.788732
1678842876628 -1.732209 -0.091161 -3.693316 0.542570 -0.264839 -0.104642 -0.790271
1678842876703 -1.765590 -0.100875 -3.761514 0.538307 -0.264904 -0.100630 -0.793678
1678842876742 -1.796412 -0.107320 -3.823418 0.537016 -0.270048 -0.105059 -0.792244
1678842876795 -1.813178 -0.108721 -3.856239 0.538436 -0.273398 -0.107840 -0.789754
1678842876828 -1.830037 -0.106638 -3.888931 0.546385 -0.282093 -0.112710 -0.780502
1678842876903 -1.881225 -0.089157 -3.977398 0.542273 -0.286328 -0.132229 -0.778763
1678842876943 -1.898020 -0.084796 -4.005656 0.543606 -0.290536 -0.135351 -0.775733
1678842876979 -1.916529 -0.082066 -4.033238 0.544976 -0.293807 -0.144944 -0.771796
1678842877047 -1.952526 -0.075467 -4.092198 0.540706 -0.304314 -0.157010 -0.768360
1678842877080 -1.970133 -0.076010 -4.118020 0.536825 -0.306429 -0.160473 -0.769525
1678842877117 -1.982800 -0.077611 -4.137840 0.533692 -0.307005 -0.163387 -0.770860
1678842877186 -2.020271 -0.088324 -4.192407 0.531897 -0.311192 -0.160044 -0.771123
1678842877240 -2.038612 -0.092918 -4.217501 0.531870 -0.311083 -0.160003 -0.771195
1678842877277 -2.081059 -0.103083 -4.275134 0.534638 -0.306837 -0.158995 -0.771190
1678842877315 -2.102844 -0.104786 -4.303612 0.533532 -0.300700 -0.160211 -0.774116
1678842877370 -2.121315 -0.107281 -4.325521 0.532886 -0.294887 -0.162025 -0.776416
1678842877418 -2.164021 -0.104786 -4.383279 0.542918 -0.290297 -0.154458 -0.772729
1678842877467 -2.204951 -0.100569 -4.436403 0.534966 -0.276940 -0.143577 -0.785176
1678842877548 -2.243095 -0.101175 -4.491754 0.553548 -0.275313 -0.125278 -0.775946
1678842877582 -2.258385 -0.098292 -4.512650 0.547185 -0.275175 -0.118468 -0.781558
1678842877632 -2.295153 -0.097142 -4.559704 0.540263 -0.278030 -0.105683 -0.787176
1678842877690 -2.315302 -0.099215 -4.583374 0.538923 -0.278076 -0.108194 -0.787737
1678842877742 -2.361200 -0.109671 -4.628357 0.539319 -0.283909 -0.116214 -0.784235
1678842877790 -2.382338 -0.114562 -4.652201 0.537781 -0.286487 -0.120624 -0.783688
1678842877842 -2.423663 -0.124963 -4.700696 0.538477 -0.294480 -0.123990 -0.779712
1678842877895 -2.442055 -0.126074 -4.726429 0.536918 -0.296243 -0.125140 -0.779935
1678842877984 -2.503694 -0.124381 -4.801818 0.552673 -0.314722 -0.141097 -0.758679
1678842878017 -2.522970 -0.118108 -4.823447 0.544249 -0.311020 -0.146830 -0.765180
1678842878070 -2.547600 -0.116435 -4.849187 0.542216 -0.314017 -0.146663 -0.765431
1678842878113 -2.591935 -0.115355 -4.894332 0.550432 -0.322879 -0.157416 -0.753654
1678842878169 -2.641458 -0.110469 -4.937288 0.542383 -0.332487 -0.170934 -0.752366
1678842878224 -2.666480 -0.110376 -4.958004 0.536566 -0.335461 -0.177032 -0.753805
1678842878276 -2.722145 -0.116817 -5.007516 0.529568 -0.343062 -0.181240 -0.754333
1678842878336 -2.750336 -0.120912 -5.029025 0.526135 -0.346781 -0.183646 -0.754453
1678842878433 -2.837180 -0.128021 -5.102797 0.520944 -0.345938 -0.184878 -0.758132
1678842878447 -2.866096 -0.126743 -5.130035 0.528912 -0.351516 -0.179791 -0.751242
1678842878481 -2.893661 -0.124903 -5.151933 0.535412 -0.352349 -0.180343 -0.746097
1678842878546 -2.939963 -0.112031 -5.187486 0.523636 -0.337734 -0.176576 -0.761946
1678842878592 -2.962950 -0.109101 -5.208529 0.525518 -0.334292 -0.169893 -0.763686
1678842878647 -3.011682 -0.108509 -5.254343 0.543164 -0.334068 -0.155210 -0.754507
1678842878679 -3.033806 -0.105914 -5.274179 0.541619 -0.332147 -0.156420 -0.756214
1678842878737 -3.080399 -0.103044 -5.312993 0.531314 -0.330066 -0.157215 -0.764229
1678842878770 -3.103355 -0.106333 -5.332672 0.529916 -0.332756 -0.161688 -0.763098
1678842878817 -3.126669 -0.112417 -5.352809 0.530770 -0.334818 -0.167302 -0.760388
1678842878865 -3.184675 -0.125524 -5.403413 0.523633 -0.345140 -0.171888 -0.759698
1678842878943 -3.209465 -0.134796 -5.423868 0.518279 -0.352166 -0.174781 -0.759485
1678842878958 -3.238693 -0.145783 -5.447891 0.514679 -0.361364 -0.177840 -0.756898
1678842879030 -3.290666 -0.161717 -5.489330 0.516972 -0.381767 -0.194927 -0.740944
1678842879066 -3.332568 -0.159279 -5.514075 0.499721 -0.402606 -0.207129 -0.738434
1678842879103 -3.356846 -0.152973 -5.527840 0.488966 -0.401913 -0.214408 -0.743914
1678842879163 -3.375776 -0.145645 -5.533089 0.490447 -0.407956 -0.213993 -0.739757
1678842879208 -3.429394 -0.140497 -5.554898 0.488578 -0.421291 -0.220137 -0.731673
1678842879265 -3.449562 -0.138507 -5.555423 0.485153 -0.427153 -0.227844 -0.728185
1678842879309 -3.505405 -0.141137 -5.568620 0.478503 -0.432098 -0.241675 -0.725203
1678842879370 -3.536276 -0.147011 -5.580307 0.475253 -0.436472 -0.241733 -0.724701
1678842879410 -3.598355 -0.161282 -5.594174 0.473125 -0.442394 -0.245374 -0.721271
1678842879470 -3.668499 -0.177538 -5.611295 0.471310 -0.448414 -0.253798 -0.715806
1678842879517 -3.702747 -0.181510 -5.618620 0.467571 -0.447018 -0.257656 -0.717750
1678842879550 -3.737104 -0.184040 -5.626347 0.468700 -0.453911 -0.255740 -0.713360
1678842879616 -3.804270 -0.184505 -5.644066 0.467012 -0.461363 -0.245612 -0.713245
1678842879660 -3.834450 -0.180978 -5.654154 0.473017 -0.461624 -0.238324 -0.711590
1678842879731 -3.889640 -0.177818 -5.673687 0.484409 -0.456910 -0.226595 -0.710799
1678842879744 -3.917323 -0.176556 -5.682648 0.485251 -0.454650 -0.222689 -0.712906
1678842879780 -3.952617 -0.174414 -5.694118 0.487214 -0.455000 -0.218806 -0.712545
1678842879869 -4.021487 -0.175919 -5.716653 0.486647 -0.457840 -0.226191 -0.708798
1678842879883 -4.052299 -0.177875 -5.726255 0.484115 -0.459623 -0.230239 -0.708074
1678842879943 -4.082935 -0.180210 -5.736396 0.481580 -0.464336 -0.231741 -0.706236
1678842879981 -4.142704 -0.185796 -5.759323 0.477254 -0.467250 -0.232300 -0.707066
1678842880044 -4.205639 -0.192065 -5.783677 0.481349 -0.473775 -0.228680 -0.701104
1678842880078 -4.234985 -0.192547 -5.795775 0.483317 -0.476264 -0.225584 -0.699063
1678842880115 -4.264390 -0.192708 -5.808062 0.487595 -0.478849 -0.224341 -0.694713
1678842880172 -4.329866 -0.190689 -5.834927 0.506396 -0.481396 -0.229040 -0.677762
1678842880232 -4.356702 -0.185578 -5.847323 0.501619 -0.480273 -0.225367 -0.683320
1678842880270 -4.383710 -0.181775 -5.860806 0.499490 -0.481184 -0.221410 -0.685528
1678842880310 -4.437232 -0.177035 -5.892702 0.504786 -0.475423 -0.228137 -0.683460
1678842880355 -4.470080 -0.177001 -5.910841 0.501907 -0.473866 -0.228195 -0.686635
1678842880419 -4.519188 -0.175911 -5.946297 0.498798 -0.466828 -0.225817 -0.694463
1678842880444 -4.543088 -0.176650 -5.965651 0.497524 -0.461046 -0.221512 -0.700599
1678842880494 -4.568430 -0.179396 -5.987036 0.497888 -0.458380 -0.212896 -0.704748
1678842880556 -4.610729 -0.184902 -6.028038 0.500773 -0.442170 -0.198505 -0.717152
1678842880591 -4.634540 -0.187673 -6.050974 0.503589 -0.430383 -0.191549 -0.724208
1678842880636 -4.680332 -0.191766 -6.098619 0.506675 -0.403618 -0.171381 -0.742294
1678842880690 -4.699729 -0.193069 -6.121972 0.506855 -0.383275 -0.162071 -0.754938
1678842880743 -4.735819 -0.196800 -6.170774 0.523163 -0.352089 -0.140790 -0.763225
1678842880785 -4.760053 -0.198156 -6.204683 0.527442 -0.323000 -0.130823 -0.774830
1678842880840 -4.773244 -0.196245 -6.231525 0.528309 -0.302418 -0.114749 -0.785026
1678842880870 -4.793285 -0.198823 -6.283582 0.546982 -0.269045 -0.083216 -0.788353
1678842880935 -4.800151 -0.196801 -6.310316 0.549579 -0.250973 -0.069826 -0.793788
1678842880967 -4.802382 -0.189571 -6.360174 0.545348 -0.216313 -0.035111 -0.809056
1678842881032 -4.804859 -0.189711 -6.386634 0.544729 -0.198024 -0.025438 -0.814500
1678842881078 -4.807627 -0.195788 -6.441048 0.542781 -0.168549 -0.004079 -0.822778
1678842881147 -4.801778 -0.203131 -6.496108 0.542166 -0.150814 0.013475 -0.826517
1678842881166 -4.800959 -0.207296 -6.524595 0.543598 -0.144077 0.018834 -0.826673
1678842881202 -4.799037 -0.209874 -6.552507 0.544268 -0.136706 0.023289 -0.827370
1678842881262 -4.798902 -0.209939 -6.583388 0.544640 -0.129259 0.027078 -0.828207
1678842881306 -4.790396 -0.207584 -6.637011 0.554208 -0.108355 0.026954 -0.824855
1678842881372 -4.786130 -0.213055 -6.657861 0.547753 -0.093237 0.031757 -0.830822
1678842881412 -4.771533 -0.212329 -6.708072 0.548041 -0.072537 0.050253 -0.831784
1678842881469 -4.755647 -0.201330 -6.761688 0.547364 -0.049369 0.063027 -0.833056
1678842881509 -4.745763 -0.196271 -6.783175 0.542354 -0.032118 0.067801 -0.836794
1678842881544 -4.736407 -0.191857 -6.804774 0.536206 -0.012250 0.072393 -0.840888
1678842881607 -4.724749 -0.189360 -6.825285 0.532480 0.007005 0.078602 -0.842756
1678842881648 -4.697274 -0.189707 -6.866444 0.531079 0.040070 0.096269 -0.840881
1678842881692 -4.683239 -0.191864 -6.887071 0.529658 0.057992 0.105307 -0.839648
1678842881734 -4.668537 -0.194362 -6.906746 0.526780 0.076547 0.115945 -0.838570
1678842881837 -4.637330 -0.195596 -6.944246 0.518313 0.119762 0.140310 -0.835058
1678842881860 -4.606963 -0.196947 -6.977302 0.511309 0.161907 0.163057 -0.828107
1678842881897 -4.575801 -0.195363 -7.004748 0.506452 0.194614 0.197485 -0.816475
1678842881947 -4.562036 -0.191378 -7.016898 0.493139 0.214948 0.207506 -0.817039
1678842881995 -4.547356 -0.188165 -7.028519 0.486428 0.231063 0.220119 -0.813354
1678842882047 -4.532522 -0.186278 -7.038836 0.484491 0.249994 0.232496 -0.805430
1678842882090 -4.503563 -0.182723 -7.053649 0.464735 0.282855 0.251097 -0.800602
1678842882144 -4.474433 -0.185633 -7.070618 0.462609 0.303807 0.261386 -0.790805
1678842882186 -4.463278 -0.190946 -7.071005 0.463096 0.311748 0.261101 -0.787516
1678842882223 -4.448123 -0.193479 -7.078224 0.465270 0.318891 0.261661 -0.783176
1678842882271 -4.416013 -0.201915 -7.088359 0.470549 0.328723 0.265825 -0.774508
1678842882330 -4.398236 -0.205392 -7.094530 0.472976 0.331673 0.267982 -0.771021
1678842882378 -4.382707 -0.208110 -7.100617 0.473913 0.334612 0.270710 -0.768217
1678842882401 -4.342515 -0.212974 -7.111220 0.468344 0.341608 0.276062 -0.766647
1678842882474 -4.300032 -0.215564 -7.119606 0.462351 0.344716 0.282776 -0.766446
1678842882520 -4.275390 -0.217327 -7.124888 0.458156 0.347571 0.283751 -0.767316
1678842882573 -4.250998 -0.220463 -7.131257 0.462397 0.347634 0.283321 -0.764898
1678842882612 -4.197008 -0.222602 -7.141459 0.480233 0.344770 0.279738 -0.756477
1678842882677 -4.171406 -0.221502 -7.148895 0.479861 0.351571 0.275973 -0.754964
1678842882707 -4.118737 -0.219732 -7.152242 0.482705 0.358234 0.278633 -0.749018
1678842882758 -4.093900 -0.217660 -7.153869 0.479070 0.359881 0.282887 -0.748968
1678842882802 -4.049811 -0.208047 -7.156738 0.473604 0.362135 0.283613 -0.751080
1678842882874 -4.012197 -0.194793 -7.158261 0.458900 0.377293 0.284532 -0.752398
1678842882908 -3.994140 -0.192998 -7.160719 0.455511 0.379395 0.289387 -0.751548
1678842882967 -3.973363 -0.192891 -7.167788 0.455622 0.379396 0.295388 -0.749141
1678842883015 -3.936461 -0.194861 -7.178224 0.451917 0.382403 0.302326 -0.747086
1678842883058 -3.916365 -0.195753 -7.183839 0.449936 0.384567 0.305722 -0.745788
1678842883089 -3.897131 -0.198193 -7.191206 0.448767 0.386588 0.308210 -0.744422
1678842883146 -3.852597 -0.202272 -7.210198 0.445129 0.391186 0.310733 -0.743154
1678842883182 -3.831192 -0.206787 -7.221324 0.445649 0.392443 0.311598 -0.741817
1678842883242 -3.785918 -0.217072 -7.246480 0.446212 0.399059 0.312843 -0.737411
1678842883287 -3.758488 -0.221341 -7.261764 0.444874 0.403307 0.314183 -0.735336
1678842883324 -3.733146 -0.226645 -7.276167 0.445163 0.408556 0.315988 -0.731481
1678842883368 -3.677852 -0.235015 -7.308847 0.442754 0.422224 0.317319 -0.724572
1678842883411 -3.651095 -0.237914 -7.324309 0.437209 0.430029 0.319858 -0.722229
1678842883466 -3.593087 -0.241351 -7.360746 0.436146 0.426056 0.344513 -0.713837
1678842883536 -3.569498 -0.235611 -7.376041 0.430312 0.432609 0.346231 -0.712605
1678842883570 -3.525445 -0.223738 -7.401347 0.415333 0.443405 0.356185 -0.709945
1678842883611 -3.504021 -0.219771 -7.411435 0.411724 0.447675 0.366263 -0.704217
1678842883660 -3.484398 -0.215310 -7.418777 0.405542 0.452192 0.371314 -0.702271
1678842883734 -3.447013 -0.207080 -7.431964 0.394757 0.462881 0.380664 -0.696422
1678842883758 -3.429723 -0.203333 -7.437819 0.392129 0.470295 0.382444 -0.691950
1678842883817 -3.396306 -0.202337 -7.443552 0.388749 0.477104 0.390627 -0.684585
1678842883872 -3.379405 -0.202393 -7.445899 0.388353 0.481696 0.392193 -0.680687
1678842883912 -3.347730 -0.202626 -7.447614 0.387425 0.490535 0.393378 -0.674188
1678842883943 -3.331095 -0.203883 -7.447350 0.387089 0.492769 0.395580 -0.671459
1678842884000 -3.315114 -0.206727 -7.444389 0.385392 0.496163 0.397498 -0.668798
1678842884083 -3.279956 -0.209402 -7.438468 0.380562 0.504544 0.399923 -0.663830
1678842884104 -3.259870 -0.211645 -7.434481 0.379201 0.507898 0.401965 -0.660811
1678842884155 -3.216318 -0.216013 -7.422381 0.375074 0.513599 0.407003 -0.655655
1678842884206 -3.167181 -0.222284 -7.407612 0.370431 0.520381 0.409729 -0.651235
1678842884244 -3.140566 -0.224739 -7.398579 0.369578 0.522183 0.409398 -0.650484
1678842884291 -3.112851 -0.227269 -7.389369 0.372847 0.523406 0.407573 -0.648780
1678842884336 -3.055462 -0.231728 -7.368457 0.389059 0.533105 0.400210 -0.635818
1678842884391 -3.025270 -0.234948 -7.357733 0.393321 0.527817 0.400403 -0.637482
1678842884439 -2.995533 -0.237545 -7.346832 0.394386 0.523097 0.403172 -0.638970
1678842884486 -2.941246 -0.238336 -7.327426 0.398767 0.523336 0.405685 -0.634448
1678842884549 -2.895178 -0.230176 -7.311599 0.385554 0.525513 0.406039 -0.640560
1678842884573 -2.874691 -0.224273 -7.306275 0.381790 0.527112 0.401461 -0.644373
1678842884639 -2.837692 -0.217349 -7.299988 0.381928 0.525895 0.397654 -0.647640
1678842884687 -2.820002 -0.214276 -7.297133 0.378746 0.527238 0.397049 -0.648786
1678842884738 -2.802807 -0.212579 -7.294527 0.373357 0.526389 0.399819 -0.650895
1678842884777 -2.767026 -0.212555 -7.291879 0.366222 0.523936 0.410230 -0.650449
1678842884836 -2.749230 -0.211703 -7.292132 0.362592 0.525962 0.412026 -0.649712
1678842884874 -2.712688 -0.211036 -7.296834 0.357248 0.531797 0.412843 -0.647400
1678842884916 -2.691841 -0.212788 -7.300254 0.356909 0.533280 0.413876 -0.645705
1678842884973 -2.668798 -0.214338 -7.304183 0.358654 0.535701 0.414385 -0.642399
1678842885008 -2.621618 -0.219101 -7.315873 0.355268 0.543152 0.412229 -0.639405
1678842885075 -2.567130 -0.224404 -7.330398 0.347784 0.553923 0.411491 -0.634737
1678842885117 -2.539869 -0.227429 -7.339363 0.341159 0.557086 0.413356 -0.634352
1678842885166 -2.512542 -0.229029 -7.348416 0.336475 0.564901 0.414233 -0.629351
1678842885213 -2.460503 -0.233750 -7.363725 0.321354 0.567340 0.435814 -0.620421
1678842885251 -2.437843 -0.231044 -7.371336 0.312437 0.570778 0.445237 -0.615110
1678842885314 -2.396609 -0.221361 -7.385216 0.298664 0.586667 0.451826 -0.602059
1678842885356 -2.377258 -0.219926 -7.389107 0.291953 0.586958 0.461038 -0.598070
1678842885411 -2.337388 -0.211711 -7.393864 0.287164 0.598732 0.463275 -0.586885
1678842885457 -2.316314 -0.207845 -7.394079 0.284243 0.602991 0.465611 -0.582077
1678842885538 -2.259313 -0.202811 -7.379304 0.281470 0.620295 0.467529 -0.563405
1678842885567 -2.241619 -0.202621 -7.368922 0.275682 0.629041 0.469690 -0.554706
1678842885601 -2.224032 -0.203543 -7.356360 0.268552 0.636724 0.473261 -0.546339
1678842885640 -2.206555 -0.205519 -7.341779 0.259875 0.644426 0.477834 -0.537452
1678842885706 -2.175007 -0.214609 -7.305375 0.242236 0.658054 0.488563 -0.519223
1678842885746 -2.157810 -0.219775 -7.285213 0.230551 0.664365 0.495561 -0.509789
1678842885802 -2.140263 -0.225633 -7.261948 0.218033 0.669898 0.501960 -0.501732
1678842885848 -2.104847 -0.233457 -7.211297 0.196592 0.679865 0.514838 -0.483814
1678842885886 -2.088169 -0.234753 -7.181947 0.186121 0.685694 0.519971 -0.474146
1678842885940 -2.055523 -0.235570 -7.117999 0.177259 0.692533 0.534726 -0.450606
1678842885982 -2.043684 -0.231223 -7.084394 0.169925 0.701819 0.538277 -0.434550
1678842886016 -2.035300 -0.225703 -7.050073 0.154126 0.716682 0.537552 -0.416714
1678842886076 -2.024777 -0.218375 -6.981747 0.116314 0.740237 0.542046 -0.380403
1678842886128 -2.020587 -0.215273 -6.949131 0.101976 0.748175 0.545311 -0.363966
1678842886160 -2.018306 -0.212053 -6.918552 0.089786 0.758314 0.543443 -0.348667
1678842886215 -2.015305 -0.205436 -6.859282 0.071303 0.777528 0.540974 -0.312592
1678842886267 -2.011611 -0.206833 -6.799717 0.048033 0.792252 0.541600 -0.276948
1678842886308 -2.011011 -0.208424 -6.770305 0.037374 0.799110 0.541674 -0.258100
1678842886350 -2.012699 -0.211252 -6.740167 0.027121 0.804452 0.542481 -0.240492
1678842886426 -2.012800 -0.214189 -6.678811 0.002362 0.817326 0.539810 -0.201440
1678842886477 -2.019252 -0.216575 -6.619229 -0.031515 0.833373 0.528697 -0.158039
1678842886515 -2.025304 -0.217436 -6.590375 -0.049615 0.841646 0.521903 -0.129564
1678842886567 -2.029363 -0.221936 -6.559982 -0.070367 0.841776 0.524506 -0.106558
1678842886618 -2.044954 -0.218884 -6.506719 0.098270 -0.846697 -0.520682 0.048353
1678842886674 -2.064874 -0.218742 -6.456897 0.137710 -0.844724 -0.517130 0.007274
1678842886728 -2.074333 -0.217691 -6.432694 0.144608 -0.841087 -0.521106 -0.010504
1678842886745 -2.084409 -0.214621 -6.411356 0.152745 -0.843192 -0.514574 -0.030150
1678842886820 -2.105048 -0.211052 -6.370622 0.167010 -0.847184 -0.500397 -0.063168
1678842886852 -2.115767 -0.212460 -6.349441 0.170752 -0.846136 -0.499173 -0.075654
1678842886937 -2.158392 -0.221874 -6.298014 0.184088 -0.843688 -0.493858 -0.102015
1678842886959 -2.172603 -0.225948 -6.276117 0.187070 -0.842555 -0.493515 -0.107470
1678842887012 -2.187720 -0.229193 -6.254174 0.189785 -0.841657 -0.492947 -0.112242
1678842887086 -2.215816 -0.234858 -6.195887 0.192436 -0.839921 -0.493271 -0.119101
1678842887115 -2.232712 -0.234610 -6.172957 0.192372 -0.839598 -0.492239 -0.125578
1678842887155 -2.257300 -0.231897 -6.157058 0.195774 -0.840171 -0.489509 -0.127146
1678842887219 -2.293032 -0.230457 -6.109743 0.196477 -0.835338 -0.496916 -0.129159
1678842887273 -2.331811 -0.217207 -6.060037 0.191601 -0.836149 -0.495904 -0.134995
1678842887319 -2.349477 -0.214857 -6.037889 0.191322 -0.837036 -0.494192 -0.136165
1678842887347 -2.361512 -0.211336 -6.025872 0.189792 -0.835729 -0.497330 -0.134904
1678842887404 -2.392757 -0.205997 -5.982355 0.182884 -0.838371 -0.495802 -0.133672
1678842887467 -2.398124 -0.200584 -5.980673 0.179117 -0.842301 -0.490229 -0.134613
1678842887507 -2.411898 -0.198609 -5.959338 0.175931 -0.844872 -0.486927 -0.134695
1678842887533 -2.439126 -0.198289 -5.915196 0.172658 -0.847502 -0.483107 -0.136154
1678842887584 -2.453207 -0.200761 -5.891166 0.172411 -0.849051 -0.480169 -0.137201
1678842887620 -2.466368 -0.201537 -5.868593 0.172500 -0.850095 -0.477511 -0.139879
1678842887676 -2.490933 -0.198510 -5.826731 0.171632 -0.855821 -0.464389 -0.149853
1678842887735 -2.503119 -0.198262 -5.802969 0.174696 -0.856567 -0.463567 -0.144497
1678842887783 -2.528255 -0.188010 -5.751684 0.165095 -0.853019 -0.472422 -0.148054
1678842887829 -2.549625 -0.181741 -5.709874 0.161801 -0.857563 -0.462733 -0.155836
1678842887877 -2.562605 -0.187086 -5.688709 0.172981 -0.853261 -0.468693 -0.149501
1678842887920 -2.574440 -0.189289 -5.668030 0.178246 -0.850469 -0.473784 -0.143037
1678842887972 -2.592986 -0.188185 -5.631151 0.168738 -0.854582 -0.468808 -0.146412
1678842888020 -2.602444 -0.188317 -5.611310 0.162722 -0.855358 -0.471226 -0.140816
1678842888067 -2.613445 -0.187837 -5.587151 0.154863 -0.854867 -0.475667 -0.137701
1678842888096 -2.632646 -0.192278 -5.544945 0.142781 -0.858160 -0.477683 -0.122450
1678842888169 -2.639534 -0.193405 -5.528780 0.135951 -0.858897 -0.481095 -0.111180
1678842888204 -2.661919 -0.200120 -5.482944 0.122628 -0.860822 -0.485435 -0.091112
1678842888247 -2.675251 -0.203460 -5.459739 0.119095 -0.861970 -0.486175 -0.080363
1678842888300 -2.686047 -0.208817 -5.441754 0.114505 -0.863114 -0.486633 -0.071494
1678842888349 -2.719470 -0.208252 -5.386466 0.100834 -0.863213 -0.492341 -0.047922
1678842888383 -2.735270 -0.210059 -5.362035 0.095361 -0.856295 -0.506525 -0.033124
1678842888451 -2.767783 -0.204167 -5.315070 0.076380 -0.851779 -0.517699 -0.025035
1678842888480 -2.783742 -0.199897 -5.296259 0.075245 -0.851079 -0.519110 -0.022946
1678842888516 -2.799483 -0.195594 -5.278088 0.076447 -0.850625 -0.519705 -0.022331
1678842888573 -2.828640 -0.189629 -5.243425 0.075961 -0.853238 -0.515370 -0.024675
1678842888629 -2.842416 -0.189283 -5.225346 0.078590 -0.850995 -0.518715 -0.023790
1678842888670 -2.873381 -0.190646 -5.185255 0.079949 -0.844575 -0.528384 -0.033347
1678842888720 -2.885897 -0.193230 -5.168316 0.083613 -0.840622 -0.534003 -0.034715
1678842888752 -2.897417 -0.195116 -5.152059 0.084393 -0.836892 -0.539343 -0.039982
1678842888803 -2.917885 -0.197131 -5.118104 0.085306 -0.831487 -0.546782 -0.048802
1678842888853 -2.925303 -0.197625 -5.101274 0.086887 -0.831118 -0.546822 -0.051752
1678842888894 -2.930058 -0.198361 -5.084754 0.089030 -0.830711 -0.546805 -0.054748
1678842888936 -2.936920 -0.202470 -5.043849 0.092345 -0.828242 -0.549629 -0.058268
1678842888987 -2.938576 -0.204455 -5.020113 0.095315 -0.825821 -0.552796 -0.057886
1678842889066 -2.933866 -0.202340 -4.972379 0.097862 -0.828035 -0.548902 -0.059061
1678842889084 -2.934232 -0.199381 -4.938253 0.096802 -0.832004 -0.542931 -0.060197
1678842889143 -2.920550 -0.189989 -4.878386 0.086232 -0.827957 -0.551559 -0.053225
1678842889187 -2.909731 -0.183701 -4.852252 0.076802 -0.823406 -0.559918 -0.050948
1678842889248 -2.898083 -0.175575 -4.828150 0.070853 -0.823260 -0.561322 -0.046271
1678842889276 -2.875874 -0.159255 -4.781222 0.064276 -0.827142 -0.556866 -0.040078
1678842889324 -2.863044 -0.153479 -4.760861 0.064324 -0.828188 -0.555902 -0.030654
1678842889379 -2.831768 -0.142944 -4.727901 0.051840 -0.828822 -0.557047 -0.008079
1678842889421 -2.814793 -0.137405 -4.710423 0.041068 -0.829380 -0.557154 0.004527
1678842889464 -2.778147 -0.129085 -4.680350 -0.020650 0.829976 0.556525 -0.031516
1678842889534 -2.759354 -0.126044 -4.665386 -0.010794 0.829730 0.556172 -0.045868
1678842889574 -2.718419 -0.124634 -4.638562 0.005242 0.828920 0.554318 -0.074810
1678842889606 -2.697589 -0.124283 -4.625545 0.012374 0.828615 0.552289 -0.090670
1678842889647 -2.677061 -0.124807 -4.612155 0.017723 0.826218 0.552788 -0.107122
1678842889699 -2.635717 -0.126735 -4.587704 0.029677 0.823138 0.549955 -0.138247
1678842889748 -2.615092 -0.128055 -4.576204 0.036814 0.820089 0.550096 -0.153275
1678842889784 -2.594743 -0.128872 -4.565593 0.044087 0.815634 0.552013 -0.167567
1678842889843 -2.574502 -0.130832 -4.554986 0.052828 0.810698 0.554317 -0.180861
1678842889883 -2.532961 -0.137726 -4.535861 0.070965 0.791135 0.569573 -0.211318
1678842889939 -2.492321 -0.136727 -4.522142 0.081705 0.788039 0.563401 -0.234304
1678842889985 -2.470923 -0.137807 -4.516647 0.087087 0.784844 0.560971 -0.248492
1678842890020 -2.447872 -0.139075 -4.509905 0.099222 0.779011 0.561602 -0.260576
1678842890082 -2.398382 -0.141852 -4.498361 0.128722 0.766343 0.562053 -0.283277
1678842890169 -2.350638 -0.144671 -4.489819 0.146213 0.762451 0.555945 -0.297011
1678842890190 -2.325960 -0.148206 -4.484859 0.149004 0.760714 0.553469 -0.304605
1678842890250 -2.272451 -0.157303 -4.474814 0.155805 0.755444 0.551840 -0.317021
1678842890307 -2.243938 -0.159942 -4.469840 0.159671 0.755471 0.549575 -0.318962
1678842890343 -2.184243 -0.166815 -4.461087 0.158653 0.753606 0.548107 -0.326322
1678842890408 -2.120955 -0.170252 -4.452253 0.158919 0.753808 0.546306 -0.328736
1678842890446 -2.088223 -0.170879 -4.447820 0.156639 0.749566 0.550375 -0.332720
1678842890489 -2.056831 -0.168909 -4.443902 0.156006 0.750933 0.551717 -0.327674
1678842890545 -2.000217 -0.163696 -4.435514 0.138274 0.757622 0.548377 -0.325842
1678842890595 -1.971196 -0.161068 -4.430782 0.131487 0.757391 0.549537 -0.327230
1678842890651 -1.914754 -0.154372 -4.420272 0.138835 0.759129 0.545203 -0.327416
1678842890699 -1.886407 -0.151456 -4.416009 0.141893 0.760466 0.541510 -0.329127
1678842890740 -1.830648 -0.150189 -4.402309 0.149135 0.762356 0.534311 -0.333293
1678842890788 -1.800523 -0.149894 -4.394908 0.152524 0.761531 0.532683 -0.336237
1678842890819 -1.771749 -0.150549 -4.388057 0.156067 0.760685 0.530344 -0.340201
1678842890881 -1.714673 -0.150314 -4.376341 0.159728 0.760103 0.524105 -0.349347
1678842890931 -1.687859 -0.149831 -4.373464 0.160415 0.761204 0.519440 -0.353578
1678842890968 -1.627044 -0.149512 -4.366065 0.157617 0.758438 0.513342 -0.369336
1678842891029 -1.594322 -0.149793 -4.364729 0.161791 0.748132 0.518026 -0.381800
1678842891071 -1.531902 -0.142928 -4.366573 0.179851 0.742375 0.509311 -0.396402
1678842891135 -1.502589 -0.139742 -4.368687 0.184592 0.735691 0.509438 -0.406395
1678842891170 -1.475508 -0.137581 -4.373090 0.192131 0.731117 0.508256 -0.412588
1678842891249 -1.399669 -0.124111 -4.391448 0.207506 0.730054 0.490080 -0.428701
1678842891274 -1.373320 -0.122484 -4.399360 0.213995 0.728597 0.484839 -0.433918
1678842891331 -1.347261 -0.122107 -4.408157 0.217711 0.727130 0.480593 -0.439220
1678842891368 -1.293641 -0.121313 -4.429267 0.224132 0.726309 0.473073 -0.445468
1678842891431 -1.268429 -0.121629 -4.441658 0.223415 0.728146 0.469923 -0.446163
1678842891478 -1.212379 -0.119163 -4.470855 0.219316 0.732736 0.465692 -0.445117
1678842891524 -1.185092 -0.120287 -4.487478 0.216360 0.735738 0.464876 -0.442457
1678842891574 -1.133877 -0.122810 -4.522605 0.198906 0.743859 0.465647 -0.436215
1678842891612 -1.108516 -0.125460 -4.539985 0.189349 0.742909 0.472950 -0.434225
1678842891665 -1.084825 -0.132181 -4.557625 0.182150 0.741149 0.479864 -0.432723
1678842891706 -1.039661 -0.131999 -4.591125 0.174403 0.737954 0.489376 -0.430719
1678842891757 -1.016326 -0.132185 -4.606455 0.175736 0.732183 0.494339 -0.434344
1678842891824 -0.977919 -0.127198 -4.634016 0.193803 0.727495 0.494707 -0.434116
1678842891866 -0.960984 -0.124397 -4.645852 0.197148 0.725915 0.491635 -0.438720
1678842891892 -0.928278 -0.122862 -4.664970 0.212668 0.721430 0.487935 -0.442980
1678842891952 -0.914320 -0.124156 -4.672431 0.217521 0.721872 0.483401 -0.444870
1678842892012 -0.885375 -0.126909 -4.684174 0.222208 0.714893 0.482239 -0.454970
1678842892037 -0.872534 -0.127720 -4.689094 0.222078 0.714615 0.478406 -0.459493
1678842892100 -0.848234 -0.131752 -4.696228 0.224086 0.691571 0.493248 -0.477726
1678842892144 -0.839307 -0.127991 -4.701081 0.227262 0.696356 0.486557 -0.476133
1678842892210 -0.825864 -0.122126 -4.707794 0.211612 0.702594 0.472533 -0.488155
1678842892255 -0.811995 -0.121981 -4.711068 0.216533 0.700243 0.476142 -0.485862
1678842892282 -0.802761 -0.120637 -4.712923 0.225966 0.698022 0.478751 -0.482185
1678842892316 -0.794872 -0.118016 -4.714536 0.234703 0.698575 0.478801 -0.477134
1678842892372 -0.784477 -0.111716 -4.715901 0.234516 0.713027 0.477740 -0.456464
1678842892411 -0.782597 -0.109008 -4.714360 0.224233 0.724493 0.475720 -0.445557
1678842892469 -0.780692 -0.107011 -4.706917 0.205348 0.742446 0.481240 -0.418348
1678842892504 -0.780182 -0.106146 -4.702839 0.196100 0.753678 0.482381 -0.401026
1678842892551 -0.780745 -0.106320 -4.698907 0.187341 0.761635 0.485471 -0.386176
1678842892612 -0.783429 -0.105282 -4.689943 0.168051 0.779994 0.489504 -0.351787
1678842892666 -0.789356 -0.102820 -4.686019 0.158241 0.787447 0.491991 -0.335905
1678842892698 -0.796259 -0.105400 -4.674241 0.142521 0.794373 0.504008 -0.307628
1678842892741 -0.801212 -0.104364 -4.664647 0.135073 0.796797 0.510077 -0.294434
1678842892806 -0.806643 -0.104426 -4.658134 0.129330 0.800484 0.513565 -0.280625
1678842892853 -0.820544 -0.102900 -4.644060 0.119283 0.808016 0.519135 -0.251755
1678842892915 -0.833985 -0.103559 -4.626733 0.105918 0.813787 0.522742 -0.230810
1678842892941 -0.841084 -0.104418 -4.617188 0.099266 0.815343 0.525427 -0.222009
1678842893009 -0.857421 -0.106986 -4.598526 0.088274 0.819353 0.527979 -0.205198
1678842893032 -0.857421 -0.106986 -4.598526 0.088274 0.819353 0.527979 -0.205198
1678842893092 -0.877764 -0.108888 -4.576734 0.077309 0.823114 0.531402 -0.184714
1678842893154 -0.903664 -0.111147 -4.550859 0.060965 0.828035 0.531565 -0.167570
1678842893185 -0.918759 -0.112930 -4.535932 0.051990 0.829305 0.532807 -0.160207
1678842893249 -0.952717 -0.116406 -4.503518 0.034897 0.832288 0.533578 -0.146196
1678842893292 -0.972194 -0.117670 -4.486372 0.028438 0.833700 0.533667 -0.139049
1678842893347 -1.014939 -0.120050 -4.446929 0.018513 0.837311 0.531655 -0.126139
1678842893394 -1.063386 -0.118951 -4.402840 0.013530 0.842673 0.526149 -0.113513
1678842893446 -1.089360 -0.118543 -4.379616 0.012938 0.839851 0.531973 -0.107183
1678842893478 -1.116238 -0.116227 -4.356297 0.014288 0.837904 0.536913 -0.097142
1678842893543 -1.169094 -0.107104 -4.313910 0.008924 0.843619 0.531126 -0.078310
1678842893584 -1.195331 -0.102803 -4.293542 0.003379 0.845883 0.528911 -0.068724
1678842893640 -1.242655 -0.095151 -4.252251 -0.008209 0.848109 0.527227 -0.051726
1678842893697 -1.282951 -0.087349 -4.211431 -0.012702 0.850544 0.524601 -0.034758
1678842893737 -1.300152 -0.082633 -4.190934 -0.012452 0.853983 0.519492 -0.026207
1678842893779 -1.316492 -0.078943 -4.168289 -0.015927 0.858094 0.512771 -0.022057
1678842893839 -1.342626 -0.071931 -4.121527 0.021021 -0.863892 -0.502982 0.016021
1678842893884 -1.357342 -0.068750 -4.095068 0.021959 -0.866575 -0.498362 0.014180
1678842893963 -1.378551 -0.063140 -4.043497 0.019444 -0.872827 -0.487492 0.012110
1678842893994 -1.398118 -0.065110 -4.010402 0.016302 -0.875715 -0.482461 0.009451
1678842894031 -1.408933 -0.066302 -3.982537 0.013960 -0.875184 -0.483442 0.011889
1678842894097 -1.433110 -0.070674 -3.926051 0.001687 0.866241 0.499594 -0.005531
1678842894121 -1.442391 -0.074980 -3.898970 0.008313 0.861720 0.507286 -0.005513
1678842894173 -1.459358 -0.084997 -3.847692 0.011937 0.854874 0.518339 -0.019283
1678842894218 -1.474496 -0.089377 -3.817118 0.019467 0.845273 0.533392 -0.025075
1678842894282 -1.481150 -0.096447 -3.793950 0.026282 0.831955 0.553182 -0.033899
1678842894336 -1.487720 -0.115691 -3.740327 0.038106 0.810901 0.580260 -0.065462
1678842894395 -1.490939 -0.115555 -3.720008 0.042849 0.807416 0.583818 -0.073490
1678842894431 -1.493455 -0.119045 -3.697975 0.048500 0.805509 0.584828 -0.082341
1678842894476 -1.500083 -0.126122 -3.650674 0.054663 0.801283 0.585126 -0.112182
1678842894519 -1.509729 -0.127259 -3.619157 0.058019 0.799453 0.585540 -0.121047
1678842894571 -1.522933 -0.133051 -3.562134 0.056571 0.803596 0.576726 -0.135725
1678842894637 -1.530650 -0.134681 -3.531394 0.056044 0.805687 0.572763 -0.140251
1678842894697 -1.549959 -0.135974 -3.468130 0.062141 0.810136 0.566530 -0.137339
1678842894736 -1.570080 -0.132243 -3.400004 0.055455 0.808238 0.567334 -0.147673
1678842894781 -1.578953 -0.126571 -3.367234 0.055533 0.810070 0.564718 -0.147633
1678842894811 -1.587397 -0.122385 -3.333187 0.057931 0.812361 0.561125 -0.147826
1678842894881 -1.597445 -0.112017 -3.271838 0.062959 0.811942 0.561316 -0.147349
1678842894941 -1.597361 -0.111426 -3.242865 0.060213 0.813928 0.557587 -0.151634
1678842894988 -1.596862 -0.107719 -3.182587 0.057401 0.816726 0.550332 -0.163699
1678842895022 -1.593985 -0.108393 -3.154756 0.060519 0.816587 0.549201 -0.167037
1678842895046 -1.589601 -0.109736 -3.123849 0.063281 0.817115 0.547050 -0.170452
1678842895105 -1.579212 -0.116612 -3.052973 0.064675 0.821125 0.539132 -0.175804
1678842895156 -1.572379 -0.120426 -3.019090 0.064103 0.823641 0.535528 -0.175260
1678842895198 -1.565106 -0.122420 -2.985064 0.061612 0.825570 0.533397 -0.173567
1678842895247 -1.552156 -0.126251 -2.911834 0.053620 0.830810 0.530306 -0.160174
1678842895314 -1.544591 -0.127092 -2.874870 0.043834 0.833233 0.528919 -0.155067
1678842895343 -1.535864 -0.122123 -2.801059 0.017420 0.838691 0.523553 -0.148949
1678842895400 -1.531987 -0.119952 -2.768950 0.011649 0.840181 0.524663 -0.136706
1678842895442 -1.527126 -0.117403 -2.700607 -0.005542 0.835596 0.536644 -0.117311
1678842895501 -1.523348 -0.111962 -2.635987 -0.024451 0.836826 0.537591 -0.100603
1678842895553 -1.521871 -0.111454 -2.604911 -0.032673 0.837665 0.536991 -0.094291
1678842895582 -1.520197 -0.110893 -2.575325 -0.037155 0.839430 0.535239 -0.086577
1678842895644 -1.515778 -0.117127 -2.510130 -0.045354 0.840891 0.533221 -0.080751
1678842895708 -1.510402 -0.123417 -2.440882 -0.049863 0.838447 0.536690 -0.080524
1678842895752 -1.508253 -0.126393 -2.405770 -0.051959 0.839795 0.534364 -0.080622
1678842895784 -1.505123 -0.127890 -2.370831 -0.054823 0.841677 0.530898 -0.081986
1678842895844 -1.501405 -0.129532 -2.297340 -0.056833 0.846127 0.523656 -0.081386
1678842895902 -1.501127 -0.126342 -2.224784 -0.054606 0.839532 0.533091 -0.089536
1678842895945 -1.500494 -0.121062 -2.190733 -0.049226 0.841255 0.531054 -0.088589
1678842895992 -1.499264 -0.116563 -2.156809 -0.047402 0.840924 0.531263 -0.091431
1678842896048 -1.493949 -0.112275 -2.089713 -0.044973 0.840430 0.532228 -0.091589
1678842896100 -1.491856 -0.109217 -2.055657 -0.043452 0.844427 0.526486 -0.088695
1678842896144 -1.491696 -0.104366 -1.992602 -0.039929 0.849513 0.519551 -0.082460
1678842896210 -1.492666 -0.107295 -1.925989 -0.040602 0.852165 0.516714 -0.071923
1678842896270 -1.495790 -0.113797 -1.856714 -0.046325 0.856050 0.511695 -0.056562
1678842896332 -1.497255 -0.120296 -1.813748 0.050999 -0.857377 -0.509903 0.047984
1678842896363 -1.501572 -0.123436 -1.778711 0.057727 -0.858589 -0.508078 0.036727
1678842896405 -1.513713 -0.131106 -1.708686 0.081606 -0.861548 -0.500906 0.012954
1678842896448 -1.523571 -0.133539 -1.675042 0.097235 -0.858155 -0.504094 -0.002174
1678842896486 -1.533855 -0.134706 -1.645406 0.107221 -0.857191 -0.503105 -0.024738
1678842896549 -1.565468 -0.132534 -1.591435 0.130604 -0.850503 -0.505098 -0.066800
1678842896610 -1.603577 -0.129864 -1.550447 0.159580 -0.839355 -0.507901 -0.109792
1678842896643 -1.626047 -0.128525 -1.533427 0.175745 -0.836695 -0.502038 -0.130435
1678842896683 -1.648678 -0.127608 -1.521109 0.189934 -0.833314 -0.496117 -0.152908
1678842896752 -1.700980 -0.130960 -1.495480 0.216565 -0.826653 -0.482566 -0.192026
1678842896806 -1.761030 -0.139409 -1.486132 0.243806 -0.817643 -0.472795 -0.220191
1678842896851 -1.791293 -0.142965 -1.477533 0.255950 -0.814081 -0.467557 -0.230548
1678842896889 -1.822032 -0.144214 -1.476018 0.265518 -0.810621 -0.463186 -0.240524
1678842896963 -1.886626 -0.146399 -1.461915 0.276396 -0.803414 -0.457065 -0.263101
1678842897016 -1.959375 -0.145036 -1.449839 0.285429 -0.797783 -0.451204 -0.280156
1678842897083 -2.035747 -0.143878 -1.441706 0.293592 -0.787193 -0.451095 -0.301072
1678842897112 -2.073151 -0.140895 -1.440318 0.297287 -0.782786 -0.447107 -0.314581
1678842897174 -2.147650 -0.137121 -1.439582 0.314811 -0.770317 -0.442564 -0.334130
1678842897211 -2.185386 -0.137077 -1.438613 0.322043 -0.764692 -0.437530 -0.346558
1678842897254 -2.220553 -0.135680 -1.439546 0.326103 -0.759971 -0.430032 -0.362179
1678842897313 -2.288549 -0.134039 -1.442140 0.333631 -0.748333 -0.417450 -0.392967
1678842897396 -2.360341 -0.138817 -1.442276 0.340322 -0.735200 -0.409958 -0.419042
1678842897439 -2.434060 -0.147780 -1.442259 0.345620 -0.721481 -0.401450 -0.445926
1678842897510 -2.509425 -0.158546 -1.442530 0.352810 -0.706725 -0.390565 -0.472784
1678842897552 -2.548218 -0.163182 -1.443200 0.358353 -0.701474 -0.380997 -0.484105
1678842897601 -2.620211 -0.170864 -1.446375 0.375800 -0.680921 -0.369578 -0.508461
1678842897662 -2.657327 -0.170901 -1.449492 0.388065 -0.669298 -0.364756 -0.518073
1678842897707 -2.732427 -0.168941 -1.456469 0.401215 -0.642656 -0.353673 -0.548576
1678842897761 -2.800231 -0.166650 -1.464864 0.426666 -0.619564 -0.337068 -0.566112
1678842897804 -2.838936 -0.160000 -1.471368 0.433188 -0.609359 -0.324763 -0.579275
1678842897861 -2.870311 -0.157038 -1.476616 0.439454 -0.603451 -0.309375 -0.589079
1678842897902 -2.941972 -0.147402 -1.493224 0.449069 -0.588952 -0.289277 -0.606457
1678842897939 -2.975082 -0.149885 -1.500067 0.452351 -0.583737 -0.281511 -0.612684
1678842898005 -3.046294 -0.157503 -1.515757 0.458634 -0.576347 -0.270715 -0.619832
1678842898044 -3.081708 -0.162625 -1.523289 0.462281 -0.574963 -0.267930 -0.619619
1678842898084 -3.112336 -0.167605 -1.530982 0.465044 -0.573738 -0.267956 -0.618675
1678842898143 -3.184453 -0.176487 -1.544117 0.468410 -0.570213 -0.273596 -0.616923
1678842898187 -3.220552 -0.173477 -1.550802 0.472324 -0.568669 -0.280700 -0.612155
1678842898237 -3.292843 -0.173280 -1.561857 0.475510 -0.561187 -0.302517 -0.606170
1678842898301 -3.358570 -0.172305 -1.562664 0.471146 -0.569010 -0.308804 -0.599073
1678842898354 -3.393101 -0.167690 -1.566374 0.469420 -0.571399 -0.313448 -0.595733
1678842898386 -3.427165 -0.162001 -1.569664 0.461656 -0.576390 -0.313815 -0.596799
1678842898435 -3.482104 -0.158584 -1.567456 0.447807 -0.586058 -0.312373 -0.598689
1678842898499 -3.518281 -0.157074 -1.570688 0.440725 -0.586283 -0.315371 -0.602141
1678842898538 -3.581524 -0.160927 -1.572886 0.425671 -0.591490 -0.315627 -0.607719
1678842898579 -3.620286 -0.162603 -1.577661 0.420150 -0.590779 -0.318117 -0.610946
1678842898616 -3.666931 -0.165023 -1.585402 0.416882 -0.588919 -0.317227 -0.615427
1678842898679 -3.744130 -0.170309 -1.601466 0.421986 -0.582509 -0.309898 -0.621751
1678842898727 -3.780467 -0.173892 -1.609464 0.426386 -0.572998 -0.305245 -0.629836
1678842898777 -3.852407 -0.170793 -1.630026 0.440294 -0.561846 -0.287693 -0.638516
1678842898815 -3.884858 -0.171645 -1.638826 0.444339 -0.552589 -0.279492 -0.647373
1678842898866 -3.951247 -0.171241 -1.662672 0.466794 -0.535980 -0.264172 -0.651952
1678842898930 -3.983598 -0.170330 -1.674606 0.477579 -0.525718 -0.259463 -0.654383
1678842898972 -4.045309 -0.169818 -1.699159 0.489661 -0.513673 -0.244920 -0.660596
1678842899013 -4.068481 -0.170100 -1.712749 0.494464 -0.507657 -0.236447 -0.664742
1678842899066 -4.129704 -0.175843 -1.741795 0.502053 -0.499691 -0.221449 -0.670233
1678842899115 -4.168640 -0.174066 -1.760522 0.505122 -0.495903 -0.216142 -0.672469
1678842899151 -4.199739 -0.178097 -1.776839 0.508217 -0.493741 -0.212162 -0.672995
1678842899215 -4.261035 -0.183595 -1.811641 0.509973 -0.492373 -0.206783 -0.674342
1678842899255 -4.314892 -0.175393 -1.834672 0.510521 -0.493786 -0.206508 -0.672977
1678842899325 -4.380514 -0.180530 -1.870035 0.515428 -0.494629 -0.219174 -0.664559
1678842899352 -4.411694 -0.175027 -1.887646 0.511986 -0.491049 -0.229919 -0.666242
1678842899399 -4.441247 -0.169284 -1.906008 0.507922 -0.490161 -0.229713 -0.670066
1678842899442 -4.504126 -0.168268 -1.945275 0.509511 -0.493243 -0.223213 -0.668794
1678842899511 -4.564968 -0.165827 -1.982557 0.505803 -0.497232 -0.229556 -0.666505
1678842899548 -4.593062 -0.162671 -2.001460 0.500053 -0.496652 -0.229838 -0.671162
1678842899599 -4.651857 -0.162687 -2.040441 0.491415 -0.497048 -0.229858 -0.677215
1678842899643 -4.681578 -0.164796 -2.060629 0.488903 -0.496653 -0.228630 -0.679734
1678842899679 -4.711788 -0.167630 -2.081896 0.486703 -0.496044 -0.224995 -0.682963
1678842899734 -4.776615 -0.179319 -2.128499 0.483277 -0.491312 -0.214198 -0.692225
1678842899791 -4.807732 -0.180018 -2.152540 0.480128 -0.488405 -0.207579 -0.698462
1678842899838 -4.879600 -0.182694 -2.202851 0.468141 -0.484201 -0.188920 -0.714635
1678842899886 -4.911548 -0.181640 -2.229504 0.471094 -0.477654 -0.187187 -0.717550
1678842899937 -4.971750 -0.185432 -2.282842 0.481394 -0.455412 -0.174808 -0.728218
1678842899989 -4.996848 -0.183925 -2.311447 0.483529 -0.441689 -0.163270 -0.737871
1678842900043 -5.031488 -0.187439 -2.367795 0.510721 -0.417137 -0.134738 -0.739598
1678842900108 -5.069686 -0.189493 -2.426210 0.516090 -0.390737 -0.110286 -0.754197
1678842900147 -5.083442 -0.190443 -2.455446 0.518941 -0.379796 -0.099503 -0.759312
1678842900195 -5.103117 -0.195814 -2.486223 0.523257 -0.371156 -0.094337 -0.761279
1678842900241 -5.116551 -0.202776 -2.536453 0.526209 -0.358230 -0.083989 -0.766630
1678842900297 -5.134065 -0.207383 -2.569481 0.524892 -0.353956 -0.081061 -0.769826
1678842900324 -5.136930 -0.202654 -2.598073 0.522363 -0.349402 -0.079409 -0.773789
1678842900380 -5.164469 -0.206116 -2.667244 0.515522 -0.339620 -0.071583 -0.783435
1678842900431 -5.177698 -0.206906 -2.730947 0.519674 -0.333756 -0.071954 -0.783179
1678842900495 -5.187317 -0.201974 -2.765395 0.514247 -0.324079 -0.073486 -0.790647
1678842900513 -5.186267 -0.195697 -2.795372 0.509969 -0.318072 -0.067382 -0.796380
1678842900574 -5.196621 -0.188074 -2.863980 0.516842 -0.291722 -0.060652 -0.802555
1678842900618 -5.189104 -0.175438 -2.896318 0.515828 -0.276962 -0.048832 -0.809215
1678842900652 -5.189305 -0.170742 -2.928396 0.513206 -0.262091 -0.036068 -0.816472
1678842900730 -5.193843 -0.165227 -2.995912 0.508531 -0.223860 -0.021468 -0.831157
1678842900795 -5.192489 -0.166429 -3.060416 0.507801 -0.187501 -0.000989 -0.840821
1678842900816 -5.202978 -0.169399 -3.108838 0.507064 -0.166206 0.009080 -0.845683
1678842900862 -5.199984 -0.170986 -3.140627 0.504751 -0.142357 0.021257 -0.851181
1678842900915 -5.196070 -0.174441 -3.169905 0.503005 -0.118665 0.035648 -0.855356
1678842900967 -5.183087 -0.178494 -3.227663 0.492307 -0.070163 0.074051 -0.864423
1678842901033 -5.173060 -0.183985 -3.287981 0.475568 -0.007935 0.123922 -0.870870
1678842901063 -5.161862 -0.186211 -3.307695 0.472652 0.023038 0.150714 -0.867960
1678842901117 -5.138161 -0.190031 -3.331367 0.456650 0.087144 0.203408 -0.861685
1678842901150 -5.123747 -0.189774 -3.337817 0.452329 0.114472 0.226815 -0.854897
1678842901205 -5.087089 -0.186091 -3.326010 0.440960 0.180960 0.263619 -0.838638
1678842901240 -5.069755 -0.184403 -3.317127 0.433143 0.215485 0.279550 -0.829341
1678842901291 -5.051868 -0.183951 -3.303375 0.422465 0.251166 0.297335 -0.818554
1678842901326 -5.037873 -0.182055 -3.301928 0.410039 0.285831 0.314443 -0.807028
1678842901378 -5.003525 -0.185625 -3.258977 0.392018 0.347070 0.344103 -0.779396
1678842901445 -4.990509 -0.191279 -3.236824 0.383871 0.372674 0.358319 -0.765091
1678842901485 -4.964778 -0.191685 -3.178356 0.371227 0.421175 0.379507 -0.735375
1678842901524 -4.959249 -0.192920 -3.139493 0.359768 0.447503 0.388857 -0.720485
1678842901565 -4.951320 -0.192459 -3.104959 0.345854 0.469913 0.399486 -0.707092
1678842901642 -4.934494 -0.192007 -3.032588 0.321923 0.505918 0.419542 -0.681467
1678842901677 -4.920333 -0.193217 -2.960351 0.306335 0.533247 0.429035 -0.661616
1678842901719 -4.910794 -0.195616 -2.926004 0.305920 0.547020 0.429029 -0.650473
1678842901770 -4.894300 -0.197577 -2.853840 0.325264 0.565890 0.431886 -0.622452
1678842901827 -4.884355 -0.201146 -2.816705 0.320222 0.578256 0.436443 -0.610406
1678842901910 -4.862849 -0.205696 -2.704308 0.302933 0.599219 0.458994 -0.581801
1678842901937 -4.855480 -0.203528 -2.667523 0.292726 0.610698 0.461307 -0.573198
1678842901971 -4.847893 -0.201552 -2.631310 0.277397 0.620448 0.463736 -0.568370
1678842902041 -4.832086 -0.197487 -2.561114 0.263103 0.638498 0.467212 -0.552096
1678842902080 -4.820913 -0.198351 -2.528421 0.257294 0.644260 0.467760 -0.547658
1678842902123 -4.811138 -0.199483 -2.490064 0.255843 0.649710 0.469152 -0.540664
1678842902199 -4.783554 -0.205479 -2.426425 0.251079 0.660475 0.471973 -0.527232
1678842902242 -4.744658 -0.212736 -2.373216 0.249903 0.672162 0.471096 -0.513630
1678842902291 -4.724920 -0.215784 -2.342651 0.246855 0.677421 0.470567 -0.508655
1678842902338 -4.676387 -0.220742 -2.302456 0.243050 0.691910 0.467505 -0.493586
1678842902378 -4.652322 -0.221937 -2.272716 0.246621 0.694357 0.468300 -0.487587
1678842902433 -4.603614 -0.217961 -2.213959 0.260622 0.700203 0.468547 -0.471440
1678842902470 -4.582805 -0.214133 -2.187172 0.251380 0.708848 0.462817 -0.469194
1678842902530 -4.563931 -0.212396 -2.164226 0.241378 0.708903 0.470387 -0.466829
1678842902581 -4.523332 -0.207485 -2.116610 0.230082 0.716365 0.478125 -0.453079
1678842902626 -4.501452 -0.205247 -2.096067 0.227460 0.718182 0.478649 -0.450967
1678842902668 -4.455216 -0.202136 -2.056839 0.227081 0.719054 0.478668 -0.449747
1678842902713 -4.433076 -0.202065 -2.044024 0.226001 0.718536 0.477838 -0.451996
1678842902767 -4.380399 -0.204813 -2.008828 0.232266 0.715796 0.473160 -0.458049
1678842902809 -4.352978 -0.209049 -1.994867 0.233224 0.713968 0.471249 -0.462364
1678842902842 -4.325950 -0.212845 -1.977048 0.232028 0.712341 0.470103 -0.466624
1678842902926 -4.270767 -0.222986 -1.942006 0.225420 0.708935 0.464160 -0.480783
1678842902977 -4.240693 -0.226300 -1.925506 0.232531 0.702870 0.462027 -0.488297
1678842903011 -4.178420 -0.233017 -1.894418 0.267719 0.677256 0.475497 -0.493511
1678842903067 -4.147110 -0.232105 -1.873212 0.270995 0.680084 0.471022 -0.492123
1678842903111 -4.091079 -0.230227 -1.842746 0.265437 0.673875 0.474273 -0.500501
1678842903170 -4.031942 -0.230547 -1.819952 0.278683 0.667465 0.472204 -0.503834
1678842903254 -3.975993 -0.228553 -1.803679 0.285963 0.662798 0.465419 -0.512161
1678842903271 -3.943795 -0.231653 -1.795212 0.289212 0.660951 0.460842 -0.516842
1678842903307 -3.909877 -0.236101 -1.787474 0.293381 0.658243 0.456464 -0.521810
1678842903372 -3.838910 -0.245654 -1.775542 0.306735 0.653299 0.447411 -0.528145
1678842903407 -3.803363 -0.249932 -1.768760 0.307550 0.653933 0.442666 -0.530877
1678842903452 -3.770866 -0.248500 -1.762867 0.304701 0.656772 0.436180 -0.534374
1678842903509 -3.698126 -0.255057 -1.749878 0.309132 0.654394 0.435441 -0.535348
1678842903573 -3.624641 -0.257361 -1.737357 0.322688 0.645940 0.440777 -0.533244
1678842903617 -3.590964 -0.256513 -1.732183 0.323442 0.643818 0.442750 -0.533719
1678842903650 -3.557369 -0.255033 -1.725567 0.323436 0.637224 0.450703 -0.534978
1678842903717 -3.494883 -0.250036 -1.716865 0.319876 0.635062 0.450605 -0.539751
1678842903780 -3.431530 -0.249454 -1.708637 0.319621 0.630410 0.447732 -0.547688
1678842903812 -3.399059 -0.251619 -1.704439 0.322296 0.626222 0.445523 -0.552703
1678842903850 -3.363062 -0.254947 -1.698308 0.323414 0.620455 0.441821 -0.561456
1678842903941 -3.269318 -0.270252 -1.689268 0.346220 0.601020 0.424380 -0.582072
1678842903970 -3.235739 -0.276077 -1.684209 0.351648 0.593605 0.420544 -0.589169
1678842904024 -3.206070 -0.281765 -1.679992 0.353579 0.585155 0.418103 -0.598134
1678842904081 -3.139191 -0.289283 -1.667846 0.357690 0.573976 0.413256 -0.609778
1678842904112 -3.100526 -0.292289 -1.661584 0.365669 0.556631 0.418777 -0.617312
1678842904160 -3.066560 -0.291255 -1.657291 0.377719 0.545600 0.419028 -0.619729
1678842904207 -3.002990 -0.280310 -1.649636 0.391583 0.541632 0.407590 -0.622228
1678842904263 -2.975074 -0.272472 -1.648500 0.393645 0.534090 0.406616 -0.628056
1678842904314 -2.913511 -0.262486 -1.647378 0.393705 0.525774 0.395750 -0.641825
1678842904346 -2.884264 -0.261552 -1.648173 0.393826 0.519335 0.391834 -0.649352
1678842904396 -2.815805 -0.261101 -1.652116 0.397189 0.513685 0.379671 -0.658953
1678842904442 -2.782069 -0.263707 -1.654704 0.396264 0.510724 0.376486 -0.663622
1678842904505 -2.711464 -0.271133 -1.661924 0.401701 0.505479 0.370211 -0.667885
1678842904539 -2.670780 -0.276004 -1.664240 0.402893 0.505328 0.368252 -0.668365
1678842904578 -2.634642 -0.278837 -1.667527 0.401530 0.507125 0.367920 -0.668006
1678842904633 -2.594571 -0.281524 -1.669225 0.398752 0.510700 0.369017 -0.666340
1678842904677 -2.519641 -0.283116 -1.677482 0.400149 0.501115 0.383488 -0.664606
1678842904725 -2.494375 -0.282303 -1.686097 0.398994 0.507018 0.382288 -0.661507
1678842904782 -2.424577 -0.277998 -1.692123 0.391032 0.507832 0.396760 -0.657101
1678842904838 -2.358498 -0.273805 -1.700531 0.381814 0.510675 0.408308 -0.653233
1678842904878 -2.325149 -0.271978 -1.702772 0.376490 0.514080 0.410170 -0.652486
1678842904918 -2.294040 -0.272190 -1.705506 0.371896 0.516274 0.412596 -0.651859
1678842904986 -2.224399 -0.280791 -1.708594 0.368590 0.514807 0.419965 -0.650188
1678842905042 -2.156077 -0.289207 -1.710571 0.367393 0.511324 0.423002 -0.651643
1678842905076 -2.120852 -0.293835 -1.711139 0.367858 0.510568 0.422698 -0.652171
1678842905138 -2.093827 -0.296549 -1.710710 0.366917 0.508830 0.423469 -0.653557
1678842905182 -2.024302 -0.304384 -1.710936 0.370274 0.498028 0.427807 -0.657150
1678842905240 -1.959121 -0.306294 -1.713004 0.386167 0.478468 0.431079 -0.660389
1678842905288 -1.926123 -0.303725 -1.713917 0.394743 0.477138 0.428113 -0.658207
1678842905326 -1.857771 -0.298097 -1.714856 0.396136 0.470021 0.430907 -0.660663
1678842905383 -1.825358 -0.297564 -1.715897 0.402884 0.464210 0.433652 -0.658892
1678842905431 -1.760502 -0.299742 -1.719048 0.411519 0.462890 0.430067 -0.656832
1678842905477 -1.728813 -0.299471 -1.719584 0.412456 0.462881 0.427504 -0.657922
1678842905529 -1.661855 -0.301511 -1.722092 0.417236 0.465662 0.417190 -0.659565
1678842905611 -1.627790 -0.304023 -1.723806 0.419165 0.465458 0.413838 -0.660596
1678842905648 -1.555338 -0.310790 -1.727382 0.418310 0.474734 0.407460 -0.658499
1678842905702 -1.484029 -0.312700 -1.729506 0.404627 0.484878 0.408306 -0.659133
1678842905737 -1.447209 -0.311242 -1.732751 0.404698 0.494177 0.403160 -0.655340
1678842905795 -1.408600 -0.311227 -1.737161 0.410468 0.491405 0.406757 -0.651602
1678842905835 -1.339388 -0.304025 -1.748113 0.419717 0.499482 0.405440 -0.640291
1678842905893 -1.303766 -0.298286 -1.751549 0.410742 0.508100 0.404882 -0.639684
1678842905936 -1.238084 -0.294168 -1.760282 0.397188 0.505917 0.424344 -0.637356
1678842905998 -1.168733 -0.285583 -1.770841 0.384842 0.515293 0.421739 -0.639144
1678842906032 -1.140567 -0.282266 -1.775785 0.381213 0.516536 0.421196 -0.640673
1678842906062 -1.104417 -0.282215 -1.782085 0.379979 0.517249 0.419139 -0.642178
1678842906131 -1.031324 -0.284285 -1.793382 0.375067 0.514299 0.416608 -0.649045
1678842906181 -0.994202 -0.285902 -1.799112 0.373587 0.513592 0.413653 -0.652339
1678842906212 -0.964422 -0.286327 -1.800481 0.372126 0.511088 0.410917 -0.656856
1678842906268 -0.890599 -0.287655 -1.810779 0.372906 0.501487 0.407287 -0.666009
1678842906328 -0.854971 -0.289808 -1.816792 0.374944 0.493287 0.408166 -0.670436
1678842906372 -0.784066 -0.282472 -1.826619 0.383584 0.486581 0.401944 -0.674199
1678842906415 -0.746444 -0.272518 -1.831716 0.378932 0.488754 0.396465 -0.678488
1678842906463 -0.676805 -0.267163 -1.840343 0.382105 0.480122 0.397722 -0.682126
1678842906518 -0.641338 -0.262282 -1.843727 0.383370 0.481534 0.394261 -0.682430
1678842906552 -0.607849 -0.260513 -1.846296 0.378652 0.482615 0.393176 -0.684922
1678842906627 -0.539346 -0.263371 -1.850942 0.375024 0.487084 0.394172 -0.683180
1678842906675 -0.462266 -0.270409 -1.857009 0.369413 0.492047 0.397427 -0.680791
1678842906738 -0.378822 -0.279683 -1.862120 0.368627 0.499492 0.400171 -0.674155
1678842906771 -0.339933 -0.284289 -1.864067 0.365977 0.504641 0.402523 -0.670354
1678842906812 -0.300938 -0.287389 -1.865223 0.363598 0.512575 0.404684 -0.664300
1678842906868 -0.227050 -0.291090 -1.866725 0.352695 0.517625 0.414626 -0.660118
1678842906935 -0.189378 -0.288584 -1.865794 0.346625 0.525368 0.417902 -0.655132
1678842906981 -0.118519 -0.289562 -1.866821 0.347313 0.532435 0.431330 -0.640188
1678842907009 -0.082386 -0.287752 -1.862477 0.343478 0.536515 0.441492 -0.631870
1678842907066 -0.021095 -0.281029 -1.848578 0.328737 0.550635 0.448082 -0.622861
1678842907114 0.013349 -0.281112 -1.842051 0.324905 0.556321 0.453942 -0.615532
1678842907169 0.046645 -0.279934 -1.835128 0.320087 0.563335 0.458148 -0.608522
1678842907218 0.115403 -0.285579 -1.816688 0.305732 0.571531 0.466818 -0.601632
1678842907273 0.182307 -0.291025 -1.794805 0.297199 0.579902 0.470636 -0.594885
1678842907315 0.222468 -0.294690 -1.783847 0.293225 0.581010 0.472028 -0.594673
1678842907369 0.295847 -0.296570 -1.757882 0.293430 0.580855 0.474977 -0.592371
1678842907418 0.329512 -0.296533 -1.743018 0.294359 0.577257 0.479341 -0.591912
1678842907458 0.360432 -0.292803 -1.728968 0.302054 0.574876 0.480662 -0.589275
1678842907504 0.422733 -0.283285 -1.697014 0.292885 0.583608 0.477395 -0.587974
1678842907571 0.482378 -0.281603 -1.663672 0.285361 0.585880 0.479198 -0.587949
1678842907611 0.513363 -0.279847 -1.648510 0.293138 0.587953 0.478540 -0.582564
1678842907655 0.542981 -0.277892 -1.632456 0.294345 0.594160 0.476051 -0.577676
1678842907716 0.608178 -0.280026 -1.599684 0.296287 0.602809 0.470322 -0.572392
1678842907776 0.644749 -0.280540 -1.585078 0.300151 0.607594 0.466286 -0.568608
1678842907806 0.676267 -0.281741 -1.568709 0.299471 0.613665 0.462220 -0.565761
1678842907872 0.779060 -0.290177 -1.516415 0.293268 0.629981 0.455803 -0.556202
1678842907938 0.813431 -0.291738 -1.499500 0.291636 0.634370 0.455415 -0.552376
1678842907971 0.887327 -0.294154 -1.465613 0.292482 0.642623 0.454037 -0.543452
1678842908034 0.923266 -0.294071 -1.449039 0.295711 0.640646 0.459521 -0.539414
1678842908072 0.990345 -0.293625 -1.417008 0.290256 0.651919 0.462068 -0.526542
1678842908130 1.023695 -0.294571 -1.397945 0.280493 0.649443 0.473457 -0.524772
1678842908159 1.048985 -0.293792 -1.383401 0.271717 0.649527 0.482475 -0.521059
1678842908219 1.110275 -0.290559 -1.347541 0.253755 0.660561 0.484410 -0.514408
1678842908269 1.158940 -0.294956 -1.319576 0.242498 0.666053 0.485411 -0.511805
1678842908328 1.190515 -0.298342 -1.301231 0.238624 0.667890 0.485213 -0.511420
1678842908370 1.214835 -0.292823 -1.276504 0.236207 0.670042 0.483910 -0.510961
1678842908438 1.308491 -0.302050 -1.217606 0.237215 0.672367 0.477203 -0.513740
1678842908480 1.329842 -0.297797 -1.192899 0.240820 0.672715 0.475169 -0.513493
1678842908545 1.359692 -0.299610 -1.172589 0.242886 0.668939 0.476473 -0.516237
1678842908581 1.405933 -0.302214 -1.136319 0.258201 0.657375 0.481831 -0.518680
1678842908635 1.460560 -0.292861 -1.101841 0.262066 0.659818 0.473922 -0.520921
1678842908685 1.482876 -0.288366 -1.083229 0.268425 0.657191 0.472947 -0.521890
1678842908737 1.537248 -0.282939 -1.054827 0.276524 0.654110 0.467602 -0.526329
1678842908809 1.600071 -0.280900 -1.023619 0.282341 0.653969 0.459172 -0.530820
1678842908939 1.699068 -0.288619 -0.985193 0.291562 0.654459 0.448018 -0.534747
1678842908949 1.731542 -0.294606 -0.973814 0.294227 0.653842 0.446602 -0.535227
1678842908987 1.770112 -0.300512 -0.960111 0.295337 0.652979 0.446766 -0.535532
1678842909044 1.846251 -0.307503 -0.933592 0.297608 0.653684 0.446961 -0.533247
1678842909090 1.917566 -0.308072 -0.913655 0.310111 0.645400 0.450362 -0.533351
1678842909182 1.989857 -0.301025 -0.887626 0.315326 0.646123 0.450547 -0.529246
1678842909214 2.023594 -0.300535 -0.874922 0.309194 0.641294 0.459722 -0.530845
1678842909280 2.096912 -0.294537 -0.848820 0.296522 0.644443 0.463851 -0.530670
1678842909332 2.161905 -0.291469 -0.826413 0.289139 0.645082 0.464740 -0.533183
1678842909372 2.193255 -0.291849 -0.813875 0.287156 0.645898 0.463087 -0.534703
1678842909429 2.226538 -0.293060 -0.802746 0.285668 0.644877 0.461618 -0.537992
1678842909471 2.296284 -0.295796 -0.784810 0.285999 0.640993 0.453763 -0.549027
1678842909563 2.392445 -0.301132 -0.754288 0.297047 0.631983 0.437125 -0.566817
1678842909595 2.425133 -0.303407 -0.745161 0.304788 0.620631 0.436827 -0.575417
1678842909638 2.457755 -0.305007 -0.737636 0.318605 0.603121 0.440528 -0.583670
1678842909690 2.489019 -0.301411 -0.734394 0.330572 0.596105 0.434510 -0.588713
1678842909744 2.544546 -0.290712 -0.725149 0.341464 0.588852 0.421056 -0.599472
1678842909779 2.572997 -0.286739 -0.722810 0.349466 0.582504 0.416921 -0.603936
1678842909836 2.628944 -0.281665 -0.721600 0.356685 0.571774 0.406337 -0.617042
1678842909877 2.668310 -0.282959 -0.719589 0.360849 0.566616 0.401154 -0.622743
1678842909919 2.697532 -0.284746 -0.722045 0.365084 0.561926 0.394333 -0.628852
1678842909980 2.777515 -0.295705 -0.725399 0.375053 0.550614 0.384838 -0.638796
1678842910028 2.808887 -0.301077 -0.730600 0.378652 0.547983 0.379124 -0.642341
1678842910091 2.845714 -0.304675 -0.728535 0.382438 0.545081 0.375380 -0.644762
1678842910142 2.945414 -0.317283 -0.752650 0.388792 0.532810 0.368284 -0.655226
1678842910193 2.978047 -0.315407 -0.772026 0.399565 0.519048 0.369380 -0.659163
1678842910238 3.040456 -0.308042 -0.794923 0.416951 0.515898 0.357576 -0.657374
1678842910279 3.072911 -0.305410 -0.809529 0.413623 0.516292 0.353483 -0.661368
1678842910333 3.133735 -0.301522 -0.833547 0.411837 0.497590 0.363336 -0.671402
1678842910382 3.162765 -0.301626 -0.835905 0.414557 0.493517 0.359248 -0.674925
1678842910435 3.218704 -0.295066 -0.866885 0.416426 0.481737 0.347340 -0.688385
1678842910492 3.244735 -0.295558 -0.879656 0.415170 0.473955 0.342324 -0.697004
1678842910528 3.273068 -0.297805 -0.896871 0.418222 0.462626 0.339061 -0.704348
1678842910579 3.332302 -0.300947 -0.938819 0.426898 0.438456 0.326745 -0.720245
1678842910633 3.384195 -0.307762 -0.977123 0.437760 0.414139 0.310765 -0.735038
1678842910681 3.412819 -0.310471 -0.999687 0.445226 0.399727 0.301789 -0.742237
1678842910767 3.477736 -0.319411 -1.062262 0.476107 0.344867 0.279925 -0.758967
1678842910803 3.497039 -0.320156 -1.085178 0.494170 0.327574 0.267071 -0.759713
1678842910839 3.514327 -0.318769 -1.106932 0.505208 0.317380 0.251524 -0.762083
1678842910926 3.563107 -0.313889 -1.170985 0.520775 0.275449 0.231815 -0.774069
1678842910958 3.578672 -0.317282 -1.194188 0.523706 0.262745 0.224236 -0.778726
1678842911007 3.592296 -0.319060 -1.219167 0.528047 0.250481 0.213882 -0.782739
1678842911063 3.606422 -0.323518 -1.243621 0.532409 0.238451 0.202476 -0.786566
1678842911106 3.632099 -0.331527 -1.299397 0.538359 0.218221 0.183553 -0.793005
1678842911164 3.651583 -0.341044 -1.356611 0.541445 0.202417 0.168876 -0.798340
1678842911212 3.663105 -0.344513 -1.387262 0.543233 0.196228 0.164273 -0.799629
1678842911279 3.671333 -0.347589 -1.419623 0.542236 0.195133 0.159587 -0.801520
1678842911314 3.692630 -0.350339 -1.487675 0.552068 0.176457 0.158308 -0.799389
1678842911360 3.699592 -0.352443 -1.523451 0.558845 0.169396 0.152288 -0.797374
1678842911429 3.717148 -0.342426 -1.589164 0.559127 0.167379 0.143377 -0.799252
1678842911450 3.729493 -0.339691 -1.618910 0.556274 0.156670 0.152301 -0.801760
1678842911506 3.745806 -0.329419 -1.683089 0.549075 0.145037 0.151070 -0.809109
1678842911546 3.750378 -0.325557 -1.713485 0.546116 0.137981 0.148351 -0.812841
1678842911600 3.764722 -0.323126 -1.777912 0.540800 0.124887 0.141701 -0.819670
1678842911653 3.770284 -0.323937 -1.811144 0.539875 0.115930 0.140708 -0.821764
1678842911706 3.784445 -0.331183 -1.878610 0.538460 0.095414 0.133505 -0.826519
1678842911748 3.793066 -0.335106 -1.915849 0.538035 0.086043 0.127294 -0.828801
1678842911807 3.805950 -0.340516 -1.983278 0.533547 0.062812 0.115686 -0.835463
1678842911847 3.812087 -0.343407 -2.018864 0.532420 0.048288 0.108344 -0.838128
1678842911918 3.816961 -0.344488 -2.054015 0.537056 0.024014 0.102038 -0.837008
1678842911971 3.822597 -0.334601 -2.115528 0.542220 0.006809 0.067093 -0.837526
1678842912008 3.825908 -0.325365 -2.175266 0.542302 -0.015347 0.050303 -0.838536
1678842912060 3.827271 -0.319163 -2.207877 0.547129 -0.021794 0.037848 -0.835908
1678842912093 3.825027 -0.316337 -2.236577 0.549495 -0.028103 0.025127 -0.834646
1678842912159 3.822130 -0.314502 -2.264652 0.546261 -0.035527 0.017966 -0.836668
1678842912200 3.809415 -0.316462 -2.358377 0.543675 -0.058600 -0.006374 -0.837223
1678842912258 3.802436 -0.318464 -2.391057 0.541600 -0.067000 -0.011156 -0.837888
1678842912301 3.785306 -0.329043 -2.454979 0.541953 -0.077858 -0.021437 -0.836520
1678842912347 3.775892 -0.333522 -2.487359 0.541175 -0.082281 -0.021635 -0.836595
1678842912396 3.761511 -0.334689 -2.518054 0.539002 -0.083725 -0.023211 -0.837812
1678842912455 3.736168 -0.335593 -2.583700 0.540127 -0.103782 -0.021092 -0.834894
1678842912508 3.707446 -0.331270 -2.638754 0.539689 -0.107239 -0.023609 -0.834672
1678842912549 3.689684 -0.329190 -2.659168 0.539248 -0.116814 -0.016717 -0.833838
1678842912590 3.676568 -0.324666 -2.686031 0.539932 -0.126655 -0.014800 -0.831993
1678842912645 3.649382 -0.311985 -2.733723 0.529188 -0.142295 -0.022179 -0.836194
1678842912695 3.633970 -0.309976 -2.751112 0.524309 -0.152674 -0.022386 -0.837430
1678842912764 3.608888 -0.310452 -2.791124 0.525817 -0.171439 -0.037708 -0.832288
1678842912800 3.585507 -0.310845 -2.831286 0.521892 -0.191456 -0.052969 -0.829558
1678842912820 3.585507 -0.310845 -2.831286 0.521892 -0.191456 -0.052969 -0.829558
1678842912876 3.564193 -0.313200 -2.867850 0.516879 -0.216493 -0.067230 -0.825498
1678842912940 3.542756 -0.316495 -2.907868 0.515740 -0.251073 -0.085070 -0.814701
1678842912978 3.534051 -0.317398 -2.925528 0.512403 -0.266782 -0.091369 -0.811124
1678842913035 3.520692 -0.316729 -2.955772 0.506729 -0.303921 -0.098527 -0.800719
1678842913071 3.514488 -0.312667 -2.972551 0.500789 -0.316624 -0.107907 -0.798320
1678842913115 3.510675 -0.306512 -2.988698 0.492242 -0.323596 -0.115336 -0.799801
1678842913170 3.511301 -0.292836 -3.025180 0.489213 -0.328848 -0.120672 -0.798729
1678842913220 3.513973 -0.282477 -3.042626 0.488731 -0.318990 -0.119029 -0.803255
1678842913280 3.532495 -0.265422 -3.074909 0.480876 -0.287562 -0.083327 -0.824089
1678842913324 3.545945 -0.257923 -3.090511 0.477959 -0.259340 -0.062195 -0.836917
1678842913396 3.578975 -0.245065 -3.133360 0.467462 -0.184325 -0.013367 -0.864480
1678842913440 3.617139 -0.241522 -3.156313 0.463419 -0.098501 0.033454 -0.880012
1678842913475 3.639483 -0.241629 -3.162259 0.458343 -0.046585 0.053616 -0.885933
1678842913535 3.685054 -0.248562 -3.166127 0.455582 0.047339 0.096947 -0.883632
1678842913580 3.710199 -0.253686 -3.164781 0.454519 0.093498 0.118159 -0.877900
1678842913635 3.764049 -0.265310 -3.155834 0.453727 0.174610 0.163981 -0.858344
1678842913680 3.791655 -0.269282 -3.148325 0.450916 0.209586 0.183513 -0.847981
1678842913723 3.818871 -0.271375 -3.136989 0.444978 0.253940 0.199553 -0.835277
1678842913779 3.872527 -0.276330 -3.107906 0.428474 0.323857 0.242872 -0.807799
1678842913834 3.925312 -0.279221 -3.071371 0.410750 0.400452 0.276353 -0.771072
1678842913869 3.950772 -0.281857 -3.054836 0.402805 0.421162 0.293489 -0.757783
1678842913927 3.975774 -0.283247 -3.036973 0.392162 0.444684 0.307404 -0.744290
1678842913978 4.025155 -0.284486 -2.998024 0.374164 0.489935 0.329845 -0.714959
1678842914044 4.071995 -0.283491 -2.953219 0.347030 0.534606 0.348076 -0.687466
1678842914086 4.095187 -0.283024 -2.929681 0.336690 0.554146 0.356287 -0.672771
1678842914131 4.115464 -0.282897 -2.908448 0.331388 0.568102 0.364914 -0.658999
1678842914181 4.156947 -0.282716 -2.860496 0.313855 0.606765 0.385284 -0.620393
1678842914238 4.189750 -0.280186 -2.805741 0.285326 0.643746 0.404817 -0.583355
1678842914298 4.201451 -0.278471 -2.776530 0.270623 0.663707 0.415161 -0.560266
1678842914338 4.216087 -0.275979 -2.716753 0.235673 0.697999 0.437809 -0.515344
1678842914411 4.215777 -0.272842 -2.658092 0.197272 0.737470 0.455975 -0.457502
1678842914434 4.211445 -0.273771 -2.630432 0.178538 0.754392 0.464416 -0.428176
1678842914486 4.206036 -0.274551 -2.602932 0.159864 0.769190 0.473626 -0.398081
1678842914537 4.188428 -0.277566 -2.550784 0.120382 0.796530 0.489202 -0.334259
1678842914581 4.176430 -0.278493 -2.527647 0.103887 0.810119 0.493565 -0.298844
1678842914627 4.160414 -0.278183 -2.509097 0.086159 0.824889 0.493992 -0.260973
1678842914699 4.122879 -0.287792 -2.450725 0.041148 0.838311 0.510687 -0.186386
1678842914736 4.112225 -0.290373 -2.433126 0.029430 0.839551 0.515128 -0.170090
1678842914775 4.103652 -0.292524 -2.415849 0.026612 0.840145 0.519135 -0.154747
1678842914816 4.094643 -0.296421 -2.396088 0.021054 0.840160 0.523341 -0.140719
1678842914876 4.100418 -0.336775 -2.332122 0.002719 0.838428 0.528489 -0.133156
1678842914927 4.082032 -0.348088 -2.277137 -0.009479 0.836838 0.532225 -0.127865
1678842914972 4.072909 -0.354442 -2.249951 -0.014822 0.836302 0.533419 -0.125873
1678842915012 4.061800 -0.360463 -2.220798 -0.022486 0.835358 0.534696 -0.125585
1678842915075 4.031776 -0.364264 -2.158565 -0.028963 0.833227 0.539772 -0.116366
1678842915129 4.009503 -0.358045 -2.123388 -0.029546 0.832381 0.542851 -0.107619
1678842915172 3.974990 -0.356638 -2.058537 -0.036468 0.830494 0.547172 -0.097738
1678842915234 3.957366 -0.353648 -2.026190 -0.038958 0.830885 0.547839 -0.089351
1678842915276 3.947009 -0.343106 -2.013008 -0.041833 0.833611 0.544396 -0.083521
1678842915332 3.921159 -0.326943 -1.956704 -0.046679 0.838771 0.537729 -0.071640
1678842915371 3.898659 -0.311988 -1.896339 -0.047986 0.847637 0.524197 -0.066526
1678842915435 3.903075 -0.296384 -1.887918 -0.049128 0.852662 0.516188 -0.064059
1678842915469 3.890374 -0.289276 -1.828453 -0.059153 0.861209 0.500758 -0.063726
1678842915536 3.888433 -0.286525 -1.801049 -0.060885 0.863889 0.496203 -0.061415
1678842915561 3.885270 -0.286801 -1.770075 0.061174 -0.865674 -0.493235 0.059882
1678842915641 3.879798 -0.293900 -1.670801 0.056810 -0.865928 -0.494177 0.052254
1678842915691 3.880873 -0.290266 -1.645545 0.058737 -0.865784 -0.494613 0.048230
1678842915728 3.876510 -0.291622 -1.576746 0.067984 -0.868632 -0.489697 0.032474
1678842915788 3.870107 -0.292166 -1.537993 0.075980 -0.867263 -0.491181 0.028683
1678842915857 3.859745 -0.285202 -1.472343 0.085148 -0.866783 -0.491361 0.001489
1678842915887 3.845801 -0.281941 -1.434883 0.095267 -0.865451 -0.491762 -0.009372
1678842915935 3.829106 -0.274866 -1.372835 0.113131 -0.863078 -0.491190 -0.032093
1678842915991 3.824607 -0.275012 -1.345359 0.122343 -0.863856 -0.487086 -0.039130
1678842916045 3.808499 -0.273826 -1.286860 0.134216 -0.864222 -0.481904 -0.053616
1678842916099 3.792966 -0.281286 -1.230933 0.143289 -0.863998 -0.478470 -0.063582
1678842916143 3.783774 -0.286078 -1.198713 0.147248 -0.863145 -0.478304 -0.067255
1678842916183 3.777279 -0.288349 -1.173110 0.150821 -0.862661 -0.477780 -0.069250
1678842916235 3.756963 -0.293915 -1.109934 0.155416 -0.864292 -0.472988 -0.071609
1678842916302 3.734523 -0.299489 -1.045999 0.159789 -0.864099 -0.471606 -0.073406
1678842916349 3.724293 -0.297096 -1.013635 0.162504 -0.862196 -0.474402 -0.071794
1678842916379 3.712659 -0.295190 -0.983359 0.163736 -0.861542 -0.474943 -0.073251
1678842916436 3.689299 -0.290197 -0.923511 0.163767 -0.860363 -0.476252 -0.078359
1678842916509 3.677087 -0.287859 -0.894294 0.163782 -0.858533 -0.478873 -0.082324
1678842916533 3.652446 -0.281850 -0.838455 0.161450 -0.860441 -0.473141 -0.098555
1678842916588 3.637612 -0.281647 -0.805423 0.164119 -0.859698 -0.471842 -0.106534
1678842916636 3.606800 -0.284213 -0.748142 0.169892 -0.859555 -0.465672 -0.124303
1678842916695 3.591287 -0.286266 -0.726308 0.171317 -0.858612 -0.463287 -0.137116
1678842916726 3.554035 -0.293327 -0.669911 0.180134 -0.853551 -0.459865 -0.165909
1678842916792 3.537096 -0.295226 -0.651945 0.188866 -0.851968 -0.453372 -0.181479
1678842916849 3.495404 -0.300746 -0.603494 0.213872 -0.844294 -0.441473 -0.215706
1678842916899 3.455065 -0.298610 -0.570640 0.234457 -0.829008 -0.435227 -0.261445
1678842916942 3.433029 -0.297275 -0.554783 0.245291 -0.820850 -0.432381 -0.281219
1678842916983 3.408918 -0.295996 -0.537141 0.259932 -0.809004 -0.434940 -0.297950
1678842917044 3.362294 -0.292765 -0.514341 0.280879 -0.787372 -0.431178 -0.339465
1678842917089 3.335828 -0.291823 -0.499755 0.289421 -0.779744 -0.423363 -0.359165
1678842917129 3.283375 -0.295744 -0.485712 0.302261 -0.759190 -0.415702 -0.399325
1678842917195 3.257401 -0.298974 -0.487394 0.310195 -0.751234 -0.410346 -0.413573
1678842917237 3.200181 -0.305860 -0.480842 0.328656 -0.739243 -0.397063 -0.433412
1678842917306 3.139677 -0.311283 -0.474230 0.340178 -0.727365 -0.387342 -0.452975
1678842917350 3.109806 -0.313449 -0.472655 0.344417 -0.721290 -0.384962 -0.461435
1678842917383 3.078155 -0.315038 -0.469497 0.347053 -0.714289 -0.384220 -0.470872
1678842917464 3.013999 -0.322722 -0.466836 0.354511 -0.700307 -0.385350 -0.485177
1678842917506 2.950714 -0.319187 -0.468031 0.360779 -0.685340 -0.382635 -0.503724
1678842917556 2.919475 -0.316116 -0.469165 0.359388 -0.680565 -0.376894 -0.515386
1678842917597 2.888750 -0.314105 -0.472641 0.361246 -0.676122 -0.372851 -0.522821
1678842917646 2.825788 -0.308143 -0.473202 0.364618 -0.666284 -0.369484 -0.535351
1678842917694 2.766441 -0.299969 -0.473154 0.357826 -0.657736 -0.359756 -0.556705
1678842917744 2.736061 -0.298977 -0.473338 0.357289 -0.652294 -0.355105 -0.566355
1678842917800 2.677976 -0.302577 -0.474222 0.360489 -0.641002 -0.343247 -0.584248
1678842917861 2.613790 -0.310612 -0.474033 0.364313 -0.625838 -0.332934 -0.603952
1678842917898 2.586000 -0.309213 -0.477747 0.365256 -0.616155 -0.328861 -0.615460
1678842917939 2.553212 -0.314868 -0.478447 0.368498 -0.607421 -0.324630 -0.624391
1678842918004 2.486352 -0.321296 -0.481720 0.383525 -0.579684 -0.318936 -0.644325
1678842918071 2.456107 -0.323007 -0.484697 0.393277 -0.568143 -0.311221 -0.652448
1678842918107 2.399848 -0.326777 -0.490725 0.412938 -0.548393 -0.291158 -0.666314
1678842918149 2.372363 -0.327351 -0.495731 0.423749 -0.536527 -0.283567 -0.672432
1678842918243 2.290504 -0.325743 -0.514636 0.441611 -0.503982 -0.261358 -0.694747
1678842918292 2.264171 -0.326964 -0.522539 0.443446 -0.492944 -0.257021 -0.703066
1678842918327 2.208132 -0.327669 -0.539207 0.446979 -0.473336 -0.247292 -0.717641
1678842918369 2.179952 -0.332491 -0.549961 0.450956 -0.464154 -0.243015 -0.722595
1678842918412 2.158769 -0.331614 -0.561536 0.456465 -0.454204 -0.239731 -0.726545
1678842918490 2.096880 -0.340847 -0.582845 0.464915 -0.440275 -0.231406 -0.732437
1678842918548 2.036234 -0.348156 -0.611421 0.473219 -0.432205 -0.224974 -0.733928
1678842918595 2.004627 -0.350096 -0.626812 0.480618 -0.431678 -0.220998 -0.730630
1678842918633 1.942822 -0.345691 -0.654480 0.486158 -0.429474 -0.213890 -0.730379
1678842918695 1.871271 -0.334905 -0.676218 0.481820 -0.430973 -0.208915 -0.733803
1678842918735 1.839762 -0.331094 -0.688450 0.480385 -0.432661 -0.209418 -0.733607
1678842918796 1.799802 -0.328700 -0.703703 0.476920 -0.435393 -0.209664 -0.734181
1678842918845 1.739871 -0.322409 -0.727505 0.466256 -0.435041 -0.214870 -0.739713
1678842918898 1.680203 -0.322350 -0.752106 0.457210 -0.433160 -0.222075 -0.744321
1678842918970 1.649274 -0.323701 -0.765587 0.456213 -0.430415 -0.224102 -0.745916
1678842918995 1.609634 -0.326469 -0.783134 0.457258 -0.425156 -0.225565 -0.747849
1678842919060 1.546502 -0.331476 -0.813272 0.457211 -0.416339 -0.220032 -0.754458
1678842919101 1.515207 -0.333448 -0.831529 0.456733 -0.410324 -0.216314 -0.759103
1678842919136 1.452668 -0.339513 -0.865055 0.462265 -0.391317 -0.210734 -0.767316
1678842919201 1.424626 -0.343247 -0.883618 0.471019 -0.383937 -0.203338 -0.767716
1678842919243 1.372296 -0.344490 -0.921521 0.489347 -0.358626 -0.192462 -0.771288
1678842919300 1.324584 -0.346987 -0.963614 0.506619 -0.342190 -0.167098 -0.773513
1678842919356 1.279370 -0.346878 -1.006239 0.519282 -0.314102 -0.147639 -0.780954
1678842919407 1.257537 -0.348983 -1.028357 0.519979 -0.304936 -0.137756 -0.785913
1678842919442 1.234240 -0.351033 -1.051714 0.518632 -0.297277 -0.130513 -0.790958
1678842919500 1.185627 -0.357066 -1.100894 0.517438 -0.286177 -0.125668 -0.796598
1678842919570 1.135312 -0.366992 -1.153378 0.520342 -0.288965 -0.118846 -0.794745
1678842919608 1.111649 -0.370396 -1.179088 0.519538 -0.292057 -0.115330 -0.794659
1678842919669 1.060043 -0.377327 -1.230816 0.525159 -0.296720 -0.115011 -0.789264
1678842919711 1.036798 -0.379520 -1.253744 0.532985 -0.302964 -0.119660 -0.780910
1678842919770 0.986554 -0.376505 -1.299594 0.535779 -0.306930 -0.132340 -0.775384
1678842919817 0.961944 -0.371932 -1.320362 0.536365 -0.307241 -0.141220 -0.773287
1678842919871 0.909992 -0.364211 -1.363663 0.531634 -0.304588 -0.160714 -0.773797
1678842919936 0.859529 -0.358946 -1.405605 0.522311 -0.303965 -0.175029 -0.777278
1678842919974 0.833127 -0.358352 -1.426928 0.517555 -0.300710 -0.181683 -0.780193
1678842920027 0.769568 -0.358634 -1.472441 0.507518 -0.299295 -0.189971 -0.785340
1678842920072 0.740581 -0.362091 -1.495013 0.503727 -0.295376 -0.193363 -0.788431
1678842920125 0.704250 -0.367190 -1.521758 0.500531 -0.292755 -0.193934 -0.791298
1678842920178 0.644055 -0.376843 -1.569615 0.502557 -0.287282 -0.188421 -0.793349
1678842920216 0.615773 -0.382309 -1.596581 0.505235 -0.282684 -0.185263 -0.794043
1678842920270 0.557857 -0.386579 -1.645499 0.518938 -0.273699 -0.172480 -0.791228
1678842920331 0.508277 -0.382719 -1.688702 0.530606 -0.257252 -0.159139 -0.791803
1678842920371 0.489093 -0.381898 -1.708855 0.536278 -0.252869 -0.149473 -0.791278
1678842920409 0.465544 -0.379645 -1.732596 0.541307 -0.248508 -0.139392 -0.791076
1678842920473 0.423175 -0.378522 -1.778013 0.545217 -0.233972 -0.125370 -0.795159
1678842920527 0.401623 -0.379699 -1.802882 0.544995 -0.229576 -0.119611 -0.797476
1678842920569 0.357921 -0.385415 -1.855583 0.542831 -0.223979 -0.112707 -0.801539
1678842920624 0.349213 -0.387359 -1.877777 0.543279 -0.223454 -0.109868 -0.801776
1678842920668 0.303868 -0.395089 -1.935008 0.542174 -0.226912 -0.104136 -0.802318
1678842920727 0.266946 -0.399339 -1.990499 0.536285 -0.227419 -0.096350 -0.807090
1678842920780 0.237754 -0.400277 -2.022260 0.536202 -0.228126 -0.095379 -0.807061
1678842920824 0.192801 -0.395358 -2.080888 0.538824 -0.233108 -0.102705 -0.802983
1678842920887 0.172183 -0.389646 -2.108733 0.535880 -0.233873 -0.110845 -0.803648
1678842920946 0.149422 -0.385546 -2.135929 0.536472 -0.237731 -0.120396 -0.800741
1678842920977 0.103214 -0.374596 -2.186812 0.530604 -0.239356 -0.139605 -0.801048
1678842921054 0.052375 -0.369607 -2.242069 0.520511 -0.241803 -0.147660 -0.805479
1678842921093 0.003737 -0.369965 -2.294265 0.515347 -0.245968 -0.150244 -0.807059
1678842921136 -0.025628 -0.372198 -2.324532 0.514245 -0.247953 -0.149412 -0.807309
1678842921184 -0.050986 -0.375753 -2.351443 0.512550 -0.249498 -0.145442 -0.808635
1678842921229 -0.105082 -0.384526 -2.408600 0.507715 -0.253744 -0.127120 -0.813437
1678842921281 -0.126424 -0.388836 -2.436045 0.509673 -0.252578 -0.116839 -0.814116
1678842921332 -0.173616 -0.395458 -2.493058 0.516978 -0.239881 -0.103747 -0.815124
1678842921394 -0.193170 -0.399132 -2.511428 0.522939 -0.235190 -0.096296 -0.813601
1678842921436 -0.232683 -0.395129 -2.564360 0.530050 -0.211835 -0.085663 -0.816600
1678842921502 -0.253589 -0.396143 -2.589964 0.536485 -0.207584 -0.075680 -0.814472
1678842921562 -0.288437 -0.393043 -2.643000 0.543696 -0.192775 -0.061523 -0.814523
1678842921618 -0.319163 -0.395486 -2.695373 0.547400 -0.182226 -0.044650 -0.815569
1678842921674 -0.339387 -0.399027 -2.746892 0.545965 -0.176805 -0.033719 -0.818246
1678842921707 -0.355016 -0.403258 -2.778100 0.545860 -0.176573 -0.029725 -0.818520
1678842921749 -0.370207 -0.407122 -2.810070 0.545271 -0.178372 -0.025625 -0.818661
1678842921819 -0.378058 -0.409927 -2.837441 0.543090 -0.180873 -0.021881 -0.819671
1678842921872 -0.405669 -0.412724 -2.901814 0.539044 -0.180686 -0.019966 -0.822426
1678842921910 -0.437193 -0.411831 -2.970082 0.547362 -0.187120 -0.019304 -0.815480
1678842921956 -0.448954 -0.408235 -3.000760 0.546815 -0.184988 -0.022354 -0.816256
1678842922012 -0.462391 -0.403775 -3.032745 0.546311 -0.185750 -0.022332 -0.816421
1678842922069 -0.484032 -0.394620 -3.090756 0.546442 -0.185020 -0.022643 -0.816490
1678842922104 -0.503092 -0.384184 -3.147780 0.541026 -0.178130 -0.022407 -0.821619
1678842922173 -0.520642 -0.380859 -3.200748 0.536613 -0.166250 -0.019576 -0.827058
1678842922205 -0.532305 -0.382884 -3.230391 0.533719 -0.160522 -0.016042 -0.830132
1678842922255 -0.540816 -0.384687 -3.256755 0.531777 -0.154100 -0.011879 -0.832662
1678842922301 -0.560864 -0.390089 -3.313154 0.529276 -0.136604 -0.006308 -0.837357
1678842922346 -0.568225 -0.392881 -3.339196 0.527716 -0.126640 -0.001569 -0.839926
1678842922400 -0.575986 -0.398810 -3.385212 0.525506 -0.102255 0.012365 -0.844532
1678842922459 -0.583196 -0.404611 -3.430727 0.531611 -0.078395 0.032207 -0.842737
1678842922502 -0.583679 -0.406294 -3.446989 0.531958 -0.065520 0.040290 -0.843270
1678842922556 -0.584493 -0.407354 -3.465547 0.537017 -0.055738 0.049782 -0.840255
1678842922595 -0.581659 -0.404910 -3.495391 0.548209 -0.034496 0.059379 -0.833517
1678842922636 -0.580172 -0.403326 -3.509200 0.549710 -0.025178 0.065082 -0.832436
1678842922703 -0.573729 -0.403538 -3.527071 0.551123 -0.009671 0.071451 -0.831303
1678842922747 -0.571160 -0.402848 -3.537510 0.550301 -0.006091 0.074577 -0.831607
1678842922796 -0.562555 -0.401794 -3.539963 0.549354 -0.003919 0.076510 -0.832070
1678842922845 -0.558363 -0.400289 -3.555506 0.547186 -0.002462 0.076274 -0.833525
1678842922879 -0.552606 -0.399460 -3.558812 0.547992 -0.002253 0.075841 -0.833035
1678842922959 -0.549608 -0.399018 -3.563424 0.550761 -0.000621 0.073269 -0.831441
1678842922970 -0.541785 -0.399059 -3.570297 0.554764 0.000562 0.076121 -0.828518
1678842923029 -0.533830 -0.397139 -3.579348 0.553530 0.002773 0.081382 -0.828839
1678842923065 -0.528637 -0.397860 -3.583043 0.552583 0.003557 0.084149 -0.829191
1678842923122 -0.525363 -0.396876 -3.585052 0.552509 0.004378 0.085987 -0.829048
1678842923161 -0.520520 -0.397446 -3.589599 0.554037 0.005805 0.087261 -0.827886
1678842923242 -0.516569 -0.398034 -3.591353 0.554369 0.007041 0.088131 -0.827562
1678842923266 -0.515069 -0.398688 -3.591972 0.554500 0.006763 0.088860 -0.827398
1678842923298 -0.515167 -0.400454 -3.590122 0.555821 0.006709 0.089491 -0.826444
1678842923356 -0.514211 -0.401367 -3.590172 0.557043 0.005698 0.091228 -0.825438
1678842923391 -0.512185 -0.402512 -3.589981 0.557018 0.005532 0.093815 -0.825166
1678842923447 -0.510728 -0.402936 -3.589671 0.557134 0.005573 0.095074 -0.824943
1678842923495 -0.510092 -0.403021 -3.589856 0.556156 0.004634 0.095796 -0.825525
1678842923525 -0.509835 -0.402700 -3.590051 0.555354 0.004656 0.095352 -0.826117
1678842923575 -0.510338 -0.402141 -3.592429 0.554245 0.004622 0.094819 -0.826922
1678842923615 -0.509993 -0.401635 -3.592499 0.553343 0.004272 0.094691 -0.827543
1678842923671 -0.509319 -0.401055 -3.593285 0.551904 0.004227 0.093676 -0.828618
1678842923709 -0.509099 -0.401237 -3.593120 0.552021 0.004178 0.093283 -0.828585
1678842923760 -0.509893 -0.401376 -3.593488 0.551832 0.004342 0.092482 -0.828800
1678842923832 -0.509988 -0.401770 -3.593422 0.551700 0.003992 0.092470 -0.828891
1678842923857 -0.509236 -0.401731 -3.593732 0.552281 0.003768 0.092236 -0.828531
1678842923907 -0.509540 -0.401789 -3.594007 0.552183 0.003642 0.091695 -0.828657
1678842923948 -0.509873 -0.401944 -3.594271 0.552157 0.003676 0.091016 -0.828749
1678842924008 -0.509796 -0.401607 -3.594551 0.551964 0.003869 0.090386 -0.828946
1678842924048 -0.510548 -0.401845 -3.595206 0.552418 0.004043 0.088573 -0.828838
1678842924093 -0.510134 -0.401102 -3.595860 0.552558 0.004061 0.087800 -0.828827
1678842924137 -0.511090 -0.401394 -3.596896 0.553055 0.003623 0.086398 -0.828645
1678842924180 -0.512699 -0.400967 -3.597599 0.555576 0.002300 0.087014 -0.826897
1678842924232 -0.513097 -0.401665 -3.598069 0.556695 0.001956 0.086538 -0.826195
