# Created at Tue Mar 14 18:14:31 MST 2023
1678842872210 0.262061 -0.060476 -0.003054
1678842872224 0.077580 0.006720 -0.128282
1678842872242 -0.010385 -0.028711 -0.094684
1678842872246 0.041539 0.018326 -0.073304
1678842872251 -0.058643 0.100182 -0.092852
1678842872254 -0.006109 0.005498 -0.087354
1678842872257 0.076358 0.037874 -0.076358
1678842872260 0.007941 0.014661 -0.037263
1678842872264 -0.040928 -0.075747 0.007941
1678842872267 -0.047037 -0.036652 0.069639
1678842872271 -0.120951 -0.041539 0.119119
1678842872283 -0.244346 -0.084299 0.017715
1678842872287 -0.329256 -0.018326 0.003054
1678842872290 -0.268781 -0.054978 0.202196
1678842872293 -0.160658 0.077580 0.290161
1678842872296 -0.065363 0.083078 0.238237
1678842872300 -0.004887 -0.093462 0.150884
1678842872319 0.016493 -0.132558 0.105069
1678842872322 -0.062919 0.042761 0.216857
1678842872326 -0.252898 0.171653 0.348804
1678842872330 -0.293215 0.114232 0.399506
1678842872335 -0.089186 -0.153327 0.420886
1678842872351 -0.027489 -0.122173 0.456316
1678842872355 -0.018937 0.061697 0.443488
1678842872359 0.001222 0.010385 0.392786
1678842872363 -0.040317 -0.082467 0.356134
1678842872370 -0.026267 -0.023213 0.283441
1678842872374 0.095906 0.117286 0.128893
1678842872378 0.177762 0.285274 0.086132
1678842872383 0.191812 0.158214 0.087965
1678842872390 0.061697 0.017715 0.122784
1678842872410 -0.174097 -0.019548 0.172264
1678842872432 -0.204029 -0.141110 0.086743
1678842872441 -0.122784 -0.204640 -0.083078
1678842872469 -0.009163 -0.232740 -0.205251
1678842872493 0.134390 -0.545503 -0.297491
1678842872532 0.067806 -0.216246 -0.426995
1678842872545 -0.405615 0.439823 -0.317039
1678842872570 -0.365908 -0.018937 -0.186314
1678842872595 0.282220 -0.551000 -0.229074
1678842872626 0.746477 -0.403171 -0.272446
1678842872647 0.871094 -0.117286 -0.308487
1678842872694 0.852768 -0.415999 -0.466090
1678842872711 0.547335 -0.469755 -0.549168
1678842872724 0.114843 0.008552 -0.385456
1678842872750 -0.159436 0.330478 -0.100182
1678842872775 -0.271224 0.288939 0.063530
1678842872815 -0.254731 0.039706 0.050091
1678842872838 0.050702 -0.213803 0.048869
1678842872853 0.268781 -0.155771 0.034819
1678842872886 0.235794 -0.155160 -0.029322
1678842872918 0.066584 -0.168599 -0.063530
1678842872930 -0.138056 0.069028 -0.045815
1678842872955 -0.271835 0.309098 -0.004887
1678842872981 -0.326202 0.241292 0.027489
1678842873022 -0.312763 0.158825 0.036041
1678842873040 -0.309098 0.244346 0.027489
1678842873058 -0.255342 0.252287 0.052534
1678842873083 -0.176540 0.223577 0.059254
1678842873108 -0.149051 0.211359 0.075747
1678842873140 -0.117897 0.143553 0.117286
1678842873168 -0.030543 0.092852 0.106901
1678842873187 0.026878 0.101404 0.072693
1678842873223 -0.036652 0.044593 0.108734
1678842873241 -0.187536 0.084910 0.185092
1678842873274 -0.311541 0.196699 0.250455
1678842873293 -0.302989 0.075747 0.209527
1678842873324 -0.312763 -0.185703 0.244346
1678842873374 -0.588263 0.245568 0.445321
1678842873398 -0.632246 0.390954 0.626748
1678842873405 -0.422108 0.301767 0.653626
1678842873417 -0.023213 0.108123 0.508240
1678842873445 0.477697 -0.154549 0.404393
1678842873476 0.777631 -0.129503 0.442877
1678842873501 0.510072 0.302989 0.620028
1678842873519 -0.025656 0.453262 0.884533
1678842873545 -0.381180 0.151495 1.234559
1678842873582 -0.337808 0.126449 1.335351
1678842873602 0.021991 0.371406 1.271211
1678842873631 0.271224 0.435547 1.227228
1678842873676 0.291994 0.276722 1.111164
1678842873681 0.296881 0.204640 1.012815
1678842873700 0.254120 0.283441 0.960891
1678842873730 0.240681 0.423940 0.885144
1678842873750 0.325591 0.448375 0.813062
1678842873791 0.329256 0.323759 0.773355
1678842873811 0.223577 0.115454 0.691499
1678842873831 0.187536 0.070250 0.514959
1678842873855 0.138056 0.238848 0.359189
1678842873878 0.051924 0.077580 0.268781
1678842873904 -0.177151 0.034208 0.246790
1678842873932 -0.600481 0.409280 0.249844
1678842873955 -0.601091 0.395230 0.174097
1678842873983 -0.076969 0.140499 0.000611
1678842874034 0.190590 -0.061087 -0.072693
1678842874048 0.229074 -0.209527 -0.149051
1678842874059 -0.004887 0.121562 -0.361021
1678842874083 -0.242514 0.613920 -0.611476
1678842874109 -0.197920 0.560163 -0.629191
1678842874140 0.024435 0.224798 -0.403171
1678842874169 0.172875 0.102014 -0.207083
1678842874195 0.174097 0.078802 -0.189979
1678842874212 0.213192 -0.040317 -0.102014
1678842874239 0.128282 0.005498 0.075136
1678842874263 -0.087965 0.197920 0.178373
1678842874306 -0.114843 0.120340 0.261450
1678842874315 -0.070860 0.050702 0.303600
1678842874340 -0.016493 0.202196 0.257785
1678842874381 0.137445 0.280387 0.241903
1678842874406 0.141110 0.278555 0.281609
1678842874417 0.023824 0.313985 0.406836
1678842874444 -0.116675 0.496023 0.424551
1678842874470 -0.004276 0.375682 0.322537
1678842874495 0.153327 -0.064752 0.448986
1678842874523 -0.191812 0.339641 0.662178
1678842874546 -0.850935 0.955393 1.144151
1678842874574 -0.871705 0.502131 1.155757
1678842874597 -0.094073 -0.339030 0.904081
1678842874622 0.387899 -0.040317 0.788016
1678842874666 0.001833 0.461814 0.750143
1678842874675 -0.467312 0.417221 0.718988
1678842874709 -0.357356 0.109345 0.697608
1678842874730 0.062919 0.031154 0.662178
1678842874751 0.102014 0.209527 0.631024
1678842874776 -0.031154 0.159436 0.636522
1678842874802 0.064141 -0.103847 0.652404
1678842874832 0.155160 -0.207694 0.641409
1678842874855 0.102625 0.006720 0.519846
1678842874879 -0.032376 0.136223 0.331089
1678842874914 -0.084299 -0.145997 0.296881
1678842874933 -0.088575 -0.337808 0.262672
1678842874967 -0.097128 -0.141110 0.147829
1678842874983 -0.217468 0.031154 0.018326
1678842875022 -0.355524 -0.036652 -0.092852
1678842875032 -0.147829 -0.456316 -0.166155
1678842875070 -0.034819 -0.406225 -0.155771
1678842875085 -0.302378 -0.048258 -0.089797
1678842875116 -0.607200 0.507018 -0.119730
1678842875135 -0.361021 0.006109 -0.233961
1678842875163 0.283441 -0.797790 -0.393397
1678842875186 0.463647 -0.295048 -0.587652
1678842875212 -0.006720 0.571770 -0.786794
1678842875239 -0.329867 0.609644 -0.856433
1678842875267 -0.041539 0.045204 -0.675006
1678842875291 0.352469 0.027489 -0.458760
1678842875315 0.446543 0.318872 -0.436769
1678842875341 0.365908 0.117897 -0.428217
1678842875366 0.299935 -0.063530 -0.291383
1678842875398 0.216857 0.072693 -0.107512
1678842875440 0.139277 0.127671 0.074526
1678842875445 0.071471 0.018326 0.102014
1678842875470 0.043982 0.085521 0.060476
1678842875511 0.018326 0.221133 0.075747
1678842875523 -0.066584 0.284663 0.128893
1678842875546 -0.080634 0.156992 0.243124
1678842875574 0.023213 0.070860 0.261450
1678842875598 0.107512 0.065363 0.213803
1678842875629 -0.230296 0.386067 0.337198
1678842875649 -0.729373 0.420886 0.644463
1678842875688 -0.688445 0.141721 0.720210
1678842875703 0.003665 -0.385456 0.649350
1678842875740 0.328645 -0.156382 0.572381
1678842875750 0.056200 0.157603 0.459982
1678842875793 -0.356134 0.194866 0.409280
1678842875819 -0.364687 0.063530 0.461203
1678842875839 -0.021991 -0.070860 0.470366
1678842875855 0.177762 0.056200 0.378126
1678842875887 0.113621 0.000611 0.304822
1678842875905 0.125838 -0.187536 0.306043
1678842875931 0.222355 -0.224188 0.323148
1678842875957 0.203418 -0.069028 0.262672
1678842875982 0.207083 0.149662 0.152105
1678842876007 0.177151 0.115454 0.120951
1678842876038 -0.042761 -0.203418 0.138056
1678842876059 -0.172264 -0.446543 0.043371
1678842876086 -0.017715 -0.117286 -0.188147
1678842876124 0.116675 0.023213 -0.460592
1678842876138 0.156992 -0.407447 -0.686002
1678842876164 -0.077580 -0.184481 -0.784351
1678842876201 -0.336587 0.301157 -0.607200
1678842876216 -0.244957 0.127671 -0.607200
1678842876238 0.109345 -0.646295 -0.748310
1678842876278 0.149662 -0.392175 -0.810007
1678842876293 -0.317039 0.168599 -0.790460
1678842876315 -0.554055 0.109956 -0.702495
1678842876341 -0.145997 -0.311541 -0.643241
1678842876373 0.339641 -0.213192 -0.647517
1678842876404 0.520457 0.058032 -0.701273
1678842876417 0.420886 0.020769 -0.660345
1678842876443 0.203418 -0.067806 -0.447764
1678842876474 0.049480 -0.057421 -0.274278
1678842876498 0.092241 -0.061697 -0.236405
1678842876527 0.144775 -0.029932 -0.207083
1678842876546 0.147219 0.037263 -0.169821
1678842876581 0.213803 -0.000611 -0.069028
1678842876604 0.215635 0.072693 0.095906
1678842876627 -0.012217 0.228464 0.224798
1678842876665 -0.090408 -0.090408 0.216246
1678842876675 -0.071471 -0.015882 0.198531
1678842876700 -0.376904 0.361021 0.327424
1678842876726 -0.892474 0.505186 0.491136
1678842876754 -0.662178 -0.025656 0.566883
1678842876777 0.135001 -0.583376 0.448986
1678842876803 0.412945 -0.185703 0.262061
1678842876828 0.144775 0.210138 0.164323
1678842876856 -0.255342 0.142942 0.328645
1678842876891 -0.357967 -0.063530 0.559553
1678842876905 -0.232740 -0.126449 0.645685
1678842876933 -0.048258 0.122784 0.527788
1678842876956 0.171042 0.122173 0.392175
1678842876983 0.183870 -0.078802 0.285885
1678842877008 0.144775 -0.151495 0.240070
1678842877034 0.079412 -0.025045 0.139888
1678842877071 0.106291 0.133779 -0.025656
1678842877092 0.110567 0.215025 -0.044593
1678842877110 0.023824 0.059254 0.015272
1678842877137 -0.032376 -0.185092 -0.028100
1678842877163 -0.069028 -0.108734 -0.127671
1678842877187 -0.113010 0.052534 -0.153938
1678842877230 0.031765 -0.286496 -0.154549
1678842877247 0.166766 -0.627359 -0.102625
1678842877266 -0.176540 -0.082467 -0.093462
1678842877290 -0.503964 0.320704 -0.221133
1678842877317 -0.147829 0.040928 -0.499077
1678842877341 0.558942 -0.598648 -0.489303
1678842877373 0.657291 -0.472199 -0.446543
1678842877410 -0.109345 0.280387 -0.486249
1678842877424 -0.767247 0.743423 -0.673173
1678842877449 -0.472199 0.280387 -0.601702
1678842877472 0.400728 -0.131336 -0.318872
1678842877496 0.699441 0.243124 -0.236405
1678842877531 0.448986 0.373239 -0.306654
1678842877549 0.252287 0.069639 -0.206472
1678842877574 0.105680 -0.155160 0.051924
1678842877617 -0.032376 0.005498 0.247400
1678842877623 -0.128893 0.138666 0.276111
1678842877649 -0.106901 -0.027489 0.293826
1678842877675 -0.014661 -0.055589 0.340252
1678842877700 0.021380 0.066584 0.285885
1678842877736 -0.077580 0.204029 0.221133
1678842877751 -0.147829 0.217468 0.189979
1678842877779 0.067806 -0.117286 0.140499
1678842877806 -0.003665 0.346361 0.119730
1678842877831 -0.659124 0.766636 0.330478
1678842877856 -0.968221 0.477697 0.588874
1678842877880 -0.498466 -0.241903 0.509462
1678842877927 0.353691 -0.706160 0.320704
1678842877931 0.539394 -0.279165 0.150884
1678842877957 -0.078802 0.337198 0.097128
1678842877984 -0.563218 0.383013 0.211359
1678842878008 -0.490525 0.114232 0.461203
1678842878054 -0.152105 -0.204640 0.606589
1678842878060 0.048869 0.008552 0.525955
1678842878085 0.173486 0.079412 0.450819
1678842878111 0.230907 -0.125838 0.492968
1678842878137 0.204640 -0.122784 0.441045
1678842878165 0.136834 0.084910 0.285885
1678842878202 0.181427 0.118508 0.235183
1678842878215 0.189368 0.062308 0.283441
1678842878246 0.083689 0.011606 0.307265
1678842878264 0.001833 -0.002443 0.181427
1678842878300 0.120951 -0.092852 0.017104
1678842878321 0.233961 -0.274278 -0.164934
1678842878341 -0.059254 0.329256 -0.202807
1678842878379 -0.740369 0.769690 -0.102014
1678842878395 -0.367130 0.019548 -0.004276
1678842878422 0.379958 -0.672563 -0.189979
1678842878444 0.643241 -0.516181 -0.351248
1678842878470 0.467312 -0.236405 -0.390343
1678842878506 -0.145997 0.167988 -0.524733
1678842878526 -0.608422 0.560163 -0.689056
1678842878549 -0.432493 0.450819 -0.442266
1678842878572 -0.017715 -0.060476 -0.044593
1678842878602 0.154549 -0.230907 0.026267
1678842878624 0.337198 -0.254731 -0.065363
1678842878651 0.433103 -0.153327 0.079412
1678842878676 0.182649 -0.007941 0.283441
1678842878704 -0.219911 -0.033598 0.368352
1678842878727 -0.208916 -0.001833 0.326813
1678842878764 0.052534 0.075747 0.302378
1678842878778 0.254731 0.193033 0.329256
1678842878810 0.293826 0.155771 0.436769
1678842878830 0.240070 0.198531 0.472810
1678842878855 0.155771 0.351858 0.508240
1678842878880 -0.150884 0.438601 0.690278
1678842878907 -0.452040 0.282220 0.820392
1678842878933 -0.512516 0.546724 0.763582
1678842878962 0.064752 0.689667 0.819781
1678842878982 0.678671 -0.072693 0.855211
1678842879009 0.710436 -0.747088 0.686002
1678842879053 0.207694 -0.142942 0.307876
1678842879070 -0.210749 0.576046 0.115454
1678842879101 -0.204029 0.477697 0.243124
1678842879115 0.015272 0.183870 0.481973
1678842879141 0.045815 0.105069 0.631635
1678842879164 -0.118508 0.066584 0.668287
1678842879188 -0.161879 -0.041539 0.588263
1678842879215 -0.000611 -0.155160 0.422108
1678842879240 0.213803 -0.073304 0.306654
1678842879267 0.187536 0.249233 0.150884
1678842879291 0.030543 0.209527 0.153327
1678842879316 -0.068417 -0.016493 0.266948
1678842879349 -0.073304 0.038485 0.334754
1678842879371 -0.110567 0.156992 0.370795
1678842879396 -0.088575 0.042761 0.295659
1678842879420 0.150884 -0.451429 0.209527
1678842879450 -0.021991 0.257174 0.144164
1678842879471 0.042150 0.817949 0.113621
1678842879501 0.277333 0.386678 -0.053756
1678842879524 0.353691 -0.087354 -0.207694
1678842879548 0.008552 0.221744 -0.394008
1678842879572 -0.418443 0.513738 -0.619417
1678842879602 -0.217468 0.219911 -0.544281
1678842879626 0.130725 -0.130114 -0.324369
1678842879651 0.136834 -0.107512 -0.270613
1678842879675 -0.006109 0.165544 -0.317039
1678842879711 -0.009163 0.150273 -0.092241
1678842879744 -0.166766 0.098960 0.222355
1678842879758 -0.162490 -0.130725 0.323148
1678842879777 -0.030543 -0.145997 0.298713
1678842879804 0.059865 0.115454 0.321926
1678842879853 0.093462 0.183260 0.271835
1678842879871 0.114232 -0.018326 0.130725
1678842879881 0.142332 -0.028100 0.086743
1678842879906 0.061697 0.171042 0.076969
1678842879934 -0.089186 0.354913 0.020769
1678842879962 -0.125227 0.302989 -0.075747
1678842879983 -0.008552 0.246790 -0.099571
1678842880025 -0.074526 0.343917 -0.067195
1678842880058 -0.474642 0.318872 -0.016493
1678842880067 -0.990823 0.524733 -0.019548
1678842880086 -0.670730 0.328035 -0.034819
1678842880111 0.323148 -0.228464 -0.102625
1678842880137 0.598037 -0.029322 -0.155771
1678842880170 0.081245 0.100182 -0.071471
1678842880208 -0.379958 0.017104 -0.003054
1678842880226 -0.345139 -0.276111 0.019548
1678842880240 0.051924 -0.345139 -0.001833
1678842880271 0.293826 -0.039095 -0.054367
1678842880296 0.149051 -0.115454 -0.114843
1678842880317 0.127060 -0.387899 -0.197309
1678842880342 0.254731 -0.408669 -0.345750
1678842880399 0.315817 -0.163712 -0.469145
1678842880413 0.320093 0.096517 -0.528398
1678842880421 0.305433 -0.044593 -0.588874
1678842880445 0.196699 -0.463036 -0.693943
1678842880470 0.106291 -0.571770 -0.792292
1678842880498 0.144775 -0.394619 -0.824668
1678842880521 0.219911 -0.357967 -0.922406
1678842880547 0.372628 -0.558942 -1.043969
1678842880572 0.474642 -0.918741 -1.116662
1678842880599 0.283441 -0.828944 -1.224174
1678842880631 -0.085521 -0.432493 -1.345125
1678842880649 -0.406225 -0.381180 -1.269378
1678842880677 -0.113621 -0.940122 -1.299310
1678842880713 0.494190 -1.167364 -1.368949
1678842880731 0.392175 -0.486860 -1.546100
1678842880754 -0.194866 -0.148440 -1.676825
1678842880778 -0.400728 -0.357967 -1.560761
1678842880830 -0.057421 -0.582765 -1.326799
1678842880843 0.425162 -0.400117 -1.293813
1678842880854 0.599870 -0.357356 -1.493566
1678842880879 0.502131 -0.425773 -1.415375
1678842880906 0.350026 -0.651182 -1.123992
1678842880931 0.204640 -0.646906 -1.004873
1678842880957 0.255342 -0.450819 -1.036638
1678842880983 0.341474 -0.345139 -0.990823
1678842881008 0.270613 -0.230907 -0.827112
1678842881039 0.102625 -0.145386 -0.709825
1678842881059 0.041539 -0.178373 -0.585820
1678842881085 -0.033598 -0.169210 -0.483194
1678842881115 -0.006720 -0.160047 -0.460592
1678842881149 0.179594 -0.475864 -0.467312
1678842881162 -0.154549 -0.026878 -0.380569
1678842881187 -0.515570 -0.361632 -0.258396
1678842881213 -0.202807 -0.834442 -0.437990
1678842881239 0.502131 -0.671952 -0.682336
1678842881264 0.675006 -0.445321 -0.775188
1678842881291 0.242514 -0.298102 -0.800844
1678842881315 -0.325591 -0.085521 -0.827112
1678842881344 -0.260839 -0.203418 -0.741590
1678842881372 0.161879 -0.480751 -0.655458
1678842881394 0.429438 -0.548557 -0.681115
1678842881419 0.448375 -0.738536 -0.797179
1678842881452 0.502742 -0.831388 -0.843605
1678842881470 0.415388 -0.800233 -0.883311
1678842881495 0.239459 -0.750143 -0.970054
1678842881522 0.060476 -0.577879 -1.003041
1678842881546 0.017715 -0.471588 -0.951117
1678842881610 0.084910 -0.607200 -0.989602
1678842881621 0.147829 -0.636522 -1.111775
1678842881634 0.203418 -0.584598 -1.165531
1678842881648 0.166766 -0.585209 -1.284650
1678842881677 0.248011 -0.727540 -1.377501
1678842881706 0.465479 -1.023810 -1.349401
1678842881727 0.337808 -0.810618 -1.270600
1678842881751 -0.139888 -0.508240 -1.247387
1678842881791 -0.506407 -0.145386 -1.422094
1678842881839 -0.097738 -0.331089 -1.515557
1678842881843 0.694554 -0.664621 -1.365284
1678842881854 0.824057 -0.505796 -1.237613
1678842881880 0.290161 -0.367741 -1.222341
1678842881905 -0.152716 -0.572992 -1.290758
1678842881932 0.113621 -0.805731 -1.270600
1678842881956 0.595594 -0.549168 -1.160033
1678842881982 0.574213 -0.181427 -1.040914
1678842882015 0.167377 -0.359800 -0.858877
1678842882036 -0.133779 -0.480140 -0.601091
1678842882061 -0.070250 -0.460592 -0.371406
1678842882086 0.021991 -0.417832 -0.234572
1678842882122 -0.086743 -0.468534 -0.238237
1678842882142 -0.248622 -0.339641 -0.281609
1678842882163 -0.235794 -0.293215 -0.273057
1678842882187 -0.179594 -0.279776 -0.191201
1678842882223 -0.211970 -0.198531 -0.183260
1678842882239 -0.188147 -0.121562 -0.221133
1678842882265 -0.032376 -0.140499 -0.293826
1678842882296 0.131947 -0.074526 -0.310930
1678842882316 0.147829 -0.017715 -0.275500
1678842882375 0.058643 0.021991 -0.274278
1678842882383 0.043371 0.093462 -0.299935
1678842882394 0.221133 0.044593 -0.281609
1678842882418 0.276111 -0.036041 -0.197309
1678842882444 -0.105680 -0.134390 0.005498
1678842882470 -0.698219 -0.142942 0.246179
1678842882498 -0.681726 -0.166766 0.351248
1678842882521 -0.211970 -0.323148 0.120951
1678842882548 0.208305 -0.461814 -0.039706
1678842882573 0.086743 -0.260229 -0.090408
1678842882603 -0.203418 -0.189979 -0.145386
1678842882623 -0.229685 -0.172875 -0.287718
1678842882651 0.124617 0.094684 -0.354302
1678842882675 0.247400 0.356134 -0.182649
1678842882701 0.135001 0.035430 -0.007330
1678842882725 0.122784 -0.415999 -0.128282
1678842882751 0.434936 -0.334754 -0.386067
1678842882789 0.635300 -0.076358 -0.442877
1678842882814 0.263283 0.042761 -0.407447
1678842882838 -0.171653 0.084299 -0.334754
1678842882855 -0.211970 0.117286 -0.297491
1678842882880 -0.047647 0.009774 -0.235794
1678842882905 0.042761 0.042150 -0.258396
1678842882938 0.045204 0.030543 -0.299324
1678842882959 0.000000 -0.007941 -0.243124
1678842882981 -0.009163 -0.050091 -0.219911
1678842883008 0.022602 0.032987 -0.217468
1678842883059 0.122173 -0.048869 -0.162490
1678842883079 0.075747 -0.137445 -0.083689
1678842883085 -0.081856 -0.055589 -0.080023
1678842883112 -0.146608 -0.120951 -0.142942
1678842883137 -0.000611 -0.243124 -0.147219
1678842883162 0.115454 -0.175929 -0.167377
1678842883188 0.026878 -0.176540 -0.235794
1678842883225 -0.069639 -0.288939 -0.278555
1678842883244 -0.053756 -0.329256 -0.299935
1678842883266 0.035430 -0.364687 -0.248622
1678842883290 0.240681 -0.315206 -0.359189
1678842883316 0.309098 -0.291383 -0.514349
1678842883341 -0.160658 0.324369 -0.594372
1678842883368 -0.660345 0.411112 -0.538172
1678842883397 -0.414777 0.120340 -0.497855
1678842883428 0.306654 -0.171653 -0.420275
1678842883444 0.699441 -0.224188 -0.405004
1678842883470 0.342085 0.042761 -0.564439
1678842883500 -0.220522 0.164934 -0.772745
1678842883523 -0.219301 -0.028100 -0.774577
1678842883554 0.211970 -0.065363 -0.642019
1678842883572 0.251676 0.171653 -0.624304
1678842883604 0.094684 -0.053145 -0.566883
1678842883631 0.142332 -0.350637 -0.439823
1678842883652 0.136834 -0.347582 -0.410501
1678842883708 -0.013439 -0.141110 -0.427606
1678842883721 -0.080634 -0.067195 -0.387289
1678842883728 -0.076358 -0.169821 -0.323759
1678842883751 0.002443 -0.276722 -0.266337
1678842883776 0.064752 -0.302989 -0.231518
1678842883803 0.037874 -0.257785 -0.208916
1678842883831 -0.031765 -0.167377 -0.205251
1678842883867 -0.069028 -0.102014 -0.218690
1678842883886 0.014050 -0.130114 -0.263283
1678842883909 0.147219 -0.174707 -0.296270
1678842883940 0.128282 -0.150273 -0.271835
1678842883957 0.014050 -0.153327 -0.243124
1678842883987 -0.002443 -0.150273 -0.276111
1678842884042 0.061697 -0.115454 -0.288939
1678842884046 0.006720 -0.101404 -0.291994
1678842884061 -0.021991 -0.058643 -0.322537
1678842884098 0.072693 -0.106901 -0.301767
1678842884111 0.113621 -0.162490 -0.226631
1678842884141 0.100182 -0.093462 -0.127671
1678842884182 0.018326 -0.093462 0.017715
1678842884187 -0.115454 -0.253509 0.135001
1678842884214 -0.095295 -0.753808 0.132558
1678842884239 -0.283441 -0.849714 0.122173
1678842884274 -0.354302 -0.146608 0.252287
1678842884291 -0.212581 0.266337 0.301767
1678842884318 -0.195477 0.307265 0.040928
1678842884342 -0.301157 -0.000611 -0.007330
1678842884370 -0.172264 -0.316428 -0.006720
1678842884395 -0.013439 0.150884 -0.114843
1678842884419 0.261450 0.435547 -0.240070
1678842884443 0.492968 0.064141 -0.170431
1678842884469 0.511905 -0.048869 0.030543
1678842884513 0.310320 0.160047 0.184481
1678842884529 0.029932 0.178373 0.164934
1678842884546 0.036652 -0.135612 0.097128
1678842884574 0.191812 -0.084910 -0.032376
1678842884603 0.221133 0.229074 -0.166766
1678842884630 0.098349 0.295659 -0.243735
1678842884662 -0.120340 0.266948 -0.298713
1678842884681 -0.077580 0.224188 -0.310930
1678842884711 0.069639 0.123395 -0.291383
1678842884737 0.144775 -0.068417 -0.217468
1678842884771 0.144164 -0.121562 -0.204029
1678842884781 0.158214 -0.043982 -0.198531
1678842884817 0.049480 -0.062308 -0.159436
1678842884837 -0.091630 -0.121562 -0.087965
1678842884855 -0.095906 -0.265116 -0.083078
1678842884880 0.057421 -0.222355 -0.110567
1678842884916 0.238848 -0.091630 -0.139277
1678842884942 0.274278 -0.249844 -0.176540
1678842884957 0.270002 -0.279776 -0.261450
1678842885000 0.201586 -0.135001 -0.334754
1678842885008 0.249844 0.087965 -0.357356
1678842885033 0.270002 -0.045815 -0.421497
1678842885064 0.216246 -0.609644 -0.514959
1678842885103 -0.111788 0.224188 -0.808175
1678842885118 -0.315817 0.458760 -0.880257
1678842885136 -0.089797 0.043982 -0.866818
1678842885167 0.065363 0.160658 -0.839329
1678842885189 0.361021 -0.422108 -0.648739
1678842885214 0.233351 -0.418443 -0.656680
1678842885238 -0.138056 0.204640 -0.733038
1678842885272 -0.134390 0.057421 -0.606589
1678842885303 0.139888 -0.442877 -0.365908
1678842885320 0.199142 -0.381791 -0.299935
1678842885341 0.061697 -0.183870 -0.382402
1678842885367 0.025656 -0.246179 -0.403171
1678842885404 0.049480 -0.383013 -0.235183
1678842885432 0.047647 -0.397673 -0.183260
1678842885446 0.076358 -0.437380 -0.415999
1678842885470 0.178373 -0.463647 -0.642019
1678842885497 0.233961 -0.376904 -0.718378
1678842885523 0.155771 -0.313985 -0.765414
1678842885548 0.167988 -0.290772 -0.869872
1678842885571 0.249233 -0.275500 -0.894918
1678842885612 0.117897 -0.255342 -0.839940
1678842885658 0.020769 -0.224798 -0.930348
1678842885670 0.131336 -0.140499 -1.073901
1678842885674 0.213192 -0.071471 -1.036638
1678842885711 0.110567 -0.040928 -0.979828
1678842885726 0.067806 -0.141110 -0.963945
1678842885753 0.106901 -0.147219 -0.990213
1678842885777 0.207694 -0.241292 -0.976163
1678842885804 -0.030543 -0.125838 -0.871094
1678842885828 -0.291383 -0.331700 -0.732427
1678842885853 -0.237627 -0.607811 -0.808175
1678842885879 0.132558 -0.651793 -0.995710
1678842885905 0.653015 -0.706771 -1.268156
1678842885959 0.858266 -0.571159 -1.566869
1678842885978 0.702495 -0.445321 -1.624902
1678842885986 0.370184 -0.481973 -1.528385
1678842886007 0.262672 -0.456927 -1.363451
1678842886035 0.478918 -0.428217 -1.153924
1678842886059 0.635911 -0.632246 -1.047023
1678842886086 0.502131 -0.739758 -1.031141
1678842886115 0.406225 -0.776410 -1.035417
1678842886136 0.392786 -0.692721 -1.055575
1678842886163 0.360410 -0.568716 -1.173472
1678842886188 0.351858 -0.598648 -1.223563
1678842886217 0.351858 -0.688445 -1.142318
1678842886254 0.250455 -0.654848 -1.087340
1678842886271 0.220522 -0.567494 -1.117883
1678842886293 0.364687 -0.583987 -1.201572
1678842886317 0.555277 -0.740369 -1.291980
1678842886341 0.643852 -0.777631 -1.352456
1678842886370 0.713491 -0.566272 -1.494787
1678842886399 0.877203 -0.579100 -1.633454
1678842886419 0.849103 -1.045190 -1.751961
1678842886443 0.199142 -0.703106 -1.839315
1678842886470 -0.354302 -0.124617 -1.616349
1678842886496 0.314596 -1.170418 -1.488679
1678842886522 1.043358 -1.591304 -1.746464
1678842886546 0.733038 -0.740980 -1.896737
1678842886573 -0.081856 -0.075136 -1.626734
1678842886612 -0.442877 -0.426995 -1.105055
1678842886626 0.002443 -0.872316 -0.855822
1678842886650 0.634689 -0.681726 -1.043358
1678842886675 0.777021 -0.419664 -1.064127
1678842886703 0.568105 -0.576046 -0.842383
1678842886731 0.276111 -0.706771 -0.632856
1678842886751 0.109345 -0.463647 -0.561996
1678842886777 0.135612 -0.339030 -0.587652
1678842886803 0.168599 -0.379347 -0.559553
1678842886830 0.127671 -0.295048 -0.502131
1678842886858 0.046426 -0.199753 -0.394008
1678842886879 0.020769 -0.193033 -0.320093
1678842886908 0.031154 -0.185092 -0.310320
1678842886932 0.055589 -0.124617 -0.262061
1678842886963 0.030543 -0.094684 -0.180205
1678842886984 -0.029932 -0.199142 -0.119730
1678842887014 0.070860 -0.334143 -0.175929
1678842887046 0.221744 -0.175318 -0.253509
1678842887063 0.008552 0.177151 -0.230907
1678842887105 -0.221133 -0.176540 -0.087354
1678842887115 -0.329867 -0.147829 0.009774
1678842887137 -0.277944 -0.080023 0.122784
1678842887162 0.133779 -0.320093 0.065363
1678842887188 0.358578 -0.174097 -0.061087
1678842887217 0.157603 -0.036041 -0.032376
1678842887248 -0.193033 -0.003054 0.077580
1678842887267 -0.202196 -0.013439 0.193033
1678842887292 0.026878 -0.015272 0.248011
1678842887319 0.309709 -0.103847 0.162490
1678842887342 0.447764 -0.046426 0.120340
1678842887371 0.386678 -0.045815 0.176540
1678842887397 0.150884 -0.021991 0.135001
1678842887440 0.097738 -0.067806 0.079412
1678842887445 0.218690 -0.069028 0.032376
1678842887486 0.244346 -0.006109 -0.008552
1678842887511 0.175318 -0.054367 -0.054367
1678842887527 0.205862 -0.114232 -0.111177
1678842887547 0.414167 -0.129503 -0.171042
1678842887573 0.577268 -0.241292 -0.173486
1678842887599 0.437380 -0.051924 -0.119730
1678842887628 -0.349415 0.627969 0.059865
1678842887649 -0.620028 0.043371 0.239459
1678842887675 -0.021991 -0.732427 0.252287
1678842887701 0.535118 -0.466701 0.147219
1678842887735 0.604757 -0.215635 0.028711
1678842887760 0.034819 -0.008552 -0.243735
1678842887779 -0.614530 0.534507 -0.460592
1678842887811 -0.680504 0.583376 -0.194866
1678842887842 -0.081856 0.071471 0.093462
1678842887862 0.378736 -0.324980 0.124006
1678842887881 0.284052 -0.151495 0.232740
1678842887913 -0.020769 0.154549 0.485027
1678842887935 -0.251676 -0.017104 0.526566
1678842887999 -0.139277 -0.131947 0.546114
1678842888005 0.001833 0.133779 0.521679
1678842888010 0.003054 0.354302 0.544281
1678842888035 -0.120340 0.414167 0.678060
1678842888064 -0.271224 0.301767 0.714712
1678842888094 -0.171653 0.275500 0.687223
1678842888111 -0.017715 0.348193 0.628580
1678842888147 -0.046426 0.445321 0.533896
1678842888188 -0.078802 0.480751 0.465479
1678842888209 0.006720 0.278555 0.556498
1678842888218 0.157603 -0.015882 0.717767
1678842888241 -0.280387 0.706160 0.737925
1678842888268 -0.955393 0.716545 0.710436
1678842888292 -1.023199 0.354302 0.735482
1678842888326 -0.552222 -0.034208 0.720821
1678842888343 -0.113621 -0.275500 0.572381
1678842888375 -0.045204 -0.047647 0.265726
1678842888394 -0.160047 0.166155 -0.020769
1678842888439 -0.010385 0.020769 -0.042150
1678842888451 0.235183 -0.145386 0.012217
1678842888471 0.216246 -0.089797 -0.017104
1678842888508 -0.095906 0.184481 -0.041539
1678842888528 -0.311541 0.030543 -0.144775
1678842888548 -0.313374 -0.353080 -0.201586
1678842888580 -0.308487 -0.284052 -0.156992
1678842888613 -0.395841 -0.010996 -0.183870
1678842888657 -0.421497 -0.004276 -0.269392
1678842888675 -0.357356 -0.328645 -0.197920
1678842888686 -0.330478 -0.359189 -0.131947
1678842888702 -0.265726 -0.178373 -0.188147
1678842888728 -0.094684 -0.121562 -0.185703
1678842888754 0.025656 -0.097738 -0.173486
1678842888778 -0.018326 -0.050702 -0.214414
1678842888808 0.028100 -0.184481 -0.177762
1678842888840 -0.072082 -0.127060 -0.120340
1678842888860 -0.285885 0.189368 -0.134390
1678842888886 -0.263894 0.091019 -0.142942
1678842888907 -0.024435 -0.211359 -0.081856
1678842888938 0.172875 0.087354 -0.079412
1678842888978 0.292604 0.221133 -0.102625
1678842888984 0.492968 -0.150273 0.010996
1678842889030 0.190590 -0.160658 0.208916
1678842889036 -0.456927 0.169210 0.467312
1678842889061 -0.780075 -0.152105 0.600481
1678842889086 -0.470977 -0.263283 0.548557
1678842889119 -0.071471 0.084299 0.465479
1678842889137 0.115454 -0.000611 0.362243
1678842889170 0.215635 -0.049480 0.234572
1678842889189 0.194866 0.238848 0.182038
1678842889226 0.042150 0.506407 0.313374
1678842889241 -0.117286 0.545503 0.530842
1678842889267 -0.075136 0.356745 0.716545
1678842889296 0.073304 0.138666 0.915076
1678842889330 -0.039095 0.317039 0.969443
1678842889342 -0.089186 0.430660 0.902248
1678842889370 0.042150 0.323148 0.973108
1678842889398 0.064752 0.246790 1.018923
1678842889423 -0.045815 0.463036 0.954172
1678842889445 -0.089797 0.533285 0.886976
1678842889471 0.046426 0.399506 0.866207
1678842889503 0.145386 0.462425 0.885144
1678842889553 0.028100 0.616974 0.883922
1678842889571 -0.131336 0.671341 0.801455
1678842889582 -0.136834 0.679893 0.742812
1678842889613 0.065363 0.572381 0.828333
1678842889630 0.083689 0.507018 0.905913
1678842889652 -0.188147 0.552833 0.830166
1678842889676 -0.273057 0.532064 0.803899
1678842889703 -0.287107 0.411112 0.837496
1678842889728 -0.400728 0.494801 0.883311
1678842889763 -0.805120 0.751364 0.877813
1678842889795 -0.883311 0.489914 0.930959
1678842889833 -0.373850 0.188147 0.825279
1678842889849 0.249844 0.375071 0.638965
1678842889878 0.328035 0.553444 0.629802
1678842889891 -0.015882 0.536340 0.785573
1678842889907 -0.313374 0.281609 0.964556
1678842889941 -0.421497 0.203418 1.134377
1678842889963 -0.400117 0.152716 1.161255
1678842889985 -0.336587 0.149051 1.049466
1678842890017 -0.155771 0.056200 0.883311
1678842890035 0.062919 -0.033598 0.656069
1678842890068 0.129503 0.152105 0.452651
1678842890112 0.051313 0.292604 0.395841
1678842890115 -0.039706 0.307265 0.400728
1678842890140 -0.091630 0.194255 0.416610
1678842890168 -0.010996 0.018937 0.348193
1678842890190 0.097128 -0.103847 0.237627
1678842890215 0.129503 0.086743 0.155160
1678842890252 0.006720 0.350026 0.081245
1678842890276 -0.034208 0.201586 0.041539
1678842890299 0.200364 -0.310930 0.085521
1678842890336 -0.037874 0.284052 0.059865
1678842890345 -0.265116 0.494190 0.001833
1678842890381 -0.192423 -0.131947 -0.167988
1678842890396 0.130725 -0.262061 -0.306654
1678842890436 0.442877 0.035430 -0.411723
1678842890446 0.387289 0.400728 -0.529009
1678842890471 0.091630 0.442266 -0.409891
1678842890501 0.012828 -0.033598 -0.049480
1678842890525 0.036041 -0.242514 0.270613
1678842890549 0.099571 -0.090408 0.273668
1678842890586 0.180205 -0.051313 0.205862
1678842890604 0.200975 -0.171653 0.285885
1678842890627 0.189368 -0.109345 0.321926
1678842890651 0.072082 0.065973 0.276111
1678842890685 0.000000 0.039095 0.277333
1678842890703 0.028100 0.069639 0.321315
1678842890736 0.087965 0.059865 0.372628
1678842890754 0.129503 0.151495 0.352469
1678842890780 0.153938 0.161268 0.233351
1678842890805 0.239459 0.086132 0.231518
1678842890831 0.342695 0.178984 0.293826
1678842890857 0.298713 0.412334 0.213803
1678842890882 0.092852 0.478307 0.244346
1678842890913 -0.497855 0.812451 0.485027
1678842890933 -0.524733 0.344528 0.816727
1678842890964 0.104458 -0.197309 0.832609
1678842891012 0.208305 0.226020 0.647517
1678842891016 -0.205251 0.513127 0.576657
1678842891055 -0.366519 0.276722 0.607811
1678842891063 0.111177 -0.050702 0.608422
1678842891087 0.476475 0.003665 0.521068
1678842891114 0.255953 0.141721 0.480140
1678842891150 -0.047037 0.035430 0.568716
1678842891171 0.026267 -0.063530 0.641409
1678842891192 0.137445 0.084299 0.547946
1678842891217 0.118508 0.125838 0.425773
1678842891244 0.048869 0.007330 0.425162
1678842891269 0.113621 -0.000611 0.346361
1678842891307 0.215635 0.044593 0.167377
1678842891320 0.225409 -0.080023 0.010996
1678842891345 0.265726 -0.031154 -0.059865
1678842891370 0.199753 -0.007941 -0.083689
1678842891395 0.122173 -0.108123 -0.127671
1678842891422 0.214414 -0.154549 -0.285885
1678842891448 0.376293 -0.152716 -0.483194
1678842891473 0.276722 0.076969 -0.604146
1678842891510 0.053756 0.208916 -0.676228
1678842891531 -0.262061 0.306043 -0.653626
1678842891560 -0.156382 0.199142 -0.524122
1678842891579 -0.135612 0.365297 -0.434325
1678842891604 -0.175929 0.032376 -0.287107
1678842891649 -0.238237 0.064752 -0.125838
1678842891674 -0.434325 0.412945 0.147219
1678842891678 -0.517403 -0.059254 0.430049
1678842891704 -0.249233 -0.436769 0.467312
1678842891730 0.018937 -0.130725 0.375071
1678842891754 0.050702 0.244957 0.394619
1678842891781 -0.138056 0.084910 0.496633
1678842891806 -0.266948 -0.265116 0.500910
1678842891842 -0.021380 -0.275500 0.431882
1678842891861 0.164323 0.018937 0.361021
1678842891887 -0.077580 0.290161 0.326813
1678842891910 -0.182038 0.270613 0.290772
1678842891948 0.139277 0.108734 0.233351
1678842891969 0.277944 0.265726 0.215635
1678842892016 -0.353691 0.899805 0.205862
1678842892039 -1.092838 0.943176 0.267559
1678842892044 -0.182038 -0.288939 0.248622
1678842892064 1.110553 -0.382402 0.147829
1678842892088 1.043969 0.356134 -0.023213
1678842892114 0.221133 0.522901 -0.079412
1678842892139 -0.356745 -0.103236 0.032987
1678842892164 -0.547335 -0.227242 0.195477
1678842892195 -0.442266 -0.409280 0.293826
1678842892227 -0.283441 -0.473421 0.223577
1678842892243 -0.174707 -0.562607 -0.077580
1678842892271 0.106291 -0.690889 -0.489303
1678842892296 0.531453 -0.704938 -0.783129
1678842892328 0.540616 -0.471588 -0.886976
1678842892365 0.259618 -0.235183 -0.952950
1678842892378 0.098960 -0.648739 -1.001819
1678842892402 0.238848 -0.984104 -1.075734
1678842892423 0.289550 -0.636522 -1.065349
1678842892466 0.077580 -0.590707 -0.988991
1678842892478 0.147829 -0.706160 -1.032362
1678842892512 0.248011 -0.766636 -1.111164
1678842892533 0.198531 -0.618806 -1.141707
1678842892551 0.125838 -0.601091 -1.040303
1678842892575 -0.069028 -0.544281 -0.965167
1678842892604 -0.230907 -0.422108 -0.938900
1678842892627 -0.259007 -0.378126 -0.888198
1678842892652 -0.147829 -0.384234 -0.825279
1678842892677 -0.060476 -0.543670 -0.786794
1678842892703 -0.074526 -0.618196 -0.770301
1678842892748 -0.069639 -0.605978 -0.764192
1678842892760 -0.021991 -0.519846 -0.743423
1678842892795 0.023213 -0.380569 -0.712880
1678842892832 0.050091 -0.298713 -0.686613
1678842892848 -0.017715 -0.248622 -0.680504
1678842892863 -0.077580 -0.229074 -0.622472
1678842892883 -0.014050 -0.252898 -0.559553
1678842892909 0.075136 -0.261450 -0.554055
1678842892935 0.031154 -0.299324 -0.573602
1678842892984 -0.048869 -0.365297 -0.642019
1678842892988 -0.002443 -0.381791 -0.670119
1678842893011 0.123395 -0.254120 -0.692721
1678842893039 0.153327 -0.152716 -0.696997
1678842893075 0.079412 -0.140499 -0.707993
1678842893117 0.034819 -0.122784 -0.718988
1678842893121 0.098960 -0.122784 -0.683558
1678842893139 0.094073 -0.064752 -0.651182
1678842893165 0.048869 -0.133779 -0.602313
1678842893226 0.100793 -0.200364 -0.516181
1678842893232 0.151495 -0.194866 -0.453873
1678842893243 0.119119 -0.165544 -0.445932
1678842893267 0.229685 -0.221744 -0.398895
1678842893295 0.377515 -0.323759 -0.287718
1678842893335 0.045204 -0.224188 -0.257174
1678842893348 -0.442266 -0.244957 -0.267559
1678842893377 -0.450819 -0.550390 -0.236405
1678842893403 -0.065363 -0.474031 -0.287107
1678842893429 0.291383 -0.376293 -0.413556
1678842893447 0.351248 -0.433714 -0.495412
1678842893476 0.220522 -0.353691 -0.577268
1678842893498 0.103847 -0.259618 -0.612087
1678842893544 0.080023 -0.259007 -0.597426
1678842893557 0.117897 -0.271224 -0.490525
1678842893582 0.073915 -0.230296 -0.435547
1678842893620 0.086132 -0.392786 -0.372628
1678842893635 0.266337 -0.588263 -0.251066
1678842893652 0.427606 -0.342085 -0.246790
1678842893680 0.496023 -0.073304 -0.304211
1678842893704 0.422108 -0.155160 -0.268781
1678842893730 0.343306 -0.086743 -0.207083
1678842893759 0.285274 0.013439 -0.170431
1678842893785 0.334754 -0.105680 -0.078802
1678842893830 0.339641 -0.020159 -0.009163
1678842893833 0.405004 -0.031765 0.064752
1678842893859 0.415999 -0.280387 0.091630
1678842893884 0.326202 -0.230296 0.114232
1678842893918 -0.019548 0.104458 0.188147
1678842893935 -0.469145 -0.097738 0.243735
1678842893973 -0.588874 -0.477697 0.319483
1678842893988 -0.607200 -0.514959 0.394008
1678842894012 -0.550390 -0.221133 0.360410
1678842894078 -0.380569 0.438601 0.248011
1678842894089 -0.292604 0.407447 0.239459
1678842894098 -0.566272 0.013439 0.458149
1678842894117 -1.181413 0.107512 0.602313
1678842894140 -1.474018 0.266948 0.655458
1678842894169 -1.338406 0.359800 0.559553
1678842894192 -0.772134 0.197309 0.591318
1678842894218 -0.491136 0.471588 0.571159
1678842894244 -0.438601 0.694554 0.491747
1678842894278 -0.351858 0.428217 0.488081
1678842894303 -0.186314 0.076358 0.542448
1678842894321 -0.080023 0.367130 0.601091
1678842894348 -0.004276 0.766025 0.660956
1678842894373 -0.058032 0.637132 0.698219
1678842894419 -0.106901 0.364076 0.637132
1678842894427 -0.034208 0.308487 0.422108
1678842894448 0.218690 0.327424 0.258396
1678842894476 0.466090 0.372017 0.208916
1678842894499 0.413556 0.329256 0.163712
1678842894526 0.164323 0.047037 0.133169
1678842894563 0.165544 -0.291994 0.108123
1678842894576 0.271835 -0.353691 0.152716
1678842894602 0.133169 0.410501 0.014050
1678842894634 -0.069028 0.465479 0.025656
1678842894654 -0.042150 0.199753 -0.023213
1678842894686 0.211359 -0.048869 0.009774
1678842894706 0.294437 -0.122173 0.135001
1678842894758 0.084910 -0.025045 0.227853
1678842894762 -0.121562 -0.092852 0.142332
1678842894783 -0.026267 -0.145997 0.034819
1678842894807 0.253509 0.154549 -0.014050
1678842894834 0.463647 0.517403 0.040317
1678842894868 0.325591 0.345750 0.145997
1678842894911 0.048258 0.130725 0.233351
1678842894928 0.021991 0.071471 0.282220
1678842894940 0.075136 0.029322 0.286496
1678842894980 0.179594 0.126449 0.238237
1678842894988 0.290772 0.173486 0.189368
1678842895013 0.289550 -0.020159 0.128893
1678842895038 0.284052 -0.071471 0.016493
1678842895064 0.221133 -0.010385 -0.127060
1678842895090 0.175929 -0.099571 -0.230907
1678842895116 0.144775 -0.144164 -0.369573
1678842895146 0.188147 -0.324369 -0.465479
1678842895167 0.237016 -0.234572 -0.560774
1678842895195 0.212581 0.226020 -0.758695
1678842895219 0.343306 0.412334 -0.784351
1678842895255 0.400728 0.125227 -0.726319
1678842895311 0.131336 -0.423940 -0.684169
1678842895321 -0.169821 -0.428217 -0.717767
1678842895330 -0.384234 -0.136834 -0.798401
1678842895346 -0.330478 -0.187536 -0.805731
1678842895371 -0.096517 -0.323148 -0.771523
1678842895397 0.139888 -0.139277 -0.761138
1678842895435 0.162490 0.098960 -0.726319
1678842895455 0.097738 -0.116675 -0.597426
1678842895476 0.169210 -0.283441 -0.478918
1678842895501 0.244957 -0.191201 -0.383623
1678842895540 0.150884 -0.026267 -0.304211
1678842895554 -0.059254 0.085521 -0.226020
1678842895577 -0.185092 0.080023 -0.158825
1678842895602 -0.127060 0.042761 -0.117897
1678842895629 0.060476 0.055589 -0.106291
1678842895656 0.230907 0.076358 -0.084910
1678842895686 0.248011 0.153938 -0.108123
1678842895705 0.311541 0.156382 -0.102014
1678842895738 0.395230 -0.004887 -0.059865
1678842895758 -0.017715 -0.098960 0.059865
1678842895788 -0.549779 0.318261 0.152716
1678842895808 -0.381180 0.207083 0.176540
1678842895835 0.083689 -0.231518 0.263283
1678842895860 0.168599 -0.140499 0.252898
1678842895899 -0.136223 0.184481 0.150884
1678842895911 -0.281609 0.129503 0.068417
1678842895939 0.039706 -0.140499 0.049480
1678842895962 0.378736 -0.226631 0.034208
1678842895990 0.435547 -0.201586 0.006720
1678842896014 0.345139 -0.126449 0.019548
1678842896039 0.208916 -0.247400 0.031765
1678842896067 0.054978 -0.344528 -0.048258
1678842896094 0.086743 -0.190590 -0.188147
1678842896126 0.229074 -0.310930 -0.236405
1678842896143 0.257785 -0.389732 -0.299935
1678842896180 0.192423 -0.269392 -0.400117
1678842896197 0.201586 -0.275500 -0.450819
1678842896220 0.174097 -0.337198 -0.529620
1678842896252 0.169821 -0.400117 -0.677450
1678842896271 0.296881 -0.318872 -0.839940
1678842896302 0.423330 -0.197309 -0.967611
1678842896351 0.097128 -0.259618 -1.136209
1678842896374 -0.273057 -0.304211 -1.334741
1678842896382 0.055589 -0.777631 -1.245554
1678842896398 0.382402 -1.075123 -1.133155
1678842896424 0.042761 -0.801455 -1.211346
1678842896449 -0.448986 -0.508240 -1.368949
1678842896476 -0.431271 -0.712269 -1.412931
1678842896501 -0.053145 -0.794736 -1.447751
1678842896534 0.251066 -0.570548 -1.499674
1678842896553 0.304822 -0.522290 -1.525331
1678842896585 0.316428 -0.706160 -1.486235
1678842896629 0.362854 -0.760527 -1.426370
1678842896633 0.376904 -0.540005 -1.340849
1678842896659 0.218690 -0.357967 -1.294423
1678842896681 0.086132 -0.359189 -1.250441
1678842896736 0.130114 -0.302378 -1.154535
1678842896739 0.156382 -0.175318 -1.062295
1678842896758 0.126449 -0.138666 -0.964556
1678842896786 0.124006 -0.229074 -0.834442
1678842896833 0.140499 -0.397062 -0.719599
1678842896836 0.119730 -0.459371 -0.656069
1678842896867 0.238237 -0.358578 -0.632246
1678842896887 0.312763 -0.357967 -0.508851
1678842896911 -0.032376 -0.171653 -0.547335
1678842896968 -0.222355 -0.499077 -0.458760
1678842896979 -0.042150 -0.531453 -0.563218
1678842896991 0.204640 -0.437380 -0.687834
1678842897013 0.259007 -0.602924 -0.679893
1678842897055 0.050702 -0.414167 -0.754419
1678842897075 -0.147219 -0.233351 -0.861320
1678842897095 -0.073304 -0.298102 -0.896750
1678842897116 0.209527 -0.476475 -0.872316
1678842897146 0.441656 -0.584598 -0.839940
1678842897168 0.480140 -0.575435 -0.849714
1678842897196 0.353691 -0.640187 -0.831998
1678842897220 0.235794 -0.615752 -0.774577
1678842897249 0.182649 -0.509462 -0.727540
1678842897273 0.175318 -0.610254 -0.667065
1678842897303 0.186314 -0.724486 -0.654848
1678842897325 0.230296 -0.643241 -0.675006
1678842897351 0.243735 -0.537561 -0.724486
1678842897378 0.178373 -0.657291 -0.769079
1678842897398 0.226020 -0.641409 -0.780075
1678842897427 0.354913 -0.377515 -0.803288
1678842897450 0.362243 -0.285274 -0.916909
1678842897475 0.232129 -0.698219 -0.956615
1678842897511 -0.092852 -0.507018 -1.087951
1678842897541 -0.276722 -0.174707 -1.130712
1678842897554 -0.202807 -0.507018 -1.122770
1678842897578 0.149051 -0.986547 -1.006095
1678842897605 0.108123 -0.806953 -1.084286
1678842897631 -0.097128 -0.277944 -1.186300
1678842897660 -0.288939 -0.124617 -1.263269
1678842897689 -0.045815 -0.407447 -1.229061
1678842897710 0.329256 -0.532064 -1.183246
1678842897738 0.507018 -0.133169 -1.152703
1678842897765 0.426995 -0.037263 -1.092838
1678842897794 0.276111 -0.252898 -0.950506
1678842897809 0.260839 -0.303600 -0.780075
1678842897842 0.253509 -0.169210 -0.677450
1678842897882 0.188147 -0.152105 -0.605367
1678842897903 0.164323 -0.149051 -0.507629
1678842897912 0.046426 -0.021991 -0.432493
1678842897938 -0.061087 0.095295 -0.306043
1678842897963 -0.107512 0.052534 -0.174097
1678842897990 -0.216246 0.005498 -0.088575
1678842898027 -0.268170 0.002443 -0.042150
1678842898040 -0.138056 -0.197309 0.064141
1678842898083 -0.329256 -0.056200 0.125227
1678842898102 -0.798401 -0.034819 0.257785
1678842898118 -0.938900 -0.293215 0.272446
1678842898143 -0.272446 -0.446543 0.321315
1678842898182 0.178984 0.004887 0.343306
1678842898201 0.009163 0.247400 0.361632
1678842898219 -0.331089 0.133169 0.348193
1678842898249 -0.141721 0.036652 0.359189
1678842898271 0.312763 -0.044593 0.406225
1678842898297 0.605978 0.096517 0.369573
1678842898329 0.482584 0.195477 0.279776
1678842898348 0.232129 -0.150273 0.298713
1678842898374 0.207694 -0.357356 0.320093
1678842898434 0.450819 -0.241292 0.232129
1678842898444 0.463036 -0.083078 0.260839
1678842898459 0.276722 -0.106291 0.311541
1678842898476 0.177151 -0.310930 0.233351
1678842898502 0.218690 -0.376293 0.017715
1678842898537 0.254120 -0.105680 -0.155771
1678842898567 0.027489 0.193033 -0.317039
1678842898582 -0.010385 -0.321926 -0.470977
1678842898604 0.032987 -0.619417 -0.681726
1678842898634 0.017715 -0.097128 -0.817949
1678842898658 -0.008552 0.028711 -0.783129
1678842898682 0.105680 -0.022602 -0.809396
1678842898707 0.192423 -0.376904 -0.848492
1678842898739 0.154549 -0.376904 -0.880257
1678842898767 -0.285274 0.046426 -0.945619
1678842898805 -0.582765 0.135001 -0.971276
1678842898809 -0.399506 -0.225409 -0.886365
1678842898836 -0.080023 -0.236405 -0.702495
1678842898861 -0.017104 0.037874 -0.685391
1678842898892 0.041539 0.015882 -0.726319
1678842898918 0.091019 -0.069639 -0.721432
1678842898950 0.133169 0.003665 -0.615752
1678842898968 0.094073 0.058032 -0.577879
1678842899003 0.067806 -0.017715 -0.533896
1678842899017 0.053145 -0.030543 -0.414167
1678842899054 -0.027489 0.069639 -0.334143
1678842899096 -0.021380 -0.020769 -0.280387
1678842899103 0.074526 -0.037263 -0.174097
1678842899117 0.095295 0.204029 -0.080634
1678842899153 -0.009163 0.114232 0.045204
1678842899189 -0.232129 0.000611 0.099571
1678842899207 -0.489914 0.142942 0.238848
1678842899224 -0.492968 -0.280998 0.438601
1678842899249 -0.140499 -0.632856 0.435547
1678842899273 0.223577 -0.337198 0.108734
1678842899303 0.426384 0.205251 -0.205862
1678842899339 0.129503 0.282831 -0.208305
1678842899352 -0.241292 0.042150 0.113010
1678842899373 -0.249844 0.006109 0.321315
1678842899400 0.016493 0.055589 0.266337
1678842899427 0.299935 -0.169210 0.145386
1678842899451 0.383623 -0.265726 0.091630
1678842899478 0.359189 -0.158214 0.116064
1678842899503 0.224188 -0.136223 0.100793
1678842899528 0.167377 -0.086743 0.032376
1678842899556 0.240681 -0.095906 -0.062308
1678842899583 0.295659 -0.040928 -0.156992
1678842899632 0.309098 -0.044593 -0.254731
1678842899646 0.329256 -0.106901 -0.333532
1678842899661 0.378126 -0.226020 -0.354302
1678842899682 0.494801 -0.137445 -0.348804
1678842899709 0.772745 0.037263 -0.358578
1678842899734 0.896750 -0.297491 -0.389121
1678842899781 0.368352 -0.160658 -0.402560
1678842899801 -0.246790 -0.397673 -0.357967
1678842899811 -0.357356 -0.354302 -0.671341
1678842899836 0.120340 -0.348804 -0.890642
1678842899880 0.445932 -0.581544 -0.977384
1678842899916 0.253509 -0.461814 -1.125825
1678842899938 -0.295048 0.040928 -1.402547
1678842899944 -0.525955 -0.014661 -1.459357
1678842899966 -0.189979 -0.271224 -1.207070
1678842899990 0.388510 -0.486249 -1.046412
1678842900019 0.516792 -0.337198 -1.052521
1678842900041 0.232740 -0.284663 -0.967000
1678842900077 -0.064141 -0.252287 -0.687834
1678842900093 -0.069639 -0.273057 -0.525344
1678842900126 0.051313 -0.246790 -0.547946
1678842900145 0.175929 -0.118508 -0.485027
1678842900178 0.207694 -0.130725 -0.298713
1678842900197 0.216857 -0.288328 -0.172264
1678842900275 0.269392 -0.215025 -0.219911
1678842900297 0.355524 -0.189368 -0.309709
1678842900307 0.422719 -0.256563 -0.300546
1678842900311 0.271835 -0.160658 -0.232740
1678842900326 -0.237627 -0.014050 -0.129503
1678842900349 -0.310930 -0.260229 -0.037263
1678842900375 0.450819 -0.777631 -0.116064
1678842900407 0.599870 -0.340252 -0.335976
1678842900435 0.219911 -0.195477 -0.521068
1678842900468 -0.204640 -0.610254 -0.618196
1678842900482 -0.078802 -0.707382 -0.661567
1678842900503 0.290772 -0.519846 -0.918130
1678842900529 0.552833 -0.322537 -1.119716
1678842900571 0.482584 -0.603535 -0.998154
1678842900583 0.397673 -0.934624 -0.838718
1678842900605 0.403171 -0.879646 -0.930348
1678842900632 0.381180 -0.635911 -1.092838
1678842900658 0.284663 -0.665843 -1.076345
1678842900682 0.184481 -0.712880 -1.032973
1678842900717 0.288328 -0.814894 -1.087951
1678842900737 0.415388 -0.921796 -1.267545
1678842900760 0.395841 -0.888198 -1.390940
1678842900788 0.345139 -0.808175 -1.467909
1678842900821 0.455705 -0.799012 -1.525331
1678842900838 0.663400 -0.659124 -1.731192
1678842900863 0.852768 -0.648739 -2.061670
1678842900891 0.885144 -0.946841 -2.158187
1678842900916 0.634078 -0.936456 -2.199726
1678842900940 0.290772 -0.864374 -2.304795
1678842900969 0.347582 -0.934013 -2.353664
1678842900993 0.654237 -1.058630 -2.403755
1678842901017 0.619417 -0.626748 -2.248595
1678842901043 0.235183 -0.767247 -2.061670
1678842901069 0.129503 -1.036027 -2.058005
1678842901115 0.433714 -1.226617 -2.041512
1678842901128 0.571770 -1.357953 -1.897347
1678842901146 0.500299 -1.319469 -1.933999
1678842901170 0.557720 -1.293202 -2.112372
1678842901196 0.714101 -1.313360 -2.169793
1678842901237 0.651182 -1.203405 -2.039679
1678842901251 0.478307 -1.161866 -1.891239
1678842901275 0.329867 -1.291980 -1.863750
1678842901298 0.266337 -1.138653 -1.850311
1678842901328 0.262672 -0.915076 -1.600467
1678842901353 0.178373 -0.986547 -1.413542
1678842901383 0.207694 -1.212568 -1.543046
1678842901424 0.471588 -1.176526 -1.646282
1678842901451 0.576046 -0.899194 -1.633454
1678842901457 0.520457 -0.759916 -1.643838
1678842901479 0.415388 -0.722654 -1.555263
1678842901506 0.350637 -0.642019 -1.379334
1678842901532 0.328035 -0.461203 -1.211346
1678842901555 0.320704 -0.510072 -1.008538
1678842901581 0.339641 -0.730595 -0.755640
1678842901620 0.259618 -0.888198 -0.577879
1678842901655 -0.208305 -0.934624 -0.312152
1678842901663 -0.577268 -1.009149 -0.098349
1678842901686 -0.448375 -1.179581 -0.386678
1678842901709 0.107512 -0.719599 -0.891252
1678842901734 0.469145 -0.038485 -1.119105
1678842901763 0.103847 -0.040317 -0.990213
1678842901796 -0.384234 -0.352469 -0.684169
1678842901815 -0.312152 -0.748921 -0.733038
1678842901856 0.310930 -0.502742 -0.869872
1678842901868 0.736093 -0.105680 -0.972497
1678842901916 0.515570 -0.077580 -0.956004
1678842901929 0.295048 -0.423330 -0.788016
1678842901939 0.235794 -0.477697 -0.609644
1678842901967 0.307265 -0.230907 -0.497244
1678842901996 0.194255 -0.207694 -0.404393
1678842902021 -0.034208 -0.494801 -0.360410
1678842902043 -0.051924 -0.411723 -0.414777
1678842902069 0.136834 -0.259007 -0.439823
1678842902099 0.194866 -0.369573 -0.339030
1678842902126 0.084299 -0.441045 -0.251066
1678842902144 0.080634 -0.455705 -0.291994
1678842902178 0.183260 -0.307265 -0.319483
1678842902202 0.208916 -0.219911 -0.339641
1678842902228 0.194255 -0.383623 -0.387289
1678842902248 0.287107 -0.764803 -0.353691
1678842902273 -0.020159 -0.575435 -0.104458
1678842902300 -0.825279 0.177762 0.131947
1678842902334 -0.571159 -0.607811 0.087965
1678842902367 0.610865 -1.223563 -0.152105
1678842902377 0.808786 -0.174707 -0.437990
1678842902402 0.120340 0.488692 -0.679282
1678842902428 -0.417221 -0.095295 -0.803899
1678842902462 -0.118508 -0.309709 -0.700662
1678842902486 0.334143 -0.091630 -0.419054
1678842902512 0.153938 -0.019548 -0.236405
1678842902535 -0.160047 -0.133169 -0.105069
1678842902559 -0.046426 -0.028711 -0.001833
1678842902592 0.201586 0.012217 -0.031765
1678842902613 0.106901 0.151495 0.028711
1678842902635 -0.076358 0.100182 0.207083
1678842902668 0.012217 -0.057421 0.351248
1678842902685 0.133779 0.123395 0.309709
1678842902710 0.057421 0.207694 0.241903
1678842902735 0.055589 0.175318 0.153938
1678842902765 0.198531 0.399506 0.046426
1678842902792 0.261450 0.500299 0.059865
1678842902814 0.324369 0.318261 0.274278
1678842902840 0.064752 0.199142 0.608422
1678842902864 -0.961502 0.493579 0.866207
1678842902890 -1.469131 0.246179 0.912633
1678842902917 -0.883922 -0.295659 0.662178
1678842902949 0.120951 -0.445932 0.238237
1678842902971 0.505186 0.309709 -0.061087
1678842902996 0.003054 0.555887 -0.122784
1678842903018 -0.468534 0.170431 0.187536
1678842903057 -0.393397 -0.115454 0.421497
1678842903078 -0.092241 -0.084299 0.430660
1678842903096 0.027489 0.241292 0.366519
1678842903121 0.013439 0.114843 0.378126
1678842903147 0.037263 -0.060476 0.435547
1678842903171 0.118508 0.061697 0.424551
1678842903200 0.118508 0.139888 0.458760
1678842903234 -0.004887 0.037263 0.516181
1678842903249 -0.106901 -0.069028 0.583987
1678842903275 -0.008552 -0.075747 0.499688
1678842903301 0.168599 -0.001222 0.297491
1678842903331 0.345750 -0.001833 0.159436
1678842903356 0.562607 -0.010996 0.125227
1678842903377 0.376904 -0.254731 0.117897
1678842903402 -0.299935 0.169821 0.116064
1678842903433 -0.915687 0.141110 0.244346
1678842903454 -0.603535 -0.083689 0.264505
1678842903479 -0.049480 -0.094073 0.144775
1678842903508 -0.080023 0.044593 0.027489
1678842903533 -0.416610 0.365908 -0.059254
1678842903556 -0.468534 0.401338 -0.130725
1678842903596 -0.012217 0.030543 -0.040317
1678842903607 0.294437 0.189979 0.122173
1678842903650 0.252898 0.447764 0.114232
1678842903667 0.072082 0.171042 0.150273
1678842903685 -0.081245 0.007941 0.309098
1678842903710 -0.022602 0.232740 0.392175
1678842903753 0.133169 0.423330 0.466701
1678842903767 0.092241 0.448375 0.640187
1678842903787 -0.065973 0.321315 0.772134
1678842903813 -0.120340 0.089797 0.864985
1678842903840 -0.114843 -0.003054 0.857655
1678842903866 -0.110567 0.150273 0.725708
1678842903893 -0.068417 0.466090 0.601091
1678842903916 0.022602 0.531453 0.518625
1678842903942 0.277944 0.067806 0.409280
1678842903968 -0.015882 0.324980 0.376904
1678842903994 -0.560163 0.692110 0.532674
1678842904019 -0.830166 0.847270 0.675006
1678842904044 -0.718988 0.200975 0.713491
1678842904071 -0.171042 -0.619417 0.617585
1678842904099 0.021991 -0.234572 0.485638
1678842904122 -0.127060 0.434325 0.462425
1678842904148 -0.094073 0.397062 0.430049
1678842904173 0.172264 0.143553 0.476475
1678842904202 0.321926 0.216246 0.472810
1678842904239 0.232129 0.470366 0.455705
1678842904253 0.114843 0.355524 0.513127
1678842904278 0.100182 0.036652 0.561385
1678842904309 0.212581 0.019548 0.437990
1678842904327 0.277944 0.224798 0.281609
1678842904353 0.116675 0.190590 0.268781
1678842904378 -0.048869 0.073304 0.323148
1678842904404 -0.024435 0.008552 0.355524
1678842904432 0.021991 -0.046426 0.213803
1678842904456 0.019548 -0.038485 0.060476
1678842904491 0.109345 -0.040317 -0.108123
1678842904520 0.207694 -0.260229 -0.235794
1678842904532 -0.234572 0.291994 -0.336587
1678842904571 -0.599870 0.493579 -0.139888
1678842904582 -0.237627 0.133169 -0.097738
1678842904609 0.182038 -0.354302 -0.140499
1678842904634 0.126449 -0.289550 -0.322537
1678842904660 -0.130725 0.225409 -0.478307
1678842904687 -0.353691 0.582765 -0.639576
1678842904711 -0.166766 0.302378 -0.571159
1678842904738 0.150273 -0.089797 -0.376293
1678842904771 0.230907 -0.062308 -0.329256
1678842904808 0.202196 0.073915 -0.343306
1678842904822 0.135612 0.044593 -0.297491
1678842904840 -0.000611 -0.006109 -0.211359
1678842904866 -0.153327 0.182649 -0.196699
1678842904894 -0.142332 0.204640 -0.185092
1678842904942 -0.041539 0.180816 -0.051313
1678842904954 -0.037263 0.100182 0.095295
1678842904974 -0.029322 0.017104 0.073304
1678842904994 0.012828 0.065973 0.034208
1678842905025 -0.029322 0.244346 0.093462
1678842905047 -0.215025 0.331089 0.127060
1678842905072 -0.229685 0.124617 0.116675
1678842905096 -0.459371 0.508851 0.185092
1678842905124 -0.619417 0.428217 0.522901
1678842905162 -0.635300 -0.051924 0.573602
1678842905174 -0.364076 -0.351248 0.378736
1678842905220 -0.089797 -0.018937 0.120340
1678842905238 -0.014050 0.306043 0.010385
1678842905250 -0.329867 0.188147 0.110567
1678842905286 -0.575435 0.096517 0.188147
1678842905305 -0.461203 -0.131336 0.161268
1678842905333 -0.078191 -0.226631 0.152716
1678842905376 0.084910 -0.087965 0.160047
1678842905398 0.056810 -0.042150 0.149662
1678842905405 0.045204 -0.232129 0.191201
1678842905431 0.147829 -0.271224 0.289550
1678842905458 0.156382 -0.107512 0.296270
1678842905483 -0.004887 -0.087965 0.192423
1678842905534 0.034819 -0.306043 0.089797
1678842905543 0.298102 -0.350637 -0.054367
1678842905567 0.351248 -0.050091 -0.246790
1678842905592 0.387289 0.117897 -0.370184
1678842905625 0.411112 -0.058643 -0.339641
1678842905636 0.426384 -0.708604 -0.130114
1678842905661 -0.142332 -0.370184 -0.045815
1678842905688 -0.750753 0.178373 0.065363
1678842905712 -0.731206 -0.092852 0.010385
1678842905738 0.219301 -0.922406 -0.090408
1678842905764 0.676839 -0.505186 -0.397673
1678842905794 0.348193 0.281609 -0.600481
1678842905815 -0.280387 0.658513 -0.712880
1678842905843 -0.138666 0.243735 -0.507629
1678842905866 0.414167 -0.186314 -0.271835
1678842905894 0.497855 -0.047037 -0.255342
1678842905925 0.326813 0.143553 -0.158825
1678842905943 0.211359 0.078802 -0.062308
1678842905975 0.156992 -0.010996 0.039095
1678842905995 0.196699 0.038485 0.125227
1678842906023 0.181427 0.228464 0.097738
1678842906046 0.155160 0.254120 0.058032
1678842906080 0.205862 0.095295 0.142332
1678842906115 0.230907 0.112399 0.265116
1678842906162 0.089797 0.361632 0.273668
1678842906175 -0.008552 0.412945 0.302989
1678842906183 0.035430 0.117286 0.307265
1678842906201 -0.020769 0.251676 0.298102
1678842906227 -0.526566 0.709215 0.425162
1678842906252 -0.453873 0.156382 0.445932
1678842906277 0.375682 -0.460592 0.293215
1678842906314 0.605978 -0.083078 0.136223
1678842906332 0.263283 0.301157 0.079412
1678842906357 -0.244957 0.299324 0.140499
1678842906380 -0.279165 0.054978 0.230296
1678842906406 0.059865 -0.189368 0.184481
1678842906431 0.349415 -0.004276 0.009774
1678842906463 0.237627 0.192423 -0.142942
1678842906494 0.050702 -0.047037 -0.119119
1678842906512 0.072082 -0.201586 -0.150884
1678842906533 0.174097 -0.062308 -0.238848
1678842906560 0.133779 -0.003665 -0.274278
1678842906598 -0.021991 -0.095906 -0.220522
1678842906614 -0.092852 -0.166766 -0.179594
1678842906656 0.021380 -0.254120 -0.234572
1678842906668 0.121562 -0.260229 -0.332311
1678842906697 0.029322 -0.164323 -0.419054
1678842906735 0.120340 -0.549168 -0.491136
1678842906740 0.052534 -0.101404 -0.522901
1678842906769 0.037263 0.237627 -0.414777
1678842906792 0.182038 0.109956 -0.559553
1678842906816 0.247400 -0.425773 -0.615141
1678842906842 -0.010996 -0.492357 -0.434325
1678842906873 -0.491136 -0.122784 -0.503353
1678842906899 -0.616974 0.017715 -0.775188
1678842906930 0.026267 -0.233961 -0.825890
1678842906960 0.496633 -0.195477 -0.668287
1678842906973 0.177762 -0.092852 -0.532064
1678842906998 -0.112399 -0.153938 -0.611476
1678842907023 0.024435 -0.365908 -0.693943
1678842907047 0.102014 -0.268170 -0.649961
1678842907074 0.174097 -0.014050 -0.580933
1678842907109 0.158214 0.064752 -0.591318
1678842907146 0.133779 -0.078802 -0.539394
1678842907152 0.147219 -0.199753 -0.405004
1678842907175 0.146608 -0.086743 -0.346971
1678842907204 0.169821 0.086743 -0.283441
1678842907234 0.018937 0.034208 -0.090408
1678842907259 -0.144775 -0.040928 -0.040928
1678842907278 -0.022602 -0.075136 -0.140499
1678842907317 -0.275500 0.227853 -0.137445
1678842907355 -0.518625 -0.053756 0.183260
1678842907369 -0.280998 -0.342085 0.158214
1678842907398 0.342085 -0.156382 -0.165544
1678842907412 0.555277 0.084299 -0.347582
1678842907434 0.442877 0.212581 -0.423330
1678842907466 0.150884 0.191201 -0.217468
1678842907485 -0.273057 -0.234572 0.138056
1678842907515 -0.298713 -0.536340 0.124617
1678842907557 0.058643 -0.547335 -0.107512
1678842907570 0.401949 -0.246790 -0.148440
1678842907593 0.198531 -0.290161 -0.010385
1678842907613 -0.087965 -0.397062 0.103236
1678842907650 0.066584 -0.494190 0.095295
1678842907664 0.271835 -0.441045 -0.021991
1678842907703 0.307265 -0.260839 -0.142332
1678842907715 0.240681 -0.339641 -0.183870
1678842907741 0.216246 -0.365297 -0.170431
1678842907767 0.257785 -0.191812 -0.208305
1678842907792 0.180816 -0.226631 -0.234572
1678842907819 0.087965 -0.262672 -0.222355
1678842907845 0.195477 -0.502131 -0.180816
1678842907869 -0.010385 -0.249233 -0.148440
1678842907906 -0.404393 -0.111788 -0.044593
1678842907923 -0.434936 -0.103847 -0.227853
1678842907957 0.083689 -0.574213 -0.362243
1678842907971 0.262672 -0.271224 -0.496023
1678842908000 -0.102625 0.332922 -0.708604
1678842908030 -0.428217 0.610865 -0.831998
1678842908050 0.009163 0.066584 -0.703717
1678842908074 0.477697 -0.199753 -0.582155
1678842908114 0.332922 0.053145 -0.573602
1678842908130 0.190590 0.117897 -0.489914
1678842908159 0.226020 -0.021991 -0.322537
1678842908178 0.209527 0.060476 -0.263283
1678842908203 0.169210 0.054978 -0.211359
1678842908233 0.184481 -0.048869 -0.105680
1678842908258 0.158214 0.037874 -0.016493
1678842908280 0.171042 -0.010996 0.049480
1678842908307 0.188757 -0.049480 0.089797
1678842908334 0.079412 -0.058032 0.130725
1678842908361 -0.078802 -0.025656 0.240681
1678842908382 0.021380 -0.214414 0.229685
1678842908408 -0.188147 0.273668 0.150273
1678842908434 -0.651793 0.299324 0.295659
1678842908471 -0.660956 0.014050 0.394008
1678842908509 -0.013439 -0.240681 0.364687
1678842908533 0.303600 -0.216857 0.232129
1678842908537 0.106901 0.017104 0.125227
1678842908563 -0.155160 0.012828 0.326202
1678842908591 -0.311541 -0.113621 0.433714
1678842908635 -0.081856 -0.036041 0.353691
1678842908644 0.127671 0.048258 0.284663
1678842908665 0.107512 -0.025656 0.262672
1678842908704 0.072693 -0.050702 0.306043
1678842908718 0.175929 -0.114232 0.395841
1678842908742 0.130725 -0.147219 0.357356
1678842908778 0.020159 -0.050091 0.253509
1678842908811 0.058032 -0.073915 0.212581
1678842908820 0.075747 -0.131336 0.229074
1678842908845 -0.070250 -0.032376 0.163101
1678842908871 -0.059865 0.014050 0.056200
1678842908897 -0.013439 -0.013439 -0.003665
1678842908941 -0.027489 -0.141721 -0.048258
1678842908947 -0.109956 -0.054978 0.085521
1678842908974 -0.444099 0.205251 0.298102
1678842909000 -0.431271 -0.071471 0.318872
1678842909025 -0.165544 -0.312152 0.164934
1678842909055 -0.039095 -0.313374 0.133779
1678842909076 -0.153327 0.032987 -0.050091
1678842909102 -0.326813 0.557720 -0.375682
1678842909130 -0.089186 0.453262 -0.491747
1678842909185 0.227242 0.010385 -0.389121
1678842909206 0.257785 0.099571 -0.221133
1678842909212 0.069028 0.218079 -0.144775
1678842909283 0.131336 0.124617 -0.147829
1678842909292 0.232129 0.013439 -0.068417
1678842909295 0.164934 0.091630 0.042761
1678842909307 0.128282 0.172264 0.089186
1678842909332 0.197309 0.265116 0.178984
1678842909359 0.223577 0.184481 0.324980
1678842909384 0.147829 0.147219 0.408058
1678842909412 0.136834 0.290161 0.444710
1678842909437 0.078802 0.261450 0.522901
1678842909463 0.113010 -0.057421 0.596815
1678842909489 0.086743 0.098960 0.686002
1678842909514 -0.533285 0.620028 0.744034
1678842909540 -1.012815 0.679282 0.937067
1678842909565 -0.605367 0.256563 0.954782
1678842909604 0.205862 -0.348193 0.813672
1678842909620 0.243735 0.010996 0.637132
1678842909641 -0.167377 0.307876 0.585820
1678842909666 -0.271224 0.151495 0.684169
1678842909697 -0.050091 0.047037 0.665232
1678842909728 0.129503 0.228464 0.583987
1678842909770 0.054367 0.345139 0.565661
1678842909782 0.016493 0.196088 0.571159
1678842909798 0.111177 0.126449 0.624304
1678842909823 0.067195 0.157603 0.674395
1678842909866 -0.086743 0.181427 0.624915
1678842909871 -0.042761 0.169821 0.529009
1678842909898 0.072693 0.052534 0.480140
1678842909925 0.064752 -0.024435 0.477086
1678842909948 -0.061697 0.083078 0.383623
1678842909976 -0.065363 0.207083 0.284663
1678842910015 0.092241 0.175318 0.265116
1678842910026 0.164323 -0.109345 0.354913
1678842910050 -0.357356 0.594372 0.464868
1678842910077 -0.764803 0.436158 0.719599
1678842910105 -0.661567 -0.240070 0.673173
1678842910131 -0.122173 -0.377515 0.549779
1678842910157 0.403171 -0.279776 0.222966
1678842910181 0.337198 0.170431 0.066584
1678842910206 -0.187536 0.724486 -0.026878
1678842910232 -0.315817 0.805120 0.114232
1678842910273 -0.058032 0.299324 0.381180
1678842910292 0.053145 0.055589 0.533285
1678842910313 0.089186 0.248011 0.568105
1678842910334 0.251066 0.307876 0.558942
1678842910363 0.349415 0.405615 0.539394
1678842910389 0.158214 0.530842 0.568105
1678842910426 -0.133779 0.540616 0.668287
1678842910467 -0.171042 0.519235 0.783740
1678842910482 -0.004276 0.498466 0.844827
1678842910503 0.059865 0.485638 0.885144
1678842910513 -0.030543 0.390343 0.907746
1678842910538 -0.120951 0.408058 0.980439
1678842910564 -0.196088 0.511905 1.069625
1678842910595 -0.169210 0.235794 1.053132
1678842910615 -0.240070 0.124006 0.949895
1678842910642 -0.328645 0.587652 1.087951
1678842910668 -0.754419 1.149037 1.382388
1678842910721 -0.992045 0.687223 1.499063
1678842910734 -0.629802 -0.240681 1.460579
1678842910746 -0.206472 -0.086132 1.247387
1678842910770 -0.229685 0.659124 0.950506
1678842910800 -0.316428 0.652404 0.829555
1678842910831 -0.230296 0.310930 0.877813
1678842910846 -0.051924 0.257785 0.857655
1678842910881 0.001833 0.386067 0.842383
1678842910900 -0.058643 0.300546 0.970054
1678842910930 -0.087965 0.206472 1.052521
1678842910950 -0.050702 0.233961 1.029919
1678842910988 -0.047037 0.224798 0.920574
1678842911003 -0.008552 0.180205 0.802677
1678842911035 0.063530 0.135001 0.714712
1678842911069 0.056810 0.095295 0.662178
1678842911077 -0.057421 0.224188 0.609033
1678842911106 -0.073304 0.176540 0.478918
1678842911143 0.087354 0.021991 0.301767
1678842911194 0.227853 -0.135612 0.209527
1678842911199 -0.252898 0.441656 0.255342
1678842911208 -0.646295 0.511294 0.540005
1678842911259 -0.520457 0.173486 0.596204
1678842911273 -0.131947 -0.195477 0.516181
1678842911283 0.106291 -0.311541 0.342695
1678842911308 0.125227 0.144775 0.075747
1678842911335 -0.024435 0.871094 -0.113010
1678842911368 0.159436 0.797790 0.011606
1678842911401 0.280998 0.270002 0.209527
1678842911418 0.271835 0.094073 0.345139
1678842911440 0.233351 0.312763 0.371406
1678842911462 0.265116 0.362243 0.399506
1678842911504 0.260229 0.195477 0.398284
1678842911535 0.116675 0.278555 0.342085
1678842911539 0.029932 0.452040 0.327424
1678842911567 0.086132 0.458149 0.398284
1678842911596 0.068417 0.436769 0.558331
1678842911618 -0.002443 0.321926 0.605367
1678842911643 0.084910 0.276722 0.618806
1678842911704 0.127060 0.367130 0.613309
1678842911715 0.133779 0.594983 0.667065
1678842911723 0.299935 0.233961 0.788016
1678842911745 0.006109 0.654237 0.844216
1678842911770 -0.412945 1.110553 1.091005
1678842911802 -0.505186 0.564439 1.231504
1678842911822 -0.211970 -0.395230 1.225396
1678842911848 0.285274 -0.406836 1.078788
1678842911873 0.243124 0.308487 0.833831
1678842911901 -0.195477 0.465479 0.706160
1678842911927 -0.345139 0.100793 0.756862
1678842911951 -0.344528 -0.194866 0.867429
1678842911987 -0.167988 -0.067806 0.852157
1678842912003 0.171653 0.132558 0.616974
1678842912027 0.340252 0.205251 0.572992
1678842912058 0.022602 0.222355 0.694554
1678842912078 -0.133169 0.109956 0.770912
1678842912105 0.010385 -0.001833 0.605367
1678842912130 0.137445 0.230296 0.498466
1678842912158 0.065973 0.318872 0.535729
1678842912189 -0.094684 0.092852 0.499077
1678842912229 -0.040317 0.031154 0.345750
1678842912235 0.029322 0.246790 0.189368
1678842912259 0.114843 0.084910 0.073915
1678842912298 0.138666 0.080634 0.174097
1678842912322 -0.025656 0.736093 0.261450
1678842912337 -0.085521 0.603535 0.318872
1678842912363 -0.183870 -0.055589 0.164323
1678842912394 -0.052534 -0.047037 0.155771
1678842912428 0.225409 0.246790 0.066584
1678842912445 0.075747 0.737925 -0.051313
1678842912486 -0.130725 0.772745 0.089186
1678842912507 0.040317 0.216246 0.409280
1678842912515 0.350637 0.080023 0.547946
1678842912541 0.422719 0.438601 0.411112
1678842912567 0.359189 0.577879 0.354302
1678842912596 0.103847 0.340863 0.499077
1678842912636 -0.240681 0.244957 0.718378
1678842912644 -0.282220 0.250455 0.741590
1678842912671 -0.097128 0.161879 0.723264
1678842912702 0.052534 0.335365 0.714712
1678842912738 0.158825 0.361021 0.717767
1678842912763 0.124617 0.350026 0.729984
1678842912777 -0.076969 0.516792 0.860709
1678842912807 -0.237627 0.701884 1.000597
1678842912829 -0.211359 0.690889 1.033584
1678842912849 -0.078191 0.579100 0.976163
1678842912908 0.056810 0.637743 0.841772
1678842912915 0.226631 0.580322 0.766025
1678842912946 -0.025045 1.073901 0.772745
1678842912960 -0.159436 0.905302 0.954782
1678842912978 0.216246 0.166766 0.945619
1678842913013 0.434936 -0.026878 0.739147
1678842913034 0.165544 0.298713 0.543670
1678842913072 -0.014050 0.180205 0.268781
1678842913088 -0.027489 -0.319483 -0.062308
1678842913106 0.078802 -0.536951 -0.376904
1678842913136 0.477697 -0.483805 -0.882700
1678842913158 0.842383 -0.405615 -1.426370
1678842913199 0.849103 -0.671341 -1.742188
1678842913210 0.698830 -1.099557 -1.893682
1678842913264 0.673173 -1.375669 -2.074498
1678842913278 0.910189 -1.387886 -2.190563
1678842913286 0.937678 -1.331686 -2.214386
1678842913311 0.566883 -1.528385 -2.396424
1678842913337 0.414167 -1.772731 -2.395203
1678842913363 0.602924 -2.042733 -2.391537
1678842913392 0.637132 -2.367103 -2.512489
1678842913424 0.378126 -2.292577 -2.640160
1678842913460 0.028100 -1.788613 -2.623055
1678842913477 0.043982 -1.756848 -2.387261
1678842913492 0.183870 -2.160630 -2.457511
1678842913518 -0.111177 -1.742799 -2.433076
1678842913571 -0.350026 -1.119716 -2.273030
1678842913584 -0.079412 -1.215011 -2.075109
1678842913598 0.269392 -1.983479 -2.134974
1678842913625 0.152105 -1.795944 -2.302962
1678842913646 0.014050 -1.132544 -2.320677
1678842913671 0.171042 -1.267545 -2.302351
1678842913703 0.343917 -1.681712 -2.277916
1678842913726 0.240070 -1.771509 -2.158187
1678842913771 -0.071471 -1.367116 -1.883298
1678842913789 -0.086132 -0.687834 -1.706758
1678842913801 0.159436 -0.772745 -1.714699
1678842913827 0.270613 -1.103834 -1.685377
1678842913853 0.139277 -1.112386 -1.516778
1678842913877 0.093462 -0.844827 -1.498452
1678842913903 0.400728 -0.798401 -1.601078
1678842913928 0.511294 -0.943787 -1.583974
1678842913954 0.403171 -0.988380 -1.498452
1678842914008 0.252898 -0.897361 -1.372614
1678842914012 -0.069028 -0.818559 -1.249830
1678842914039 -0.120951 -1.047023 -1.252274
1678842914070 0.073915 -1.174083 -1.518611
1678842914082 0.111177 -0.864374 -1.757459
1678842914109 0.236405 -0.640798 -1.637119
1678842914136 0.318261 -0.988380 -1.621847
1678842914159 0.233961 -1.219287 -1.800831
1678842914188 0.152105 -0.949285 -1.848478
1678842914211 0.142332 -0.665843 -1.863750
1678842914236 0.234572 -0.977995 -1.971262
1678842914265 0.274278 -1.334130 -2.092824
1678842914287 0.309709 -1.230283 -2.157576
1678842914332 0.332311 -1.099557 -2.108707
1678842914338 0.245568 -1.186300 -2.064114
1678842914390 0.136834 -1.189965 -2.050064
1678842914403 0.143553 -1.102612 -2.134363
1678842914415 0.204029 -1.207681 -2.178345
1678842914441 0.174707 -1.208902 -2.095879
1678842914466 0.204029 -1.395827 -1.990810
1678842914496 0.422719 -1.679879 -2.051896
1678842914525 0.487470 -1.477072 -2.095879
1678842914546 0.099571 -1.023810 -1.769677
1678842914575 -0.240681 -0.853379 -1.439809
1678842914595 -0.200364 -0.725708 -1.449583
1678842914629 -0.084910 -0.439823 -1.415375
1678842914646 -0.111177 -0.507018 -0.995710
1678842914686 -0.190590 -0.737314 -0.616974
1678842914700 -0.223577 -0.579100 -0.604757
1678842914725 -0.084299 -0.300546 -0.756251
1678842914754 0.004276 0.072693 -0.666454
1678842914775 -0.094684 0.272446 -0.519846
1678842914806 -0.091019 0.108123 -0.419664
1678842914828 -0.073915 0.023213 -0.422719
1678842914872 -0.076969 0.037263 -0.354302
1678842914887 -0.031154 0.062919 -0.335976
1678842914907 -0.033598 0.185092 -0.422719
1678842914929 -0.064752 0.296881 -0.386678
1678842914960 -0.100793 -0.128282 -0.347582
1678842914983 -0.268170 -0.501520 -0.331089
1678842915014 -0.172264 -0.403171 -0.312763
1678842915032 -0.007330 -0.280387 -0.279776
1678842915063 -0.102014 -0.034819 -0.343917
1678842915083 -0.248622 -0.110567 -0.451429
1678842915114 0.062919 -0.411723 -0.389121
1678842915160 0.272446 -0.248011 -0.352469
1678842915165 0.312763 -0.102014 -0.362243
1678842915186 0.244957 -0.202196 -0.327424
1678842915212 0.282831 -0.313985 -0.199753
1678842915236 0.412945 -0.152105 -0.081856
1678842915262 0.589485 -0.063530 -0.067195
1678842915291 0.568716 -0.102014 -0.072082
1678842915314 0.577268 -0.064141 -0.173486
1678842915340 0.610865 0.179594 -0.259618
1678842915370 0.552222 0.185703 -0.223577
1678842915394 0.384845 -0.006109 -0.178373
1678842915421 0.287718 -0.070860 -0.095295
1678842915443 0.198531 -0.091019 -0.043371
1678842915469 0.152716 0.005498 -0.002443
1678842915513 0.076358 -0.038485 0.037874
1678842915531 -0.102014 -0.282831 0.041539
1678842915545 -0.170431 -0.405004 -0.066584
1678842915571 -0.042150 -0.141110 -0.219301
1678842915596 0.255953 -0.111177 -0.330478
1678842915625 0.282220 -0.464258 -0.477086
1678842915656 0.064141 -0.153327 -0.564439
1678842915673 -0.117897 0.078802 -0.538172
1678842915698 -0.076969 -0.299324 -0.586431
1678842915726 0.113621 -0.826501 -0.613920
1678842915753 0.139888 -0.553444 -0.743423
1678842915781 -0.045204 -0.244346 -0.877813
1678842915807 -0.144164 -0.289550 -0.898583
1678842915841 0.065973 -0.418443 -0.776410
1678842915858 0.260839 -0.249233 -0.722043
1678842915879 0.255342 -0.005498 -0.677450
1678842915903 0.149051 -0.151495 -0.587041
1678842915930 0.165544 -0.263283 -0.496023
1678842915964 0.241903 -0.163101 -0.439212
1678842915988 0.152105 -0.114232 -0.409280
1678842916006 0.037263 -0.153938 -0.370795
1678842916035 0.003054 -0.111177 -0.331089
1678842916070 -0.018326 -0.020769 -0.297491
1678842916122 0.053756 -0.003054 -0.221133
1678842916127 0.196088 0.022602 -0.147829
1678842916141 0.154549 0.026267 -0.150884
1678842916176 0.066584 0.043982 -0.191201
1678842916188 0.098960 -0.108123 -0.116675
1678842916212 -0.072693 0.141721 -0.147829
1678842916238 -0.261450 0.140499 -0.086132
1678842916263 -0.108734 0.004276 -0.138056
1678842916295 0.087965 -0.152716 -0.066584
1678842916337 0.050702 -0.141110 -0.071471
1678842916355 -0.142942 -0.134390 -0.078802
1678842916366 -0.222355 -0.189979 -0.108123
1678842916393 0.095295 -0.400728 -0.127060
1678842916422 0.350637 -0.447764 -0.137445
1678842916451 0.275500 -0.391565 -0.241292
1678842916487 0.087354 -0.329256 -0.381791
1678842916505 0.133779 -0.295048 -0.444099
1678842916527 0.259007 -0.296270 -0.407447
1678842916546 0.268781 -0.488081 -0.410501
1678842916578 0.213192 -0.634689 -0.456927
1678842916598 0.162490 -0.615752 -0.546724
1678842916629 0.073915 -0.679893 -0.684169
1678842916672 0.165544 -0.557720 -0.766636
1678842916690 0.400117 -0.480751 -0.996321
1678842916700 0.480140 -0.738536 -1.119716
1678842916726 0.251066 -0.552222 -1.240667
1678842916752 -0.124617 -0.234572 -1.337795
1678842916792 -0.007330 -0.908967 -1.310917
1678842916806 0.310320 -1.280984 -1.204626
1678842916830 0.204640 -0.900415 -1.199129
1678842916854 -0.245568 -0.680504 -1.234559
1678842916880 -0.526566 -0.703717 -1.297478
1678842916905 -0.301767 -0.954172 -1.274876
1678842916933 0.089797 -0.974330 -1.239446
1678842916961 0.323148 -0.717156 -1.216233
1678842916983 0.307265 -0.794125 -1.177748
1678842917009 0.190590 -1.013425 -1.093449
1678842917035 0.031154 -0.981660 -1.033584
1678842917074 0.066584 -0.684169 -0.995710
1678842917090 0.155771 -0.401949 -0.973108
1678842917128 0.115454 -0.198531 -0.968832
1678842917136 0.063530 -0.263283 -0.925461
1678842917162 0.105069 -0.384845 -0.824668
1678842917190 0.133779 -0.376904 -0.734260
1678842917231 0.095906 -0.346971 -0.638965
1678842917239 0.010996 -0.390343 -0.567494
1678842917281 -0.002443 -0.463036 -0.500910
1678842917296 -0.032987 -0.715323 -0.439823
1678842917316 -0.089797 -0.499688 -0.410501
1678842917344 -0.270613 -0.200975 -0.488692
1678842917369 -0.274278 -0.341474 -0.546114
1678842917398 0.018937 -0.605978 -0.559553
1678842917431 0.392786 -0.643852 -0.522901
1678842917445 0.426995 -0.496633 -0.477697
1678842917471 0.178373 -0.343917 -0.466090
1678842917499 -0.062919 -0.162490 -0.422719
1678842917533 -0.028100 -0.276111 -0.357967
1678842917554 0.232740 -0.580322 -0.317650
1678842917578 0.466090 -0.580933 -0.309709
1678842917636 0.480751 -0.491136 -0.370795
1678842917649 0.355524 -0.491136 -0.426384
1678842917663 0.249233 -0.471588 -0.482584
1678842917676 0.230907 -0.397062 -0.566883
1678842917702 0.279165 -0.352469 -0.609644
1678842917727 0.230296 -0.386067 -0.609033
1678842917754 0.174097 -0.499688 -0.611476
1678842917782 0.175318 -0.596204 -0.638965
1678842917806 0.183870 -0.712269 -0.624304
1678842917864 0.112399 -0.533285 -0.621250
1678842917875 -0.054978 -0.486860 -0.683558
1678842917881 -0.262061 -0.803288 -0.817338
1678842917907 -0.304822 -0.674395 -1.002430
1678842917932 -0.186314 -0.457538 -1.037860
1678842917961 -0.056810 -0.156992 -1.122159
1678842917985 -0.027489 -0.158214 -1.118494
1678842918011 -0.144164 -0.368352 -1.065960
1678842918046 -0.269392 -0.355524 -1.053743
1678842918089 -0.177762 -0.190590 -1.076955
1678842918097 -0.000611 -0.335365 -0.982882
1678842918112 0.064141 -0.478918 -0.853379
1678842918137 0.043371 -0.505186 -0.751975
1678842918165 0.079412 -0.574213 -0.673784
1678842918197 0.135001 -0.589485 -0.624304
1678842918216 0.128282 -0.489914 -0.632246
1678842918266 0.083078 -0.405615 -0.635300
1678842918278 -0.015882 -0.379347 -0.614530
1678842918296 -0.189979 -0.372628 -0.626748
1678842918354 -0.198531 -0.386067 -0.624915
1678842918368 -0.109956 -0.302378 -0.596204
1678842918381 -0.051313 -0.142332 -0.492357
1678842918402 -0.088575 0.014661 -0.410501
1678842918420 -0.163101 -0.039706 -0.384845
1678842918465 -0.130114 -0.174707 -0.326813
1678842918472 -0.365908 0.299324 -0.357967
1678842918497 -0.282220 0.421497 -0.309709
1678842918525 -0.055589 -0.018326 -0.288939
1678842918550 0.238237 -0.106291 -0.163101
1678842918574 0.314596 0.036041 -0.115454
1678842918600 0.164323 0.065363 -0.026267
1678842918625 0.056200 0.022602 0.086132
1678842918653 0.091630 0.078802 0.125838
1678842918687 0.241903 0.045815 0.194866
1678842918703 0.277333 -0.130725 0.189979
1678842918728 0.228464 -0.239459 0.219911
1678842918756 0.252898 -0.374460 0.263283
1678842918780 0.208916 -0.315206 0.266337
1678842918805 0.097128 -0.159436 0.178373
1678842918834 0.025656 -0.194255 0.051313
1678842918875 -0.067195 -0.306654 -0.064752
1678842918896 -0.102014 -0.330478 -0.152716
1678842918908 0.021380 -0.238848 -0.248622
1678842918934 0.191812 -0.158214 -0.348804
1678842918966 0.229685 -0.234572 -0.373850
1678842918987 0.092241 -0.368963 -0.381791
1678842919011 -0.034819 -0.607811 -0.414167
1678842919037 -0.135001 -0.326813 -0.604146
1678842919094 -0.263894 -0.047647 -0.725097
1678842919099 -0.411723 -0.110567 -0.816727
1678842919115 -0.467923 -0.382402 -0.809396
1678842919139 -0.358578 -0.494190 -0.866818
1678842919165 -0.238237 -0.212581 -0.965778
1678842919192 -0.171042 0.262672 -1.045801
1678842919217 -0.205862 0.021380 -1.099557
1678842919244 -0.233351 -0.434325 -1.106888
1678842919267 -0.072693 -0.460592 -1.012815
1678842919293 0.139277 -0.240681 -0.899194
1678842919334 0.295048 -0.205251 -0.718378
1678842919347 0.288939 -0.262061 -0.565050
1678842919370 0.175318 -0.374460 -0.392786
1678842919395 0.084910 -0.245568 -0.251066
1678842919422 0.030543 0.014661 -0.155160
1678842919447 -0.050091 0.269392 -0.149662
1678842919479 -0.048869 0.189979 -0.141110
1678842919499 0.115454 0.172264 -0.071471
1678842919545 0.109956 0.359800 -0.030543
1678842919569 -0.097128 -0.002443 0.007330
1678842919578 -0.473421 0.259618 0.073304
1678842919602 -0.715934 0.371406 0.340863
1678842919628 -0.574213 0.232740 0.373850
1678842919656 -0.196699 -0.122784 0.354302
1678842919678 -0.073304 -0.149662 0.352469
1678842919715 -0.257174 -0.202196 0.439212
1678842919752 -0.282831 -0.315206 0.466090
1678842919768 -0.034819 -0.424551 0.457538
1678842919791 0.113621 -0.427606 0.458760
1678842919807 0.139277 -0.346361 0.445932
1678842919849 0.156382 -0.226020 0.373850
1678842919864 0.135612 -0.398284 0.291994
1678842919904 0.196088 -0.483194 0.259618
1678842919917 0.273668 -0.242514 0.271835
1678842919935 0.232129 -0.207694 0.215635
1678842919961 0.167988 -0.357967 0.116064
1678842920005 0.180816 -0.383623 0.024435
1678842920011 0.215635 -0.177762 -0.048869
1678842920038 0.094073 -0.066584 -0.177151
1678842920065 -0.086743 -0.043371 -0.302989
1678842920089 -0.098960 -0.065973 -0.336587
1678842920115 -0.103847 -0.077580 -0.335976
1678842920157 -0.321926 0.147219 -0.521679
1678842920166 -0.386067 0.033598 -0.576046
1678842920194 -0.243735 -0.046426 -0.659734
1678842920217 -0.278555 -0.148440 -0.685391
1678842920242 -0.235183 -0.172875 -0.673173
1678842920270 -0.189979 0.139888 -0.686613
1678842920294 -0.171653 0.290772 -0.714101
1678842920337 -0.083689 -0.084299 -0.691499
1678842920347 -0.000611 -0.218690 -0.653015
1678842920372 0.050091 -0.079412 -0.575435
1678842920396 0.115454 -0.043982 -0.472810
1678842920427 0.169821 -0.108734 -0.362854
1678842920449 0.174707 -0.096517 -0.269392
1678842920474 0.108734 -0.006109 -0.199753
1678842920512 0.034208 0.068417 -0.164323
1678842920528 -0.041539 0.074526 -0.119119
1678842920554 0.040317 0.185703 -0.060476
1678842920579 0.215635 0.197920 -0.084910
1678842920616 0.320704 0.180816 -0.141110
1678842920630 0.243735 0.086743 -0.196088
1678842920655 0.257785 -0.153327 -0.084910
1678842920681 -0.117897 0.213192 -0.019548
1678842920705 -0.306043 0.362243 0.216246
1678842920733 -0.120340 -0.142942 0.280387
1678842920764 0.109956 -0.391565 0.414777
1678842920807 0.007941 -0.098349 0.509462
1678842920812 -0.278555 -0.050091 0.623693
1678842920833 -0.267559 -0.288328 0.632856
1678842920869 0.098960 -0.310930 0.524122
1678842920890 0.394008 -0.268170 0.386678
1678842920914 0.383013 -0.199753 0.307265
1678842920936 0.145997 -0.076358 0.270002
1678842920962 0.057421 0.030543 0.188147
1678842921022 0.130725 0.073915 0.102625
1678842921027 0.265726 0.000000 0.199753
1678842921039 0.063530 0.118508 0.004276
1678842921064 0.139277 0.162490 -0.117897
1678842921092 0.361632 0.133779 -0.199753
1678842921117 0.418443 0.255342 -0.348193
1678842921142 0.266337 0.482584 -0.515570
1678842921170 0.080634 0.315206 -0.598648
1678842921192 -0.005498 -0.237016 -0.537561
1678842921227 -0.108123 -0.217468 -0.562607
1678842921247 -0.206472 0.161268 -0.616974
1678842921280 -0.295048 0.097738 -0.613309
1678842921297 -0.219301 -0.368352 -0.644463
1678842921326 -0.085521 -0.562607 -0.699441
1678842921371 -0.105069 -0.237627 -0.696386
1678842921386 -0.321315 0.263894 -0.732427
1678842921398 -0.307876 -0.044593 -0.676228
1678842921428 -0.088575 -0.260229 -0.602313
1678842921450 0.066584 -0.035430 -0.620028
1678842921480 0.012217 0.071471 -0.657291
1678842921526 -0.051924 -0.047647 -0.607811
1678842921541 0.059254 -0.055589 -0.482584
1678842921560 0.161268 0.032376 -0.335976
1678842921579 0.128893 0.075747 -0.262061
1678842921604 0.045204 0.101404 -0.204640
1678842921629 0.047037 0.201586 -0.164323
1678842921656 0.160047 0.210749 -0.102014
1678842921688 0.201586 0.221744 -0.084910
1678842921707 0.186314 0.124006 -0.072693
1678842921742 0.193033 -0.219301 0.003665
1678842921759 -0.116064 0.189368 -0.026878
1678842921799 -0.455705 0.376904 0.027489
1678842921838 -0.284663 0.044593 0.129503
1678842921843 0.017715 -0.241903 0.096517
1678842921865 0.095295 -0.086132 0.039706
1678842921894 -0.078802 0.217468 0.001833
1678842921940 -0.126449 0.108123 0.008552
1678842921949 0.120951 -0.212581 -0.011606
1678842921964 0.298102 -0.290161 -0.055589
1678842921995 0.190590 -0.119119 -0.124006
1678842922016 0.171042 -0.240681 -0.073915
1678842922056 0.145386 -0.312763 -0.217468
1678842922070 0.233961 -0.260229 -0.304822
1678842922094 0.317039 -0.226020 -0.285885
1678842922118 0.229074 -0.180816 -0.386678
1678842922149 0.211970 -0.232129 -0.402560
1678842922169 0.174097 -0.485638 -0.354302
1678842922194 0.128893 -0.348804 -0.415999
1678842922239 0.188147 -0.307265 -0.505796
1678842922258 0.180205 -0.413556 -0.556498
1678842922271 0.233351 -0.420886 -0.647517
1678842922297 0.190590 -0.423330 -0.767858
1678842922323 -0.023213 -0.444710 -0.890642
1678842922351 -0.201586 -0.304211 -0.919352
1678842922393 -0.099571 -0.205251 -0.898583
1678842922404 0.113010 -0.452651 -0.811840
1678842922426 -0.151495 -0.291383 -0.848492
1678842922451 -0.442877 -0.169821 -0.772745
1678842922478 -0.408058 -0.435547 -0.587652
1678842922503 -0.289550 -0.447153 -0.567494
1678842922537 -0.114843 -0.304822 -0.619417
1678842922556 -0.005498 -0.270002 -0.558331
1678842922580 -0.034208 -0.329256 -0.436158
1678842922604 -0.025045 -0.270002 -0.364687
1678842922650 0.067806 -0.106291 -0.289550
1678842922662 0.067195 -0.020159 -0.222966
1678842922687 0.077580 -0.041539 -0.109345
1678842922710 0.063530 -0.048869 -0.029932
1678842922746 0.116064 -0.043982 0.014050
1678842922786 0.012828 0.021991 -0.000611
1678842922797 -0.137445 -0.097128 0.052534
1678842922810 -0.195477 -0.201586 0.081245
1678842922837 -0.229074 -0.063530 -0.049480
1678842922873 -0.124006 0.053145 -0.140499
1678842922890 -0.017715 0.119119 -0.144164
1678842922936 0.031154 0.070860 -0.175318
1678842922953 0.072082 -0.040317 -0.156382
1678842922965 0.086743 0.023213 -0.147219
1678842922991 0.037874 0.072082 -0.142332
1678842923033 -0.036652 -0.026267 -0.104458
1678842923041 -0.067195 -0.019548 -0.062308
1678842923066 -0.043982 -0.021991 -0.036041
1678842923092 -0.023824 -0.016493 -0.041539
1678842923128 -0.006109 -0.037874 -0.050702
1678842923160 -0.003054 0.003665 -0.040317
1678842923169 -0.004887 0.049480 -0.026267
1678842923203 -0.086743 0.005498 -0.040317
1678842923244 -0.124006 0.073915 -0.056200
1678842923268 -0.088575 0.104458 -0.062308
1678842923272 -0.022602 0.035430 -0.061697
1678842923297 0.029932 0.038485 -0.059254
1678842923326 -0.006109 0.044593 -0.064752
1678842923352 -0.022602 0.041539 -0.060476
1678842923375 0.017104 0.048869 -0.015272
1678842923432 0.053756 0.029322 0.019548
1678842923444 0.064752 -0.006720 0.027489
1678842923458 0.062308 -0.019548 0.021380
1678842923477 0.089186 -0.011606 0.045204
1678842923503 0.064141 0.020159 0.020159
1678842923529 0.065973 0.008552 0.007330
1678842923555 0.072082 -0.020159 0.042761
1678842923583 0.012217 -0.028100 0.043371
1678842923634 -0.008552 -0.006109 0.017104
1678842923642 -0.006720 -0.054978 0.012828
1678842923671 -0.002443 -0.003054 0.017715
1678842923709 0.040317 0.020769 0.027489
1678842923728 -0.000611 0.014661 0.004887
1678842923735 -0.046426 0.006109 -0.004887
1678842923761 -0.018326 -0.002443 0.016493
1678842923792 0.017104 -0.012217 0.025045
1678842923811 0.004887 -0.003054 0.034819
1678842923840 0.005498 -0.026267 0.032987
1678842923867 0.009163 -0.043982 0.023824
1678842923902 0.031765 -0.006720 0.033598
1678842923919 -0.006109 -0.029322 0.040317
1678842923957 -0.041539 -0.063530 0.048258
1678842923967 -0.018326 -0.015882 0.041539
1678842924006 0.017715 -0.040317 0.042761
1678842924044 -0.004887 -0.009163 0.047647
1678842924050 -0.048869 -0.009163 0.037874
1678842924068 -0.086132 0.020769 0.010385
1678842924106 -0.091630 0.036041 -0.013439
1678842924146 -0.201586 0.157603 -0.017715
1678842924151 0.079412 -0.184481 0.082467
1678842924187 0.221744 -0.098349 0.020769
1678842924229 -0.073915 0.169821 -0.171042
1678842924233 -0.092241 -0.075747 0.039095
