# Created at Tue Mar 14 18:14:31 MST 2023
1678842872212 0.129887 0.187441 0.603446 0.764099
1678842872243 0.142968 0.183526 0.602550 0.763421
1678842872254 0.150878 0.180998 0.602250 0.762739
1678842872261 0.152997 0.182128 0.600843 0.763157
1678842872268 0.152423 0.183089 0.600600 0.763234
1678842872285 0.149621 0.184585 0.601360 0.762829
1678842872290 0.144641 0.188352 0.601258 0.762950
1678842872297 0.137682 0.198283 0.604641 0.759037
1678842872320 0.139249 0.196764 0.607170 0.757125
1678842872327 0.140486 0.204222 0.611726 0.751231
1678842872345 0.138518 0.200660 0.620778 0.745106
1678842872358 0.139660 0.200578 0.629267 0.737758
1678842872368 0.143446 0.202761 0.635435 0.731118
1678842872379 0.146799 0.208262 0.638230 0.726457
1678842872389 0.148501 0.218075 0.638351 0.723117
1678842872434 0.147723 0.219320 0.640579 0.720927
1678842872486 0.147246 0.208382 0.638843 0.725793
1678842872545 0.151238 0.203612 0.629730 0.734240
1678842872604 0.146342 0.199618 0.626313 0.739235
1678842872684 0.166857 0.206012 0.613679 0.743718
1678842872717 0.181310 0.206921 0.598585 0.752334
1678842872772 0.174918 0.211003 0.596648 0.754250
1678842872839 0.162662 0.193152 0.602786 0.756890
1678842872899 0.169052 0.184094 0.602564 0.757923
1678842872955 0.165968 0.183448 0.602337 0.758941
1678842873014 0.157215 0.183351 0.605064 0.758659
1678842873036 0.154411 0.183132 0.606827 0.757879
1678842873072 0.154135 0.183976 0.609442 0.755629
1678842873140 0.157972 0.187137 0.613311 0.750916
1678842873192 0.163484 0.188901 0.616148 0.746961
1678842873241 0.167757 0.191764 0.618202 0.743580
1678842873295 0.162218 0.190400 0.624777 0.739653
1678842873379 0.153941 0.182097 0.633213 0.736332
1678842873407 0.140325 0.177106 0.649833 0.725713
1678842873446 0.143117 0.177791 0.656360 0.719096
1678842873506 0.155393 0.191892 0.663540 0.706219
1678842873582 0.141234 0.196360 0.687962 0.684254
1678842873603 0.126233 0.201661 0.700494 0.672834
1678842873678 0.109596 0.213601 0.719886 0.651251
1678842873725 0.112623 0.220645 0.736307 0.629670
1678842873791 0.111002 0.231658 0.752080 0.606951
1678842873833 0.113925 0.230273 0.763662 0.592296
1678842873889 0.118221 0.224524 0.771851 0.582974
1678842873941 0.117046 0.218166 0.779003 0.576071
1678842874024 0.106636 0.215010 0.783208 0.573571
1678842874054 0.111437 0.217639 0.779637 0.576525
1678842874106 0.099822 0.213816 0.775755 0.585255
1678842874175 0.089700 0.202644 0.773090 0.594324
1678842874210 0.090328 0.203566 0.771006 0.596617
1678842874264 0.091722 0.206269 0.771367 0.595007
1678842874331 0.088874 0.205320 0.777266 0.588051
1678842874389 0.088794 0.216717 0.780133 0.580123
1678842874445 0.084284 0.235592 0.784584 0.567293
1678842874501 0.082401 0.238946 0.790809 0.557438
1678842874570 0.067058 0.238268 0.807023 0.536139
1678842874613 0.064232 0.227828 0.825131 0.512960
1678842874672 0.059095 0.230058 0.835656 0.495237
1678842874737 0.045150 0.219397 0.848987 0.478589
1678842874785 0.045602 0.222136 0.857129 0.462499
1678842874848 0.054909 0.222161 0.865313 0.445940
1678842874916 0.056480 0.221552 0.870587 0.435664
1678842874975 0.065640 0.220377 0.872569 0.430987
1678842875024 0.067823 0.221014 0.872429 0.430604
1678842875072 0.073968 0.214381 0.870878 0.436051
1678842875117 0.066584 0.206960 0.871857 0.438862
1678842875172 0.070088 0.201296 0.868406 0.447703
1678842875228 0.069511 0.205462 0.859806 0.462263
1678842875282 0.055134 0.202226 0.852472 0.478911
1678842875339 0.051885 0.210735 0.845407 0.488043
1678842875401 0.054034 0.217998 0.839745 0.494353
1678842875457 0.054221 0.222432 0.839891 0.492105
1678842875504 0.053516 0.223807 0.840313 0.490836
1678842875551 0.048880 0.225489 0.843437 0.485160
1678842875607 0.049378 0.226634 0.846544 0.479126
1678842875645 0.041150 0.225165 0.851761 0.471286
1678842875704 0.035731 0.212340 0.864103 0.454929
1678842875779 0.044334 0.215314 0.869560 0.442199
1678842875833 0.037088 0.207775 0.877704 0.430221
1678842875874 0.037474 0.208179 0.882046 0.421014
1678842875949 0.046869 0.210528 0.885219 0.412151
1678842876003 0.049001 0.215992 0.886283 0.406754
1678842876056 0.055661 0.219792 0.886270 0.403881
1678842876125 0.067970 0.218723 0.884171 0.407164
1678842876203 0.066992 0.217375 0.872744 0.431946
1678842876245 0.063569 0.213698 0.865604 0.448355
1678842876290 0.066637 0.213111 0.857610 0.463302
1678842876347 0.060201 0.198273 0.851139 0.482313
1678842876407 0.063811 0.203403 0.840454 0.498190
1678842876463 0.065352 0.210879 0.831050 0.510505
1678842876522 0.066396 0.212388 0.826893 0.516460
1678842876577 0.067640 0.215876 0.823702 0.519939
1678842876640 0.060899 0.222213 0.824569 0.516719
1678842876695 0.059964 0.218641 0.828280 0.512399
1678842876772 0.042164 0.205079 0.840993 0.498895
1678842876801 0.052726 0.201602 0.844437 0.493461
1678842876855 0.047747 0.204934 0.846541 0.488968
1678842876909 0.040953 0.197894 0.854710 0.478155
1678842876964 0.038859 0.196978 0.861468 0.466436
1678842877003 0.042731 0.199099 0.863375 0.461646
1678842877066 0.045864 0.200410 0.864580 0.458512
1678842877105 0.042942 0.205063 0.863855 0.458105
1678842877163 0.050310 0.213876 0.861486 0.457787
1678842877238 0.051768 0.216076 0.859149 0.460971
1678842877272 0.061802 0.212058 0.856869 0.465819
1678842877334 0.053831 0.207380 0.853585 0.474856
1678842877416 0.066035 0.215400 0.842919 0.488600
1678842877462 0.042000 0.209769 0.837780 0.502352
1678842877534 0.042745 0.226102 0.829432 0.509013
1678842877614 0.044803 0.229198 0.827373 0.510798
1678842877658 0.043917 0.226966 0.833076 0.502535
1678842877745 0.046238 0.223539 0.840481 0.491410
1678842877792 0.047684 0.220624 0.843291 0.487762
1678842877858 0.027361 0.216012 0.851906 0.476284
1678842877928 0.031727 0.204299 0.859878 0.466760
1678842877979 0.039157 0.210042 0.859956 0.463491
1678842878051 0.025477 0.203488 0.866427 0.455245
1678842878092 0.015221 0.209830 0.872243 0.441510
1678842878139 0.019141 0.215208 0.875301 0.432628
1678842878208 0.021412 0.220576 0.878097 0.424067
1678842878246 0.023142 0.225568 0.879490 0.418427
1678842878306 0.029661 0.222881 0.881948 0.414260
1678842878375 0.028813 0.222013 0.880462 0.417932
1678842878431 0.023201 0.214789 0.881439 0.419991
1678842878488 0.038479 0.223967 0.872736 0.432077
1678842878541 0.023255 0.220239 0.868784 0.442909
1678842878582 0.013854 0.212511 0.868278 0.448041
1678842878644 0.023651 0.207685 0.868016 0.450396
1678842878685 0.028254 0.212027 0.868539 0.447087
1678842878739 0.028220 0.207088 0.873829 0.439023
1678842878795 0.028719 0.212377 0.876888 0.430278
1678842878826 0.029896 0.217119 0.879026 0.423414
1678842878889 0.025628 0.225651 0.885664 0.404998
1678842878944 0.015490 0.218619 0.897266 0.383249
1678842879009 0.023039 0.232074 0.903693 0.359095
1678842879071 0.026353 0.235437 0.905493 0.352076
1678842879107 0.012475 0.235424 0.907811 0.346843
1678842879166 -0.014516 0.237653 0.911557 0.335223
1678842879207 -0.012286 0.234999 0.916098 0.324637
1678842879256 -0.007224 0.236938 0.918139 0.317536
1678842879307 -0.010403 0.241256 0.918857 0.312072
1678842879369 -0.007430 0.246584 0.920623 0.302646
1678842879419 0.000197 0.252879 0.921937 0.293401
1678842879452 0.001950 0.253567 0.922491 0.291052
1678842879508 -0.012034 0.261255 0.922015 0.285463
1678842879560 -0.008306 0.261805 0.920182 0.290954
1678842879626 -0.013603 0.250833 0.919441 0.302533
1678842879678 -0.012015 0.252044 0.916661 0.309938
1678842879755 -0.014328 0.253258 0.917394 0.306665
1678842879812 -0.002805 0.251784 0.921325 0.296240
1678842879869 0.004453 0.248607 0.924322 0.289488
1678842879907 0.012690 0.245019 0.926364 0.285751
1678842879963 0.010860 0.244141 0.927750 0.282058
1678842880027 0.002490 0.243715 0.927950 0.281969
1678842880080 -0.012281 0.230631 0.932178 0.278753
1678842880113 -0.014694 0.227395 0.932765 0.279328
1678842880172 -0.010022 0.238123 0.929098 0.282798
1678842880219 -0.011204 0.232216 0.930600 0.282725
1678842880269 0.004383 0.219304 0.933618 0.283273
1678842880333 0.019195 0.216584 0.932475 0.288466
1678842880409 0.027590 0.222830 0.927149 0.299968
1678842880444 0.030650 0.232144 0.919887 0.314606
1678842880491 0.038827 0.232846 0.912512 0.334060
1678842880547 0.044464 0.234986 0.902049 0.359322
1678842880603 0.061652 0.234672 0.887161 0.392522
1678842880672 0.069935 0.222068 0.869286 0.436047
1678842880741 0.089462 0.221794 0.844358 0.479441
1678842880838 0.088554 0.204312 0.816625 0.532483
1678842880862 0.095509 0.211415 0.795705 0.559496
1678842880908 0.099434 0.198626 0.777897 0.587824
1678842880964 0.110117 0.196859 0.757867 0.612175
1678842881013 0.116045 0.200285 0.741550 0.629701
1678842881054 0.116614 0.202589 0.731457 0.640570
1678842881115 0.109785 0.203250 0.719505 0.654943
1678842881153 0.114120 0.201226 0.712314 0.662642
1678842881208 0.110750 0.189779 0.707438 0.671752
1678842881271 0.129416 0.186497 0.688918 0.688377
1678842881337 0.130066 0.185957 0.672373 0.704569
1678842881370 0.128650 0.181719 0.662120 0.715559
1678842881429 0.145886 0.178970 0.640937 0.732043
1678842881493 0.158371 0.167985 0.615076 0.753911
1678842881547 0.165782 0.161370 0.591199 0.772632
1678842881625 0.171731 0.153828 0.566222 0.791352
1678842881677 0.168736 0.139558 0.527828 0.820639
1678842881730 0.178769 0.129113 0.491502 0.842495
1678842881791 0.175709 0.123610 0.463900 0.859444
1678842881844 0.175063 0.121870 0.427095 0.878687
1678842881886 0.190564 0.123555 0.391974 0.891502
1678842881942 0.184985 0.112193 0.357026 0.908695
1678842882020 0.196427 0.112253 0.318574 0.920503
1678842882067 0.196440 0.105087 0.301841 0.926963
1678842882104 0.198091 0.102839 0.296151 0.928697
1678842882163 0.198697 0.092649 0.286488 0.932663
1678842882211 0.203953 0.089370 0.280570 0.933647
1678842882258 0.208921 0.087019 0.275551 0.934265
1678842882313 0.217099 0.086974 0.267197 0.934831
1678842882384 0.231160 0.091027 0.259192 0.933327
1678842882431 0.238899 0.094215 0.252709 0.932839
1678842882497 0.234264 0.088878 0.257120 0.933333
1678842882547 0.230568 0.079628 0.259530 0.934421
1678842882603 0.225256 0.071359 0.255548 0.937477
1678842882652 0.213802 0.068195 0.248068 0.942391
1678842882706 0.217238 0.076417 0.245124 0.941744
1678842882785 0.224691 0.070835 0.236689 0.942589
1678842882819 0.235160 0.075054 0.226058 0.942319
1678842882866 0.229954 0.078701 0.218491 0.945087
1678842882922 0.227124 0.086938 0.210553 0.946849
1678842882974 0.226042 0.097440 0.201446 0.948066
1678842883051 0.227105 0.109888 0.193100 0.948188
1678842883086 0.231933 0.117536 0.187347 0.947256
1678842883149 0.235493 0.120633 0.180947 0.947232
1678842883219 0.243873 0.120254 0.173917 0.946477
1678842883248 0.245993 0.115252 0.167535 0.947701
1678842883298 0.247818 0.108336 0.157123 0.949822
1678842883353 0.246983 0.108488 0.143455 0.952182
1678842883413 0.232232 0.115922 0.134776 0.956277
1678842883423 0.232199 0.116227 0.131253 0.956738
1678842883472 0.245676 0.117010 0.116842 0.955144
1678842883538 0.229260 0.113038 0.097335 0.961867
1678842883570 0.223124 0.109001 0.087988 0.964672
1678842883630 0.190036 0.083147 0.075724 0.975315
1678842883654 0.184987 0.073509 0.068671 0.977579
1678842883723 0.183518 0.071532 0.056931 0.978756
1678842883764 0.179498 0.065899 0.047956 0.980376
1678842883825 0.182618 0.060021 0.040676 0.980507
1678842883876 0.188671 0.056010 0.034908 0.979820
1678842883941 0.206574 0.048786 0.026647 0.976851
1678842883971 0.214736 0.046202 0.022876 0.975311
1678842884044 0.225241 0.041589 0.016762 0.973271
1678842884096 0.236611 0.036661 0.008267 0.970877
1678842884138 0.245316 0.035123 0.001945 0.968805
1678842884195 0.251912 0.034469 0.000281 0.967136
1678842884270 0.246887 0.014741 -0.001126 0.968931
1678842884302 0.238608 0.023511 0.002888 0.970827
1678842884341 0.223574 0.036386 0.002595 0.974004
1678842884397 0.217412 0.033654 0.000623 0.975499
1678842884434 0.221541 0.041510 -0.002044 0.974265
1678842884490 0.234467 0.042116 -0.003183 0.971206
1678842884553 0.204022 0.074734 -0.007274 0.976082
1678842884603 0.198933 0.081010 -0.010974 0.976597
1678842884641 0.200644 0.087463 -0.014542 0.975644
1678842884709 0.200417 0.098389 -0.021689 0.974516
1678842884771 0.210373 0.107739 -0.029507 0.971218
1678842884812 0.220671 0.110185 -0.034531 0.968489
1678842884855 0.226420 0.109509 -0.037588 0.967124
1678842884918 0.241479 0.108855 -0.041304 0.963397
1678842884998 0.260272 0.106323 -0.051534 0.958279
1678842885027 0.266946 0.107102 -0.059475 0.955893
1678842885093 0.264723 0.097782 -0.075662 0.956366
1678842885167 0.254602 0.113944 -0.104354 0.954623
1678842885209 0.258070 0.111184 -0.122460 0.951862
1678842885257 0.252794 0.108861 -0.137118 0.951548
1678842885325 0.247840 0.095325 -0.150983 0.952204
1678842885397 0.241584 0.058794 -0.157428 0.955718
1678842885435 0.238554 0.036040 -0.159637 0.957241
1678842885485 0.229662 -0.000470 -0.168728 0.958533
1678842885539 0.230020 -0.021699 -0.190211 0.954170
1678842885605 0.234414 -0.028681 -0.213967 0.947864
1678842885667 0.234977 -0.029853 -0.231494 0.943560
1678842885698 0.241589 -0.033877 -0.261045 0.933993
1678842885763 0.246257 -0.035207 -0.289298 0.924351
1678842885807 0.248424 -0.034472 -0.310704 0.916821
1678842885870 0.238347 -0.038551 -0.337138 0.909968
1678842885966 0.250253 -0.055477 -0.382714 0.887596
1678842885986 0.230354 -0.048087 -0.416885 0.877970
1678842886043 0.213225 -0.027860 -0.463560 0.859576
1678842886108 0.209278 -0.027252 -0.495987 0.842293
1678842886164 0.207360 -0.038850 -0.529681 0.821541
1678842886221 0.207908 -0.050750 -0.559590 0.800661
1678842886273 0.209724 -0.060818 -0.586798 0.779734
1678842886330 0.213919 -0.073833 -0.616033 0.754514
1678842886373 0.213422 -0.086001 -0.638777 0.734179
1678842886423 0.210532 -0.105073 -0.674257 0.700009
1678842886479 0.207160 -0.106615 -0.710181 0.664350
1678842886534 0.197216 -0.132776 -0.744134 0.624292
1678842886599 0.199686 -0.136256 -0.774103 0.585086
1678842886667 0.187758 -0.148433 -0.800562 0.549377
1678842886724 0.189528 -0.153197 -0.816752 0.522996
1678842886794 0.182403 -0.161533 -0.828305 0.504527
1678842886834 0.179843 -0.166563 -0.835513 0.491764
1678842886897 0.186213 -0.173037 -0.839647 0.479976
1678842886943 0.190010 -0.177799 -0.842741 0.471245
1678842887016 0.187137 -0.180652 -0.846380 0.464742
1678842887108 0.194798 -0.179722 -0.850296 0.454698
1678842887165 0.191756 -0.173674 -0.851724 0.455669
1678842887228 0.192352 -0.177373 -0.852724 0.452107
1678842887283 0.193317 -0.167416 -0.853059 0.454853
1678842887339 0.195533 -0.163897 -0.852542 0.456155
1678842887401 0.203454 -0.166807 -0.850369 0.455691
1678842887476 0.205751 -0.172350 -0.848669 0.455767
1678842887526 0.208811 -0.178711 -0.848227 0.452738
1678842887586 0.208633 -0.188146 -0.850328 0.444989
1678842887639 0.215147 -0.186029 -0.848912 0.445482
1678842887696 0.202040 -0.187339 -0.849323 0.450260
1678842887742 0.201540 -0.202070 -0.847519 0.447505
1678842887813 0.208378 -0.181022 -0.852623 0.443671
1678842887883 0.206750 -0.187520 -0.850648 0.445520
1678842887946 0.208200 -0.187096 -0.843904 0.457683
1678842888008 0.206958 -0.189618 -0.836638 0.470373
1678842888051 0.213706 -0.190603 -0.826626 0.484448
1678842888105 0.212210 -0.196546 -0.813645 0.504300
1678842888183 0.206034 -0.208689 -0.799696 0.523914
1678842888212 0.205635 -0.210151 -0.792190 0.534777
1678842888270 0.207649 -0.201691 -0.776117 0.560219
1678842888328 0.195804 -0.183836 -0.767737 0.581760
1678842888388 0.186583 -0.183478 -0.762615 0.591558
1678842888454 0.185021 -0.173710 -0.765589 0.591156
1678842888507 0.187035 -0.175631 -0.765469 0.590110
1678842888548 0.183397 -0.169967 -0.768686 0.588727
1678842888584 0.176990 -0.168860 -0.772088 0.586550
1678842888675 0.172411 -0.147877 -0.781609 0.580943
1678842888696 0.173599 -0.130271 -0.788879 0.574946
1678842888754 0.180677 -0.121089 -0.793680 0.568124
1678842888812 0.201321 -0.118449 -0.795983 0.558436
1678842888862 0.215066 -0.117801 -0.796375 0.552862
1678842888935 0.212764 -0.113476 -0.798796 0.551162
1678842888982 0.220390 -0.117724 -0.798445 0.547774
1678842889043 0.222077 -0.120694 -0.794358 0.552367
1678842889091 0.208697 -0.113418 -0.789366 0.566113
1678842889120 0.206384 -0.112988 -0.786412 0.571136
1678842889172 0.198824 -0.112983 -0.782534 0.579089
1678842889234 0.189271 -0.102983 -0.780077 0.587410
1678842889281 0.186592 -0.084501 -0.771036 0.602948
1678842889335 0.184889 -0.080246 -0.760322 0.617485
1678842889375 0.182230 -0.073573 -0.743666 0.639015
1678842889431 0.183689 -0.070874 -0.724848 0.660175
1678842889496 0.186344 -0.065571 -0.706824 0.679247
1678842889567 0.196019 -0.060939 -0.687058 0.697004
1678842889586 0.200317 -0.055318 -0.673662 0.709220
1678842889624 0.199939 -0.058410 -0.658966 0.722756
1678842889652 0.200240 -0.058765 -0.646784 0.733568
1678842889707 0.196182 -0.055509 -0.626806 0.752028
1678842889766 0.192677 -0.041318 -0.605643 0.770951
1678842889833 0.184479 -0.027467 -0.587948 0.787103
1678842889881 0.193304 -0.025914 -0.573763 0.795461
1678842889920 0.206423 -0.016520 -0.549451 0.809456
1678842889975 0.206095 -0.006331 -0.523351 0.826794
1678842890032 0.195080 -0.005745 -0.502602 0.842201
1678842890111 0.196980 -0.010134 -0.489924 0.849159
1678842890144 0.204948 -0.006875 -0.478042 0.854064
1678842890190 0.212938 -0.009274 -0.470178 0.856449
1678842890259 0.225565 -0.008347 -0.464304 0.856430
1678842890301 0.226775 -0.009370 -0.463091 0.856757
1678842890377 0.229416 -0.002418 -0.459715 0.857919
1678842890403 0.226131 -0.003846 -0.464998 0.855937
1678842890449 0.235003 -0.004155 -0.473130 0.849061
1678842890504 0.229356 -0.008940 -0.477352 0.848204
1678842890576 0.220695 -0.022497 -0.471860 0.853309
1678842890638 0.220429 -0.037650 -0.462605 0.857899
1678842890701 0.221644 -0.038791 -0.455709 0.861219
1678842890737 0.223424 -0.035404 -0.450383 0.863704
1678842890797 0.225351 -0.026744 -0.443344 0.867149
1678842890851 0.233577 -0.018094 -0.437982 0.867921
1678842890909 0.242088 -0.011058 -0.432259 0.868576
1678842890961 0.238290 0.004459 -0.413525 0.878746
1678842891015 0.241854 -0.000048 -0.395308 0.886137
1678842891059 0.231933 0.008606 -0.379454 0.895627
1678842891114 0.240627 0.001688 -0.366138 0.898910
1678842891173 0.237176 0.002626 -0.353066 0.905033
1678842891231 0.239824 0.001586 -0.339914 0.909363
1678842891254 0.239775 0.002138 -0.334402 0.911416
1678842891315 0.236681 0.005789 -0.330283 0.913708
1678842891356 0.235869 0.009468 -0.333464 0.912731
1678842891412 0.241089 0.014911 -0.338548 0.909417
1678842891470 0.245950 0.010097 -0.349871 0.903879
1678842891517 0.249808 0.010707 -0.361309 0.898297
1678842891582 0.245979 0.015495 -0.372484 0.894712
1678842891654 0.240493 0.012704 -0.376332 0.894638
1678842891688 0.231305 0.008242 -0.366247 0.901273
1678842891752 0.224475 -0.011303 -0.353279 0.908117
1678842891807 0.223023 -0.030804 -0.336672 0.914310
1678842891862 0.221304 -0.051602 -0.324074 0.918334
1678842891917 0.222113 -0.048742 -0.313857 0.921837
1678842891959 0.224019 -0.049688 -0.308501 0.923132
1678842892034 0.225550 -0.037349 -0.301746 0.925571
1678842892051 0.213904 -0.025767 -0.293689 0.931304
1678842892100 0.237018 -0.033282 -0.291407 0.926173
1678842892154 0.238057 -0.027548 -0.290341 0.926430
1678842892220 0.226260 -0.030128 -0.287281 0.930252
1678842892248 0.215796 -0.038457 -0.288366 0.932093
1678842892329 0.214257 -0.061275 -0.313346 0.923122
1678842892382 0.219447 -0.069640 -0.338993 0.912183
1678842892470 0.221116 -0.088010 -0.382506 0.892778
1678842892516 0.215891 -0.094978 -0.409016 0.881519
1678842892540 0.211785 -0.099249 -0.431874 0.871081
1678842892606 0.207937 -0.106808 -0.462398 0.855303
1678842892661 0.202276 -0.109018 -0.485534 0.843479
1678842892714 0.195880 -0.115820 -0.507101 0.831303
1678842892790 0.198024 -0.124116 -0.530034 0.815135
1678842892853 0.202674 -0.128308 -0.551542 0.798913
1678842892896 0.201479 -0.129397 -0.563931 0.790345
1678842892982 0.194782 -0.136752 -0.576817 0.781435
1678842893006 0.185305 -0.149418 -0.590873 0.770847
1678842893075 0.182260 -0.162547 -0.605416 0.757516
1678842893118 0.181223 -0.166114 -0.611065 0.752439
1678842893156 0.181927 -0.174829 -0.624690 0.738986
1678842893230 0.182606 -0.180493 -0.635271 0.728359
1678842893274 0.184484 -0.187837 -0.644724 0.717645
1678842893339 0.186443 -0.195757 -0.649487 0.710693
1678842893378 0.174568 -0.194002 -0.658312 0.706056
1678842893441 0.169643 -0.202913 -0.668053 0.695524
1678842893503 0.180722 -0.180039 -0.689566 0.677808
1678842893562 0.199244 -0.151128 -0.708871 0.659518
1678842893630 0.211701 -0.134153 -0.723658 0.643044
1678842893680 0.225288 -0.139107 -0.729982 0.630096
1678842893732 0.248430 -0.147160 -0.732255 0.616789
1678842893772 0.254505 -0.152195 -0.732885 0.612326
1678842893832 0.259794 -0.165162 -0.730617 0.609448
1678842893884 0.258304 -0.181458 -0.727830 0.608782
1678842893938 0.256353 -0.181695 -0.724975 0.612928
1678842893993 0.235610 -0.179968 -0.725166 0.621477
1678842894068 0.225595 -0.175838 -0.723442 0.628347
1678842894097 0.215969 -0.158977 -0.720028 0.640035
1678842894151 0.192215 -0.133465 -0.712374 0.661637
1678842894206 0.175554 -0.107291 -0.704443 0.679286
1678842894271 0.170983 -0.091229 -0.693132 0.694270
1678842894303 0.168322 -0.089148 -0.686774 0.701471
1678842894340 0.167141 -0.094131 -0.674004 0.713387
1678842894416 0.166915 -0.102397 -0.656678 0.728305
1678842894443 0.160918 -0.122802 -0.640493 0.740807
1678842894491 0.168870 -0.132628 -0.632114 0.744530
1678842894561 0.170088 -0.142663 -0.626072 0.747497
1678842894602 0.170596 -0.151143 -0.623665 0.747726
1678842894640 0.176108 -0.144195 -0.621931 0.749263
1678842894702 0.179349 -0.144593 -0.621137 0.749077
1678842894769 0.187225 -0.117167 -0.623958 0.749597
1678842894824 0.201750 -0.089600 -0.629002 0.745403
1678842894877 0.221384 -0.078230 -0.625422 0.744122
1678842894939 0.225236 -0.077062 -0.619483 0.748045
1678842894981 0.228184 -0.078540 -0.615104 0.750607
1678842894996 0.232598 -0.079574 -0.612579 0.751208
1678842895054 0.240666 -0.089270 -0.609402 0.750159
1678842895106 0.244948 -0.109249 -0.608759 0.746645
1678842895151 0.242666 -0.117124 -0.614384 0.741571
1678842895201 0.244901 -0.122295 -0.626155 0.730066
1678842895301 0.258986 -0.118168 -0.638343 0.715179
1678842895327 0.241959 -0.118849 -0.656494 0.704518
1678842895368 0.225438 -0.107733 -0.675760 0.693484
1678842895434 0.207152 -0.099037 -0.694371 0.682003
1678842895482 0.206550 -0.098317 -0.706372 0.669858
1678842895544 0.208543 -0.102923 -0.713453 0.660986
1678842895587 0.209759 -0.099193 -0.716757 0.657588
1678842895643 0.219721 -0.106342 -0.715597 0.654473
1678842895699 0.230698 -0.114306 -0.714037 0.651048
1678842895754 0.237085 -0.120552 -0.713623 0.648074
1678842895832 0.236249 -0.111963 -0.709767 0.654127
1678842895894 0.234049 -0.118161 -0.705429 0.658505
1678842895943 0.230650 -0.107399 -0.705474 0.661492
1678842896001 0.220569 -0.108085 -0.709041 0.661005
1678842896062 0.216563 -0.117178 -0.709951 0.659802
1678842896127 0.214130 -0.122704 -0.714043 0.655160
1678842896182 0.213303 -0.133568 -0.720504 0.646170
1678842896242 0.211783 -0.151788 -0.726816 0.635489
1678842896299 0.197670 -0.167097 -0.741754 0.618713
1678842896379 0.186002 -0.177981 -0.762419 0.593669
1678842896417 0.174430 -0.191202 -0.788339 0.558155
1678842896456 0.158828 -0.190036 -0.805622 0.538176
1678842896511 0.145788 -0.188340 -0.830602 0.503363
1678842896584 0.111490 -0.183249 -0.858574 0.465661
1678842896640 0.094220 -0.192076 -0.879890 0.424292
1678842896733 0.094197 -0.196597 -0.892323 0.395267
1678842896744 0.096156 -0.198722 -0.904416 0.365096
1678842896795 0.104622 -0.199234 -0.913391 0.339229
1678842896867 0.107579 -0.206494 -0.920344 0.314251
1678842896914 0.111141 -0.219095 -0.922889 0.296514
1678842896988 0.101205 -0.218961 -0.930612 0.275274
1678842897047 0.095629 -0.224402 -0.934351 0.259785
1678842897097 0.099927 -0.205324 -0.946742 0.227017
1678842897161 0.108622 -0.189592 -0.956788 0.191869
1678842897214 0.106156 -0.196559 -0.960915 0.163517
1678842897268 0.097869 -0.201270 -0.963993 0.143627
1678842897316 0.085504 -0.208098 -0.966764 0.121457
1678842897365 0.078492 -0.216915 -0.967723 0.101482
1678842897420 0.072140 -0.232193 -0.967019 0.075871
1678842897475 0.069124 -0.242840 -0.966364 0.048908
1678842897547 0.061477 -0.238827 -0.969022 0.013387
1678842897588 -0.052075 0.235868 0.970273 0.014955
1678842897642 -0.042938 0.228051 0.971449 0.049351
1678842897697 -0.043321 0.222240 0.970384 0.084192
1678842897751 -0.041235 0.226072 0.966078 0.117832
1678842897806 -0.040578 0.229756 0.961458 0.145478
1678842897891 -0.038664 0.234629 0.957158 0.165237
1678842897916 -0.038308 0.237066 0.954018 0.179395
1678842897982 -0.045125 0.240280 0.951610 0.186191
1678842898030 -0.057150 0.241763 0.949968 0.189328
1678842898102 -0.063576 0.240167 0.950414 0.187058
1678842898172 -0.056256 0.218478 0.957637 0.178980
1678842898208 -0.056694 0.220873 0.958829 0.169258
1678842898253 -0.058518 0.215876 0.961097 0.162067
1678842898294 -0.055642 0.220862 0.961308 0.154956
1678842898343 -0.054968 0.234861 0.959322 0.146696
1678842898433 -0.044025 0.241917 0.959034 0.140681
1678842898459 -0.036008 0.253496 0.957174 0.135132
1678842898520 -0.024129 0.258498 0.956622 0.132175
1678842898575 -0.020673 0.262335 0.955010 0.136781
1678842898612 -0.010685 0.257666 0.954260 0.151265
1678842898666 -0.012347 0.255787 0.951192 0.172205
1678842898714 -0.012860 0.257012 0.947082 0.191872
1678842898769 -0.014176 0.254877 0.942237 0.216855
1678842898809 -0.022319 0.244827 0.940629 0.234048
1678842898865 -0.021316 0.228007 0.939506 0.254728
1678842898929 -0.019762 0.223952 0.935435 0.272794
1678842898969 -0.021204 0.226916 0.930728 0.286017
1678842899053 -0.021553 0.230922 0.925084 0.300716
1678842899109 -0.019340 0.233083 0.922344 0.307538
1678842899183 -0.022698 0.234834 0.922103 0.306698
1678842899224 -0.026259 0.225628 0.926457 0.300133
1678842899274 -0.012349 0.218395 0.930497 0.293813
1678842899346 -0.015477 0.223080 0.928112 0.297662
1678842899398 -0.027739 0.220938 0.929621 0.293637
1678842899433 -0.027295 0.216758 0.931349 0.291307
1678842899480 -0.020098 0.222907 0.930273 0.290689
1678842899519 -0.015815 0.226674 0.929790 0.289583
1678842899582 -0.012027 0.231759 0.928119 0.291098
1678842899645 -0.002808 0.247139 0.922852 0.295396
1678842899677 0.005724 0.258156 0.917373 0.302900
1678842899733 0.011094 0.275894 0.908926 0.312432
1678842899806 0.020742 0.282750 0.902339 0.324663
1678842899872 0.023734 0.275728 0.896208 0.346731
1678842899923 0.030651 0.279367 0.884597 0.372160
1678842899942 0.022637 0.275946 0.877445 0.391704
1678842900001 0.017315 0.264301 0.861641 0.432919
1678842900048 0.021655 0.269564 0.848159 0.455513
1678842900103 0.022414 0.265584 0.840106 0.472425
1678842900176 0.029188 0.265176 0.833254 0.484270
1678842900281 0.040588 0.264543 0.828206 0.492386
1678842900309 0.050213 0.266784 0.822161 0.500355
1678842900328 0.053625 0.267219 0.819592 0.503971
1678842900379 0.060108 0.260263 0.818685 0.508336
1678842900455 0.070863 0.254786 0.810891 0.522033
1678842900481 0.074362 0.244997 0.806392 0.533085
1678842900530 0.079276 0.227485 0.793955 0.558212
1678842900584 0.082342 0.225589 0.774253 0.585544
1678842900639 0.098278 0.223768 0.753394 0.610464
1678842900714 0.113735 0.219110 0.724982 0.643005
1678842900750 0.125646 0.215531 0.705199 0.663667
1678842900794 0.135374 0.210921 0.682976 0.686098
1678842900838 0.140972 0.198145 0.654770 0.715641
1678842900901 0.149563 0.186748 0.610283 0.755190
1678842900948 0.148163 0.167397 0.559093 0.798399
1678842900990 0.157108 0.163100 0.516906 0.825544
1678842901066 0.170863 0.159588 0.443584 0.865200
1678842901131 0.186816 0.142519 0.379291 0.894945
1678842901189 0.193190 0.112627 0.322934 0.919623
1678842901244 0.181171 0.074438 0.263819 0.944476
1678842901273 0.173732 0.059438 0.223607 0.957227
1678842901318 0.164637 0.048880 0.175482 0.969387
1678842901380 0.168434 0.034429 0.129811 0.976521
1678842901444 0.175483 0.020648 0.101457 0.979023
1678842901470 0.178881 0.025493 0.048671 0.982335
1678842901530 0.188565 0.041013 -0.005586 0.981188
1678842901574 0.203054 0.057595 -0.037189 0.976765
1678842901656 0.218785 0.059782 -0.065411 0.971741
1678842901684 0.210080 0.043611 -0.075074 0.973822
1678842901707 0.207179 0.033139 -0.084248 0.974105
1678842901763 0.215120 0.031372 -0.113481 0.969464
1678842901818 0.208331 0.030019 -0.136344 0.968043
1678842901866 0.211500 0.023078 -0.155067 0.964723
1678842901926 0.234093 0.043044 -0.188582 0.952777
1678842901959 0.241162 0.049277 -0.199501 0.948479
1678842902005 0.253289 0.054193 -0.217672 0.941024
1678842902040 0.252093 0.050071 -0.225264 0.939786
1678842902108 0.271399 0.053867 -0.242449 0.929871
1678842902173 0.288366 0.046718 -0.251547 0.922706
1678842902219 0.297238 0.033755 -0.259737 0.918176
1678842902266 0.297678 0.018894 -0.271596 0.915023
1678842902300 0.294947 0.017254 -0.272549 0.915656
1678842902374 0.285674 -0.003921 -0.279969 0.916511
1678842902416 0.293480 0.001864 -0.291184 0.910537
1678842902471 0.286136 0.004469 -0.311032 0.906292
1678842902517 0.290515 0.003880 -0.316980 0.902834
1678842902571 0.277517 0.017920 -0.324544 0.904065
1678842902630 0.278946 0.020029 -0.324495 0.903599
1678842902687 0.280023 0.019441 -0.315867 0.906332
1678842902740 0.282500 0.019701 -0.308346 0.908146
1678842902795 0.282086 0.016138 -0.302533 0.910297
1678842902851 0.287073 0.017245 -0.288753 0.913188
1678842902905 0.260934 0.027855 -0.263356 0.928322
1678842902961 0.254114 0.019027 -0.256186 0.932434
1678842903018 0.258920 0.029737 -0.254533 0.931284
1678842903073 0.247543 0.034457 -0.248082 0.935944
1678842903121 0.244064 0.040842 -0.238953 0.938971
1678842903174 0.246824 0.040397 -0.228614 0.940841
1678842903238 0.251360 0.039947 -0.215758 0.942693
1678842903284 0.253269 0.034106 -0.201541 0.945554
1678842903340 0.254781 0.023865 -0.194237 0.946989
1678842903395 0.262767 0.016634 -0.192069 0.945403
1678842903468 0.242900 0.019938 -0.183365 0.952355
1678842903533 0.233475 0.016643 -0.180204 0.955374
1678842903596 0.222555 0.024421 -0.180200 0.957811
1678842903644 0.227862 0.026230 -0.177817 0.956960
1678842903680 0.225474 0.028550 -0.172030 0.958516
1678842903753 0.226324 0.031508 -0.160724 0.960184
1678842903791 0.230437 0.038156 -0.141219 0.962029
1678842903840 0.228885 0.035513 -0.120924 0.965261
1678842903901 0.225337 0.030371 -0.096038 0.969060
1678842903956 0.226448 0.030136 -0.080557 0.970218
1678842903996 0.230090 0.035718 -0.069579 0.970022
1678842904057 0.211361 0.049844 -0.046669 0.975020
1678842904100 0.207752 0.036875 -0.035154 0.976854
1678842904158 0.204084 0.045895 -0.021508 0.977640
1678842904234 0.207732 0.056558 -0.007723 0.976519
1678842904271 0.212696 0.063480 0.007441 0.975026
1678842904327 0.218904 0.062760 0.019145 0.973538
1678842904383 0.221982 0.065496 0.027574 0.972458
1678842904438 0.228112 0.064741 0.035732 0.970823
1678842904495 0.230883 0.059924 0.035851 0.970473
1678842904548 0.232341 0.062396 0.029424 0.970185
1678842904611 0.224203 0.067039 0.027223 0.971853
1678842904651 0.226290 0.063207 0.020184 0.971797
1678842904706 0.215549 0.073133 0.008699 0.973712
1678842904770 0.213624 0.075482 -0.002783 0.973992
1678842904834 0.216138 0.077551 -0.012891 0.973193
1678842904883 0.213799 0.081345 -0.017735 0.973323
1678842904947 0.211672 0.086174 -0.019244 0.973344
1678842904974 0.210090 0.086263 -0.017021 0.973720
1678842905026 0.203940 0.084412 -0.014687 0.975227
1678842905062 0.199476 0.089706 -0.010933 0.975727
1678842905121 0.190120 0.100335 -0.002894 0.976616
1678842905165 0.177201 0.100094 0.011907 0.978999
1678842905216 0.173306 0.094794 0.016251 0.980161
1678842905267 0.164140 0.103901 0.019909 0.980748
1678842905331 0.149789 0.101799 0.025554 0.983131
1678842905393 0.150616 0.099442 0.028067 0.983178
1678842905426 0.156713 0.097603 0.032064 0.982286
1678842905483 0.165224 0.095217 0.038605 0.980890
1678842905548 0.173981 0.083785 0.039273 0.980392
1678842905627 0.189046 0.083535 0.028168 0.978003
1678842905673 0.194870 0.071081 0.021689 0.978010
1678842905729 0.179857 0.073286 0.023477 0.980678
1678842905782 0.191579 0.057631 0.012305 0.979707
1678842905812 0.193203 0.066078 0.003495 0.978925
1678842905860 0.188630 0.076431 -0.007530 0.979041
1678842905917 0.199503 0.076402 -0.015765 0.976787
1678842905979 0.205681 0.079203 -0.017519 0.975251
1678842906033 0.210956 0.081846 -0.014393 0.973957
1678842906084 0.214225 0.084531 -0.011512 0.973052
1678842906167 0.217200 0.086694 -0.004860 0.972258
1678842906184 0.213482 0.090296 0.005321 0.972751
1678842906246 0.205730 0.100585 0.020410 0.973212
1678842906330 0.215720 0.093184 0.027504 0.971610
1678842906365 0.215065 0.099075 0.031545 0.971049
1678842906423 0.203476 0.093764 0.036564 0.973894
1678842906469 0.209877 0.096585 0.034868 0.972320
1678842906524 0.211606 0.094690 0.030250 0.972287
1678842906595 0.214608 0.095344 0.022841 0.971767
1678842906652 0.217175 0.092550 0.017032 0.971586
1678842906700 0.228612 0.082552 0.008860 0.969971
1678842906758 0.230086 0.076144 -0.008033 0.970154
1678842906799 0.231527 0.082892 -0.018188 0.969120
1678842906846 0.233938 0.076334 -0.033417 0.968674
1678842906902 0.218717 0.075580 -0.048596 0.971642
1678842906970 0.223027 0.074188 -0.072726 0.969261
1678842907023 0.220322 0.072748 -0.089739 0.968562
1678842907076 0.221223 0.070010 -0.108538 0.966633
1678842907149 0.222373 0.067357 -0.124979 0.964569
1678842907187 0.221197 0.056180 -0.132767 0.964515
1678842907249 0.222033 0.056241 -0.137263 0.963689
1678842907314 0.215942 0.054261 -0.139776 0.964825
1678842907366 0.204981 0.055223 -0.137088 0.967543
1678842907420 0.212566 0.051184 -0.143057 0.965262
1678842907471 0.218003 0.062280 -0.152271 0.961982
1678842907511 0.213950 0.063795 -0.151958 0.962842
1678842907564 0.202697 0.056477 -0.156601 0.964987
1678842907605 0.207042 0.050644 -0.160727 0.963709
1678842907661 0.210790 0.041672 -0.161661 0.963170
1678842907724 0.223914 0.032220 -0.167968 0.959485
1678842907779 0.239349 0.027366 -0.174829 0.954672
1678842907837 0.246383 0.025909 -0.183476 0.951294
1678842907903 0.248846 0.020926 -0.189976 0.949498
1678842907960 0.239742 0.017566 -0.198225 0.950222
1678842908014 0.241390 0.018446 -0.213518 0.946468
1678842908064 0.238246 0.032390 -0.231192 0.942730
1678842908127 0.245007 0.032051 -0.246725 0.937055
1678842908182 0.250085 0.033890 -0.257087 0.932853
1678842908230 0.253731 0.033989 -0.261146 0.930735
1678842908269 0.255447 0.031078 -0.261386 0.930300
1678842908341 0.251264 0.021583 -0.258383 0.932544
1678842908402 0.245014 0.017684 -0.253489 0.935627
1678842908465 0.235505 0.025669 -0.245383 0.940035
1678842908527 0.229123 0.021118 -0.236571 0.943976
1678842908578 0.229295 0.033295 -0.232846 0.944509
1678842908642 0.221754 0.045097 -0.226603 0.947335
1678842908701 0.224406 0.044664 -0.220007 0.948285
1678842908770 0.228724 0.038272 -0.210154 0.949766
1678842908814 0.229495 0.035284 -0.205088 0.950803
1678842908854 0.229987 0.031520 -0.200366 0.951822
1678842908908 0.239464 0.026965 -0.197590 0.950204
1678842908966 0.240021 0.024966 -0.196747 0.950293
1678842909013 0.230709 0.026068 -0.189282 0.954079
1678842909072 0.226350 0.018064 -0.187263 0.955705
1678842909136 0.219653 0.020273 -0.190939 0.956496
1678842909195 0.222168 0.022790 -0.198040 0.954412
1678842909270 0.224992 0.027416 -0.201653 0.952871
1678842909297 0.230680 0.028598 -0.202748 0.951242
1678842909353 0.236400 0.032536 -0.197427 0.950831
1678842909406 0.240623 0.034284 -0.186537 0.951908
1678842909446 0.238343 0.038370 -0.176851 0.954172
1678842909502 0.237899 0.036681 -0.160357 0.957259
1678842909561 0.221666 0.052496 -0.132667 0.964628
1678842909632 0.223078 0.044170 -0.106071 0.968005
1678842909683 0.215440 0.059006 -0.090446 0.970527
1678842909739 0.214661 0.071631 -0.075856 0.971100
1678842909797 0.217403 0.074150 -0.059085 0.971466
1678842909868 0.219911 0.074485 -0.038234 0.971921
1678842909914 0.223371 0.075494 -0.024074 0.971507
1678842910012 0.233996 0.077591 -0.009571 0.969089
1678842910031 0.238259 0.077958 -0.002673 0.968064
1678842910088 0.229050 0.086629 0.015905 0.969422
1678842910149 0.220892 0.074049 0.032652 0.971935
1678842910197 0.228266 0.073812 0.035180 0.970159
1678842910277 0.220490 0.092688 0.044391 0.969960
1678842910310 0.220050 0.093845 0.056441 0.969322
1678842910347 0.215595 0.098431 0.067108 0.969189
1678842910423 0.221577 0.107932 0.084274 0.965480
1678842910492 0.218202 0.119285 0.115033 0.961731
1678842910536 0.209342 0.122840 0.145170 0.959173
1678842910598 0.193018 0.124269 0.175634 0.957316
1678842910662 0.184938 0.128896 0.209031 0.951572
1678842910730 0.162251 0.140158 0.258920 0.941802
1678842910766 0.159884 0.132564 0.287778 0.934905
1678842910830 0.140671 0.129776 0.315338 0.929479
1678842910890 0.138307 0.138102 0.341313 0.919405
1678842910946 0.142244 0.150530 0.370265 0.905545
1678842910989 0.144344 0.153330 0.384619 0.898734
1678842911041 0.150818 0.155410 0.407342 0.887228
1678842911097 0.157520 0.157495 0.423650 0.878011
1678842911196 0.161739 0.156224 0.432710 0.873039
1678842911244 0.153452 0.162671 0.444334 0.867501
1678842911276 0.146722 0.157872 0.457831 0.862520
1678842911319 0.151794 0.154590 0.463086 0.859425
1678842911372 0.143418 0.162936 0.467344 0.857014
1678842911429 0.144727 0.166365 0.474024 0.852454
1678842911508 0.144930 0.172426 0.485069 0.844969
1678842911537 0.145891 0.177167 0.491227 0.840252
1678842911588 0.143150 0.187043 0.501702 0.832357
1678842911625 0.141934 0.191251 0.512446 0.825031
1678842911710 0.139242 0.188490 0.528962 0.815648
1678842911736 0.138709 0.194906 0.546391 0.802639
1678842911803 0.122840 0.207265 0.577620 0.779940
1678842911870 0.135051 0.196711 0.607665 0.757502
1678842911934 0.121078 0.197343 0.627196 0.743654
1678842911999 0.100883 0.193452 0.644644 0.732689
1678842912057 0.103229 0.200130 0.655728 0.720634
1678842912107 0.103663 0.198845 0.670614 0.707101
1678842912163 0.104452 0.203380 0.680840 0.695833
1678842912228 0.106350 0.205465 0.687497 0.688347
1678842912259 0.111531 0.211313 0.691676 0.681537
1678842912324 0.107888 0.219404 0.695989 0.675145
1678842912358 0.101921 0.223664 0.700359 0.670137
1678842912400 0.101919 0.220860 0.703262 0.668025
1678842912486 0.091241 0.229087 0.705839 0.664068
1678842912512 0.088425 0.234122 0.711955 0.656115
1678842912567 0.088220 0.237094 0.720512 0.645652
1678842912638 0.084887 0.242696 0.732460 0.630393
1678842912688 0.081288 0.234236 0.748370 0.615197
1678842912747 0.078918 0.223933 0.762446 0.601916
1678842912783 0.076576 0.225174 0.774811 0.585748
1678842912843 0.067087 0.223865 0.797507 0.556207
1678842912912 0.063917 0.222380 0.814092 0.532651
1678842912952 0.056721 0.231013 0.823156 0.515587
1678842913009 0.049498 0.237174 0.835341 0.493462
1678842913064 0.056836 0.243005 0.843006 0.476508
1678842913092 0.060381 0.239339 0.845648 0.473234
1678842913143 0.071534 0.239405 0.835556 0.489300
1678842913206 0.100808 0.227734 0.809569 0.531577
1678842913274 0.128659 0.206601 0.781702 0.574199
1678842913308 0.158331 0.205942 0.735419 0.625842
1678842913364 0.185806 0.192628 0.681580 0.681043
1678842913435 0.228731 0.162222 0.597662 0.751110
1678842913492 0.239659 0.135738 0.533670 0.799585
1678842913578 0.251584 0.110686 0.459662 0.844491
1678842913610 0.266269 0.088849 0.397882 0.873440
1678842913672 0.267369 0.069074 0.321457 0.905764
1678842913765 0.281958 0.043883 0.231748 0.929982
1678842913806 0.276720 0.044154 0.169233 0.944900
1678842913870 0.271553 0.035228 0.109399 0.955536
1678842913925 0.270712 0.025286 0.061470 0.960363
1678842914009 0.270869 0.013348 0.007009 0.962498
1678842914042 0.267328 0.002550 -0.027771 0.963202
1678842914091 0.254093 -0.018090 -0.076291 0.963997
1678842914145 0.249260 -0.026941 -0.126116 0.959812
1678842914211 0.216504 -0.037974 -0.190068 0.956848
1678842914263 0.201593 -0.047742 -0.239625 0.948504
1678842914331 0.183664 -0.060384 -0.303452 0.933026
1678842914383 0.172240 -0.063799 -0.356341 0.916124
1678842914404 0.167628 -0.071474 -0.398835 0.898734
1678842914454 0.159096 -0.076628 -0.459288 0.870558
1678842914518 0.149050 -0.094260 -0.515710 0.838416
1678842914582 0.139038 -0.118076 -0.572526 0.799337
1678842914635 0.158736 -0.103691 -0.609672 0.769643
1678842914699 0.172821 -0.096007 -0.631356 0.749870
1678842914746 0.184167 -0.096161 -0.647123 0.733531
1678842914807 0.200809 -0.096098 -0.654528 0.722519
1678842914866 0.219165 -0.116111 -0.654731 0.714011
1678842914910 0.226859 -0.136131 -0.654717 0.708060
1678842914977 0.226731 -0.136137 -0.662438 0.700882
1678842915059 0.215789 -0.139945 -0.673699 0.692806
1678842915111 0.211858 -0.136344 -0.682661 0.685930
1678842915164 0.212007 -0.143546 -0.690340 0.676667
1678842915212 0.214281 -0.150771 -0.696245 0.668277
1678842915267 0.222449 -0.153395 -0.699258 0.661834
1678842915315 0.243242 -0.132329 -0.706582 0.651202
1678842915378 0.260767 -0.137191 -0.708555 0.641194
1678842915422 0.265327 -0.141728 -0.709682 0.637076
1678842915472 0.268046 -0.146320 -0.709863 0.634694
1678842915533 0.267260 -0.149195 -0.709944 0.634265
1678842915583 0.264414 -0.152916 -0.713730 0.630311
1678842915655 0.261742 -0.163539 -0.722783 0.618330
1678842915701 0.261275 -0.160579 -0.732492 0.607787
1678842915772 0.241226 -0.171574 -0.750125 0.591342
1678842915808 0.230546 -0.171981 -0.761821 0.580430
1678842915858 0.225764 -0.172887 -0.774684 0.564805
1678842915907 0.224984 -0.169695 -0.786428 0.549652
1678842915969 0.225256 -0.173939 -0.794271 0.536785
1678842916021 0.225943 -0.175964 -0.800354 0.526707
1678842916073 0.227843 -0.178398 -0.804090 0.519328
1678842916130 0.230442 -0.181346 -0.805572 0.514844
1678842916178 0.231000 -0.181900 -0.807349 0.511605
1678842916238 0.232396 -0.179529 -0.808944 0.509284
1678842916295 0.231221 -0.177149 -0.811002 0.507377
1678842916348 0.229283 -0.177562 -0.812646 0.505478
1678842916391 0.222784 -0.174618 -0.816502 0.503190
1678842916436 0.217349 -0.183070 -0.819784 0.497192
1678842916486 0.214227 -0.187735 -0.822741 0.491894
1678842916522 0.211551 -0.192364 -0.828349 0.481747
1678842916578 0.206017 -0.204713 -0.834314 0.468583
1678842916630 0.194504 -0.216052 -0.843431 0.451791
1678842916697 0.174116 -0.224791 -0.858190 0.427389
1678842916745 0.161156 -0.232611 -0.873364 0.396430
1678842916809 0.148397 -0.236508 -0.892446 0.354377
1678842916871 0.122154 -0.235950 -0.910675 0.316348
1678842916930 0.101487 -0.227048 -0.927110 0.280387
1678842916993 0.078233 -0.232810 -0.939056 0.240527
1678842917071 0.057418 -0.241471 -0.947502 0.201582
1678842917126 0.050725 -0.247095 -0.952083 0.172943
1678842917171 0.051700 -0.248666 -0.956619 0.142730
1678842917233 0.055878 -0.250575 -0.958711 0.122323
1678842917287 0.060651 -0.252943 -0.960209 0.101686
1678842917331 0.054890 -0.258433 -0.960758 0.084524
1678842917389 0.050488 -0.252479 -0.963826 0.068878
1678842917440 0.038252 -0.259765 -0.963607 0.050198
1678842917504 0.040257 -0.261916 -0.963745 0.031230
1678842917558 0.034021 -0.262314 -0.964205 0.018501
1678842917646 0.025145 -0.270916 -0.962273 0.001645
1678842917669 -0.017479 0.276821 0.960683 0.012409
1678842917724 -0.012188 0.283157 0.958490 0.031145
1678842917789 -0.002307 0.287894 0.956110 0.054458
1678842917871 0.009312 0.290791 0.953720 0.075976
1678842917907 0.025163 0.278675 0.954307 0.104905
1678842917963 0.028186 0.272866 0.951978 0.135968
1678842918010 0.026679 0.268126 0.949304 0.161920
1678842918082 0.032114 0.255999 0.947949 0.186615
1678842918112 0.035770 0.249593 0.943702 0.214127
1678842918187 0.051162 0.247750 0.936653 0.242246
1678842918270 0.062410 0.249078 0.929594 0.264423
1678842918315 0.068289 0.247251 0.923400 0.285544
1678842918401 0.073056 0.260642 0.911735 0.308978
1678842918469 0.069463 0.260646 0.907692 0.321456
1678842918525 0.056762 0.257084 0.907288 0.327893
1678842918569 0.058678 0.260597 0.904606 0.332166
1678842918625 0.046856 0.262971 0.903267 0.335797
1678842918664 0.039057 0.257688 0.905158 0.335799
1678842918696 0.036183 0.252943 0.907040 0.334648
1678842918753 0.042058 0.250515 0.908524 0.331749
1678842918806 0.053086 0.252372 0.909044 0.327306
1678842918882 0.060280 0.251415 0.908572 0.328105
1678842918925 0.068846 0.252391 0.905488 0.334141
1678842918980 0.075678 0.258424 0.899628 0.343742
1678842919037 0.089470 0.254317 0.894439 0.356787
1678842919102 0.098169 0.236738 0.890678 0.375513
1678842919135 0.097927 0.228586 0.887075 0.388918
1678842919162 0.100391 0.221041 0.882363 0.403111
1678842919209 0.101239 0.214016 0.875213 0.421842
1678842919272 0.100678 0.203700 0.861566 0.453953
1678842919338 0.102551 0.212002 0.847800 0.475157
1678842919377 0.107430 0.219395 0.838750 0.486645
1678842919430 0.110425 0.221063 0.834329 0.492782
1678842919494 0.094959 0.233027 0.830450 0.497025
1678842919550 0.083358 0.238420 0.829465 0.498192
1678842919581 0.071487 0.239380 0.829777 0.499056
1678842919648 0.057068 0.227097 0.840002 0.489456
1678842919706 0.059595 0.223108 0.843798 0.484433
1678842919760 0.060949 0.213772 0.850464 0.476758
1678842919793 0.072264 0.207584 0.855619 0.468618
1678842919864 0.077292 0.204548 0.859828 0.461392
1678842919918 0.090851 0.203632 0.861150 0.456839
1678842920002 0.100749 0.205147 0.861684 0.453062
1678842920031 0.110761 0.208039 0.858968 0.454562
1678842920086 0.111107 0.210171 0.854982 0.460965
1678842920153 0.112192 0.207194 0.852350 0.466886
1678842920180 0.104878 0.200417 0.847743 0.479755
1678842920236 0.100377 0.194568 0.839804 0.496787
1678842920284 0.101039 0.182875 0.834753 0.509446
1678842920357 0.101693 0.169356 0.825446 0.528788
1678842920410 0.102722 0.170795 0.817196 0.540803
1678842920465 0.105598 0.173579 0.812035 0.547100
1678842920523 0.106364 0.178797 0.808359 0.550703
1678842920568 0.104541 0.193472 0.804742 0.551389
1678842920628 0.103390 0.209167 0.800251 0.552411
1678842920680 0.106017 0.214851 0.796965 0.554478
1678842920761 0.099494 0.211782 0.802291 0.549161
1678842920809 0.107628 0.208388 0.807072 0.541871
1678842920859 0.100053 0.198473 0.817065 0.531980
1678842920907 0.111254 0.197981 0.821661 0.522780
1678842920963 0.118511 0.200997 0.824351 0.515753
1678842921045 0.121545 0.206289 0.825901 0.510451
1678842921106 0.120070 0.215137 0.822618 0.512445
1678842921163 0.115150 0.228095 0.815787 0.518850
1678842921220 0.116476 0.222460 0.809277 0.531052
1678842921272 0.113916 0.218804 0.804475 0.540340
1678842921323 0.109658 0.213076 0.795939 0.555927
1678842921381 0.113232 0.202893 0.785867 0.573084
1678842921426 0.104674 0.194005 0.777700 0.588717
1678842921475 0.103900 0.194238 0.768773 0.600387
1678842921530 0.100972 0.195332 0.761276 0.610007
1678842921572 0.102146 0.200322 0.752354 0.619194
1678842921627 0.106379 0.209087 0.747706 0.621210
1678842921688 0.106004 0.217790 0.745344 0.621123
1678842921744 0.106528 0.221199 0.743630 0.621883
1678842921768 0.105256 0.221270 0.743935 0.621708
1678842921842 0.096429 0.216674 0.748014 0.619862
1678842921895 0.093734 0.214092 0.748774 0.620255
1678842921951 0.094489 0.213257 0.748618 0.620616
1678842922042 0.094795 0.209252 0.744981 0.626283
1678842922086 0.102122 0.208408 0.738980 0.632492
1678842922153 0.110699 0.211750 0.728245 0.642314
1678842922211 0.119390 0.209196 0.717605 0.653472
1678842922288 0.120437 0.200057 0.704617 0.670065
1678842922337 0.125208 0.185343 0.687305 0.691073
1678842922401 0.122827 0.178364 0.670194 0.709887
1678842922448 0.120614 0.169146 0.653900 0.727500
1678842922529 0.113194 0.152554 0.640365 0.744209
1678842922578 0.109677 0.140498 0.626859 0.758472
1678842922650 0.104009 0.133793 0.618377 0.767393
1678842922692 0.095429 0.144003 0.611179 0.772410
1678842922754 0.092143 0.146601 0.609789 0.773418
1678842922810 0.090691 0.141938 0.611095 0.773428
1678842922874 0.092211 0.136796 0.610964 0.774278
1678842922943 0.095684 0.148166 0.606513 0.775264
1678842922985 0.097420 0.158467 0.601035 0.777274
1678842923041 0.095549 0.162698 0.598088 0.778903
1678842923095 0.093201 0.167507 0.596120 0.779677
1678842923162 0.092888 0.171408 0.594305 0.780251
1678842923206 0.092277 0.173942 0.593512 0.780367
1678842923277 0.089848 0.176770 0.592271 0.780957
1678842923332 0.091936 0.179966 0.590870 0.781046
1678842923388 0.094645 0.182768 0.590131 0.780630
1678842923452 0.097853 0.184712 0.590397 0.779575
1678842923498 0.100906 0.185912 0.590759 0.778626
1678842923554 0.102558 0.186860 0.590845 0.778118
1678842923636 0.103625 0.186635 0.591518 0.777519
1678842923678 0.104471 0.186425 0.591755 0.777276
1678842923743 0.105620 0.187375 0.592096 0.776632
1678842923789 0.106112 0.187747 0.592328 0.776298
1678842923838 0.107149 0.188116 0.592873 0.775650
1678842923865 0.107611 0.187775 0.593062 0.775524
1678842923921 0.108557 0.187657 0.593604 0.775006
1678842924007 0.109598 0.185974 0.594952 0.774231
1678842924052 0.109919 0.185505 0.595919 0.773554
1678842924106 0.108580 0.184424 0.596568 0.773502
1678842924148 0.105681 0.184065 0.597137 0.773550
1678842924227 0.109611 0.183808 0.596925 0.773227
