# Created at Tue Mar 14 18:19:40 MST 2023
1678843181318 -0.284910 3.246537 8.111555
1678843181323 -1.331176 3.658340 8.315063
1678843181326 -2.138022 3.948039 9.842564
1678843181331 -1.441309 3.629610 9.311050
1678843181341 -1.194707 3.816358 8.410830
1678843181346 -2.267309 4.297592 8.556877
1678843181350 -1.429338 4.165911 7.357382
1678843181353 -1.922544 4.022259 9.074024
1678843181357 -2.128445 4.058172 9.603143
1678843181360 -1.984793 4.458004 8.626308
1678843181364 -1.256956 4.563348 7.773973
1678843181367 -1.005565 4.350265 8.597578
1678843181372 -1.297657 4.158728 9.919178
1678843181375 -1.161188 4.029441 9.294291
1678843181378 -0.928950 4.175488 7.951144
1678843181382 -0.794875 4.161122 7.395689
1678843181384 -0.864307 4.101267 7.515399
1678843181387 -0.830788 4.062960 8.319851
1678843181390 -0.890643 4.120421 8.513782
1678843181394 -0.804452 4.161122 8.482656
1678843181398 -1.063026 4.161122 9.021352
1678843181401 -1.903390 4.510676 9.811439
1678843181425 -2.178724 4.616021 9.880871
1678843181458 -1.798046 4.486734 9.809045
1678843181512 -1.414973 4.352659 9.121908
1678843181517 -1.537078 4.443638 8.690952
1678843181528 -1.678335 4.462792 9.263166
1678843181568 -1.642422 4.254497 9.531317
1678843181591 -1.520318 4.053383 9.761160
1678843181619 -1.290475 4.367024 9.516952
1678843181632 -1.649605 4.213795 8.523358
1678843181667 -2.003947 3.833117 9.469068
1678843181685 -1.980005 3.213019 10.536881
1678843181709 -1.687912 2.679112 10.467450
1678843181733 -1.326388 2.097321 11.817780
1678843181757 -1.386243 1.963245 11.394006
1678843181783 -1.632846 2.190695 9.224859
1678843181816 -1.716643 2.537854 7.331046
1678843181879 -2.078167 2.885013 6.347029
1678843181893 -2.367866 2.908955 7.175423
1678843181899 -2.367866 2.671929 8.475474
1678843181911 -2.885013 2.825158 8.779537
1678843181939 -2.913743 2.815581 9.138668
1678843181963 -1.951274 2.726996 10.070012
1678843181987 -0.909797 2.640805 9.809045
1678843182016 -0.878672 3.007117 8.264784
1678843182039 -1.170765 3.749320 6.715736
1678843182066 -1.256956 3.859453 6.818686
1678843182090 -1.237802 3.586514 8.319851
1678843182116 -1.103727 3.600879 8.805874
1678843182142 -1.252167 3.756502 8.542512
1678843182170 -1.489193 4.043807 8.841787
1678843182220 -1.005565 3.722984 8.865729
1678843182225 -0.842759 3.617639 8.863335
1678843182252 -1.496376 3.778050 9.406818
1678843182270 -0.972046 3.433285 11.652579
1678843182295 -0.811634 3.536236 10.414778
1678843182321 -1.434127 3.811569 10.316615
1678843182351 -1.747767 2.595315 12.073959
1678843182377 -2.142811 1.910573 13.488933
1678843182398 -0.842759 2.161964 11.331757
1678843182423 -0.057461 2.686294 7.273585
1678843182449 -0.519542 2.961627 6.579266
1678843182503 -2.147599 2.494758 9.730036
1678843182511 -3.512294 2.226608 12.435484
1678843182530 -3.055001 2.489970 10.376471
1678843182556 -1.651999 2.688689 7.290344
1678843182594 -1.206678 2.827552 6.224925
1678843182604 -2.090138 3.201048 6.892907
1678843182647 -2.396596 3.569755 7.017405
1678843182661 -1.922544 3.981557 6.816292
1678843182700 -2.030283 4.010288 7.544129
1678843182710 -1.972822 3.706224 7.809886
1678843182745 -2.063802 3.632004 8.480263
1678843182756 -2.140416 3.600879 9.253590
1678843182802 -0.718261 2.734178 8.678981
1678843182814 -2.135628 3.579332 9.320627
1678843182833 -2.865860 3.315969 10.500969
1678843182858 -3.205836 2.865860 11.362882
1678843182883 -3.402161 3.009511 11.130644
1678843182915 -2.236184 2.193089 10.802638
1678843182942 -1.089362 1.833959 9.873688
1678843182963 -0.854730 1.345541 12.083536
1678843182986 -1.173159 1.735796 11.188105
1678843183021 -1.630451 2.293645 8.406042
1678843183063 -1.333570 2.477999 6.138733
1678843183068 -2.693477 2.997540 5.181053
1678843183088 -4.730943 3.536236 6.742072
1678843183117 -3.727772 2.813187 8.485051
1678843183141 -3.928885 2.408567 11.760319
1678843183165 -3.938462 3.303998 9.914390
1678843183190 -2.164358 3.009511 7.778761
1678843183244 -1.635240 3.244143 7.105990
1678843183247 -1.642422 3.167529 7.125144
1678843183267 -1.661576 3.450045 7.831434
1678843183293 -1.539472 3.639187 8.394072
1678843183320 -1.403002 3.270479 10.522516
1678843183350 -1.666364 3.497929 11.116279
1678843183370 -1.721431 3.845088 12.172121
1678843183403 -1.740585 3.663129 13.215993
1678843183423 -2.161964 4.376601 12.172121
1678843183470 -1.189918 5.176264 9.672575
1678843183483 -0.821211 4.929661 8.836999
1678843183504 -2.542642 4.376601 11.439496
1678843183544 -2.724602 2.688689 12.904747
1678843183551 -1.283292 2.346318 9.643845
1678843183575 -0.588974 3.478775 5.583278
1678843183603 -1.017536 3.193865 5.434838
1678843183631 -1.850718 2.324770 8.310274
1678843183656 -2.284068 2.109292 9.591172
1678843183677 -1.860295 2.489970 8.034941
1678843183703 -0.938527 2.758120 6.366182
1678843183727 -0.363919 2.628834 5.803545
1678843183757 -0.814029 2.849100 5.753267
1678843183779 -1.350330 3.162740 6.440403
1678843183810 -1.419762 3.581726 6.871359
1678843183840 -2.114080 3.924097 6.720524
1678843183855 0.952892 3.057395 7.987057
1678843183881 -0.744597 3.366248 9.028535
1678843183955 -3.435679 4.474763 9.964667
1678843183969 -2.145205 3.914520 9.773131
1678843183977 -1.513135 3.277662 11.441890
1678843183983 -1.177947 3.196259 11.906365
1678843184009 -1.927332 3.881001 11.382035
1678843184035 -2.547431 3.677494 10.955867
1678843184071 -3.287239 3.268085 10.934319
1678843184089 -2.937685 2.264915 11.061212
1678843184113 -2.111686 1.812411 11.176133
1678843184143 -1.120486 1.771709 9.449914
1678843184166 -2.494758 2.782062 8.904037
1678843184208 -3.904943 3.466804 8.520964
1678843184214 -3.481169 3.361459 7.915231
1678843184249 -2.602497 3.344700 7.831434
1678843184265 -2.509123 3.545813 8.796297
1678843184307 -3.368642 3.529053 8.834604
1678843184328 -2.643199 3.754108 6.205771
1678843184346 -2.181118 3.473987 6.177041
1678843184368 -1.431733 3.315969 7.635109
1678843184408 -1.589750 3.632004 7.311892
1678843184428 -1.379060 3.576937 8.269572
1678843184451 -0.792481 3.318364 8.731653
1678843184470 0.191536 3.205836 9.057265
1678843184507 -0.988805 3.639187 10.287885
1678843184548 -1.391031 4.493917 11.097125
1678843184552 -0.849942 4.491522 9.677363
1678843184583 -1.355118 4.197036 11.544841
1678843184598 -2.422932 3.160346 14.106636
1678843184623 -0.962469 2.003947 12.502522
1678843184649 0.339977 2.049437 9.313444
1678843184674 0.476446 2.650381 7.038953
1678843184707 -0.632069 2.923320 6.466739
1678843184725 -2.387019 2.595315 8.995016
1678843184759 -2.513912 2.157176 10.692505
1678843184778 -1.802834 2.185906 9.730036
1678843184813 -1.534683 2.537854 7.824251
1678843184831 -1.292869 2.679112 6.794744
1678843184859 -1.228225 2.657564 7.520187
1678843184882 -1.529895 2.516306 8.906430
1678843184916 -1.070208 2.442086 8.566454
1678843184935 -1.170765 2.561796 7.821857
1678843184972 -1.680730 2.849100 8.073248
1678843184986 -1.786075 3.014300 8.032547
1678843185008 -1.984793 3.313575 8.315063
1678843185032 -1.580173 3.481169 8.030152
1678843185058 -1.362301 3.351882 10.031705
1678843185083 -0.969652 3.687071 11.267113
1678843185111 -1.438915 4.055778 11.532869
1678843185134 -2.255338 3.969586 13.323732
1678843185160 -1.649605 2.489970 14.786590
1678843185201 -1.216254 1.295263 15.986085
1678843185211 -1.012747 1.036689 12.957419
1678843185256 -1.391031 1.841141 8.010999
1678843185262 -2.087744 2.710236 5.327099
1678843185288 -3.272874 2.990358 5.880159
1678843185315 -3.986346 3.031059 7.194576
1678843185339 -3.251326 2.935291 7.369353
1678843185365 -2.339135 2.918532 7.058106
1678843185401 -2.090138 2.997540 6.878541
1678843185419 -2.135628 3.215413 6.816292
1678843185451 -1.733402 3.303998 7.022193
1678843185468 -1.163582 3.263297 6.974309
1678843185510 -1.139640 3.500323 6.521805
1678843185523 -1.364695 3.758897 7.580042
1678843185552 -0.986411 3.689465 8.997410
1678843185569 -0.014365 3.447650 10.038888
1678843185610 0.055067 3.744531 11.159374
1678843185627 -0.131681 4.146757 12.313379
1678843185655 -1.266533 4.570531 12.018892
1678843185676 -1.810017 4.654328 11.892000
1678843185697 -2.142811 4.288015 10.529699
1678843185724 -2.638410 3.294421 10.527305
1678843185772 -1.783680 2.269703 13.302185
1678843185792 -0.069432 1.527501 12.200851
1678843185803 0.826000 1.939303 7.498640
1678843185825 0.435745 2.633622 5.023035
1678843185851 -0.296881 2.578555 6.667852
1678843185877 -0.495600 1.968034 9.562442
1678843185902 -0.277727 2.092532 9.720459
1678843185931 -0.392649 2.736573 8.135497
1678843185953 -0.878672 3.409343 8.183381
1678843185980 -1.400608 3.306392 8.844181
1678843186018 -1.936909 3.191471 8.714894
1678843186053 -1.838747 3.136404 8.128315
1678843186071 -1.525106 3.260903 8.025364
1678843186083 -1.371878 3.172317 8.609550
1678843186118 -1.501164 3.150769 8.951921
1678843186133 -1.582567 3.119645 9.184157
1678843186166 -2.133234 3.260903 9.112331
1678843186184 -2.470816 3.483563 9.749189
1678843186217 -1.936909 3.785233 9.708488
1678843186249 -1.915361 3.792415 8.372523
1678843186263 -3.129222 4.108450 8.499416
1678843186286 -3.665523 3.107674 12.095507
1678843186312 -3.179500 1.810017 12.344504
1678843186347 -2.006341 1.414973 10.319010
1678843186363 -1.532289 1.383849 8.255207
1678843186392 -1.398214 1.393425 8.532935
1678843186414 -2.377442 1.594538 9.435549
1678843186448 -2.822764 1.920150 8.908825
1678843186485 -2.659958 2.470816 8.061277
1678843186494 -2.806004 3.047819 7.637504
1678843186538 -2.964022 3.387795 7.321469
1678843186554 -2.521094 3.361459 7.012617
1678843186570 -1.915361 3.646369 7.661446
1678843186593 -1.419762 3.663129 7.752425
1678843186637 -1.046266 3.605668 8.535329
1678843186666 -0.612916 3.306392 9.753978
1678843186675 -0.268151 3.145981 10.603919
1678843186698 -0.325611 3.141193 10.697293
1678843186720 -0.634463 3.253720 10.826580
1678843186747 -1.393425 3.454833 11.767501
1678843186773 -2.916138 4.067749 10.036493
1678843186797 -4.675876 4.651934 9.260772
1678843186832 -5.152322 4.120421 9.033323
1678843186868 -3.512294 2.758120 11.324574
1678843186890 -0.210690 1.525106 12.433089
1678843186899 1.165976 1.647211 10.302250
1678843186925 0.653617 2.288857 8.386889
1678843186952 -1.110910 2.432509 8.595184
1678843186983 -3.105280 2.418144 11.147403
1678843187002 -3.325546 2.085350 12.406754
1678843187028 -1.479617 2.154782 9.435549
1678843187055 -0.397437 2.188300 7.316680
1678843187083 -0.785298 2.568978 6.330269
1678843187105 -1.501164 2.949656 6.428432
1678843187130 -1.577779 2.873042 7.129933
1678843187156 -1.462857 2.616863 9.040505
1678843187180 -1.601721 2.521094 9.770737
1678843187210 -1.836353 2.509123 9.665392
1678843187233 -1.912967 2.561796 8.889671
1678843187258 -1.970428 2.765303 8.001422
1678843187283 -2.068590 2.705448 8.655039
1678843187309 -2.018312 2.492364 9.986216
1678843187334 -2.193089 3.122039 10.299856
1678843187359 -2.025495 3.282450 7.778761
1678843187385 -2.094927 3.648763 7.395689
1678843187411 -2.477999 3.268085 9.004593
1678843187436 -3.622427 2.384625 15.236700
1678843187461 -2.346318 1.098939 15.322891
1678843187489 -0.816423 1.618480 10.002975
1678843187517 -0.421380 2.015918 7.161057
1678843187540 -1.529895 2.276886 7.862558
1678843187572 -2.923320 2.372654 8.765172
1678843187589 -2.899378 2.463634 8.130709
1678843187615 -2.070984 2.525883 7.501034
1678843187663 -1.429338 2.568978 7.359776
1678843187683 -1.122881 2.528277 8.429984
1678843187692 -0.981623 2.571373 9.284714
1678843187718 -0.833182 3.007117 8.310274
1678843187748 -0.696713 3.342306 8.140285
1678843187774 -0.787692 3.485958 8.784326
1678843187806 -0.572214 3.459621 9.148245
1678843187820 -0.351948 3.469198 9.823410
1678843187850 -0.756568 3.782839 10.613496
1678843187872 -1.692701 4.046201 11.063606
1678843187896 -2.499547 4.695030 9.598354
1678843187923 -2.133234 4.711789 8.935161
1678843187949 -1.453280 3.756502 12.701240
1678843187974 -1.872266 3.059790 15.181633
1678843188007 -1.570596 3.011906 11.269507
1678843188024 -0.598550 3.191471 7.206547
1678843188063 -0.502782 3.258508 6.847417
1678843188077 -1.845930 3.184288 9.169792
1678843188101 -3.371036 3.440468 10.718841
1678843188126 -3.284845 3.421314 10.153810
1678843188152 -1.939303 3.289633 9.112331
1678843188179 -1.680730 3.138798 8.734048
1678843188203 -1.903390 3.155558 8.406042
1678843188235 -1.776498 3.141193 7.247249
1678843188257 -1.889025 3.248932 6.564901
1678843188285 -1.900996 3.213019 7.352593
1678843188309 -1.470040 3.145981 7.252037
1678843188331 -1.616086 3.308787 8.025364
1678843188357 -1.754950 3.447650 8.233660
1678843188397 -1.675941 3.857059 7.520187
1678843188417 -1.455675 3.837905 7.714118
1678843188445 -1.666364 3.555390 8.602366
1678843188458 -1.367089 4.096479 9.787497
1678843188484 -1.709460 4.252102 8.391677
1678843188510 -2.533065 4.625597 8.449138
1678843188536 -2.226608 3.861847 10.165780
1678843188565 -2.564190 3.493140 12.605472
1678843188606 -2.533065 3.167529 12.694057
1678843188619 -1.570596 3.138798 8.492233
1678843188641 -1.805228 3.308787 6.919243
1678843188664 -2.293645 3.409343 7.144298
1678843188689 -2.243367 3.244143 8.279149
1678843188714 -2.224213 3.416526 8.559271
1678843188745 -2.152387 3.641581 7.659051
1678843188766 -1.879448 3.811569 6.531382
1678843188800 -1.843535 4.065354 6.914454
1678843188820 -2.152387 4.261679 7.934384
1678843188850 -2.032677 4.271256 8.109161
1678843188868 -1.829170 4.328717 7.826645
1678843188894 -1.637634 4.333505 8.231265
1678843188919 -1.642422 4.338294 9.210494
1678843188948 -1.326388 4.273650 9.715671
1678843188972 -1.158794 4.381389 9.986216
1678843188996 -1.549049 4.599261 10.611102
1678843189021 -2.056619 5.228937 9.004593
1678843189051 -2.305616 4.912902 10.122684
1678843189102 -1.922544 3.560178 12.215217
1678843189114 -1.656788 2.671929 11.573571
1678843189125 -1.716643 2.906561 10.752359
1678843189150 -0.756568 3.246537 8.580819
1678843189177 0.225055 3.600879 6.181829
1678843189203 -0.363919 3.268085 8.200141
1678843189226 -2.588132 2.944868 11.484985
1678843189256 -3.043030 2.753332 11.207258
1678843189278 -1.850718 2.863465 8.063671
1678843189303 -1.261744 2.856283 7.309498
1678843189342 -1.429338 2.803610 7.800309
1678843189360 -1.383849 2.973598 7.031770
1678843189390 -1.213860 3.404555 6.248867
1678843189406 -1.812411 3.689465 7.235278
1678843189457 -2.147599 3.739743 7.845799
1678843189463 -2.190695 3.768473 8.429984
1678843189491 -2.221819 3.624821 9.346964
1678843189515 -2.499547 3.643975 9.356541
1678843189536 -2.480393 3.653552 8.315063
1678843189562 -2.274492 3.500323 9.789890
1678843189586 -2.003947 3.675100 9.718064
1678843189610 -2.657564 3.639187 9.346964
1678843189647 -3.248932 3.598485 10.359711
1678843189672 -2.724602 2.844312 13.371616
1678843189687 -2.418144 2.149993 14.791378
1678843189712 -1.807622 2.521094 10.903194
1678843189738 -1.369483 2.964022 6.584054
1678843189763 -2.145205 3.581726 5.185841
1678843189790 -2.731784 3.488352 6.813898
1678843189815 -2.056619 2.990358 9.258378
1678843189851 -1.525106 3.239355 9.533711
1678843189867 -0.883460 3.481169 7.642292
1678843189896 -0.746991 3.718195 6.426037
1678843189919 -0.608127 3.694253 7.666234
1678843189955 0.050278 3.509900 8.710106
1678843189973 0.198719 3.636792 9.100361
1678843189994 0.292093 3.842694 8.942344
1678843190020 0.411803 3.612850 9.902418
1678843190045 0.248997 3.383007 11.188105
1678843190079 -0.062249 3.778050 10.996569
1678843190098 -0.553061 4.616021 7.508216
1678843190122 -0.378284 4.695030 6.311116
1678843190147 -1.984793 3.471592 16.033968
1678843190174 -1.556231 3.009511 16.531963
1678843190202 -0.198719 3.718195 9.476251
1678843190224 -0.430956 3.869030 6.691794
1678843190252 -1.697489 3.325546 9.311050
1678843190275 -0.907402 2.743755 9.722853
1678843190313 0.311246 2.777274 6.916849
1678843190327 0.727837 2.932897 5.865794
1678843190360 -0.270545 3.438074 6.421249
1678843190381 -0.531513 3.694253 6.856994
1678843190404 0.067038 3.703830 6.787562
1678843190429 0.483629 3.718195 7.395689
1678843190461 -0.124498 4.007894 8.671799
1678843190522 -0.263362 4.072537 9.507375
1678843190529 -0.459687 4.077325 10.115502
1678843190532 -0.689530 4.266468 9.622296
1678843190557 -1.091756 4.630386 8.947132
1678843190582 -1.539472 4.795586 9.301474
1678843190610 -1.424550 4.544195 10.101137
1678843190634 -1.218649 4.352659 11.104307
1678843190659 -1.381454 4.881777 9.016563
1678843190696 -1.309628 5.075707 6.272809
1678843190724 -2.360683 4.604050 8.872911
1678843190748 -1.845930 3.224990 14.334085
1678843190765 -0.136469 2.806004 12.107478
1678843190789 -0.320823 3.110068 8.678981
1678843190815 -1.723825 3.430891 8.669404
1678843190850 -2.221819 3.052607 11.185710
1678843190864 -1.991976 3.004723 10.651803
1678843190890 -2.087744 3.560178 7.884106
1678843190916 -2.178724 3.854665 5.796362
1678843190942 -2.379837 3.878607 6.445191
1678843190967 -1.592144 3.394978 8.286332
1678843191000 -1.199495 3.500323 7.924808
1678843191039 -1.383849 3.914520 7.501034
1678843191048 -1.036689 4.374207 6.557718
1678843191069 -1.055843 4.920084 7.015011
1678843191102 -3.845088 5.693412 7.795521
1678843191120 -3.952827 5.628768 6.562507
1678843191158 -1.776498 4.786009 6.277597
1678843191177 -0.703895 4.465186 7.194576
1678843191196 -1.663970 4.903325 8.446744
1678843191222 -2.078167 4.953603 10.189722
1678843191256 -0.916979 4.642357 11.477803
1678843191282 -0.466869 5.410896 9.145850
1678843191307 -1.458069 5.762844 7.472303
1678843191324 -3.694253 3.986346 12.344504
1678843191362 -3.586514 2.497152 17.594988
1678843191376 -0.502782 2.707842 8.836999
1678843191403 0.184354 3.471592 3.265691
1678843191427 -3.062184 2.592921 7.627927
1678843191452 -4.781221 1.728614 13.436260
1678843191478 -2.454057 1.783680 11.595119
1678843191517 -0.979228 2.511518 7.354988
1678843191530 -1.872266 3.215413 7.333440
1678843191557 -2.509123 3.541024 8.422802
1678843191581 -1.458069 3.385401 8.595184
1678843191609 -0.701501 3.545813 8.200141
1678843191631 -1.108515 3.699042 9.442732
1678843191668 -2.164358 3.552995 10.666168
1678843191683 -2.343924 3.663129 10.345345
1678843191709 -1.125275 3.663129 7.805098
1678843191737 -1.149217 3.811569 7.501034
1678843191760 -1.414973 3.878607 8.568848
1678843191785 -1.379060 4.220978 7.812280
1678843191812 -1.388637 4.647145 6.368577
1678843191839 -1.723825 5.109226 6.607996
1678843191864 -1.915361 5.449203 8.475474
1678843191897 -2.437297 5.377377 9.481039
1678843191915 -0.790087 4.589684 8.470686
1678843191939 0.383072 4.048595 10.158598
1678843191964 -1.292869 3.562572 11.710040
1678843191989 -1.733402 2.798822 12.729970
1678843192021 -0.660800 2.501941 10.419566
1678843192051 -0.282516 2.695871 6.241684
1678843192066 -2.566584 3.155558 5.631162
1678843192103 -4.027047 2.894590 9.138668
1678843192116 -2.173935 2.075773 11.070788
1678843192150 -1.007959 2.624045 9.703699
1678843192168 -1.177947 3.617639 7.773973
1678843192209 -1.778892 4.273650 7.216124
1678843192219 -2.695871 4.606444 7.958326
1678843192249 -2.106898 4.532224 7.134721
1678843192272 -0.758962 4.651934 5.990293
1678843192296 -0.349553 4.647145 7.491457
1678843192321 -0.964863 4.690241 9.935937
1678843192364 -0.991199 4.769250 10.067618
1678843192395 -0.902614 5.044583 8.547300
1678843192403 -1.079785 5.403713 7.134721
1678843192424 -1.577779 5.753267 6.969521
1678843192449 -1.364695 5.736507 7.429208
1678843192480 -0.804452 5.281609 8.264784
1678843192501 -0.577003 4.841076 9.370906
1678843192527 -0.766145 4.398149 10.441113
1678843192566 -1.383849 4.560954 11.525687
1678843192586 -0.849942 5.463568 9.188946
1678843192606 -0.931344 4.424485 7.955932
1678843192629 -3.409343 3.330335 13.005303
1678843192656 -2.327164 2.406173 15.322891
1678843192686 -1.302446 3.852271 7.218518
1678843192713 -1.134852 4.189853 5.650316
1678843192745 -2.612074 3.268085 9.979033
1678843192757 -3.924097 3.050213 12.413936
1678843192782 -2.193089 3.155558 9.478644
1678843192808 -1.074997 3.397372 6.904878
1678843192833 -1.292869 3.361459 7.563283
1678843192862 -1.529895 3.155558 9.631873
1678843192884 -1.268927 3.428497 7.972692
1678843192922 -1.285686 3.909731 6.282385
1678843192937 -1.525106 4.098873 7.149086
1678843192963 -1.944092 3.859453 8.983045
1678843192987 -2.030283 3.663129 9.373300
1678843193035 -1.144428 3.502717 7.946355
1678843193042 -1.115698 3.675100 7.383718
1678843193069 -1.616086 3.816358 8.161834
1678843193089 -1.783680 3.801992 8.717288
1678843193115 -1.501164 3.493140 9.368511
1678843193146 -1.534683 3.981557 8.121132
1678843193166 -1.936909 4.129998 6.811504
1678843193195 -2.360683 3.711013 9.265560
1678843193217 -1.357512 2.439692 12.157756
1678843193246 -1.345541 1.980005 12.140997
1678843193268 -1.015141 2.195483 10.014946
1678843193299 -0.579397 2.183512 8.410830
1678843193319 -1.290475 2.200271 8.978256
1678843193368 -1.963245 2.245761 9.694122
1678843193382 -2.264915 2.178724 10.350134
1678843193398 -1.546654 2.008735 9.425972
1678843193422 -0.885855 1.824382 9.184157
1678843193448 -0.837971 1.968034 9.521740
1678843193500 -1.228225 2.437297 8.954314
1678843193508 -1.335965 2.786851 7.845799
1678843193526 -1.065420 2.839523 8.367735
1678843193552 -1.252167 2.966416 9.653421
1678843193582 -1.027112 3.301604 8.434772
1678843193614 -0.636858 3.488352 8.226477
1678843193655 -0.172383 3.287239 9.634268
1678843193663 0.557849 2.995146 11.027693
1678843193679 0.739808 2.803610 11.099519
1678843193712 0.418985 2.978387 11.018116
1678843193727 -0.052672 2.906561 9.993398
1678843193765 -0.993594 3.251326 9.368511
1678843193804 -1.106121 2.557007 10.273520
1678843193809 -0.727837 1.960851 11.609484
1678843193830 0.483629 1.431733 13.304579
1678843193862 1.271321 1.635240 9.119514
1678843193883 0.864307 2.221819 6.665458
1678843193914 -0.543484 2.157176 8.753201
1678843193929 -1.702277 1.946486 12.145785
1678843193960 -0.711078 1.616086 12.064383
1678843194000 0.095768 1.900996 8.872911
1678843194010 -0.545878 2.597709 7.369353
1678843194031 -1.233014 3.167529 6.265626
1678843194057 -1.359907 3.351882 7.285556
1678843194081 -1.027112 3.258508 8.643068
1678843194115 -0.514753 3.215413 8.410830
1678843194145 -0.189142 3.148375 8.566454
1678843194164 -0.454898 3.229778 9.064447
1678843194199 -0.651223 3.296816 9.684546
1678843194213 -0.483629 3.433285 8.753201
1678843194253 -0.442927 3.387795 8.406042
1678843194266 -0.895431 3.239355 9.806650
1678843194309 -1.680730 3.244143 10.970232
1678843194315 -1.757344 3.665523 9.684546
1678843194337 -2.090138 3.112462 9.308656
1678843194369 -1.587356 2.758120 11.147403
1678843194388 -0.818817 2.284068 11.925519
1678843194419 -1.364695 2.363077 12.203246
1678843194457 -1.278504 2.152387 12.081141
1678843194482 -0.622492 2.049437 9.478644
1678843194490 -1.036689 2.339135 7.364564
1678843194515 -1.642422 2.523489 6.552930
1678843194549 -1.776498 2.499547 7.750031
1678843194566 -1.539472 2.343924 9.440337
1678843194591 -1.213860 2.434903 9.461885
1678843194617 -0.797269 2.631228 8.925584
1678843194644 -0.902614 2.806004 8.772355
1678843194682 -1.441309 3.268085 7.874529
1678843194695 -1.321599 3.581726 7.484274
1678843194717 -1.223437 3.670311 7.979874
1678843194751 -0.821211 3.507505 8.331821
1678843194790 -0.787692 3.572149 8.233660
1678843194802 -0.816423 3.634398 8.678981
1678843194820 -1.438915 3.907337 9.074024
1678843194845 -1.735796 3.782839 8.956709
1678843194876 -1.043872 3.258508 10.235212
1678843194898 -0.196325 3.162740 11.906365
1678843194922 -0.780510 3.821146 9.361329
1678843194947 -1.850718 4.235343 9.172187
1678843194973 -0.536301 2.952051 10.149021
1678843195006 -0.014365 2.446874 11.200075
1678843195024 1.235408 2.396596 8.537724
1678843195053 1.774103 2.343924 8.394072
1678843195076 -0.117316 1.991976 10.862494
1678843195101 -1.786075 1.673547 13.646950
1678843195127 -1.151611 1.953669 10.012551
1678843195157 -0.435745 2.116474 7.623138
1678843195180 -1.285686 2.542642 8.133103
1678843195210 -2.063802 2.966416 8.884883
1678843195233 -1.558625 3.251326 7.388506
1678843195266 -0.474052 2.992752 7.235278
1678843195279 0.100556 2.755726 8.099585
1678843195317 -0.773327 3.023877 9.497798
1678843195358 -0.993594 3.153164 9.409213
1678843195361 -0.648829 3.105280 8.662222
1678843195382 -0.864307 2.975993 9.208099
1678843195409 -0.739808 2.703054 9.751583
1678843195429 -0.691924 2.652776 10.402806
1678843195462 0.119710 2.724602 9.572019
1678843195491 -1.024718 3.378219 7.651869
1678843195519 -2.243367 3.284845 8.631097
1678843195534 -1.620875 1.984793 13.488933
1678843195555 0.529119 0.622492 17.008410
1678843195582 1.309628 1.127669 11.563994
1678843195610 -0.033519 2.279280 6.880936
1678843195632 -1.735796 3.136404 6.303933
1678843195658 -2.949656 3.275268 8.999804
1678843195683 -3.040636 3.373430 9.397242
1678843195715 -1.623269 3.270479 7.412448
1678843195749 -1.022324 3.366248 6.878541
1678843195766 -1.491588 3.244143 8.401254
1678843195785 -1.620875 3.308787 8.470686
1678843195813 -0.739808 3.339911 7.742848
1678843195838 0.203507 3.150769 7.936779
1678843195862 -0.129287 3.241749 8.257602
1678843195886 -0.071826 3.541024 8.066066
1678843195923 0.727837 3.454833 9.184157
1678843195959 0.950498 3.394978 9.639056
1678843195975 -0.055067 3.694253 9.493010
1678843195988 -0.591368 4.223372 9.636662
1678843196013 -0.119710 3.866636 10.362105
1678843196040 -0.047884 3.636792 12.540829
1678843196071 0.184354 2.609680 14.429853
1678843196099 0.059855 2.135628 13.771448
1678843196115 0.735020 2.044648 10.589554
1678843196151 1.572991 2.059013 7.218518
1678843196173 0.885855 2.473210 6.557718
1678843196189 -1.125275 2.406173 9.998186
1678843196213 -2.236184 2.535460 11.425131
1678843196253 -1.290475 2.387019 10.141838
1678843196269 -0.490811 2.492364 8.121132
1678843196293 -0.603339 2.772485 7.230489
1678843196313 -0.325611 2.748544 7.026982
1678843196338 -0.277727 2.942474 6.897695
1678843196364 -0.335188 3.253720 6.991069
1678843196388 -0.395043 3.490746 7.489063
1678843196414 -0.292093 3.519476 8.080431
1678843196439 -0.713472 3.586514 9.071630
1678843196471 -0.948104 3.536236 8.420407
1678843196490 -1.453280 3.588908 7.575254
1678843196544 -2.633622 3.576937 8.655039
1678843196559 -2.580950 3.088520 11.324574
1678843196571 -1.685518 2.798822 10.192117
1678843196601 -1.740585 2.741361 9.646238
1678843196615 -3.057395 2.978387 10.556035
1678843196645 -3.622427 2.631228 12.270284
1678843196671 -2.480393 1.965640 12.555194
1678843196702 -1.031901 1.374272 11.911154
1678843196732 -1.177947 1.671153 10.378864
1678843196752 -1.443704 1.886631 9.200917
1678843196767 -1.144428 1.757344 9.452309
1678843196794 -1.086968 1.915361 8.860941
1678843196818 -0.871489 2.147599 7.551312
1678843196847 -0.969652 2.487576 6.775591
1678843196883 -1.256956 2.849100 7.304709
1678843196902 -1.163582 2.966416 7.783550
1678843196923 -1.031901 3.268085 8.324639
1678843196945 -0.706290 3.409343 8.516175
1678843196987 -0.507571 3.485958 8.010999
1678843197001 -0.826000 3.629610 8.705317
1678843197031 -0.926556 3.569755 10.024523
1678843197049 -0.981623 3.569755 10.067618
1678843197090 -0.787692 3.481169 10.424355
1678843197106 -1.429338 3.837905 10.764331
1678843197125 -1.929727 3.725378 10.144233
1678843197150 -1.963245 3.699042 11.722012
1678843197179 -1.089362 2.628834 13.335704
1678843197202 -1.412579 2.173935 12.605472
1678843197226 0.359130 1.778892 9.512163
1678843197252 2.159570 1.781286 6.318298
1678843197294 1.252167 1.798046 7.965509
1678843197313 -1.714248 2.116474 11.487380
1678843197328 -3.593697 2.870648 10.275913
1678843197354 -2.540248 3.021482 7.216124
1678843197380 -1.675941 2.794033 7.149086
1678843197412 -1.527501 2.626439 7.951144
1678843197429 -1.225831 2.652776 7.240066
1678843197455 -1.333570 2.930503 6.059724
1678843197482 -1.678335 3.122039 4.819528
1678843197519 -2.523489 3.026271 7.024588
1678843197533 -2.925714 2.755726 10.266336
1678843197569 -2.121263 2.554613 10.347740
1678843197585 -1.362301 2.516306 9.816227
1678843197606 -1.900996 2.489970 10.405201
1678843197632 -2.418144 2.487576 12.071565
1678843197657 -1.932121 2.743755 10.216059
1678843197683 -2.494758 2.870648 10.398018
1678843197715 -3.117251 2.200271 12.567164
1678843197735 -2.114080 1.197101 15.009251
1678843197762 -1.656788 0.866701 13.029245
1678843197784 -1.065420 1.089362 8.161834
1678843197814 -1.783680 1.584962 5.647922
1678843197852 -2.832341 1.692701 7.503428
1678843197870 -2.628834 1.429338 9.849746
1678843197885 -1.776498 1.355118 10.002975
1678843197912 -1.343147 2.085350 7.144298
1678843197937 -1.805228 2.516306 6.727707
1678843197962 -2.085350 2.470816 8.360553
1678843197986 -2.291251 2.858677 8.714894
1678843198013 -1.939303 3.004723 7.728483
1678843198046 -1.802834 3.143587 7.577648
1678843198063 -1.659182 3.126827 8.374918
1678843198110 -1.584962 3.160346 9.425972
1678843198123 -0.993594 2.810793 10.532093
1678843198140 -0.840365 2.554613 11.425131
1678843198167 -1.338359 2.839523 11.353305
1678843198195 -1.635240 3.191471 9.971850
1678843198220 -1.086968 3.112462 7.690176
1678843198255 -2.255338 3.536236 9.030929
1678843198272 -2.382231 2.114080 13.948619
1678843198295 -0.562637 1.414973 12.052411
1678843198318 1.240196 1.843535 5.588067
1678843198350 0.572214 2.080561 7.869741
1678843198386 -1.728614 1.661576 13.807362
1678843198418 -2.085350 1.240196 14.051570
1678843198428 -1.896208 1.924938 8.884883
1678843198454 -2.099715 2.248155 7.144298
1678843198475 -2.066196 2.018312 8.911219
1678843198506 -1.419762 1.865083 9.521740
1678843198524 -0.744597 1.941698 8.655039
1678843198558 -0.560243 1.984793 9.030929
1678843198598 -1.165976 2.090138 9.059659
1678843198608 -1.723825 2.353500 8.961497
1678843198648 -2.059013 2.456451 9.169792
1678843198655 -2.082955 2.501941 8.724471
1678843198699 -2.372654 2.554613 8.767567
1678843198705 -1.872266 2.274492 9.358934
1678843198729 -1.414973 2.219425 10.544065
1678843198754 -1.252167 2.082955 13.721169
1678843198776 -1.441309 2.703054 11.908759
1678843198807 -1.893813 3.210624 9.016563
1678843198849 -2.813187 2.638410 11.252748
1678843198868 -2.817975 1.563414 14.118608
1678843198881 -2.102109 1.182736 11.848905
1678843198904 -0.888249 1.580173 6.825869
1678843198929 -0.687136 1.924938 5.341464
1678843198955 -1.015141 1.824382 7.026982
1678843198982 -1.683124 1.750161 9.184157
1678843199011 -1.936909 1.848324 7.862558
1678843199032 -1.805228 2.331953 6.660669
1678843199057 -1.970428 2.583344 7.220912
1678843199084 -2.197877 2.705448 8.676587
1678843199110 -2.317587 2.736573 8.446744
1678843199135 -2.358289 3.390190 7.776367
1678843199174 -1.927332 3.588908 7.769185
1678843199183 -1.699883 3.629610 8.621520
1678843199211 -1.539472 3.701436 9.323022
1678843199234 -1.513135 3.564966 10.484209
1678843199263 -1.031901 3.648763 10.419566
1678843199285 -1.216254 4.170700 9.380483
1678843199310 -1.515530 4.359841 8.916007
1678843199337 -1.458069 4.168305 9.588778
1678843199368 -1.304840 4.429273 10.070012
1678843199387 -1.972822 4.472369 8.240842
1678843199417 -2.365471 4.343082 9.145850
1678843199438 -1.776498 2.801216 12.557588
1678843199469 -0.895431 1.640028 12.983756
1678843199501 -0.447716 1.640028 11.013328
1678843199515 0.481235 2.013524 7.259220
1678843199546 1.328782 2.461239 5.204995
1678843199575 0.335188 2.406173 7.094019
1678843199597 -1.951274 2.856283 9.579201
1678843199622 -3.239355 3.414132 10.773908
1678843199639 -1.733402 3.040636 9.919178
1678843199681 -0.529119 2.779668 8.614338
1678843199690 -0.859518 2.961627 8.516175
1678843199722 -1.031901 3.251326 7.996634
1678843199765 -0.785298 3.347094 6.983886
1678843199786 -0.754174 3.275268 7.386112
1678843199802 -1.668759 3.799598 8.291121
1678843199820 -1.726219 3.866636 8.750807
1678843199843 -1.635240 3.701436 8.868123
1678843199878 -1.637634 3.727772 9.033323
1678843199920 -1.594538 3.790021 9.222465
1678843199925 -1.273715 3.526659 9.607931
1678843199951 -1.082179 2.964022 11.128249
1678843199985 -1.438915 3.500323 10.393229
1678843199999 -1.841141 3.490746 9.691729
1678843200022 -1.053449 2.566584 10.735600
1678843200048 -1.058237 1.697489 11.540052
1678843200074 -2.032677 1.958457 11.652579
1678843200099 -1.355118 1.833959 10.457873
1678843200124 -1.386243 1.829170 8.942344
1678843200149 -2.264915 1.884237 8.997410
1678843200178 -2.054225 1.558625 9.706094
1678843200203 -1.015141 1.395820 9.315839
1678843200247 -0.198719 1.424550 8.312668
1678843200263 -0.665588 1.951274 7.256825
1678843200280 -1.400608 2.794033 6.761226
1678843200302 -1.654393 3.196259 7.934384
1678843200326 -1.781286 3.466804 9.442732
1678843200355 -1.429338 3.809175 8.046912
1678843200380 -1.292869 4.082114 8.506598
1678843200403 -0.749385 4.074931 9.651027
1678843200436 -0.411803 3.854665 10.771513
1678843200456 -0.196325 3.864242 10.218452
1678843200488 -0.632069 4.414908 8.480263
1678843200513 -1.905785 4.699818 9.382876
1678843200530 -2.212242 3.287239 14.676456
1678843200597 -0.299275 1.910573 15.246277
1678843200606 -0.244209 2.784456 10.520123
1678843200611 0.684742 3.416526 5.901707
1678843200630 1.149217 3.687071 4.575319
1678843200656 -1.501164 3.876213 9.320627
1678843200681 -2.193089 3.636792 11.552023
1678843200706 -0.806846 3.327940 8.702923
1678843200731 -0.608127 3.430891 6.564901
1678843200756 -0.608127 3.292027 6.983886
1678843200781 -0.205901 2.923320 7.062895
1678843200807 0.407014 2.188300 7.151481
1678843200832 0.057461 2.894590 7.776367
1678843200859 -0.435745 3.351882 7.881712
1678843200899 -0.770933 3.761291 8.451532
1678843200912 -1.254562 3.792415 9.289502
1678843200935 -1.905785 3.811569 9.995792
1678843200960 -2.080561 3.854665 10.170568
1678843201006 -1.541866 4.594473 8.827422
1678843201026 -1.577779 4.508282 7.314286
1678843201037 -2.492364 3.780444 12.263102
1678843201062 -2.013524 2.463634 17.647661
1678843201087 -0.646434 2.185906 12.794614
1678843201113 -1.379060 3.131616 7.328651
1678843201171 -2.602497 3.672705 6.833052
1678843201190 -3.217807 3.244143 10.474632
1678843201196 -2.580950 2.992752 11.650186
1678843201214 -1.182736 3.064578 8.494628
1678843201245 -0.873884 3.284845 6.847417
1678843201265 -1.513135 3.354277 8.092402
1678843201292 -1.742979 3.303998 8.487445
1678843201316 -1.015141 3.466804 6.962338
1678843201355 -0.392649 3.675100 6.428432
1678843201368 -0.667982 3.983952 7.539341
1678843201393 -0.675165 4.106056 8.420407
1678843201418 -0.167594 4.180276 8.456321
1678843201443 0.083797 4.082114 8.365341
1678843201483 -0.469264 4.338294 8.358158
1678843201495 -0.579397 4.395754 9.651027
1678843201519 0.026336 4.297592 9.507375
1678843201545 -1.074997 5.185841 7.977480
1678843201571 -2.643199 5.216966 10.522516
1678843201595 -1.778892 3.928885 13.936648
1678843201620 0.656011 3.718195 9.988609
1678843201645 1.285686 4.077325 7.127539
1678843201672 -0.208296 4.232949 8.643068
1678843201697 -1.678335 4.086902 11.906365
1678843201721 -1.118092 3.663129 11.549629
1678843201756 -0.213084 3.811569 8.362947
1678843201776 -0.074220 3.974375 7.031770
1678843201799 -0.608127 4.651934 6.691794
1678843201844 -0.811634 4.723760 6.998251
1678843201853 -0.490811 4.955997 7.939173
1678843201873 -0.392649 5.128380 9.009381
1678843201899 -0.991199 5.252879 10.591949
1678843201925 -1.019930 5.351041 9.655815
1678843201949 -1.304840 5.518635 10.002975
1678843201988 -1.180341 5.094861 9.933543
1678843202014 -1.106121 5.037400 8.705317
1678843202027 -1.936909 5.410896 7.024588
1678843202052 -2.937685 6.483498 6.720524
1678843202077 -2.849100 6.117185 7.003040
1678843202102 -2.011129 5.705383 4.953603
1678843202126 -2.540248 4.501099 6.172252
1678843202152 -3.296816 4.161122 10.031705
1678843202177 -2.092532 3.189077 10.259154
1678843202211 -1.240196 2.992752 8.959103
1678843202235 -1.845930 3.138798 6.433220
1678843202255 -1.807622 3.421314 7.024588
1678843202295 -0.600945 3.689465 8.001422
1678843202310 -0.330400 4.024653 7.544129
1678843202328 -1.101333 4.778827 7.287950
1678843202353 -1.790863 4.714183 7.283162
1678843202379 -2.554613 4.388572 8.159439
1678843202405 -1.956063 4.034230 8.585608
1678843202430 -1.678335 4.383783 7.381324
1678843202456 -2.264915 4.867412 6.718130
1678843202490 -1.936909 5.353435 7.240066
1678843202519 -1.386243 5.367800 8.583213
1678843202532 -1.393425 5.358223 9.739613
1678843202558 -1.697489 5.204995 9.631873
1678843202584 -2.427721 5.420473 8.475474
1678843202611 -3.165135 5.616797 7.608773
1678843202644 -3.787627 5.734113 7.678205
1678843202658 -3.253720 5.470751 7.139510
1678843202682 -2.319981 4.967968 7.287950
1678843202727 -1.946486 4.829105 7.505822
1678843202746 -2.315193 4.886566 8.214506
1678843202757 -1.496376 5.001487 7.630321
1678843202782 -1.905785 4.668694 6.344635
1678843202810 -4.412514 4.328717 8.456321
1678843202834 -3.737349 3.706224 11.537658
1678843202858 -0.950498 3.502717 9.368511
1678843202884 0.984017 4.149151 7.290344
1678843202909 -0.335188 5.379771 4.944026
1678843202935 -2.829947 5.360618 6.330269
1678843202959 -4.936844 4.869806 10.445902
1678843202990 -4.015076 4.383783 12.966996
1678843203017 -0.723049 3.763685 11.118672
1678843203051 1.340753 3.600879 9.543288
1678843203085 0.464475 4.802769 8.475474
1678843203094 -1.055843 5.463568 8.762778
1678843203110 -1.288081 5.585672 8.611943
1678843203145 -0.347159 5.367800 7.920019
1678843203194 -0.457293 5.204995 8.489840
1678843203216 -0.526724 4.819528 9.507375
1678843203226 -0.653617 4.620809 8.848969
1678843203237 -0.378284 4.369418 7.364564
1678843203265 -0.509965 4.297592 6.775591
1678843203308 -0.162806 4.383783 8.367735
1678843203322 0.222661 4.182671 8.789114
1678843203340 0.418985 4.297592 7.805098
1678843203365 1.094150 4.297592 8.286332
1678843203392 0.960075 4.352659 9.229648
1678843203414 0.948104 4.369418 9.119514
1678843203446 0.972046 3.770868 8.420407
1678843203466 -0.675165 4.321534 8.769960
1678843203498 -2.353500 4.484340 7.797915
1678843203518 -3.670311 4.333505 9.100361
1678843203550 -1.649605 3.296816 11.111490
1678843203567 0.560243 2.822764 10.948685
1678843203600 -0.852336 3.198653 11.707646
1678843203641 -2.796427 3.332729 12.737153
1678843203653 -3.155558 3.433285 9.765948
1678843203694 -3.081338 3.610456 7.441179
1678843203707 -2.348712 3.505111 6.098032
1678843203721 -2.066196 3.490746 6.739678
1678843203757 -1.309628 3.002329 8.674192
1678843203773 -0.450110 2.899378 8.410830
1678843203802 -0.263362 3.342306 7.405266
1678843203821 -1.347936 4.015076 7.553706
1678843203850 -1.702277 4.235343 8.300697
1678843203879 -1.704672 4.393360 9.330204
1678843203906 -1.833959 4.426879 10.117896
1678843203922 -1.283292 4.244920 10.263943
1678843203960 -0.622492 4.060566 9.586384
1678843203976 -1.070208 4.106056 10.038888
1678843203999 -1.352724 4.750096 9.119514
1678843204025 -1.331176 4.939238 6.713342
1678843204071 -3.191471 5.073313 7.687782
1678843204077 -4.592079 3.926491 13.654132
1678843204102 -1.927332 3.126827 11.008539
1678843204127 0.744597 2.942474 6.789956
1678843204160 1.003170 2.784456 7.486669
1678843204178 -1.812411 2.791639 11.207258
1678843204209 -3.426103 3.081338 11.556811
1678843204231 -3.011906 3.375824 9.373300
1678843204262 -2.633622 3.373430 8.212111
1678843204280 -2.425326 3.311181 8.307879
1678843204304 -2.267309 3.318364 7.850587
1678843204329 -2.073379 3.438074 7.046135
1678843204354 -2.296039 3.426103 7.563283
1678843204380 -2.382231 3.066972 9.581595
1678843204407 -2.015918 3.011906 8.889671
1678843204431 -1.941698 3.148375 8.068460
1678843204460 -2.133234 3.095703 9.277532
1678843204482 -2.070984 2.671929 9.967062
1678843204520 -2.147599 2.906561 9.756371
1678843204534 -2.140416 3.409343 8.796297
1678843204557 -2.521094 3.861847 7.062895
1678843204582 -4.319140 3.742137 9.186552
1678843204617 -4.333505 2.360683 14.666880
1678843204635 -2.272097 1.561020 13.496115
1678843204664 -0.596156 2.087744 8.003817
1678843204685 -0.567426 2.770091 5.643134
1678843204709 -1.515530 3.265691 6.397307
1678843204736 -1.874660 3.359065 8.276755
1678843204786 -1.975216 3.442862 8.822633
1678843204798 -1.932121 3.564966 9.138668
1678843204815 -1.951274 3.555390 9.856929
1678843204855 -1.414973 3.442862 10.338163
1678843204870 -0.732626 3.469198 8.676587
1678843204884 -1.352724 4.115633 7.283162
1678843204917 -2.396596 4.673482 6.864176
1678843204943 -2.233790 4.742914 7.599196
1678843204961 -1.453280 4.505888 7.826645
1678843204985 -0.988805 4.434062 8.362947
1678843205010 -1.328782 4.616021 8.700529
1678843205058 -1.817199 5.061342 8.571242
1678843205076 -1.630451 4.704607 9.964667
1678843205086 -1.266533 4.453215 11.293449
1678843205111 -1.211466 4.627992 9.777920
1678843205135 -1.721431 4.836287 9.653421
1678843205161 -1.788469 4.240131 9.593566
1678843205187 -2.513912 3.682282 10.436325
1678843205212 -1.393425 2.901772 11.733982
1678843205237 0.397437 2.937685 8.872911
1678843205263 0.543484 4.010288 4.666299
1678843205288 -1.098939 4.187459 7.740454
1678843205313 -1.903390 3.734955 12.445061
1678843205339 -0.754174 3.478775 12.830527
1678843205364 0.035913 3.897760 8.954314
1678843205398 -0.418985 3.945644 9.009381
1678843205420 -1.084573 4.120421 8.892065
1678843205441 -0.670376 3.878607 7.838616
1678843205476 -0.237026 3.986346 6.169858
1678843205493 0.009577 3.971981 6.572083
1678843205540 -0.409408 4.031836 7.673417
1678843205546 -1.113304 4.249708 7.292738
1678843205582 -1.443704 4.544195 6.821081
1678843205593 -1.364695 4.501099 7.975086
1678843205617 -1.470040 4.431667 8.793902
1678843205643 -1.711854 4.582502 8.913613
1678843205681 -1.587356 4.395754 9.543288
1678843205695 -2.288857 4.256891 11.654974
1678843205720 -2.485181 4.419696 11.714828
1678843205754 -1.687912 4.826711 7.881712
1678843205782 -2.566584 4.934450 7.204153
1678843205804 -2.947262 4.244920 11.075577
1678843205822 -2.463634 3.450045 13.654132
1678843205846 -1.685518 3.220201 10.201694
1678843205880 -1.745373 3.251326 7.216124
1678843205938 -3.325546 3.337517 7.728483
1678843205954 -4.007894 3.296816 8.504205
1678843205970 -3.914520 3.284845 8.686164
1678843205976 -3.481169 3.315969 8.243237
1678843205999 -3.330335 3.617639 7.536947
1678843206028 -3.550601 3.857059 6.964733
1678843206057 -3.165135 4.089296 6.129156
1678843206080 -2.837129 4.192247 6.423643
1678843206101 -3.014300 4.474763 7.003040
1678843206139 -2.578555 4.661511 6.804321
1678843206148 -2.135628 4.642357 6.909666
1678843206174 -2.243367 4.778827 8.032547
1678843206202 -2.044648 4.946421 8.410830
1678843206227 -2.037466 5.078102 8.688558
1678843206251 -2.145205 5.080496 9.557653
1678843206276 -2.523489 5.085284 9.916783
1678843206304 -2.025495 5.525817 8.046912
1678843206329 -2.760514 5.511452 8.516175
1678843206353 -2.770091 4.932055 10.103531
1678843206383 -1.956063 3.806781 11.384429
1678843206406 -1.637634 3.746926 9.502586
1678843206440 -0.708684 3.756502 8.429984
1678843206461 0.047884 3.907337 6.962338
1678843206498 -0.806846 3.701436 9.184157
1678843206538 -1.419762 3.433285 11.626244
1678843206543 -0.881066 3.588908 9.995792
1678843206584 -0.620098 3.866636 7.548918
1678843206589 -1.417367 4.367024 7.297527
1678843206610 -1.604115 4.309563 6.679823
1678843206651 -1.424550 4.304775 6.648698
1678843206664 -1.651999 4.438850 7.395689
1678843206685 -1.436521 4.661511 7.520187
1678843206711 -1.927332 5.051765 7.572860
1678843206738 -2.449268 4.977545 7.929596
1678843206762 -2.312799 4.797980 9.074024
1678843206790 -2.458845 4.517859 10.663774
1678843206812 -2.054225 4.335899 11.171345
1678843206848 -1.474828 4.797980 10.817003
1678843206879 -3.055001 5.147533 8.853758
1678843206893 -3.797204 5.123591 9.062054
1678843206914 -2.245761 3.608062 10.512939
1678843206938 -0.811634 3.217807 10.103531
1678843206963 -0.577003 3.007117 7.824251
1678843206989 -2.310405 3.244143 6.756437
1678843207040 -3.950433 3.646369 7.235278
1678843207058 -3.816358 3.813963 8.592790
1678843207067 -3.272874 3.404555 9.390059
1678843207091 -3.265691 3.569755 8.662222
1678843207116 -2.458845 3.490746 6.284780
1678843207149 -2.063802 3.670311 5.348647
1678843207169 -2.820370 3.885789 6.339846
1678843207192 -3.392584 4.110844 6.279991
1678843207217 -2.995146 4.319140 6.406884
1678843207259 -2.631228 4.146757 6.974309
1678843207272 -2.602497 4.003105 8.257602
1678843207298 -2.779668 4.012682 9.787497
1678843207333 -3.186682 3.785233 11.111490
1678843207344 -4.556166 3.878607 10.814610
1678843207371 -6.268020 4.872200 9.490616
1678843207396 -7.053318 4.903325 11.022904
1678843207420 -6.064513 4.766856 10.304645
1678843207446 -5.013458 4.630386 5.923255
1678843207476 -5.310339 4.046201 7.546524
1678843207496 -5.537788 2.501941 12.445061
1678843207522 -3.023877 1.441309 13.735536
1678843207547 -0.311246 2.054225 8.236053
1678843207573 0.172383 3.055001 4.319140
1678843207598 -1.400608 4.357447 2.387019
1678843207634 -2.947262 4.762067 3.421314
1678843207648 -3.538630 4.639963 6.318298
1678843207673 -3.555390 3.897760 11.872847
1678843207699 -2.609680 3.485958 12.078748
1678843207742 -0.976834 3.265691 8.942344
1678843207755 -1.084573 3.385401 6.856994
1678843207776 -1.003170 3.517082 6.217742
1678843207803 -0.981623 3.507505 7.383718
1678843207829 -0.445322 3.509900 8.078036
1678843207860 -1.177947 3.794810 9.540894
1678843207879 -2.477999 4.070143 11.664551
1678843207908 -2.537854 4.158728 11.370064
1678843207932 -2.355895 4.438850 9.861717
1678843207980 -2.786851 4.927267 10.283096
1678843207999 -3.500323 4.800375 8.209718
1678843208020 -3.569755 4.115633 9.986216
1678843208031 -2.001553 3.284845 12.107478
1678843208058 -1.106121 3.213019 10.728417
1678843208085 -1.151611 3.622427 7.546524
1678843208115 -1.137246 3.854665 5.846641
1678843208130 -0.806846 3.871424 7.922413
1678843208156 -0.679953 3.505111 10.151415
1678843208217 -0.823605 3.411737 9.931149
1678843208223 -0.814029 3.926491 7.855376
1678843208232 -1.376666 4.331111 6.856994
1678843208268 -1.723825 4.467580 6.277597
1678843208286 -1.833959 4.175488 5.925649
1678843208319 -2.006341 3.828329 5.547365
1678843208335 -1.594538 4.369418 7.307104
1678843208360 -0.653617 4.510676 7.094019
1678843208387 0.191536 4.982334 7.565677
1678843208412 -0.548272 5.212177 8.700529
1678843208437 -0.746991 5.817910 8.765172
1678843208470 -1.185130 5.602432 9.758766
1678843208496 -1.470040 5.123591 13.740324
1678843208524 -1.537078 5.075707 12.974179
1678843208569 -2.762909 4.525041 10.955867
1678843208594 -2.240973 2.980781 11.812991
1678843208603 -0.833182 2.109292 13.342886
1678843208630 -0.775721 2.379837 11.286267
1678843208645 -1.496376 1.912967 10.371682
1678843208679 -1.891419 1.151611 11.851298
1678843208691 -2.161964 1.118092 10.747571
1678843208728 -1.951274 1.663970 7.690176
1678843208771 -2.020706 2.506729 5.542577
1678843208778 -1.826776 2.930503 4.596867
1678843208793 -0.531513 2.123657 6.279991
1678843208818 -0.392649 2.023100 7.491457
1678843208844 -0.691924 2.398990 7.211336
1678843208882 -1.115698 2.767697 7.726089
1678843208906 -1.757344 3.246537 8.667010
1678843208920 -1.891419 3.277662 9.519346
1678843208945 -1.577779 3.172317 9.734824
1678843208973 -1.599327 3.248932 9.078813
1678843208998 -1.058237 3.387795 8.757990
1678843209020 -0.442927 3.414132 8.748413
1678843209044 -1.300052 3.703830 9.478644
1678843209077 -3.090914 4.254497 10.347740
1678843209095 -3.699042 4.671088 10.050858
1678843209121 -3.292027 4.201824 9.275137
1678843209146 -2.889802 3.359065 8.748413
1678843209173 -2.669535 3.045424 8.963891
1678843209197 -2.109292 2.154782 7.869741
1678843209223 -1.508347 1.731008 5.262455
1678843209256 -2.743755 0.948104 12.442666
1678843209284 -1.070208 -0.550666 17.331627
1678843209302 0.040701 0.952892 11.413159
1678843209325 -1.889025 2.873042 8.042124
1678843209367 -3.758897 3.248932 9.112331
1678843209382 -5.674258 3.234566 10.469844
1678843209403 -4.893748 3.078943 10.149021
1678843209427 -2.161964 2.492364 8.846576
1678843209450 -1.218649 2.585738 8.983045
1678843209477 -1.836353 2.887407 8.032547
1678843209501 -2.090138 3.016694 6.452374
1678843209526 -2.561796 3.521871 5.808333
1678843209563 -2.600103 3.495534 6.940791
1678843209604 -1.606509 3.270479 8.015787
1678843209608 -1.534683 3.299210 8.609550
1678843209627 -2.291251 3.689465 9.794679
1678843209662 -2.365471 3.878607 10.067618
1678843209683 -2.154782 3.835511 9.105149
1678843209711 -2.360683 4.113238 7.809886
1678843209752 -3.028665 4.618415 7.321469
1678843209782 -4.043807 5.099649 7.503428
1678843209786 -3.878607 4.611232 8.130709
1678843209809 -3.069367 4.187459 9.507375
1678843209844 -2.377442 4.611232 5.418078
1678843209860 -4.881777 3.720589 8.954314
1678843209883 -4.807557 1.089362 18.930952
1678843209909 -1.247379 0.670376 15.919047
1678843209935 1.608904 2.229002 3.885789
1678843209960 0.881066 3.517082 0.366313
1678843209998 -4.098873 3.892972 6.107608
1678843210014 -4.740520 3.768473 12.023681
1678843210047 -2.324770 3.296816 11.590330
1678843210068 0.004788 3.363853 10.819398
1678843210088 -0.083797 4.094085 8.305486
1678843210110 0.114922 4.472369 7.747637
1678843210148 -0.873884 4.587290 8.784326
1678843210179 -1.544260 3.895366 10.469844
1678843210193 -1.247379 3.064578 10.817003
1678843210213 -0.165200 2.906561 8.853758
1678843210238 -0.196325 3.040636 6.739678
1678843210292 0.265756 3.076549 6.095637
1678843210311 0.069432 3.648763 6.655881
1678843210317 -1.065420 4.740520 6.603208
1678843210340 -1.113304 4.635174 6.789956
1678843210367 -0.811634 4.817134 8.255207
1678843210401 -1.161188 5.353435 9.241618
1678843210418 -0.237026 5.777209 8.140285
1678843210442 0.495600 5.453991 8.073248
1678843210468 -0.198719 4.910508 10.285490
1678843210494 -0.011971 4.659117 10.472239
1678843210518 0.512359 4.534618 8.935161
1678843210544 1.249773 4.228160 8.961497
1678843210581 0.497994 3.397372 9.543288
1678843210595 -0.859518 3.904943 7.436390
1678843210621 -1.343147 1.628057 7.735666
1678843210676 0.895431 -0.548272 15.883134
1678843210681 3.019088 -2.054225 19.797653
1678843210697 -0.210690 0.387861 13.141773
1678843210723 -6.172252 3.351882 8.530540
1678843210747 -6.461950 3.818752 8.904037
1678843210788 -4.146757 2.662352 9.337387
1678843210807 -3.615245 2.762909 8.884883
1678843210824 -2.908955 2.511518 9.713276
1678843210850 -1.989582 2.061408 10.603919
1678843210876 -1.853112 2.078167 10.168175
1678843210913 -2.415750 2.975993 6.490681
1678843210934 -2.772485 3.909731 4.450821
1678843210952 -2.616863 4.232949 5.363012
1678843210977 -2.248155 4.180276 6.318298
1678843211009 -1.958457 4.079720 7.991845
1678843211028 -2.284068 4.960786 8.295909
1678843211058 -2.209848 5.231331 7.979874
1678843211079 -2.217031 5.166687 9.404425
1678843211110 -1.709460 4.776433 11.168951
1678843211158 -1.113304 4.560954 11.324574
1678843211167 -2.264915 4.623203 10.919954
1678843211181 -1.419762 5.726931 6.054936
1678843211214 -1.728614 5.245696 4.247314
1678843211229 -3.193865 3.433285 13.050794
1678843211256 -2.978387 2.564190 16.802507
1678843211282 -0.471658 3.727772 6.888118
1678843211312 0.524330 4.249708 3.514688
1678843211348 -2.133234 3.457227 9.809045
1678843211358 -3.399766 3.124433 12.378023
1678843211385 -1.936909 3.394978 9.021352
1678843211409 -0.914585 3.280056 5.719748
1678843211458 -1.620875 3.521871 6.600814
1678843211474 -2.178724 3.481169 8.449138
1678843211486 -1.766921 3.356671 8.343793
1678843211511 -1.010353 3.617639 6.837840
1678843211536 -0.986411 3.861847 7.630321
1678843211561 -1.814805 4.094085 9.354146
1678843211587 -2.205060 4.343082 8.710106
1678843211613 -2.030283 4.508282 8.248025
1678843211639 -1.877054 4.414908 8.159439
1678843211666 -1.414973 4.472369 7.146692
1678843211705 -1.343147 4.673482 7.903260
1678843211715 -1.675941 4.594473 9.844957
1678843211761 -1.355118 4.187459 8.451532
1678843211774 -1.886631 4.225766 7.120356
1678843211802 -3.114856 3.643975 9.102755
1678843211817 -3.655946 2.762909 14.664485
1678843211854 -1.738190 2.226608 13.491326
1678843211867 -0.179565 2.772485 8.240842
1678843211892 -0.842759 3.519476 6.064513
1678843211920 -1.980005 3.598485 7.867347
1678843211955 -1.980005 3.837905 9.330204
1678843211973 -1.453280 3.998317 7.740454
1678843212010 -1.587356 4.168305 7.541735
1678843212024 -1.465251 4.074931 8.367735
1678843212044 -0.658405 3.876213 8.288726
1678843212070 -0.002394 3.986346 8.286332
1678843212095 -0.600945 4.458004 9.251195
1678843212123 -0.555455 4.733337 8.635885
1678843212181 -0.146046 4.965574 7.967903
1678843212201 0.129287 5.046977 7.924808
1678843212215 0.220267 5.207389 8.736442
1678843212222 -0.153229 5.473145 9.679757
1678843212246 -0.658405 5.619191 10.402806
1678843212279 -0.577003 5.509058 9.224859
1678843212296 -1.221043 5.204995 10.079589
1678843212322 -1.673547 4.479551 12.514492
1678843212354 -2.035071 3.454833 13.687651
1678843212372 -1.134852 3.347094 9.121908
1678843212400 0.014365 3.576937 5.501875
1678843212425 0.124498 4.058172 5.214571
1678843212472 -0.897826 3.797204 7.584831
1678843212496 -2.303222 3.744531 10.089166
1678843212504 -2.343924 3.610456 11.346122
1678843212524 -1.343147 3.521871 9.979033
1678843212551 -1.024718 3.608062 7.965509
1678843212575 -1.467646 3.763685 6.306327
1678843212603 -1.211466 3.938462 4.702212
1678843212626 -0.612916 4.041412 6.083666
1678843212650 -0.215478 3.861847 8.257602
1678843212706 -0.383072 4.065354 8.315063
1678843212719 -1.051055 4.477157 8.027759
1678843212732 -1.836353 4.893748 8.631097
1678843212752 -1.551443 4.812346 8.499416
1678843212776 -1.113304 4.647145 8.532935
1678843212802 -1.273715 4.386178 9.753978
1678843212828 -1.587356 4.460398 11.015722
1678843212859 -1.946486 4.831499 8.623915
1678843212896 -2.815581 4.807557 8.712500
1678843212910 -2.765303 4.252102 11.054029
1678843212947 -2.545036 3.622427 13.010092
1678843212954 -2.288857 3.265691 12.140997
1678843212980 -1.426944 2.978387 9.342175
1678843213011 -1.381454 3.023877 7.041347
1678843213034 -2.102109 3.114856 7.805098
1678843213061 -1.568202 2.789245 9.323022
1678843213082 -1.146823 2.930503 9.363723
1678843213109 -1.206678 3.313575 8.123527
1678843213134 -1.479617 3.675100 7.010222
1678843213158 -1.781286 4.003105 6.646304
1678843213183 -1.766921 4.163517 7.354988
1678843213209 -1.685518 4.355053 7.687782
1678843213235 -0.873884 4.158728 7.129933
1678843213260 -1.015141 4.347870 7.307104
1678843213308 -1.640028 4.663905 8.655039
1678843213322 -1.628057 4.817134 9.591172
1678843213338 -1.110910 4.922479 9.385271
1678843213362 -0.986411 4.927267 9.461885
1678843213387 -1.122881 4.841076 10.931925
1678843213413 -1.189918 5.319916 9.090784
1678843213456 -1.448492 5.355829 7.987057
1678843213477 -1.900996 5.075707 9.181764
1678843213490 -1.223437 3.533842 13.113043
1678843213515 -0.215478 3.174711 11.573571
1678843213541 0.385466 3.378219 7.319075
1678843213569 0.562637 3.835511 5.099649
1678843213601 -0.426168 3.363853 8.257602
1678843213618 -1.814805 3.196259 11.832145
1678843213655 -2.044648 3.459621 10.728417
1678843213694 -1.417367 3.620033 7.771579
1678843213712 -1.285686 3.574543 6.763620
1678843213723 -1.192312 3.550601 6.677429
1678843213745 -1.017536 3.639187 6.481104
1678843213771 -0.758962 3.655946 6.722919
1678843213798 -1.024718 3.938462 8.010999
1678843213822 -1.563414 4.556166 8.226477
1678843213846 -1.551443 4.699818 8.202535
1678843213884 -1.326388 4.431667 9.253590
1678843213898 -1.230620 4.395754 9.907207
1678843213922 -1.209072 4.501099 9.521740
1678843213950 -1.417367 4.687847 10.330980
1678843213976 -1.845930 4.812346 8.382100
1678843214000 -3.378219 5.018247 9.873688
1678843214037 -2.604892 3.711013 13.599066
1678843214055 -2.554613 3.193865 15.732300
1678843214104 -1.994370 3.244143 11.520899
1678843214117 -1.206678 3.244143 6.983886
1678843214126 -1.395820 3.289633 6.598420
1678843214149 -1.965640 3.263297 8.518570
1678843214178 -1.685518 3.191471 8.631097
1678843214205 -1.386243 3.438074 8.267179
1678843214224 -1.367089 3.699042 7.642292
1678843214253 -1.185130 3.785233 6.370971
1678843214276 -0.339977 3.794810 5.985504
1678843214311 0.287304 3.758897 7.304709
1678843214342 0.162806 4.050989 8.722076
1678843214353 -0.672771 4.560954 8.353370
1678843214409 -0.871489 4.745308 8.248025
1678843214423 -0.442927 4.668694 8.801085
1678843214436 0.000000 4.771644 8.456321
1678843214458 -0.366313 4.987122 8.664616
1678843214480 -1.039083 5.221754 9.816227
1678843214510 -0.536301 5.681441 9.011775
1678843214532 -0.849942 5.336676 7.730877
1678843214557 -1.381454 5.226542 10.776301
1678843214582 -0.888249 3.881001 13.397953
1678843214608 0.399832 3.536236 11.032481
1678843214634 1.091756 3.653552 7.999028
1678843214659 0.928950 3.955221 6.552930
1678843214685 -0.897826 3.845088 9.028535
1678843214710 -1.745373 3.531447 9.854534
1678843214736 -0.682347 3.196259 8.961497
1678843214762 -0.067038 3.050213 8.080431
1678843214787 -0.533907 3.533842 6.588843
1678843214814 -0.794875 3.857059 5.547365
1678843214838 -0.280122 3.725378 6.744466
1678843214864 -0.325611 3.732560 9.023746
1678843214889 -0.598550 3.948039 9.564836
1678843214916 -1.158794 4.295198 9.732430
1678843214941 -1.939303 4.805163 10.070012
1678843214966 -2.075773 4.742914 10.170568
1678843214992 -1.884237 4.742914 9.042900
1678843215018 -0.804452 4.661511 9.967062
1678843215043 -0.521936 4.750096 8.212111
1678843215069 -1.477222 4.917690 8.588001
1678843215094 -1.505953 4.302381 12.167333
1678843215124 -1.170765 3.904943 15.421053
1678843215165 -1.058237 3.979163 10.766725
1678843215182 -1.699883 4.522647 6.260838
1678843215197 -2.530671 4.395754 7.517793
1678843215222 -2.185906 3.811569 9.804255
1678843215248 -1.683124 3.292027 9.414001
1678843215275 -1.766921 3.646369 7.685388
1678843215299 -1.551443 3.813963 6.655881
1678843215342 -1.424550 3.857059 7.113173
1678843215401 -1.903390 3.938462 8.439561
1678843215422 -2.449268 4.371812 7.852982
1678843215434 -2.322376 4.881777 6.002264
1678843215439 -1.273715 4.647145 6.445191
1678843215456 -1.005565 4.606444 8.271967
1678843215478 -1.096544 4.759673 8.786720
1678843215504 -1.812411 5.396531 7.864953
1678843215529 -1.867477 5.738902 7.546524
1678843215558 -1.594538 5.681441 8.748413
1678843215592 -1.161188 5.832275 9.639056
1678843215612 -0.210690 5.884948 6.342240
1678843215642 -0.957681 6.430826 6.229713
1678843215660 -1.769315 5.688623 9.670180
1678843215683 -1.297657 4.517859 13.479356
1678843215710 1.122881 4.139575 8.638280
1678843215746 1.970428 4.446033 5.401319
1678843215768 0.617704 4.082114 7.769185
1678843215794 -0.509965 3.835511 11.171345
1678843215818 -0.090980 3.667917 10.608707
1678843215840 0.399832 3.770868 7.841011
1678843215862 -0.119710 4.333505 6.110003
1678843215904 -0.885855 4.855441 6.019023
1678843215918 -1.194707 4.860229 7.041347
1678843215939 -0.648829 4.661511 8.111555
1678843215966 -0.505177 4.663905 8.161834
1678843215991 -0.969652 4.999093 7.630321
1678843216015 -0.811634 4.833893 8.887277
1678843216052 -0.497994 4.527435 10.108319
1678843216068 -0.995988 4.661511 10.034100
1678843216092 -1.024718 4.876989 8.535329
1678843216118 -0.739808 5.339070 8.283937
1678843216143 -0.684742 5.343858 5.631162
1678843216169 -1.939303 4.786009 12.064383
1678843216195 -0.931344 3.450045 17.688362
1678843216241 -0.179565 3.720589 10.256760
1678843216260 0.155623 4.608838 4.041412
1678843216273 -0.612916 4.977545 3.696647
1678843216297 -1.491588 4.814740 8.506598
1678843216322 -0.629675 4.345476 11.429919
1678843216350 0.493206 4.103662 11.030087
1678843216395 -0.407014 4.671088 9.224859
1678843216410 -0.969652 4.695030 8.734048
1678843216425 -0.744597 4.386178 8.765172
1678843216451 -0.373495 4.220978 7.893683
1678843216476 -0.584185 4.115633 7.692570
1678843216505 -1.039083 4.280833 8.058883
1678843216541 -1.477222 4.374207 8.683769
1678843216555 -1.680730 4.654328 7.797915
1678843216582 -1.867477 4.948815 7.175423
1678843216608 -1.802834 4.817134 8.058883
1678843216632 -2.224213 4.848258 9.294291
1678843216658 -2.109292 4.977545 8.968679
1678843216680 -1.340753 4.764462 9.085996
1678843216707 -0.454898 4.651934 8.355764
1678843216743 0.251391 4.424485 8.597578
1678843216782 -0.646434 4.319140 10.824186
1678843216802 -2.427721 4.510676 12.768278
1678843216813 -0.629675 4.357447 8.111555
1678843216836 1.280898 4.187459 4.972757
1678843216860 0.854730 4.003105 8.413225
1678843216885 -1.063026 4.003105 12.773067
1678843216911 -0.739808 3.473987 13.828909
1678843216936 -0.052672 3.148375 10.441113
1678843216962 -0.531513 3.569755 8.051701
1678843216988 -0.960075 3.936068 7.120356
1678843217013 -1.122881 4.048595 6.655881
1678843217051 -0.301669 3.904943 6.323087
1678843217071 0.148441 3.806781 7.498640
1678843217089 -0.778116 4.237737 8.319851
1678843217115 -1.187524 4.551377 8.178593
1678843217140 -1.604115 4.999093 8.592790
1678843217168 -1.319205 4.975151 9.804255
1678843217192 -1.259350 4.812346 11.834539
1678843217217 -2.073379 5.106832 11.032481
1678843217248 -2.145205 5.224148 8.635885
1678843217286 -1.252167 5.276821 7.735666
1678843217294 -1.467646 5.489904 8.092402
1678843217336 -1.300052 5.389348 9.165004
1678843217354 -0.766145 5.046977 8.362947
1678843217377 -0.888249 4.678270 7.874529
1678843217407 -0.581791 3.991134 8.650250
1678843217422 -0.174777 3.512294 8.350976
1678843217448 -1.254562 3.588908 8.865729
1678843217474 -3.196259 3.509900 11.985373
1678843217499 -3.770868 3.588908 11.338940
1678843217524 -2.997540 3.713407 8.772355
1678843217550 -2.894590 3.859453 7.410054
1678843217579 -2.947262 3.794810 7.802703
1678843217601 -2.844312 3.828329 8.003817
1678843217627 -2.106898 3.854665 7.879318
1678843217652 -1.929727 3.919308 8.037335
1678843217678 -2.300828 4.007894 8.190564
1678843217708 -2.861071 4.362236 7.493851
1678843217743 -3.409343 4.740520 6.519411
1678843217764 -3.210624 4.797980 6.354211
1678843217792 -2.832341 4.599261 7.022193
1678843217807 -3.220201 4.853047 7.443573
1678843217833 -3.256114 4.829105 7.201759
1678843217857 -3.189077 4.932055 6.701371
1678843217891 -2.906561 5.015852 7.213730
1678843217910 -2.190695 4.575319 8.607155
1678843217934 -2.564190 4.958392 8.437167
1678843217961 -2.588132 5.118803 7.802703
1678843217995 -2.813187 5.216966 8.741230
1678843218012 -2.624045 5.252879 9.351752
1678843218036 -3.047819 5.691018 10.400413
1678843218062 -2.956839 6.167464 8.860941
1678843218092 -2.197877 5.935226 5.700594
1678843218114 -1.288081 5.185841 7.031770
1678843218140 -2.449268 4.338294 12.741941
1678843218167 -3.457227 4.496311 12.801797
1678843218190 -1.400608 4.412514 6.833052
1678843218215 -1.268927 4.572925 4.903325
1678843218242 -2.777274 4.268862 6.859388
1678843218267 -1.434127 3.385401 8.300697
1678843218292 -0.299275 2.786851 9.136273
1678843218318 -0.737414 2.609680 8.908825
1678843218343 -1.929727 3.481169 8.609550
1678843218392 -2.384625 3.677494 8.473080
1678843218398 -2.997540 3.768473 9.629479
1678843218420 -2.985569 3.813963 10.113108
1678843218446 -2.671929 4.015076 9.047688
1678843218495 -3.253720 4.278439 8.717288
1678843218499 -3.102885 4.984728 8.147469
1678843218522 -2.114080 5.341464 7.323863
1678843218548 -1.675941 5.544971 7.788338
1678843218594 -1.965640 6.002264 8.621520
1678843218599 -3.220201 6.402095 10.508151
1678843218625 -2.892196 6.040571 10.998962
1678843218655 -1.302446 5.140351 10.603919
1678843218677 -1.357512 5.054160 10.606314
1678843218702 -2.353500 5.272032 7.893683
1678843218727 -2.542642 5.542577 6.215348
1678843218753 -2.923320 5.439626 6.837840
1678843218788 -1.862689 4.364630 8.769960
1678843218808 -0.287304 3.062184 9.457097
1678843218831 -0.332794 2.729390 9.914390
1678843218855 -1.522712 2.892196 11.762712
1678843218883 -1.881842 2.932897 11.274296
1678843218906 -1.733402 3.383007 7.627927
1678843218936 -1.812411 4.000711 5.025429
1678843218988 -2.066196 4.307169 5.372589
1678843219007 -1.951274 4.314352 6.732495
1678843219015 -1.268927 4.144363 7.084443
1678843219042 -0.761356 4.067749 5.992687
1678843219060 -1.072602 4.204218 5.523423
1678843219086 -1.917756 4.319140 6.837840
1678843219111 -1.711854 4.197036 7.852982
1678843219136 -0.653617 4.187459 7.824251
1678843219164 -0.122104 4.845864 7.467515
1678843219188 -0.476446 5.590461 8.149862
1678843219214 -1.328782 6.217742 9.059659
1678843219240 -2.015918 6.380548 9.859323
1678843219268 -1.084573 6.770802 9.040505
1678843219319 -0.548272 6.121974 9.200917
1678843219337 -0.002394 4.565742 12.009315
1678843219347 0.232238 3.612850 12.588713
1678843219373 -0.646434 4.414908 7.637504
1678843219392 0.253785 4.783615 5.691018
1678843219418 1.300052 3.780444 7.896077
1678843219443 -1.086968 3.150769 13.151350
1678843219469 -2.746149 3.658340 11.978191
1678843219503 -1.546654 4.010288 6.888118
1678843219525 -0.835576 4.268862 5.597643
1678843219558 -2.044648 4.175488 9.157822
1678843219575 -2.489970 4.266468 9.081207
1678843219607 -1.369483 4.204218 6.924031
1678843219626 -1.199495 4.153940 7.036559
1678843219648 -1.991976 4.364630 8.164227
1678843219673 -2.188300 4.608838 9.141062
1678843219699 -2.135628 4.481946 9.263166
1678843219725 -2.185906 4.429273 9.440337
1678843219753 -2.267309 4.177882 9.433155
1678843219790 -2.154782 4.510676 10.053253
1678843219802 -2.506729 4.695030 7.105990
1678843219828 -3.184288 4.625597 8.882488
1678843219873 -2.195483 3.330335 13.673285
1678843219887 -1.821988 3.014300 15.612589
1678843219906 -1.082179 2.913743 10.417171
1678843219931 -1.824382 3.215413 6.540959
1678843219957 -3.433285 3.478775 7.247249
1678843219982 -3.315969 3.102885 9.124303
1678843220014 -1.719037 2.753332 8.353370
1678843220038 -1.182736 3.193865 7.077260
1678843220075 -1.996764 3.483563 7.060501
1678843220089 -2.494758 3.754108 6.835446
1678843220108 -2.229002 3.964798 6.840234
1678843220141 -1.884237 4.311957 6.797139
1678843220160 -1.359907 4.419696 6.909666
1678843220186 -1.364695 4.596867 7.419631
1678843220211 -1.264138 4.893748 8.183381
1678843220240 -1.283292 5.161899 8.652645
1678843220274 -1.053449 5.324705 8.901642
1678843220288 -0.732626 5.293580 9.476251
1678843220313 -1.297657 5.650316 10.050858
1678843220340 -1.800440 6.229713 6.845023
1678843220370 -2.511518 5.741296 9.318233
1678843220408 -0.459687 3.318364 14.176068
1678843220424 -0.988805 3.462016 13.385982
1678843220442 -0.821211 3.976769 7.331046
1678843220467 0.462081 4.299986 3.782839
1678843220493 -0.081403 3.701436 7.326257
1678843220521 -2.631228 3.600879 12.574347
1678843220544 -2.600103 3.502717 12.454638
1678843220573 -1.103727 3.552995 7.769185
1678843220595 -0.974440 3.833117 6.208165
1678843220620 -1.412579 3.643975 8.384495
1678843220646 -0.969652 3.435679 8.757990
1678843220671 -1.017536 3.804387 6.933608
1678843220703 -1.431733 4.034230 6.876147
1678843220722 -1.101333 3.873818 8.180987
1678843220753 -0.701501 3.660734 8.688558
1678843220780 -1.144428 4.010288 8.741230
1678843220799 -1.556231 4.264073 8.394072
1678843220837 -1.510741 4.338294 8.118738
1678843220854 -1.407791 4.201824 8.987833
1678843220876 -0.895431 3.950433 10.012551
1678843220902 -0.888249 4.752491 8.839393
1678843220927 -2.942474 4.747702 7.343017
1678843220962 -3.148375 4.632780 9.904813
1678843220990 -2.391808 3.804387 14.097059
1678843221008 -2.032677 3.713407 11.925519
1678843221030 -1.659182 3.581726 8.418014
1678843221056 -2.949656 3.892972 7.529764
1678843221081 -3.545813 3.742137 8.796297
1678843221107 -2.482787 3.406949 9.176975
1678843221144 -1.381454 3.337517 8.374918
1678843221159 -2.475605 3.914520 8.209718
1678843221183 -3.174711 4.321534 7.350199
1678843221209 -2.176329 4.091691 6.378153
1678843221234 -1.479617 4.019865 7.484274
1678843221260 -0.761356 3.821146 8.722076
1678843221302 -0.864307 4.125209 8.602366
1678843221316 -1.786075 4.788404 7.797915
1678843221337 -1.369483 5.068525 7.237672
1678843221372 -0.708684 5.149928 7.910442
1678843221388 -0.976834 5.535394 8.611943
1678843221416 -2.813187 5.961562 10.065224
1678843221454 -2.920926 5.480328 11.025299
1678843221483 -1.161188 5.164293 7.618350
1678843221494 -0.835576 4.726154 5.085284
1678843221516 -2.647987 3.478775 11.183316
1678843221548 -2.980781 2.616863 16.160862
1678843221567 -0.380678 3.287239 7.943961
1678843221602 -0.215478 3.150769 6.191406
1678843221619 -2.731784 2.183512 12.011710
1678843221652 -3.162740 1.778892 12.753913
1678843221691 -0.854730 1.735796 9.859323
1678843221699 -0.567426 2.662352 7.477092
1678843221723 -1.843535 3.205836 7.486669
1678843221746 -1.903390 3.485958 7.386112
1678843221795 -1.754950 3.734955 7.807492
1678843221803 -1.673547 3.725378 7.896077
1678843221823 -2.303222 3.766079 8.489840
1678843221851 -2.410961 3.646369 9.150639
1678843221874 -1.359907 3.404555 8.746018
1678843221900 -1.668759 4.067749 8.343793
1678843221925 -1.266533 4.434062 8.552089
1678843221991 -0.998382 3.971981 9.971850
1678843222006 -1.865083 4.321534 10.053253
1678843222017 -2.607286 5.106832 7.611167
1678843222031 -3.268085 5.410896 6.234501
1678843222057 -3.368642 4.733337 7.314286
1678843222079 -1.144428 4.170700 7.742848
1678843222105 0.069432 3.507505 8.214506
1678843222135 -2.832341 3.227384 11.049241
1678843222156 -3.294421 2.489970 13.699622
1678843222190 -0.727837 1.963245 10.900801
1678843222207 -0.495600 2.798822 8.540117
1678843222245 -3.160346 3.670311 6.845023
1678843222279 -4.963180 3.576937 9.586384
1678843222297 -4.237737 2.679112 13.189657
1678843222321 -2.767697 2.688689 11.868058
1678843222338 -2.571373 3.258508 9.296685
1678843222362 -3.047819 3.567361 7.592013
1678843222387 -2.896984 3.423708 6.777985
1678843222416 -2.770091 3.608062 6.244078
1678843222438 -2.966416 3.799598 5.844246
1678843222467 -2.820370 3.533842 5.228937
1678843222488 -2.887407 3.447650 6.940791
1678843222518 -2.473210 3.308787 8.604761
1678843222543 -0.936133 2.980781 9.373300
1678843222571 0.138864 2.803610 10.469844
1678843222591 -0.088585 2.990358 11.654974
1678843222616 -1.163582 4.144363 9.651027
1678843222667 -1.594538 5.470751 5.612009
1678843222682 -2.300828 6.174646 5.899313
1678843222693 -3.114856 6.076484 7.738060
1678843222719 -2.200271 5.432444 10.086772
1678843222744 0.308852 6.385336 8.140285
1678843222769 -1.429338 7.474698 3.615245
1678843222810 -8.576031 6.811504 8.315063
1678843222830 -6.766014 3.002329 19.895817
1678843222851 1.419762 0.521936 15.145720
1678843222872 3.919308 1.905785 7.225701
1678843222899 1.197101 2.956839 5.109226
1678843222923 -3.327940 3.081338 7.632715
1678843222975 -5.844246 3.974375 7.445967
1678843222989 -3.454833 4.254497 6.277597
1678843223009 -2.188300 3.715801 7.570466
1678843223025 -2.796427 3.409343 9.684546
1678843223051 -1.331176 2.892196 7.982268
1678843223077 0.057461 3.023877 6.272809
1678843223107 -0.488417 3.869030 6.600814
1678843223128 -1.273715 4.012682 8.372523
1678843223153 -1.132457 3.538630 9.959879
1678843223179 -0.873884 3.562572 9.143456
1678843223205 -0.541090 3.888184 8.001422
1678843223232 0.950498 3.754108 7.237672
1678843223274 1.553837 3.440468 5.650316
1678843223288 0.890643 3.636792 3.593697
1678843223307 -2.782062 5.240908 8.192958
1678843223333 -3.258508 5.269638 13.127408
1678843223358 -2.387019 5.918467 12.114660
1678843223387 -0.814029 6.488286 9.382876
1678843223412 -0.466869 6.454768 8.604761
1678843223435 -1.065420 4.141969 10.912771
1678843223461 0.395043 1.280898 10.460267
1678843223487 -2.492364 0.009577 11.401189
1678843223515 -4.254497 -0.390255 17.803284
1678843223578 -1.903390 -0.689530 18.442535
1678843223585 -2.317587 0.203507 12.014104
1678843223590 -5.377377 2.521094 9.188946
1678843223614 -6.251261 2.889802 8.353370
1678843223639 -4.824317 2.322376 6.785168
1678843223674 -2.552219 1.508347 6.289568
1678843223690 -1.216254 1.297657 8.571242
1678843223723 -1.326388 1.465251 9.923966
1678843223746 -1.450886 2.430115 7.771579
1678843223780 -2.219425 3.162740 6.359000
1678843223821 -2.559402 3.881001 5.580884
1678843223826 -2.918532 4.290410 5.485116
1678843223851 -2.530671 4.259285 6.368577
1678843223878 -2.343924 4.252102 7.343017
1678843223896 -2.291251 4.398149 7.433996
1678843223928 -2.703054 4.752491 7.316680
1678843223970 -3.095703 4.824317 9.126697
1678843223986 -2.389413 4.647145 10.117896
1678843224001 -1.680730 4.374207 10.223241
1678843224023 -2.190695 4.450821 10.498574
1678843224048 -3.122039 4.280833 11.341333
1678843224078 -2.662352 4.350265 8.434772
1678843224102 -2.588132 3.799598 9.186552
1678843224127 -2.554613 2.688689 11.915942
1678843224166 -2.035071 2.482787 10.515334
1678843224181 -1.668759 2.956839 6.459556
1678843224207 -0.893037 3.110068 6.076484
1678843224228 -0.533907 1.922544 9.904813
1678843224253 -1.137246 1.683124 12.411542
1678843224279 -1.632846 2.231396 9.416395
1678843224305 -2.497152 2.947262 7.642292
1678843224332 -2.391808 3.117251 9.188946
1678843224356 -1.541866 3.021482 8.312668
1678843224384 -0.811634 3.095703 6.993463
1678843224408 -0.811634 3.416526 6.825869
1678843224438 -1.343147 3.643975 7.785944
1678843224465 -1.331176 3.818752 7.999028
1678843224496 -1.458069 4.036624 8.492233
1678843224509 -1.889025 4.094085 9.155427
1678843224538 -1.946486 3.878607 9.581595
1678843224560 -1.412579 3.694253 10.127473
1678843224586 -1.331176 3.493140 10.469844
1678843224612 -2.082955 3.462016 11.087548
1678843224637 -2.243367 4.122815 9.157822
1678843224662 -2.372654 4.204218 7.857770
1678843224688 -3.284845 3.725378 9.090784
1678843224716 -3.495534 2.590526 14.592659
1678843224739 -2.947262 1.568202 15.902287
1678843224765 -2.375048 1.738190 10.558430
1678843224809 -3.081338 2.202666 7.457938
1678843224827 -3.617639 2.123657 8.171411
1678843224840 -3.229778 2.054225 8.619126
1678843224865 -2.628834 2.497152 6.995857
1678843224891 -2.066196 2.789245 6.473921
1678843224917 -2.161964 2.868254 7.910442
1678843224950 -2.377442 3.047819 8.425196
1678843224967 -2.039860 3.327940 8.032547
1678843224998 -1.230620 3.720589 8.075643
1678843225019 -0.964863 4.031836 8.018182
1678843225050 -1.240196 4.319140 8.061277
1678843225084 -1.584962 4.606444 8.039729
1678843225095 -1.434127 4.362236 9.531317
1678843225120 -0.660800 3.586514 11.022904
1678843225159 -0.062249 3.327940 10.903194
1678843225173 -0.169988 4.108450 9.454702
1678843225197 -0.363919 4.388572 6.445191
1678843225222 -0.349553 4.098873 6.184223
1678843225249 -1.754950 2.825158 13.388376
1678843225274 -1.848324 2.298434 16.467319
1678843225299 -1.237802 2.188300 12.217611
1678843225324 0.761356 3.157952 5.161899
1678843225349 1.213860 2.806004 6.550536
1678843225382 -1.120486 2.559402 11.070788
1678843225402 -2.056619 2.956839 11.142614
1678843225425 -0.823605 2.973598 7.584831
1678843225455 -0.442927 3.162740 6.969521
1678843225476 -0.883460 3.541024 7.065289
1678843225508 -1.034295 3.248932 7.256825
1678843225528 -1.055843 3.560178 7.666234
1678843225557 -0.375890 3.433285 8.185776
1678843225580 -1.233014 3.632004 8.614338
1678843225608 -1.848324 4.182671 8.413225
1678843225631 -1.922544 3.785233 8.360553
1678843225653 -2.398990 3.773262 8.829816
1678843225678 -2.707842 3.797204 9.399636
1678843225712 -2.209848 3.617639 9.730036
1678843225756 -2.243367 4.321534 9.737218
1678843225774 -2.750938 4.347870 8.116343
1678843225781 -2.607286 3.861847 10.132261
1678843225806 -2.339135 2.528277 14.037205
1678843225833 -2.310405 2.214637 13.184869
1678843225857 -1.776498 2.557007 9.191340
1678843225889 -1.422156 2.504335 6.141128
1678843225912 -1.953669 2.592921 7.735666
1678843225934 -1.683124 2.305616 9.945514
1678843225960 -1.467646 2.406173 10.474632
1678843225989 -0.957681 2.667141 8.762778
1678843226039 -0.797269 2.942474 7.376535
1678843226046 -0.964863 2.973598 7.714118
1678843226061 -0.751779 2.983175 8.568848
1678843226086 -0.560243 3.409343 8.295909
1678843226111 -0.574608 3.780444 6.912060
1678843226140 -0.799663 4.089296 7.398083
1678843226172 -1.082179 4.252102 8.276755
1678843226208 -0.720655 4.146757 8.798691
1678843226216 0.100556 3.722984 9.461885
1678843226238 0.320823 3.617639 10.151415
1678843226267 0.347159 3.543418 10.213664
1678843226296 -0.095768 4.443638 8.753201
1678843226315 -0.328006 4.879383 8.061277
1678843226346 -0.486023 4.331111 11.542446
1678843226371 -0.215478 2.959233 15.246277
1678843226395 0.727837 2.336741 12.227188
1678843226439 1.414973 2.530671 8.013393
1678843226456 1.098939 3.167529 7.611167
1678843226475 -0.239420 2.875436 10.515334
1678843226499 -0.598550 2.547431 11.520899
1678843226517 -0.387861 2.454057 9.504981
1678843226542 -0.823605 2.885013 7.905654
1678843226567 -0.936133 3.402161 6.742072
1678843226591 -0.744597 3.677494 6.423643
1678843226634 -0.615310 3.734955 7.225701
1678843226642 -0.739808 3.926491 7.953538
1678843226668 -1.000776 4.211401 7.374141
1678843226693 -0.746991 3.885789 7.680599
1678843226719 -0.780510 3.785233 8.492233
1678843226745 -1.276109 3.756502 9.576807
1678843226781 -1.405396 3.854665 9.349358
1678843226807 -1.596933 3.833117 9.375694
1678843226828 -1.740585 4.606444 9.327810
1678843226847 -1.989582 4.656722 7.943961
1678843226882 -2.865860 4.654328 10.891224
1678843226923 -1.867477 3.727772 13.160927
1678843226932 -1.673547 3.612850 11.496957
1678843226976 -1.474828 3.505111 8.336611
1678843226982 -1.510741 3.390190 7.400477
1678843227002 -2.008735 3.327940 8.882488
1678843227043 -1.661576 3.090914 9.840169
1678843227050 -0.912191 2.868254 10.187328
1678843227076 -0.246603 2.887407 9.519346
1678843227105 -0.981623 3.347094 7.920019
1678843227127 -1.199495 3.517082 7.010222
1678843227153 -0.938527 3.641581 7.019799
1678843227194 -0.919373 4.003105 7.319075
1678843227215 -1.003170 4.326323 7.026982
1678843227231 -1.060631 4.311957 7.606379
1678843227257 -0.723049 4.086902 9.023746
1678843227283 -0.122104 3.770868 8.834604
1678843227305 -0.277727 4.007894 8.501810
1678843227343 -0.536301 4.137180 9.169792
1678843227375 -0.507571 4.187459 9.864111
1678843227389 -0.318429 4.050989 10.170568
1678843227408 -0.426168 4.527435 8.506598
1678843227443 -0.914585 4.716578 8.588001
1678843227458 -0.526724 3.885789 10.582372
1678843227482 -0.737414 2.877831 13.158532
1678843227508 0.028730 2.171541 11.779472
1678843227540 0.519542 2.561796 8.049306
1678843227564 0.287304 3.136404 7.050924
1678843227584 -0.002394 3.011906 9.109938
1678843227609 0.256180 2.748544 11.063606
1678843227638 0.869095 2.458845 11.415554
1678843227660 0.481235 2.710236 10.086772
1678843227686 0.079009 3.162740 8.418014
1678843227711 0.026336 3.323152 7.931990
1678843227740 0.244209 3.102885 8.327033
1678843227761 0.500388 2.868254 8.762778
1678843227786 0.069432 3.093309 8.829816
1678843227811 -0.098162 3.241749 8.358158
1678843227846 0.069432 3.265691 8.224083
1678843227896 -0.418985 3.691859 8.995016
1678843227913 -0.665588 4.062960 9.540894
1678843227922 0.148441 4.070143 8.777143
1678843227939 0.641646 4.558560 8.358158
1678843227964 0.270545 5.027823 9.200917
1678843227990 -0.208296 5.240908 10.266336
1678843228015 -0.517148 5.193024 9.701305
1678843228047 -0.208296 5.228937 8.073248
1678843228067 0.378284 4.939238 7.876924
1678843228099 0.184354 4.699818 8.293514
1678843228118 0.062249 4.350265 8.860941
1678843228149 -0.409408 4.841076 9.567230
1678843228171 -2.157176 4.450821 8.951921
1678843228198 -0.950498 3.430891 8.537724
1678843228219 -0.280122 2.073379 10.046070
1678843228261 -0.749385 1.984793 12.495338
1678843228290 -1.120486 2.571373 11.094730
1678843228296 -1.307234 3.308787 6.986280
1678843228321 -0.306458 3.110068 6.521805
1678843228347 -0.557849 3.234566 10.053253
1678843228372 -1.618480 3.471592 12.030864
1678843228429 -1.644817 3.447650 11.228806
1678843228451 -0.509965 3.394978 9.279925
1678843228465 -0.177171 3.359065 8.090008
1678843228473 -0.318429 3.459621 8.360553
1678843228500 -0.689530 3.667917 8.825027
1678843228525 0.442927 3.790021 7.240066
1678843228550 0.866701 4.129998 5.844246
1678843228575 0.023942 4.546589 6.787562
1678843228615 0.079009 4.774038 7.134721
1678843228626 0.007183 4.853047 8.219295
1678843228651 -0.253785 4.936844 8.336611
1678843228677 -0.469264 4.687847 8.329428
1678843228704 -0.699107 4.718972 8.279149
1678843228730 -1.292869 4.910508 8.446744
1678843228761 -1.568202 4.857835 9.045294
1678843228784 -1.216254 4.690241 9.667787
1678843228813 -0.950498 4.560954 9.344569
1678843228831 -0.758962 5.001487 8.207323
1678843228856 -1.089362 3.701436 10.292673
1678843228886 -0.957681 2.829947 10.103531
1678843228906 -0.706290 2.655170 8.583213
1678843228932 -0.136469 3.114856 6.792350
1678843228968 -0.854730 3.655946 8.030152
1678843228982 -2.329558 3.545813 11.774684
1678843229007 -1.182736 2.600103 12.749125
1678843229033 -0.660800 2.624045 11.408371
1678843229059 -0.208296 2.710236 9.804255
1678843229085 -1.326388 3.536236 9.940725
1678843229110 -1.422156 3.806781 9.950302
1678843229142 -0.574608 3.809175 9.184157
1678843229171 -0.268151 4.062960 8.255207
1678843229188 -0.603339 4.400543 8.020576
1678843229229 -1.098939 4.510676 8.700529
1678843229254 -0.371101 4.319140 8.274361
1678843229281 0.507571 4.189853 7.321469
1678843229288 0.744597 4.149151 7.778761
1678843229314 0.555455 4.120421 8.221688
1678843229355 -0.040701 4.244920 8.576031
1678843229389 -0.447716 4.168305 8.980651
1678843229404 -0.871489 4.129998 8.899248
1678843229416 -0.773327 3.797204 9.263166
1678843229441 -0.852336 4.390966 7.785944
1678843229469 -1.496376 4.072537 8.252813
1678843229493 -2.564190 3.986346 12.868834
1678843229538 -2.825158 3.545813 14.032416
1678843229544 -1.735796 3.160346 10.548853
1678843229577 -1.448492 3.385401 5.784391
1678843229595 -3.004723 3.983952 5.896919
1678843229632 -3.866636 3.933673 9.375694
1678843229648 -3.359065 3.543418 10.431537
1678843229674 -2.815581 3.392584 8.913613
1678843229701 -2.099715 3.055001 7.259220
1678843229739 -2.013524 2.743755 7.757214
1678843229758 -1.896208 2.719813 7.603985
1678843229772 -1.996764 3.301604 7.831434
1678843229800 -2.303222 3.952827 8.176199
1678843229823 -2.090138 4.141969 8.044518
1678843229850 -1.853112 4.350265 8.370130
1678843229887 -1.211466 4.383783 9.713276
1678843229908 -1.189918 4.285621 10.194510
1678843229926 -0.995988 4.034230 10.409989
1678843229952 -0.500388 4.369418 9.507375
1678843229976 -0.440533 4.285621 7.635109
1678843230004 -1.764527 3.857059 10.120291
1678843230029 -1.759738 3.098097 13.658920
1678843230057 -0.385466 3.107674 9.854534
1678843230080 0.548272 3.244143 5.844246
1678843230111 -0.136469 3.349488 8.714894
1678843230149 -1.826776 3.299210 11.911154
1678843230171 -1.630451 3.129222 11.180922
1678843230202 -1.144428 3.201048 8.090008
1678843230213 -1.903390 3.447650 7.759608
1678843230237 -2.188300 3.366248 8.963891
1678843230257 -1.149217 2.973598 9.047688
1678843230298 -0.950498 3.277662 8.075643
1678843230339 -1.673547 3.603274 7.860164
1678843230344 -1.836353 3.251326 8.734048
1678843230360 -1.041478 2.858677 9.698911
1678843230395 -1.003170 2.908955 8.492233
1678843230411 -1.838747 3.136404 8.214506
1678843230445 -2.391808 3.251326 9.200917
1678843230497 -1.120486 2.990358 9.033323
1678843230516 -0.505177 2.829947 8.339005
1678843230523 -1.616086 3.481169 9.955091
1678843230548 -1.582567 4.398149 8.190564
1678843230565 -2.152387 3.507505 6.682217
1678843230605 -2.391808 2.379837 12.351686
1678843230615 -2.363077 1.829170 15.033193
1678843230641 -1.963245 1.936909 10.996569
1678843230671 -1.434127 2.370260 8.085219
1678843230692 -1.594538 2.779668 8.463503
1678843230716 -1.587356 2.894590 9.686940
1678843230759 -1.580173 3.356671 10.350134
1678843230774 -1.735796 3.694253 8.599973
1678843230793 -1.905785 3.737349 8.195353
1678843230818 -1.584962 3.524265 8.913613
1678843230855 -1.383849 3.459621 8.784326
1678843230870 -1.654393 3.576937 7.738060
1678843230897 -2.463634 3.890578 7.369353
1678843230920 -2.949656 4.204218 8.312668
1678843230947 -2.157176 4.012682 8.755595
1678843230972 -1.635240 4.000711 9.452309
1678843230997 -1.438915 4.321534 9.301474
1678843231021 -1.630451 4.728549 8.384495
1678843231047 -1.414973 4.750096 8.358158
1678843231099 -1.376666 4.862624 8.554482
1678843231116 -1.175553 4.857835 8.453926
1678843231131 -1.108515 5.018247 8.355764
1678843231151 -1.027112 5.070919 8.231265
1678843231187 -1.355118 5.293580 8.274361
1678843231200 -1.398214 5.465962 8.353370
1678843231243 -1.393425 5.542577 8.688558
1678843231251 -0.713472 5.281609 8.221688
1678843231277 -0.581791 5.396531 8.267179
1678843231303 -0.684742 5.154716 8.904037
1678843231331 -0.339977 5.190629 9.009381
1678843231354 0.043096 5.209783 7.448361
1678843231379 -0.507571 5.221754 8.128315
1678843231405 -0.708684 4.237737 9.909601
1678843231455 -1.302446 4.089296 12.157756
1678843231460 -1.051055 3.773262 9.758766
1678843231481 -0.354342 3.945644 6.789956
1678843231513 -0.356736 4.194642 7.055712
1678843231537 -0.861913 4.139575 9.478644
1678843231558 -1.055843 4.012682 10.682928
1678843231585 -0.579397 3.849876 9.141062
1678843231612 -0.464475 3.766079 8.171411
1678843231668 -0.430956 3.629610 8.113950
1678843231687 -0.541090 3.624821 8.013393
1678843231700 -0.531513 3.715801 7.374141
1678843231711 -0.593762 3.897760 6.931214
1678843231737 -0.790087 3.957615 7.328651
1678843231764 -0.907402 4.086902 7.790732
1678843231806 -0.667982 4.340688 8.188169
1678843231817 -0.447716 4.429273 8.808268
1678843231839 -0.493206 4.690241 8.640674
1678843231867 -0.514753 4.912902 7.773973
1678843231890 -0.574608 5.178658 7.824251
1678843231916 -0.799663 5.523423 8.300697
1678843231942 -0.866701 5.480328 8.734048
1678843231986 -0.976834 5.284003 9.042900
1678843232006 -0.804452 5.159505 8.822633
1678843232018 -0.869095 5.566519 7.920019
1678843232043 -1.896208 4.912902 8.973468
1678843232068 -1.438915 4.362236 10.939108
1678843232095 -2.061408 4.115633 12.117055
1678843232126 -1.956063 3.552995 10.714052
1678843232159 -2.171541 3.301604 10.766725
1678843232171 -1.747767 3.059790 8.631097
1678843232196 -2.193089 3.145981 7.884106
1678843232221 -2.600103 3.239355 8.094796
1678843232247 -2.444480 3.069367 9.296685
1678843232273 -2.372654 3.093309 9.835381
1678843232303 -2.267309 3.270479 8.999804
1678843232324 -1.795651 3.344700 7.510611
1678843232379 -1.754950 3.691859 8.020576
1678843232386 -1.745373 4.039018 8.307879
1678843232400 -1.544260 4.144363 8.446744
1678843232432 -1.230620 4.043807 8.259995
1678843232454 -1.264138 4.098873 8.365341
1678843232491 -1.221043 4.345476 8.544906
1678843232502 -0.811634 4.292804 8.293514
1678843232528 -0.866701 4.398149 8.121132
1678843232582 -0.940921 4.522647 8.365341
1678843232594 -1.429338 4.843470 9.023746
1678843232606 -1.575385 4.996699 9.267955
1678843232630 -1.046266 4.812346 9.215282
1678843232655 -1.055843 4.659117 9.433155
1678843232680 -0.581791 4.441244 8.875306
1678843232708 -0.138864 4.271256 7.733272
1678843232740 -0.840365 4.855441 9.030929
1678843232758 -1.108515 4.410120 10.532093
1678843232782 -0.691924 3.258508 12.619837
1678843232808 0.086191 2.815581 10.036493
1678843232836 -0.335188 3.107674 7.496245
1678843232864 -0.459687 3.201048 7.575254
1678843232890 -0.861913 3.469198 9.124303
1678843232941 -1.156399 3.529053 9.636662
1678843232957 -1.228225 3.392584 9.461885
1678843232974 -0.928950 3.213019 8.815451
1678843232985 -0.632069 3.337517 8.025364
1678843233009 -1.003170 3.739743 7.706935
1678843233036 -0.486023 3.682282 7.489063
1678843233061 -0.694318 3.849876 7.970297
1678843233086 -0.861913 3.960010 8.482656
1678843233112 -0.936133 4.010288 8.394072
1678843233143 -0.572214 3.955221 8.530540
1678843233173 -0.445322 3.885789 8.726865
1678843233187 -0.687136 4.158728 8.611943
1678843233211 -0.775721 4.412514 7.491457
1678843233238 -0.866701 4.644751 6.150704
1678843233277 -1.707066 4.635174 11.872847
1678843233288 -1.352724 4.917690 10.805033
