# Created at Tue Mar 14 18:19:40 MST 2023
1678843181345 -0.296014 -0.033888 -0.210419 -0.573445 0.116155 -0.033702 0.810267
1678843181372 -0.291689 -0.037339 -0.224212 -0.576982 0.113710 -0.035431 0.808026
1678843181405 -0.286421 -0.041379 -0.239371 -0.579701 0.112014 -0.039023 0.806149
1678843181449 -0.280835 -0.045758 -0.254819 -0.583192 0.109535 -0.043978 0.803713
1678843181479 -0.273745 -0.049962 -0.272730 -0.587632 0.104408 -0.047956 0.800929
1678843181532 -0.266449 -0.052926 -0.292111 -0.589519 0.099701 -0.049680 0.800037
1678843181593 -0.251785 -0.056820 -0.334331 -0.588577 0.091038 -0.050115 0.801734
1678843181635 -0.243152 -0.058156 -0.359207 -0.588315 0.089961 -0.051280 0.801975
1678843181685 -0.223669 -0.058985 -0.411465 -0.586826 0.087376 -0.050509 0.803399
1678843181729 -0.213765 -0.058504 -0.439781 -0.588035 0.087470 -0.048820 0.802609
1678843181788 -0.194584 -0.056504 -0.500142 -0.599147 0.093395 -0.039380 0.794198
1678843181840 -0.183952 -0.053068 -0.529482 -0.604471 0.093544 -0.034728 0.790353
1678843181880 -0.160414 -0.042181 -0.586086 -0.596177 0.076564 -0.028792 0.798675
1678843181927 -0.149334 -0.038477 -0.614189 -0.590766 0.070735 -0.029680 0.803188
1678843181964 -0.139400 -0.036964 -0.639316 -0.590758 0.067798 -0.029778 0.803443
1678843182025 -0.123979 -0.037475 -0.697198 -0.595621 0.069016 -0.028495 0.799788
1678843182070 -0.118999 -0.038994 -0.725776 -0.598043 0.068965 -0.021015 0.798215
1678843182112 -0.107964 -0.039211 -0.783664 -0.591640 0.059447 -0.007300 0.803975
1678843182182 -0.103875 -0.042653 -0.811012 -0.589684 0.061127 -0.004912 0.805303
1678843182213 -0.095730 -0.052158 -0.876192 -0.588109 0.061280 -0.000734 0.806457
1678843182268 -0.093599 -0.055999 -0.912205 -0.584842 0.064647 -0.003259 0.808560
1678843182302 -0.090913 -0.061416 -0.947465 -0.581452 0.068004 -0.006886 0.810704
1678843182361 -0.088088 -0.071359 -1.018333 -0.587046 0.064424 -0.017094 0.806805
1678843182415 -0.082330 -0.075440 -1.091341 -0.596527 0.053667 -0.036286 0.799974
1678843182464 -0.079620 -0.074433 -1.127655 -0.600504 0.052075 -0.047714 0.796496
1678843182503 -0.076562 -0.069388 -1.161938 -0.599039 0.035823 -0.051558 0.798255
1678843182567 -0.075928 -0.066030 -1.189741 -0.594684 0.023071 -0.060724 0.801331
1678843182608 -0.067647 -0.060896 -1.258423 -0.592274 0.028547 -0.094837 0.799626
1678843182657 -0.062398 -0.050768 -1.324787 -0.575148 0.018102 -0.104048 0.811204
1678843182718 -0.059494 -0.050816 -1.392852 -0.566982 0.014158 -0.111382 0.816042
1678843182760 -0.059878 -0.053859 -1.432469 -0.564987 0.017305 -0.112896 0.817157
1678843182803 -0.058355 -0.057841 -1.470606 -0.563254 0.023330 -0.113300 0.818146
1678843182860 -0.054892 -0.066802 -1.547874 -0.562070 0.036745 -0.109075 0.819042
1678843182913 -0.052054 -0.072007 -1.586858 -0.561554 0.044947 -0.110731 0.818764
1678843182974 -0.043395 -0.077405 -1.661623 -0.569520 0.055048 -0.100795 0.813915
1678843183010 -0.037263 -0.076546 -1.734834 -0.585986 0.058045 -0.067744 0.805396
1678843183090 -0.026294 -0.069904 -1.794810 -0.596012 0.055649 -0.043477 0.799864
1678843183107 -0.020814 -0.066805 -1.826794 -0.588769 0.065809 -0.046761 0.804259
1678843183151 -0.016286 -0.067372 -1.858849 -0.588253 0.080546 -0.053768 0.802857
1678843183215 -0.009596 -0.065449 -1.892689 -0.594082 0.104800 -0.058595 0.795393
1678843183261 -0.010120 -0.067074 -1.955312 -0.598089 0.134636 -0.046858 0.788649
1678843183325 -0.013130 -0.070106 -2.023275 -0.592216 0.143336 -0.022714 0.792603
1678843183373 -0.014759 -0.074287 -2.059041 -0.595310 0.141844 -0.010197 0.790811
1678843183415 -0.019079 -0.084929 -2.137919 -0.597473 0.148800 -0.000743 0.787962
1678843183463 -0.021153 -0.080523 -2.165210 -0.594026 0.150874 -0.000638 0.790171
1678843183522 -0.020035 -0.072965 -2.241816 -0.582639 0.118906 0.010590 0.803916
1678843183568 -0.018026 -0.069229 -2.280707 -0.577359 0.102699 0.011771 0.809920
1678843183603 -0.017625 -0.060829 -2.322174 -0.574587 0.099030 0.002455 0.812426
1678843183665 -0.020077 -0.036692 -2.397760 -0.557376 0.059306 -0.001734 0.828138
1678843183728 -0.023394 -0.020806 -2.477313 -0.549802 0.052043 -0.022891 0.833358
1678843183763 -0.023181 -0.015170 -2.517128 -0.549681 0.044216 -0.026425 0.833785
1678843183813 -0.031064 -0.009127 -2.591640 -0.549818 0.028719 -0.026329 0.834375
1678843183860 -0.035509 -0.011261 -2.628597 -0.550363 0.029093 -0.031316 0.833831
1678843183911 -0.040200 -0.016535 -2.666820 -0.552188 0.029888 -0.032707 0.832542
1678843183958 -0.050940 -0.033388 -2.745553 -0.554987 0.051829 -0.034301 0.829534
1678843184016 -0.064253 -0.045535 -2.815763 -0.558753 0.078578 -0.036094 0.824814
1678843184060 -0.067223 -0.049345 -2.841431 -0.563835 0.091369 -0.029612 0.820283
1678843184109 -0.077025 -0.054090 -2.915147 -0.573674 0.103022 -0.013830 0.812461
1678843184164 -0.082912 -0.052905 -2.951148 -0.576567 0.119276 -0.008255 0.808255
1678843184217 -0.099322 -0.044867 -3.013789 -0.587111 0.119561 0.021620 0.800336
1678843184268 -0.109655 -0.043131 -3.045188 -0.586111 0.121271 0.026675 0.800659
1678843184317 -0.132818 -0.035749 -3.107953 -0.576599 0.150965 0.041637 0.801878
1678843184376 -0.163813 -0.028507 -3.170672 -0.554079 0.205502 0.056082 0.804748
1678843184438 -0.182307 -0.027771 -3.201910 -0.544580 0.229015 0.065198 0.804198
1678843184464 -0.202017 -0.029625 -3.233464 -0.545607 0.236889 0.079969 0.799876
1678843184526 -0.243476 -0.035648 -3.299608 -0.553876 0.237850 0.104239 0.791065
1678843184602 -0.282935 -0.043696 -3.364494 -0.566316 0.218309 0.119529 0.785710
1678843184626 -0.303077 -0.046355 -3.397124 -0.569750 0.206674 0.124953 0.785530
1678843184684 -0.325310 -0.044293 -3.430740 -0.575127 0.199002 0.129210 0.782899
1678843184714 -0.370371 -0.035452 -3.494693 -0.575148 0.201378 0.132781 0.781678
1678843184769 -0.392189 -0.029835 -3.514640 -0.570092 0.191972 0.135058 0.787338
1678843184825 -0.436789 -0.023051 -3.575008 -0.571738 0.200650 0.121739 0.786152
1678843184879 -0.485398 -0.026525 -3.622961 -0.566673 0.210096 0.121245 0.787427
1678843184935 -0.511478 -0.025673 -3.649291 -0.564574 0.216369 0.122611 0.787024
1678843184974 -0.540453 -0.026411 -3.676810 -0.565105 0.225790 0.124236 0.783735
1678843185035 -0.595815 -0.032455 -3.727289 -0.560172 0.247534 0.125797 0.780455
1678843185066 -0.623343 -0.034290 -3.748841 -0.557538 0.259375 0.125463 0.778547
1678843185125 -0.682600 -0.047400 -3.796723 -0.556188 0.280021 0.135098 0.770709
1678843185186 -0.742331 -0.059023 -3.841790 -0.564292 0.298813 0.156084 0.753607
1678843185218 -0.772636 -0.061162 -3.865303 -0.568563 0.311011 0.168434 0.742723
1678843185257 -0.800965 -0.061614 -3.884914 -0.568315 0.335874 0.173728 0.730770
1678843185322 -0.828144 -0.052688 -3.905862 -0.561505 0.349543 0.178869 0.728380
1678843185365 -0.871232 -0.041218 -3.934100 -0.542011 0.347524 0.186431 0.742088
1678843185430 -0.926621 -0.031580 -3.967590 -0.534576 0.367766 0.195062 0.735478
1678843185467 -0.963370 -0.028568 -3.989246 -0.528825 0.374120 0.210269 0.732233
1678843185527 -1.029657 -0.032134 -4.015633 -0.514723 0.394804 0.233890 0.724213
1678843185579 -1.091795 -0.045153 -4.029028 -0.503665 0.414707 0.253395 0.714234
1678843185644 -1.128767 -0.054620 -4.040789 -0.502938 0.424498 0.262468 0.705667
1678843185661 -1.163524 -0.063732 -4.049400 -0.504087 0.430084 0.272693 0.697540
1678843185727 -1.236675 -0.077315 -4.074755 -0.510856 0.432143 0.280244 0.688289
1678843185779 -1.276084 -0.078085 -4.088634 -0.514109 0.435311 0.275911 0.685616
1678843185824 -1.353082 -0.073898 -4.112937 -0.522129 0.442572 0.275008 0.675191
1678843185882 -1.416261 -0.064535 -4.122967 -0.516015 0.435537 0.279420 0.682612
1678843185927 -1.451072 -0.059614 -4.134829 -0.515651 0.435287 0.271945 0.686057
1678843185968 -1.476863 -0.057315 -4.136268 -0.521662 0.440568 0.263673 0.681355
1678843186029 -1.543018 -0.055959 -4.162430 -0.525191 0.432665 0.256425 0.686456
1678843186072 -1.575764 -0.056663 -4.176337 -0.525238 0.437264 0.248640 0.686369
1678843186113 -1.576983 -0.059536 -4.162912 -0.523121 0.448984 0.239734 0.683582
1678843186167 -1.641854 -0.063346 -4.190146 -0.514805 0.461788 0.245482 0.679313
1678843186223 -1.666711 -0.062361 -4.195134 -0.510523 0.471406 0.249640 0.674405
1678843186268 -1.730716 -0.068364 -4.221760 -0.501126 0.486834 0.258822 0.666990
1678843186318 -1.795877 -0.073001 -4.246091 -0.490125 0.495249 0.277969 0.661241
1678843186375 -1.828983 -0.075016 -4.257156 -0.489186 0.500815 0.292024 0.651616
1678843186395 -1.862350 -0.075166 -4.265970 -0.486307 0.513481 0.307391 0.636674
1678843186459 -1.920849 -0.074623 -4.273007 -0.467383 0.517634 0.349065 0.625908
1678843186515 -1.949584 -0.073578 -4.276707 -0.463399 0.525403 0.359186 0.616602
1678843186547 -2.005780 -0.075204 -4.277231 -0.453680 0.545429 0.370363 0.599594
1678843186610 -2.033491 -0.077068 -4.274390 -0.447183 0.557175 0.375795 0.590221
1678843186651 -2.071705 -0.090399 -4.255848 -0.431030 0.581682 0.392135 0.567529
1678843186701 -2.106225 -0.097003 -4.249184 -0.423049 0.589833 0.405249 0.555787
1678843186736 -2.137583 -0.104757 -4.239919 -0.416102 0.596159 0.418933 0.544012
1678843186785 -2.200855 -0.117862 -4.221395 -0.404261 0.603208 0.437528 0.530360
1678843186864 -2.261797 -0.121338 -4.196690 -0.400549 0.613184 0.430338 0.527612
1678843186908 -2.296655 -0.121723 -4.183732 -0.401516 0.625415 0.421182 0.519851
1678843186935 -2.329802 -0.121587 -4.166089 -0.399667 0.633686 0.428459 0.505104
1678843186989 -2.392395 -0.115406 -4.125966 -0.379143 0.632836 0.462294 0.491989
1678843187029 -2.421099 -0.112846 -4.108267 -0.376669 0.642171 0.459013 0.484814
1678843187089 -2.478657 -0.105362 -4.071011 -0.380683 0.668544 0.449416 0.454043
1678843187133 -2.504710 -0.098456 -4.050820 -0.368580 0.674623 0.453501 0.450965
1678843187189 -2.530452 -0.092929 -4.030845 -0.358607 0.682253 0.454382 0.446620
1678843187227 -2.582399 -0.090929 -3.989806 -0.346976 0.701299 0.457167 0.422829
1678843187291 -2.632515 -0.094721 -3.947433 -0.332488 0.714920 0.469807 0.397017
1678843187323 -2.656873 -0.096100 -3.925366 -0.322193 0.722526 0.474493 0.386010
1678843187363 -2.679744 -0.098311 -3.903272 -0.312454 0.728825 0.480930 0.374023
1678843187427 -2.721756 -0.102844 -3.857216 -0.295172 0.743413 0.492752 0.342646
1678843187489 -2.760924 -0.108872 -3.807831 -0.276004 0.753093 0.513252 0.305360
1678843187537 -2.779133 -0.106823 -3.781207 -0.273993 0.760523 0.524838 0.266605
1678843187587 -2.794878 -0.103811 -3.755758 -0.257023 0.764040 0.536669 0.249335
1678843187623 -2.819541 -0.093835 -3.712508 -0.223080 0.767352 0.551089 0.240222
1678843187688 -2.841670 -0.091281 -3.666959 -0.201838 0.780080 0.553891 0.209621
1678843187723 -2.851306 -0.091236 -3.641679 -0.183963 0.783010 0.560659 0.196761
1678843187779 -2.860332 -0.093081 -3.615796 -0.168400 0.785434 0.567498 0.180778
1678843187822 -2.881867 -0.102837 -3.560723 -0.140467 0.789421 0.576277 0.158078
1678843187858 -2.890596 -0.107300 -3.533561 -0.131113 0.791207 0.578973 0.146941
1678843187917 -2.912184 -0.116472 -3.473964 -0.119156 0.792085 0.583957 0.131899
1678843187986 -2.929751 -0.120401 -3.413952 -0.115275 0.795645 0.581821 0.123065
1678843188018 -2.935624 -0.126381 -3.381606 -0.111337 0.794934 0.585928 0.111233
1678843188066 -2.942022 -0.123896 -3.347983 -0.109873 0.796153 0.587318 0.095530
1678843188122 -2.943027 -0.106345 -3.281009 -0.093248 0.807957 0.574493 0.092023
1678843188170 -2.947996 -0.100511 -3.247136 -0.093697 0.811833 0.570547 0.081396
1678843188235 -2.952659 -0.091377 -3.181292 -0.093156 0.821607 0.560117 0.050528
1678843188268 -2.952495 -0.083631 -3.147028 -0.087367 0.826687 0.554804 0.033888
1678843188320 -2.947029 -0.069855 -3.081675 -0.078263 0.837751 0.540410 -0.002202
1678843188359 -2.944802 -0.065748 -3.047653 -0.073581 0.841346 0.535035 -0.021452
1678843188413 -2.934522 -0.063441 -2.986918 -0.059369 0.844860 0.528796 -0.055334
1678843188459 -2.931409 -0.063996 -2.954131 0.048065 -0.845561 -0.527853 0.063932
1678843188509 -2.931210 -0.064551 -2.915804 0.038459 -0.846072 -0.526074 0.077002
1678843188562 -2.924969 -0.070076 -2.850914 0.020481 -0.841851 -0.529100 0.104508
1678843188618 -2.917970 -0.073439 -2.787314 -0.001698 -0.829528 -0.543058 0.130263
1678843188666 -2.913953 -0.073672 -2.756503 -0.011836 -0.821575 -0.551371 0.144447
1678843188698 -2.911097 -0.067846 -2.724889 -0.023636 -0.820190 -0.551400 0.150626
1678843188782 -2.901778 -0.062339 -2.669250 -0.040913 -0.815578 -0.553831 0.162573
1678843188804 -2.892173 -0.063320 -2.654113 -0.048440 -0.811288 -0.557033 0.170818
1678843188855 -2.876354 -0.065028 -2.600444 -0.066247 -0.808771 -0.554849 0.183423
1678843188923 -2.860336 -0.069504 -2.596528 -0.075868 -0.806413 -0.554374 0.191344
1678843188961 -2.835849 -0.079241 -2.541655 -0.096814 -0.802596 -0.552123 0.204026
1678843189015 -2.820257 -0.082372 -2.509684 -0.106175 -0.799566 -0.551779 0.212039
1678843189053 -2.788026 -0.092769 -2.452056 -0.120778 -0.795007 -0.551478 0.221921
1678843189119 -2.750144 -0.098888 -2.401881 -0.125294 -0.792137 -0.552274 0.227627
1678843189156 -2.729608 -0.099115 -2.372599 -0.127155 -0.786220 -0.556700 0.236166
1678843189209 -2.685921 -0.096235 -2.323342 -0.128715 -0.783005 -0.556888 0.245379
1678843189277 -2.665257 -0.091946 -2.297438 -0.131208 -0.785141 -0.554686 0.242202
1678843189307 -2.644702 -0.089947 -2.270355 -0.125051 -0.781987 -0.557719 0.248611
1678843189375 -2.602329 -0.084351 -2.219175 -0.112628 -0.780081 -0.556072 0.263764
1678843189407 -2.581698 -0.081248 -2.203902 -0.112569 -0.781231 -0.552405 0.268056
1678843189451 -2.560219 -0.079332 -2.180440 -0.113216 -0.781416 -0.549736 0.272693
1678843189516 -2.493667 -0.086935 -2.112122 -0.116856 -0.776789 -0.546334 0.290623
1678843189552 -2.469702 -0.092080 -2.088370 -0.120760 -0.772754 -0.546667 0.299036
1678843189596 -2.445166 -0.096980 -2.065057 -0.125752 -0.769843 -0.544959 0.307487
1678843189674 -2.390280 -0.104015 -2.012501 -0.141509 -0.761132 -0.541183 0.328289
1678843189711 -2.362265 -0.108305 -1.989787 -0.153112 -0.755049 -0.541035 0.337250
1678843189748 -2.335072 -0.111160 -1.969050 -0.164681 -0.743518 -0.544374 0.351736
1678843189819 -2.258526 -0.101776 -1.917438 -0.204108 -0.727794 -0.537388 0.373992
1678843189886 -2.205428 -0.096755 -1.886377 -0.212288 -0.716100 -0.534257 0.395859
1678843189922 -2.179917 -0.096669 -1.874179 -0.221977 -0.710709 -0.532730 0.402266
1678843189953 -2.151807 -0.096180 -1.859760 -0.228461 -0.709512 -0.526772 0.408544
1678843190024 -2.096992 -0.100565 -1.836187 -0.237433 -0.702721 -0.521519 0.421695
1678843190094 -2.041235 -0.107615 -1.800778 -0.239698 -0.703735 -0.518271 0.422726
1678843190120 -2.012913 -0.111184 -1.780047 -0.234262 -0.707730 -0.517839 0.419622
1678843190154 -1.987023 -0.112863 -1.758830 -0.226484 -0.718493 -0.515419 0.408430
1678843190215 -1.933291 -0.115147 -1.710870 -0.209057 -0.725590 -0.525997 0.391334
1678843190282 -1.885043 -0.104787 -1.666036 -0.190871 -0.736142 -0.531175 0.373520
1678843190322 -1.856794 -0.097704 -1.631727 -0.177359 -0.740148 -0.533980 0.368226
1678843190360 -1.833881 -0.090854 -1.608615 -0.168214 -0.742288 -0.537123 0.363609
1678843190421 -1.792706 -0.080388 -1.563130 -0.147906 -0.753105 -0.535702 0.352108
1678843190470 -1.772720 -0.080040 -1.537208 -0.137116 -0.756435 -0.537350 0.346787
1678843190524 -1.733330 -0.087089 -1.479836 -0.127907 -0.761381 -0.541908 0.332075
1678843190557 -1.715540 -0.092627 -1.449204 -0.123076 -0.762930 -0.544333 0.326331
1678843190612 -1.683831 -0.102016 -1.384405 -0.111360 -0.771211 -0.542643 0.313642
1678843190668 -1.662969 -0.103333 -1.341940 -0.105619 -0.775841 -0.541246 0.306541
1678843190700 -1.633055 -0.105202 -1.291047 -0.102668 -0.778619 -0.540841 0.301169
1678843190758 -1.603409 -0.105986 -1.219179 -0.098914 -0.789096 -0.534815 0.285510
1678843190813 -1.566327 -0.106509 -1.136715 -0.103224 -0.783189 -0.545734 0.279524
1678843190862 -1.552206 -0.102017 -1.100647 -0.107160 -0.787476 -0.544018 0.269152
1678843190900 -1.535716 -0.098374 -1.060507 -0.102084 -0.791677 -0.541779 0.263254
1678843190964 -1.511677 -0.086321 -0.991968 -0.093412 -0.795963 -0.539229 0.258745
1678843191018 -1.485432 -0.075188 -0.927757 -0.089292 -0.802704 -0.529552 0.259363
1678843191066 -1.470682 -0.072569 -0.895278 -0.094584 -0.801474 -0.529903 0.260568
1678843191119 -1.436721 -0.071122 -0.826138 -0.099839 -0.804882 -0.523089 0.261868
1678843191170 -1.420910 -0.072951 -0.792714 -0.097181 -0.806889 -0.518403 0.265979
1678843191210 -1.383882 -0.074342 -0.720430 -0.102595 -0.812038 -0.504987 0.273964
1678843191289 -1.338859 -0.083659 -0.647919 -0.121833 -0.809329 -0.500676 0.281899
1678843191319 -1.314885 -0.088692 -0.611873 -0.130612 -0.806811 -0.500501 0.285474
1678843191400 -1.268427 -0.095914 -0.542778 -0.145348 -0.805981 -0.502792 0.276529
1678843191419 -1.243503 -0.096421 -0.509051 -0.144334 -0.794688 -0.512731 0.291110
1678843191469 -1.219223 -0.090827 -0.480234 -0.151388 -0.797056 -0.507177 0.290784
1678843191526 -1.176310 -0.088494 -0.433762 -0.151554 -0.789041 -0.509138 0.308586
1678843191566 -1.151752 -0.085912 -0.411431 -0.159375 -0.781497 -0.512597 0.317972
1678843191619 -1.101213 -0.083969 -0.369618 -0.166288 -0.776127 -0.505829 0.337805
1678843191682 -1.052658 -0.082711 -0.338250 -0.183373 -0.763720 -0.504195 0.359018
1678843191720 -1.030161 -0.086753 -0.321956 -0.188883 -0.754571 -0.503650 0.375875
1678843191755 -1.006905 -0.086233 -0.308090 -0.194937 -0.745667 -0.500491 0.394319
1678843191818 -0.955884 -0.083011 -0.271692 -0.215431 -0.731529 -0.484895 0.428172
1678843191887 -0.909583 -0.083781 -0.247496 -0.230339 -0.712779 -0.468021 0.468878
1678843191918 -0.891026 -0.082845 -0.239918 -0.237333 -0.700801 -0.460619 0.490287
1678843191965 -0.865364 -0.086273 -0.227868 -0.248598 -0.685531 -0.455116 0.510995
1678843192012 -0.821244 -0.087713 -0.219311 -0.287314 -0.658518 -0.437026 0.541121
1678843192072 -0.796666 -0.088184 -0.207430 -0.300509 -0.641360 -0.431731 0.558534
1678843192111 -0.753227 -0.077973 -0.188455 -0.329065 -0.633936 -0.407631 0.568928
1678843192214 -0.734902 -0.076802 -0.178415 -0.334938 -0.626188 -0.403072 0.577268
1678843192228 -0.706061 -0.074020 -0.168491 -0.360204 -0.603015 -0.394961 0.592142
1678843192288 -0.682558 -0.072689 -0.165049 -0.364198 -0.586261 -0.384627 0.612960
1678843192325 -0.668288 -0.074632 -0.164209 -0.368547 -0.577464 -0.380379 0.621305
1678843192369 -0.653001 -0.077974 -0.165114 -0.377950 -0.569266 -0.375545 0.626144
1678843192425 -0.615492 -0.086864 -0.167472 -0.393299 -0.544629 -0.377873 0.637109
1678843192463 -0.597575 -0.090467 -0.169296 -0.396305 -0.538382 -0.376281 0.641483
1678843192528 -0.556210 -0.099325 -0.174507 -0.400479 -0.528116 -0.372347 0.649667
1678843192609 -0.506520 -0.110354 -0.183857 -0.414625 -0.516124 -0.366348 0.653828
1678843192620 -0.480791 -0.114328 -0.189848 -0.420611 -0.512460 -0.363292 0.654591
1678843192663 -0.454668 -0.116223 -0.195244 -0.424229 -0.513986 -0.357165 0.654432
1678843192723 -0.402119 -0.118267 -0.210525 -0.418060 -0.494675 -0.359962 0.671528
1678843192777 -0.355427 -0.109015 -0.227711 -0.413394 -0.494825 -0.348327 0.680384
1678843192818 -0.333569 -0.107660 -0.240025 -0.418201 -0.485086 -0.350951 0.683106
1678843192867 -0.312105 -0.103302 -0.251557 -0.422979 -0.478338 -0.347895 0.686477
1678843192910 -0.271220 -0.093810 -0.278623 -0.435960 -0.467442 -0.333557 0.692947
1678843192989 -0.234416 -0.088306 -0.307692 -0.441675 -0.450137 -0.321798 0.706219
1678843193020 -0.216297 -0.087391 -0.322635 -0.444399 -0.437813 -0.317246 0.714272
1678843193055 -0.197572 -0.088302 -0.339603 -0.448825 -0.423282 -0.312116 0.722476
1678843193111 -0.175516 -0.090331 -0.357592 -0.453468 -0.411838 -0.301931 0.730475
1678843193170 -0.122957 -0.098579 -0.415087 -0.469353 -0.366719 -0.271120 0.756121
1678843193212 -0.106852 -0.101462 -0.434169 -0.476764 -0.350720 -0.258302 0.763526
1678843193257 -0.091166 -0.105694 -0.455429 -0.489389 -0.332639 -0.245367 0.767883
1678843193330 -0.061919 -0.113445 -0.499624 -0.538264 -0.293447 -0.210678 0.761430
1678843193360 -0.051196 -0.114304 -0.521591 -0.555154 -0.280372 -0.189454 0.759804
1678843193409 -0.042286 -0.116384 -0.543151 -0.565526 -0.263361 -0.173677 0.762009
1678843193456 -0.028721 -0.120138 -0.587858 -0.587298 -0.228066 -0.145429 0.762835
1678843193560 -0.021361 -0.124295 -0.634878 -0.600179 -0.189042 -0.113662 0.768849
1678843193576 -0.021365 -0.126439 -0.658731 -0.603403 -0.173511 -0.098473 0.772076
1678843193626 -0.025817 -0.133830 -0.709332 -0.604372 -0.137851 -0.073965 0.781192
1678843193704 -0.026123 -0.138479 -0.736838 -0.603750 -0.121590 -0.062083 0.785396
1678843193721 -0.033663 -0.149130 -0.795684 -0.609171 -0.092064 -0.037665 0.786776
1678843193796 -0.045565 -0.156119 -0.856595 -0.608733 -0.068571 -0.022725 0.790079
1678843193821 -0.051253 -0.157246 -0.886746 -0.603597 -0.054565 -0.024447 0.795044
1678843193863 -0.057676 -0.157800 -0.917338 -0.603197 -0.039912 -0.024686 0.796210
1678843193916 -0.074491 -0.155071 -0.977237 -0.611948 -0.020926 -0.011307 0.790540
1678843193973 -0.081627 -0.150763 -1.004867 -0.607567 -0.015912 -0.008591 0.794063
1678843194018 -0.093430 -0.146472 -1.060760 -0.609484 0.009044 -0.015787 0.792590
1678843194071 -0.100642 -0.141889 -1.086522 -0.606384 0.016722 -0.011879 0.794908
1678843194119 -0.114345 -0.132757 -1.136414 -0.596223 0.032029 -0.008895 0.802131
1678843194164 -0.122368 -0.132887 -1.163114 -0.595786 0.044214 -0.005667 0.801905
1678843194205 -0.130922 -0.135001 -1.191900 -0.596232 0.054464 0.001698 0.800961
1678843194274 -0.146842 -0.139614 -1.249300 -0.594488 0.080593 0.009737 0.799996
1678843194316 -0.159916 -0.149242 -1.311538 -0.590998 0.102409 0.018172 0.799940
1678843194387 -0.166488 -0.152855 -1.343227 -0.590690 0.116142 0.019563 0.798257
1678843194422 -0.180322 -0.155903 -1.405309 -0.591530 0.139357 0.034532 0.793398
1678843194488 -0.195361 -0.154353 -1.466430 -0.598921 0.173168 0.056117 0.779845
1678843194547 -0.207530 -0.143905 -1.524760 -0.596126 0.192263 0.076640 0.775754
1678843194592 -0.212021 -0.136143 -1.550363 -0.591858 0.199122 0.082066 0.776736
1678843194638 -0.217796 -0.132747 -1.578394 -0.591378 0.207823 0.087676 0.774206
1678843194684 -0.230788 -0.129162 -1.633739 -0.591613 0.222314 0.105044 0.767813
1678843194728 -0.237974 -0.127388 -1.664373 -0.588563 0.228119 0.111562 0.767535
1678843194791 -0.251739 -0.127254 -1.721056 -0.579643 0.238523 0.118850 0.770062
1678843194833 -0.259901 -0.131087 -1.754239 -0.576724 0.241333 0.123596 0.770631
1678843194878 -0.268527 -0.134146 -1.785009 -0.573610 0.244648 0.126717 0.771402
1678843194934 -0.286118 -0.141580 -1.850003 -0.571502 0.247057 0.131409 0.771414
1678843194984 -0.306940 -0.147844 -1.915547 -0.574124 0.243172 0.140096 0.769170
1678843195045 -0.318190 -0.150854 -1.946690 -0.574015 0.239710 0.139779 0.770394
1678843195073 -0.329799 -0.151517 -1.981159 -0.576899 0.238809 0.142840 0.767955
1678843195119 -0.351759 -0.149798 -2.050121 -0.582415 0.227222 0.154515 0.765041
1678843195180 -0.367224 -0.148561 -2.119243 -0.593271 0.224897 0.141777 0.759835
1678843195238 -0.374158 -0.143982 -2.151999 -0.590565 0.218124 0.139447 0.764336
1678843195274 -0.381259 -0.140567 -2.184199 -0.588146 0.213604 0.135051 0.768257
1678843195330 -0.397809 -0.137804 -2.247796 -0.579403 0.212597 0.132277 0.775627
1678843195388 -0.418640 -0.139549 -2.312561 -0.574856 0.219734 0.138937 0.775857
1678843195423 -0.429097 -0.141847 -2.345516 -0.571361 0.223038 0.143826 0.776604
1678843195471 -0.440032 -0.144410 -2.378528 -0.568322 0.225693 0.151646 0.776579
1678843195534 -0.465116 -0.148538 -2.444320 -0.563153 0.235745 0.168679 0.773841
1678843195589 -0.488619 -0.152444 -2.506804 -0.561070 0.248640 0.183307 0.767970
1678843195623 -0.503454 -0.153632 -2.539330 -0.570218 0.260705 0.198253 0.753379
1678843195662 -0.516271 -0.150554 -2.567375 -0.569662 0.261856 0.214192 0.749025
1678843195720 -0.536480 -0.141127 -2.613623 -0.556560 0.267637 0.208269 0.758443
1678843195781 -0.565285 -0.136500 -2.663031 -0.552932 0.275467 0.215074 0.756391
1678843195828 -0.581912 -0.133736 -2.687804 -0.548849 0.281753 0.222637 0.754859
1678843195885 -0.622909 -0.137144 -2.733784 -0.541398 0.295385 0.240015 0.749686
1678843195925 -0.645860 -0.138392 -2.758847 -0.536928 0.303014 0.248220 0.747180
1678843195983 -0.669335 -0.143170 -2.781854 -0.533870 0.307653 0.254080 0.745503
1678843196026 -0.720989 -0.150212 -2.838407 -0.532420 0.317514 0.257670 0.741161
1678843196070 -0.745970 -0.155527 -2.863383 -0.534354 0.316737 0.255943 0.740700
1678843196118 -0.795281 -0.163973 -2.906404 -0.545283 0.317343 0.256067 0.732386
1678843196174 -0.822108 -0.163450 -2.931072 -0.550887 0.315460 0.258979 0.727969
1678843196222 -0.870574 -0.154148 -2.970831 -0.544948 0.302133 0.260707 0.737414
1678843196281 -0.894730 -0.149460 -2.994727 -0.546611 0.300278 0.252153 0.739911
1678843196313 -0.943582 -0.139835 -3.042450 -0.551238 0.305028 0.236287 0.739772
1678843196398 -0.992989 -0.131125 -3.079887 -0.544567 0.311140 0.229996 0.744137
1678843196432 -1.020063 -0.130056 -3.100459 -0.542589 0.315205 0.227586 0.744612
1678843196534 -1.076465 -0.135095 -3.143167 -0.541338 0.327868 0.220368 0.742222
1678843196554 -1.132212 -0.144149 -3.183907 -0.539706 0.348021 0.207408 0.737957
1678843196614 -1.162622 -0.150130 -3.206767 -0.540095 0.360289 0.201440 0.733425
1678843196640 -1.228415 -0.160386 -3.249787 -0.541765 0.382647 0.205767 0.719536
1678843196702 -1.258273 -0.164245 -3.266619 -0.542930 0.396116 0.207942 0.710689
1678843196743 -1.289900 -0.166846 -3.285640 -0.546646 0.406949 0.218495 0.698449
1678843196796 -1.351327 -0.162885 -3.318127 -0.544729 0.412314 0.260291 0.682287
1678843196850 -1.407756 -0.153249 -3.346599 -0.536554 0.423953 0.282006 0.672938
1678843196909 -1.435273 -0.148805 -3.359933 -0.530812 0.427975 0.291998 0.670681
1678843196940 -1.491151 -0.144934 -3.384793 -0.520097 0.439690 0.304145 0.666084
1678843196992 -1.520495 -0.148634 -3.397635 -0.516141 0.445051 0.310201 0.662800
1678843197033 -1.550786 -0.151765 -3.410032 -0.511723 0.449054 0.315656 0.660947
1678843197095 -1.614915 -0.164333 -3.434850 -0.505024 0.460515 0.315246 0.658405
1678843197145 -1.682276 -0.173062 -3.460736 -0.501428 0.465616 0.314041 0.658141
1678843197188 -1.716234 -0.173527 -3.474774 -0.500776 0.467371 0.311082 0.658799
1678843197231 -1.751180 -0.174137 -3.486974 -0.502111 0.469570 0.310154 0.656653
1678843197307 -1.851546 -0.162130 -3.515484 -0.500595 0.471287 0.319534 0.652067
1678843197346 -1.882794 -0.156625 -3.527416 -0.502925 0.467682 0.317047 0.654081
1678843197392 -1.912783 -0.153090 -3.541010 -0.512687 0.467189 0.304353 0.652882
1678843197453 -1.966892 -0.142984 -3.557038 -0.513317 0.467379 0.289747 0.658869
1678843197495 -1.998071 -0.140262 -3.566566 -0.512840 0.468733 0.290658 0.657877
1678843197551 -2.065816 -0.141786 -3.584582 -0.508885 0.477929 0.289604 0.654790
1678843197595 -2.099962 -0.147611 -3.593112 -0.511910 0.489354 0.287178 0.644988
1678843197627 -2.138173 -0.153325 -3.601883 -0.515025 0.497838 0.292237 0.633644
1678843197684 -2.204487 -0.165042 -3.612047 -0.508166 0.513114 0.307127 0.619802
1678843197730 -2.238316 -0.169308 -3.617900 -0.503344 0.522257 0.314275 0.612473
1678843197786 -2.308006 -0.170906 -3.630287 -0.490377 0.536844 0.340058 0.596398
1678843197822 -2.339562 -0.168049 -3.633111 -0.483441 0.549005 0.355720 0.581671
1678843197888 -2.394249 -0.153047 -3.636309 -0.452296 0.557995 0.384880 0.579602
1678843197929 -2.420382 -0.148561 -3.636509 -0.445816 0.566089 0.394808 0.570015
1678843197987 -2.474817 -0.137943 -3.634307 -0.428539 0.576180 0.419965 0.554977
1678843198025 -2.499137 -0.136410 -3.629323 -0.420393 0.582748 0.426707 0.549177
1678843198091 -2.558501 -0.139169 -3.622142 -0.407557 0.594955 0.438937 0.535967
1678843198128 -2.583501 -0.142475 -3.611867 -0.400066 0.600539 0.444836 0.530491
1678843198159 -2.609218 -0.147375 -3.599806 -0.394590 0.606519 0.450732 0.522756
1678843198216 -2.650193 -0.157237 -3.565675 -0.384849 0.617886 0.460821 0.507692
1678843198262 -2.674940 -0.159542 -3.550354 -0.381171 0.624173 0.459313 0.504132
1678843198320 -2.721030 -0.165256 -3.514884 -0.376742 0.636643 0.455617 0.495140
1678843198362 -2.745281 -0.166259 -3.495507 -0.378613 0.641631 0.463469 0.479748
1678843198423 -2.787218 -0.164235 -3.454857 -0.361229 0.638539 0.486533 0.474412
1678843198454 -2.808778 -0.164639 -3.436494 -0.368047 0.644687 0.490445 0.456491
1678843198495 -2.829507 -0.163180 -3.415900 -0.365671 0.651943 0.490876 0.447543
1678843198576 -2.880440 -0.151143 -3.351614 -0.342830 0.672549 0.502224 0.421802
1678843198622 -2.895740 -0.150735 -3.328779 -0.333742 0.679524 0.507608 0.411336
1678843198654 -2.910617 -0.149231 -3.305458 -0.327569 0.688517 0.509305 0.399062
1678843198715 -2.941136 -0.148668 -3.256971 -0.312446 0.705359 0.512817 0.376649
1678843198765 -2.953876 -0.148564 -3.231015 -0.302350 0.715108 0.514752 0.363643
1678843198826 -2.974143 -0.150638 -3.176242 -0.278338 0.734497 0.525853 0.326376
1678843198879 -2.990562 -0.143026 -3.122502 -0.249298 0.757123 0.531393 0.286768
1678843198947 -3.006169 -0.127974 -3.065544 -0.219586 0.780929 0.539481 0.225593
1678843199000 -3.009329 -0.117977 -3.039407 -0.191934 0.789242 0.543422 0.212017
1678843199050 -3.011568 -0.104174 -2.990148 -0.155920 0.799248 0.554993 0.169926
1678843199096 -3.012615 -0.103325 -2.967502 -0.142567 0.803877 0.557890 0.149046
1678843199155 -3.007389 -0.102804 -2.919761 -0.118789 0.810572 0.563229 0.107867
1678843199197 -3.010787 -0.107048 -2.889511 -0.108529 0.813427 0.564938 0.086041
1678843199260 -2.997936 -0.115030 -2.838396 -0.080203 0.816270 0.569526 0.053960
1678843199293 -2.989383 -0.121107 -2.814211 -0.067970 0.816830 0.571733 0.035926
1678843199351 -2.980647 -0.126093 -2.786994 -0.057780 0.817538 0.572715 0.017018
1678843199386 -2.962108 -0.132209 -2.732329 -0.036844 0.819092 0.572477 0.000576
1678843199428 -2.953979 -0.130887 -2.702309 -0.029450 0.818755 0.573358 -0.005775
1678843199476 -2.943211 -0.131963 -2.672833 -0.021766 0.818345 0.574260 -0.007999
1678843199543 -2.918919 -0.131049 -2.608347 0.012481 -0.812400 -0.582241 0.029076
1678843199595 -2.890543 -0.122392 -2.549996 -0.005177 -0.811170 -0.583669 0.036154
1678843199633 -2.878749 -0.114753 -2.520323 -0.010059 -0.814709 -0.578679 0.035754
1678843199695 -2.852517 -0.115494 -2.468663 0.001576 -0.810633 -0.583408 0.050070
1678843199732 -2.838564 -0.115267 -2.440972 -0.001350 -0.808343 -0.585966 0.056774
1678843199790 -2.808932 -0.112752 -2.376010 -0.019352 -0.806867 -0.586598 0.067037
1678843199840 -2.777363 -0.116967 -2.319293 -0.032036 -0.807534 -0.582753 0.085221
1678843199889 -2.760514 -0.118410 -2.286162 -0.036386 -0.806138 -0.582867 0.095306
1678843199941 -2.722942 -0.128510 -2.224255 -0.048226 -0.804787 -0.580085 0.116162
1678843200040 -2.702508 -0.133365 -2.195748 -0.055137 -0.803862 -0.578841 0.125334
1678843200054 -2.681264 -0.137895 -2.163858 -0.062803 -0.801751 -0.579116 0.133703
1678843200105 -2.637268 -0.142565 -2.101363 -0.081136 -0.796846 -0.580849 0.145149
1678843200157 -2.589442 -0.139020 -2.039929 -0.095430 -0.785201 -0.585094 0.178933
1678843200212 -2.543205 -0.131943 -1.987714 -0.116888 -0.778492 -0.583212 0.200378
1678843200261 -2.518692 -0.128799 -1.963750 -0.129708 -0.773535 -0.583394 0.210883
1678843200298 -2.494048 -0.124862 -1.939344 -0.144865 -0.769636 -0.581526 0.220232
1678843200378 -2.444535 -0.122417 -1.897703 -0.159348 -0.767592 -0.572472 0.240180
1678843200419 -2.395479 -0.128145 -1.864747 -0.161611 -0.762979 -0.569142 0.260425
1678843200486 -2.367145 -0.131729 -1.844378 -0.166031 -0.762878 -0.567079 0.262434
1678843200516 -2.309559 -0.138334 -1.814345 -0.171066 -0.760840 -0.564767 0.269993
1678843200565 -2.279196 -0.139691 -1.792334 -0.170457 -0.763094 -0.561941 0.269914
1678843200654 -2.183074 -0.132426 -1.730255 -0.160940 -0.756555 -0.570260 0.276634
1678843200677 -2.152720 -0.123334 -1.709232 -0.151077 -0.766462 -0.562070 0.271641
1678843200718 -2.122731 -0.121403 -1.688119 -0.135162 -0.769754 -0.560590 0.273766
1678843200779 -2.062669 -0.113613 -1.638488 -0.112526 -0.768552 -0.564024 0.280254
1678843200825 -2.027855 -0.114351 -1.605529 -0.110630 -0.771412 -0.560120 0.280981
1678843200912 -1.997817 -0.112770 -1.579098 -0.111520 -0.771439 -0.558148 0.284457
1678843200921 -1.944458 -0.119172 -1.528329 -0.117725 -0.771364 -0.557352 0.283719
1678843201023 -1.891375 -0.130534 -1.469748 -0.111882 -0.771400 -0.557114 0.286439
1678843201035 -1.868205 -0.137991 -1.442524 -0.108154 -0.771500 -0.556275 0.289219
1678843201086 -1.842224 -0.142758 -1.412256 -0.107915 -0.772449 -0.554469 0.290242
1678843201131 -1.794868 -0.154886 -1.355497 -0.115322 -0.764812 -0.559905 0.297102
1678843201187 -1.741415 -0.144042 -1.294554 -0.124422 -0.766835 -0.554130 0.299038
1678843201218 -1.719136 -0.138200 -1.265998 -0.119707 -0.770409 -0.548865 0.301477
1678843201286 -1.671631 -0.127209 -1.210972 -0.129071 -0.768052 -0.549058 0.303268
1678843201320 -1.647146 -0.122322 -1.183663 -0.133749 -0.771724 -0.543364 0.302174
1678843201385 -1.596888 -0.113216 -1.128849 -0.136715 -0.775370 -0.534293 0.307639
1678843201422 -1.572652 -0.111025 -1.102221 -0.139674 -0.779993 -0.528429 0.304736
1678843201479 -1.548276 -0.111263 -1.074674 -0.139462 -0.782791 -0.525273 0.303112
1678843201524 -1.507577 -0.115502 -1.027546 -0.134806 -0.791723 -0.518551 0.293440
1678843201582 -1.461848 -0.120302 -0.968185 -0.120043 -0.801887 -0.515264 0.277615
1678843201623 -1.445410 -0.124826 -0.944336 -0.111611 -0.807719 -0.514329 0.265703
1678843201677 -1.401824 -0.125031 -0.884063 -0.098737 -0.806777 -0.523148 0.256276
1678843201713 -1.381764 -0.118466 -0.852212 -0.098087 -0.811809 -0.522204 0.242174
1678843201758 -1.363561 -0.115119 -0.822242 -0.086577 -0.812606 -0.524208 0.239543
1678843201815 -1.332962 -0.104735 -0.765948 -0.070156 -0.815823 -0.524992 0.232150
1678843201868 -1.318437 -0.098055 -0.737353 -0.061866 -0.822070 -0.518631 0.226704
1678843201898 -1.305603 -0.092308 -0.709349 -0.053287 -0.826851 -0.514267 0.221378
1678843201961 -1.279297 -0.086631 -0.647104 -0.043547 -0.829850 -0.513367 0.214260
1678843202017 -1.257056 -0.079151 -0.583071 -0.035391 -0.833700 -0.507796 0.214092
1678843202065 -1.247334 -0.072527 -0.550220 -0.032215 -0.837561 -0.500536 0.216606
1678843202096 -1.234258 -0.065515 -0.513249 -0.030532 -0.843462 -0.490813 0.216201
1678843202156 -1.216109 -0.049711 -0.446307 -0.021583 -0.853655 -0.468201 0.227146
1678843202213 -1.191869 -0.036921 -0.375762 -0.033878 -0.855949 -0.458241 0.237104
1678843202262 -1.178658 -0.032222 -0.341940 -0.045856 -0.853857 -0.460176 0.238882
1678843202293 -1.167101 -0.024934 -0.311966 -0.058952 -0.854742 -0.459445 0.234204
1678843202355 -1.144099 -0.018358 -0.257540 -0.070181 -0.852479 -0.463096 0.232158
1678843202411 -1.132994 -0.017815 -0.232237 -0.072538 -0.851030 -0.467279 0.228333
1678843202435 -1.122840 -0.018536 -0.207549 -0.067795 -0.850395 -0.469373 0.227861
1678843202519 -1.100695 -0.023653 -0.161196 -0.060961 -0.846999 -0.474249 0.232302
1678843202566 -1.077114 -0.030751 -0.117836 -0.063019 -0.844910 -0.478834 0.229943
1678843202584 -1.063333 -0.032936 -0.095603 -0.065357 -0.840729 -0.483998 0.233772
1678843202644 -1.036799 -0.040637 -0.052729 -0.065860 -0.837119 -0.487536 0.239172
1678843202706 -1.025744 -0.040460 -0.039028 -0.062033 -0.838762 -0.483221 0.243163
1678843202751 -0.992425 -0.044079 0.001094 -0.064770 -0.840152 -0.475520 0.252646
1678843202790 -0.976502 -0.047293 0.019695 -0.068241 -0.839880 -0.472377 0.258466
1678843202838 -0.956665 -0.050514 0.038704 -0.071855 -0.838610 -0.471086 0.263910
1678843202894 -0.915387 -0.058730 0.075401 -0.080854 -0.830655 -0.474092 0.280558
1678843202953 -0.875752 -0.063209 0.094216 -0.112775 -0.818107 -0.486124 0.285774
1678843203013 -0.855225 -0.065523 0.104514 -0.125388 -0.816974 -0.487630 0.281157
1678843203084 -0.783985 -0.081653 0.143568 -0.163909 -0.786142 -0.507547 0.312268
1678843203121 -0.761568 -0.083680 0.152814 -0.186973 -0.780964 -0.505909 0.314950
1678843203172 -0.737908 -0.084010 0.162418 -0.194803 -0.776749 -0.503837 0.323822
1678843203211 -0.693167 -0.086021 0.182875 -0.204844 -0.769334 -0.497648 0.344254
1678843203277 -0.638576 -0.085568 0.207363 -0.217604 -0.761436 -0.488226 0.366742
1678843203314 -0.614919 -0.083454 0.216040 -0.224096 -0.760229 -0.479363 0.376888
1678843203360 -0.586267 -0.083728 0.228978 -0.231463 -0.756706 -0.472160 0.388440
1678843203425 -0.528347 -0.088658 0.253377 -0.251538 -0.745067 -0.458523 0.413957
1678843203478 -0.499509 -0.091138 0.267669 -0.265881 -0.738340 -0.452849 0.423190
1678843203502 -0.439960 -0.096586 0.300133 -0.288144 -0.727318 -0.441257 0.439629
1678843203558 -0.412737 -0.099164 0.316403 -0.293786 -0.722297 -0.439113 0.446271
1678843203613 -0.360360 -0.103122 0.341956 -0.305231 -0.698233 -0.445505 0.469925
1678843203652 -0.331548 -0.104602 0.351892 -0.319729 -0.687282 -0.447319 0.474681
1678843203698 -0.304177 -0.105553 0.361857 -0.326526 -0.679018 -0.450807 0.478632
1678843203757 -0.251866 -0.097425 0.372045 -0.323686 -0.669029 -0.439435 0.504504
1678843203819 -0.199973 -0.095314 0.369453 -0.340098 -0.650323 -0.425641 0.529379
1678843203892 -0.143633 -0.098960 0.363619 -0.351605 -0.631106 -0.412378 0.554999
1678843203918 -0.121536 -0.104173 0.355934 -0.354029 -0.622364 -0.408634 0.565990
1678843203974 -0.092874 -0.109059 0.350939 -0.358446 -0.612748 -0.405190 0.576088
1678843204020 -0.032349 -0.115800 0.340541 -0.367026 -0.598283 -0.393276 0.593871
1678843204117 0.023774 -0.118060 0.323938 -0.358364 -0.589527 -0.380552 0.615802
1678843204128 0.053163 -0.121585 0.313684 -0.350805 -0.582378 -0.377375 0.628776
1678843204175 0.109477 -0.121840 0.288166 -0.366483 -0.558811 -0.374495 0.642786
1678843204244 0.134173 -0.120809 0.268291 -0.380009 -0.556750 -0.363663 0.642940
1678843204276 0.158686 -0.120628 0.255016 -0.383578 -0.543064 -0.365835 0.651241
1678843204329 0.197212 -0.118010 0.225844 -0.385670 -0.519622 -0.362801 0.670542
1678843204388 0.228137 -0.113428 0.190620 -0.398617 -0.493589 -0.346704 0.690848
1678843204420 0.244206 -0.112898 0.170718 -0.406135 -0.477293 -0.337639 0.702314
1678843204465 0.259686 -0.114091 0.149475 -0.416203 -0.456708 -0.329700 0.713786
1678843204525 0.278704 -0.113790 0.106191 -0.436353 -0.418430 -0.306289 0.735322
1678843204576 0.297863 -0.117666 0.059746 -0.451078 -0.371386 -0.281289 0.761234
1678843204633 0.305241 -0.118871 0.036453 -0.456467 -0.346920 -0.266849 0.774646
1678843204664 0.310427 -0.120803 0.012751 -0.464675 -0.318152 -0.253483 0.786513
1678843204716 0.317068 -0.125541 -0.037910 -0.496617 -0.248720 -0.216829 0.802805
1678843204762 0.313152 -0.121466 -0.059799 -0.504355 -0.229856 -0.190632 0.810217
1678843204823 0.301263 -0.120928 -0.102230 -0.519888 -0.177832 -0.161511 0.819760
1678843204881 0.288178 -0.125588 -0.146424 -0.538790 -0.129634 -0.133734 0.821593
1678843204916 0.282977 -0.128105 -0.170641 -0.544813 -0.107631 -0.119313 0.823018
1678843204988 0.270320 -0.131903 -0.217897 -0.544603 -0.075574 -0.097643 0.829556
1678843205015 0.260873 -0.135288 -0.242153 -0.545109 -0.058467 -0.090239 0.831441
1678843205097 0.242047 -0.138883 -0.295340 -0.549871 -0.033213 -0.076094 0.831113
1678843205138 0.231485 -0.143607 -0.323681 -0.551680 -0.022035 -0.073908 0.830482
1678843205189 0.209526 -0.150038 -0.383349 -0.555445 -0.005524 -0.070885 0.828508
1678843205241 0.185892 -0.148279 -0.445927 -0.549362 0.018088 -0.081153 0.831437
1678843205305 0.176213 -0.148632 -0.477472 -0.553966 0.024612 -0.079245 0.828394
1678843205331 0.165286 -0.144839 -0.506992 -0.555786 0.022782 -0.073056 0.827796
1678843205410 0.148011 -0.146004 -0.563274 -0.556920 0.036784 -0.081869 0.825703
1678843205452 0.135971 -0.139778 -0.623016 -0.555582 0.047029 -0.079843 0.826282
1678843205515 0.130689 -0.131054 -0.656947 -0.548906 0.055841 -0.083640 0.829812
1678843205550 0.128773 -0.122710 -0.716679 -0.537503 0.060284 -0.079958 0.837295
1678843205607 0.133123 -0.120846 -0.779356 -0.532281 0.065328 -0.081371 0.840112
1678843205652 0.136988 -0.123295 -0.812086 -0.533357 0.062528 -0.080505 0.839726
1678843205705 0.141744 -0.125788 -0.844498 -0.537516 0.061428 -0.078635 0.837329
1678843205779 0.152869 -0.133311 -0.914000 -0.543938 0.062579 -0.078019 0.833144
1678843205838 0.175213 -0.135440 -1.013660 -0.543238 0.065623 -0.078765 0.833296
1678843205872 0.182243 -0.133917 -1.049704 -0.549491 0.071722 -0.077067 0.828840
1678843205908 0.192049 -0.133585 -1.077100 -0.551724 0.070956 -0.070913 0.827972
1678843205957 0.200009 -0.126650 -1.110068 -0.545589 0.070687 -0.070372 0.832096
1678843206018 0.213870 -0.119338 -1.170835 -0.544614 0.072002 -0.072771 0.832416
1678843206040 0.218158 -0.114618 -1.202688 -0.543899 0.074025 -0.070526 0.832899
1678843206089 0.220783 -0.110351 -1.234211 -0.541858 0.075438 -0.067308 0.834367
1678843206181 0.220127 -0.106672 -1.292377 -0.535369 0.081245 -0.059672 0.838581
1678843206228 0.214466 -0.107858 -1.362260 -0.531169 0.086266 -0.051700 0.841276
1678843206293 0.204552 -0.115464 -1.435130 -0.527948 0.091477 -0.049038 0.842911
1678843206351 0.195091 -0.121450 -1.513516 -0.522630 0.093793 -0.052800 0.845738
1678843206414 0.191067 -0.122687 -1.552532 -0.518421 0.091188 -0.055118 0.848461
1678843206447 0.179708 -0.123058 -1.631584 -0.521056 0.096053 -0.060343 0.845951
1678843206519 0.168495 -0.116562 -1.705251 -0.523378 0.090932 -0.062663 0.844914
1678843206566 0.165517 -0.114394 -1.742366 -0.524799 0.090292 -0.069822 0.843539
1678843206612 0.163230 -0.112895 -1.775990 -0.529527 0.089430 -0.079030 0.839855
1678843206675 0.166370 -0.106608 -1.845495 -0.525654 0.074998 -0.092808 0.842288
1678843206698 0.168672 -0.104294 -1.882673 -0.521468 0.070269 -0.100287 0.844438
1678843206741 0.177846 -0.105875 -1.954967 -0.517990 0.056792 -0.108369 0.846592
1678843206795 0.183673 -0.107660 -1.991204 -0.515719 0.050822 -0.111016 0.848013
1678843206872 0.196824 -0.114583 -2.068423 -0.512922 0.045541 -0.113586 0.849668
1678843206897 0.204144 -0.117342 -2.106646 -0.512690 0.043748 -0.112343 0.850067
1678843206946 0.221658 -0.114947 -2.180339 -0.501401 0.044147 -0.116585 0.856187
1678843207016 0.239815 -0.108381 -2.250129 -0.505531 0.043905 -0.109125 0.854753
1678843207057 0.250466 -0.103381 -2.283215 -0.504533 0.037501 -0.110777 0.855434
1678843207088 0.262000 -0.100184 -2.315284 -0.503413 0.033924 -0.120504 0.854929
1678843207171 0.280302 -0.098537 -2.381611 -0.513900 0.027991 -0.132298 0.847125
1678843207207 0.288694 -0.096049 -2.405994 -0.515296 0.021056 -0.134347 0.846155
1678843207251 0.303752 -0.097636 -2.466965 -0.512318 0.012815 -0.144752 0.846412
1678843207313 0.315819 -0.108205 -2.534133 -0.518709 0.001905 -0.154051 0.840955
1678843207350 0.321423 -0.116099 -2.568277 -0.526880 -0.004777 -0.157488 0.835208
1678843207406 0.327132 -0.121301 -2.605154 -0.532611 -0.010238 -0.163966 0.830263
1678843207453 0.337889 -0.130445 -2.672514 -0.524548 -0.030329 -0.182246 0.831093
1678843207504 0.339721 -0.133180 -2.711070 -0.517655 -0.038970 -0.186161 0.834181
1678843207555 0.334954 -0.126978 -2.784388 -0.506224 -0.048414 -0.172973 0.843489
1678843207611 0.331176 -0.126975 -2.822558 -0.514231 -0.039854 -0.164360 0.840811
1678843207653 0.313487 -0.113046 -2.889920 -0.511112 -0.055845 -0.135046 0.847000
1678843207705 0.299720 -0.113019 -2.958613 -0.495824 -0.041037 -0.144639 0.855309
1678843207752 0.290980 -0.118701 -2.996196 -0.510705 -0.029939 -0.138544 0.847992
1678843207794 0.284017 -0.120258 -3.038340 -0.522213 -0.024381 -0.122763 0.843581
1678843207863 0.264596 -0.123810 -3.107153 -0.521335 -0.008990 -0.096584 0.847821
1678843207888 0.255901 -0.129196 -3.140773 -0.525699 -0.001045 -0.085392 0.846373
1678843207949 0.239407 -0.143337 -3.208642 -0.533944 0.021745 -0.074258 0.841972
1678843207985 0.231386 -0.148428 -3.241166 -0.534760 0.031913 -0.068932 0.841583
1678843208029 0.223087 -0.149589 -3.267524 -0.531725 0.042894 -0.063014 0.843480
1678843208092 0.201591 -0.150332 -3.329789 -0.529518 0.075770 -0.046639 0.843620
1678843208148 0.177303 -0.143956 -3.388368 -0.534347 0.102713 -0.012777 0.838904
1678843208187 0.165746 -0.139854 -3.415856 -0.536147 0.106951 0.006176 0.837299
1678843208247 0.154773 -0.131511 -3.438118 -0.544740 0.111847 0.026059 0.830704
1678843208311 0.120866 -0.126779 -3.520558 -0.544628 0.153024 0.054141 0.822820
1678843208341 0.108073 -0.126931 -3.549124 -0.539335 0.179410 0.055600 0.820877
1678843208382 0.093868 -0.129696 -3.578884 -0.537190 0.205812 0.056498 0.816012
1678843208455 0.082077 -0.135609 -3.611289 -0.539458 0.225499 0.060109 0.809026
1678843208484 0.066179 -0.143046 -3.643252 -0.539434 0.234646 0.072403 0.805425
1678843208577 0.023556 -0.167510 -3.747134 -0.554084 0.240725 0.096154 0.791073
1678843208591 0.008069 -0.172650 -3.785907 -0.561988 0.236364 0.098331 0.786532
1678843208640 -0.006904 -0.171610 -3.823750 -0.563100 0.227357 0.099008 0.788305
1678843208687 -0.037770 -0.165458 -3.893614 -0.570265 0.220391 0.095062 0.785614
1678843208745 -0.065447 -0.146545 -3.961523 -0.576947 0.208902 0.083294 0.785210
1678843208783 -0.078294 -0.134666 -3.991858 -0.574681 0.199937 0.075486 0.789980
1678843208820 -0.092707 -0.133180 -4.013028 -0.567645 0.191841 0.066484 0.797845
1678843208895 -0.121669 -0.127002 -4.060760 -0.563482 0.195919 0.057442 0.800502
1678843208925 -0.136346 -0.127293 -4.088509 -0.565597 0.198035 0.057118 0.798511
1678843208986 -0.164037 -0.134288 -4.143499 -0.570351 0.209421 0.055854 0.792289
1678843209024 -0.174920 -0.136062 -4.163694 -0.572359 0.216321 0.058141 0.788816
1678843209113 -0.198860 -0.143533 -4.214796 -0.572729 0.219321 0.070888 0.786673
1678843209125 -0.211752 -0.147506 -4.242146 -0.570472 0.226232 0.072017 0.786253
1678843209184 -0.237895 -0.153397 -4.297740 -0.563084 0.242068 0.067578 0.787256
1678843209224 -0.253418 -0.153909 -4.329048 -0.558332 0.249777 0.073525 0.787700
1678843209285 -0.287646 -0.154477 -4.382583 -0.554890 0.264549 0.097142 0.782735
1678843209323 -0.304801 -0.157424 -4.405199 -0.559674 0.291972 0.097617 0.769408
1678843209367 -0.321586 -0.160702 -4.428503 -0.577326 0.305827 0.110642 0.748948
1678843209422 -0.346376 -0.154066 -4.464625 -0.582468 0.289063 0.127821 0.748889
1678843209463 -0.357845 -0.150542 -4.482977 -0.578862 0.313247 0.108414 0.745012
1678843209522 -0.388090 -0.138877 -4.513186 -0.573305 0.329547 0.130910 0.738636
1678843209576 -0.417756 -0.127556 -4.542936 -0.560318 0.346405 0.146233 0.738013
1678843209628 -0.434678 -0.126348 -4.554813 -0.554721 0.356474 0.149768 0.736736
1678843209675 -0.452480 -0.126543 -4.569746 -0.552485 0.365530 0.155999 0.732675
1678843209715 -0.488347 -0.130994 -4.592830 -0.548380 0.378170 0.163257 0.727746
1678843209777 -0.526023 -0.131873 -4.622537 -0.533355 0.389171 0.162125 0.733345
1678843209818 -0.546751 -0.131514 -4.642917 -0.525730 0.391581 0.162004 0.737582
1678843209862 -0.569190 -0.132998 -4.657617 -0.518969 0.395639 0.165274 0.739476
1678843209899 -0.593707 -0.132794 -4.673446 -0.511858 0.404103 0.172297 0.738252
1678843209960 -0.648319 -0.136832 -4.698217 -0.512306 0.423689 0.202812 0.718956
1678843210013 -0.702234 -0.125472 -4.716330 -0.487539 0.428867 0.239879 0.721690
1678843210064 -0.724041 -0.122479 -4.723017 -0.477002 0.444201 0.233540 0.721535
1678843210093 -0.756343 -0.124263 -4.736684 -0.483705 0.454079 0.239951 0.708707
1678843210156 -0.806132 -0.124812 -4.742502 -0.470336 0.463017 0.280351 0.696996
1678843210206 -0.830888 -0.122409 -4.745992 -0.458184 0.474206 0.296404 0.690899
1678843210234 -0.855089 -0.121526 -4.748920 -0.449060 0.480409 0.319133 0.682427
1678843210291 -0.899876 -0.116666 -4.751569 -0.423799 0.501160 0.360835 0.662594
1678843210350 -0.947688 -0.113278 -4.749392 -0.394046 0.527808 0.384690 0.646653
1678843210383 -0.972408 -0.115809 -4.747807 -0.387412 0.542920 0.391257 0.634088
1678843210448 -1.026920 -0.129807 -4.742524 -0.380426 0.570593 0.410365 0.601082
1678843210496 -1.056698 -0.136828 -4.737101 -0.375408 0.585975 0.419709 0.582706
1678843210551 -1.125572 -0.156551 -4.722967 -0.359018 0.618110 0.438052 0.545121
1678843210588 -1.161318 -0.155691 -4.712706 -0.348965 0.636954 0.441554 0.526823
1678843210645 -1.234536 -0.163752 -4.698232 -0.331415 0.667275 0.447396 0.494717
1678843210692 -1.270786 -0.167690 -4.691058 -0.326642 0.675296 0.455393 0.479477
1678843210727 -1.307496 -0.173193 -4.684031 -0.334093 0.688066 0.466091 0.444641
1678843210780 -1.367704 -0.169490 -4.681368 -0.351814 0.674364 0.487105 0.429172
1678843210832 -1.392825 -0.162163 -4.683577 -0.360511 0.668250 0.480136 0.439253
1678843210884 -1.440201 -0.147285 -4.672407 -0.356484 0.682065 0.479292 0.421884
1678843210923 -1.461964 -0.139640 -4.662325 -0.346310 0.689666 0.486310 0.409796
1678843210992 -1.513780 -0.117532 -4.636777 -0.318327 0.714205 0.482229 0.395011
1678843211014 -1.533100 -0.111126 -4.622323 -0.304387 0.726995 0.477249 0.388664
1678843211087 -1.553201 -0.108741 -4.604695 -0.293470 0.739269 0.476526 0.374538
1678843211129 -1.598876 -0.112356 -4.561012 -0.271036 0.751341 0.485681 0.355163
1678843211175 -1.641840 -0.114956 -4.509530 -0.251242 0.764723 0.490332 0.334142
1678843211226 -1.671510 -0.113002 -4.480275 -0.239368 0.769056 0.491283 0.331507
1678843211263 -1.691982 -0.108832 -4.451995 -0.229031 0.777223 0.482564 0.332567
1678843211343 -1.752377 -0.100576 -4.357876 -0.212804 0.792740 0.482839 0.305195
1678843211383 -1.767046 -0.092110 -4.326666 -0.201305 0.802206 0.474853 0.300760
1678843211409 -1.782326 -0.086316 -4.294445 -0.203564 0.807439 0.478142 0.279257
1678843211497 -1.808551 -0.075254 -4.230805 -0.183305 0.809529 0.491257 0.264061
1678843211521 -1.818751 -0.070734 -4.198720 -0.178001 0.817908 0.488921 0.245558
1678843211590 -1.835541 -0.067076 -4.133036 -0.160935 0.826481 0.494631 0.215335
1678843211627 -1.841832 -0.068012 -4.099932 -0.150097 0.828846 0.498870 0.203995
1678843211680 -1.856851 -0.070101 -4.029858 -0.131505 0.839738 0.498147 0.171452
1678843211727 -1.860331 -0.071453 -3.995518 -0.118113 0.845436 0.496881 0.156197
1678843211782 -1.865325 -0.083961 -3.924776 -0.092256 0.854563 0.497093 0.118780
1678843211813 -1.865676 -0.087048 -3.889059 -0.078948 0.857332 0.498928 0.099098
1678843211860 -1.864848 -0.090138 -3.853594 -0.067265 0.858690 0.502164 0.077190
1678843211919 -1.853156 -0.088799 -3.793477 -0.045256 0.848645 0.526798 0.015432
1678843211977 -1.837525 -0.084358 -3.737376 0.016715 -0.846589 -0.531712 0.017024
1678843212026 -1.827037 -0.085085 -3.713581 0.008654 -0.842233 -0.537666 0.038514
1678843212117 -1.791353 -0.090034 -3.635732 -0.029182 -0.834339 -0.542214 0.095032
1678843212151 -1.778541 -0.093149 -3.607852 -0.045064 -0.831856 -0.542078 0.110164
1678843212201 -1.765535 -0.099519 -3.581658 -0.057092 -0.830236 -0.540359 0.124344
1678843212253 -1.740080 -0.106635 -3.523415 -0.073009 -0.830999 -0.530440 0.150810
1678843212298 -1.728843 -0.112663 -3.482013 -0.080022 -0.829665 -0.529605 0.157387
1678843212335 -1.716651 -0.116317 -3.449100 -0.085157 -0.828099 -0.529879 0.161952
1678843212395 -1.691869 -0.123272 -3.383383 -0.090095 -0.824845 -0.530796 0.172537
1678843212433 -1.678336 -0.121477 -3.349242 -0.091018 -0.820738 -0.534550 0.179890
1678843212495 -1.650308 -0.108927 -3.286975 -0.096502 -0.827679 -0.523932 0.176440
1678843212522 -1.635700 -0.112297 -3.267699 -0.092984 -0.827582 -0.524400 0.177388
1678843212580 -1.621465 -0.111881 -3.235738 -0.084978 -0.823153 -0.530076 0.184979
1678843212627 -1.588630 -0.109610 -3.173598 -0.080373 -0.818873 -0.533646 0.195473
1678843212680 -1.556227 -0.106347 -3.116233 -0.078532 -0.821648 -0.526254 0.204410
1678843212726 -1.537654 -0.109439 -3.089072 -0.080015 -0.818585 -0.528788 0.209522
1678843212767 -1.520232 -0.114688 -3.058298 -0.079749 -0.815468 -0.530786 0.216608
1678843212815 -1.487136 -0.129308 -2.999834 -0.074810 -0.813040 -0.529519 0.230172
1678843212889 -1.469502 -0.135685 -2.967632 -0.078204 -0.811394 -0.529204 0.235514
1678843212912 -1.436303 -0.145273 -2.908390 -0.086987 -0.805372 -0.531629 0.247347
1678843212960 -1.418994 -0.148630 -2.875930 -0.092549 -0.803420 -0.531320 0.252291
1678843213009 -1.385458 -0.148791 -2.824466 -0.107557 -0.788705 -0.540808 0.271850
1678843213077 -1.366948 -0.145225 -2.795484 -0.118864 -0.786473 -0.539776 0.275631
1678843213101 -1.352016 -0.141326 -2.773250 -0.125184 -0.786993 -0.535174 0.280287
1678843213163 -1.315359 -0.135684 -2.720400 -0.137030 -0.780069 -0.536168 0.291958
1678843213221 -1.278184 -0.131675 -2.668177 -0.146048 -0.780268 -0.530001 0.298247
1678843213277 -1.238675 -0.134737 -2.618198 -0.156956 -0.780025 -0.524200 0.303544
1678843213323 -1.220301 -0.136976 -2.598734 -0.163705 -0.780395 -0.520478 0.305429
1678843213361 -1.197798 -0.142075 -2.573084 -0.166494 -0.780166 -0.518488 0.307881
1678843213423 -1.153595 -0.151878 -2.528969 -0.168742 -0.779908 -0.516844 0.310067
1678843213466 -1.128412 -0.155877 -2.503085 -0.167915 -0.780908 -0.515723 0.309865
1678843213507 -1.076389 -0.157150 -2.447360 -0.157036 -0.785626 -0.512319 0.309292
1678843213581 -1.021253 -0.156618 -2.393661 -0.157280 -0.778201 -0.523724 0.308835
1678843213616 -0.995874 -0.153545 -2.373311 -0.158070 -0.781887 -0.522110 0.301774
1678843213672 -0.970948 -0.150434 -2.347587 -0.151726 -0.784438 -0.521789 0.298952
1678843213718 -0.923856 -0.151522 -2.298604 -0.133271 -0.777503 -0.536653 0.299553
1678843213764 -0.900513 -0.148783 -2.273667 -0.128741 -0.780761 -0.535438 0.295203
1678843213821 -0.852218 -0.146502 -2.225277 -0.121696 -0.784015 -0.533211 0.293592
1678843213869 -0.827569 -0.149494 -2.199403 -0.120991 -0.783794 -0.533628 0.293717
1678843213907 -0.780108 -0.159941 -2.147921 -0.119328 -0.781488 -0.535759 0.296648
1678843213963 -0.754550 -0.166194 -2.120048 -0.121155 -0.779751 -0.536102 0.299840
1678843214013 -0.701541 -0.178165 -2.062047 -0.126818 -0.777784 -0.533606 0.306976
1678843214063 -0.676102 -0.181740 -2.032951 -0.128284 -0.776899 -0.531427 0.312339
1678843214116 -0.623043 -0.183552 -1.973805 -0.140110 -0.760419 -0.540151 0.332219
1678843214173 -0.597476 -0.177998 -1.947165 -0.148037 -0.758777 -0.537541 0.336738
1678843214207 -0.548372 -0.163096 -1.898083 -0.156190 -0.763057 -0.525464 0.342399
1678843214276 -0.523375 -0.157904 -1.873266 -0.159407 -0.760960 -0.524492 0.347041
1678843214315 -0.468989 -0.149411 -1.817574 -0.167371 -0.761114 -0.516800 0.354416
1678843214350 -0.443242 -0.147630 -1.793387 -0.172297 -0.761816 -0.511718 0.357903
1678843214400 -0.417036 -0.148725 -1.768284 -0.177637 -0.760484 -0.509897 0.360713
1678843214463 -0.365052 -0.152900 -1.713898 -0.176436 -0.762117 -0.506755 0.362281
1678843214511 -0.342489 -0.156536 -1.691070 -0.173403 -0.764655 -0.504467 0.361589
1678843214549 -0.292196 -0.163180 -1.632036 -0.164125 -0.772586 -0.502988 0.350966
1678843214616 -0.242565 -0.166304 -1.570247 -0.148019 -0.779875 -0.504343 0.339888
1678843214662 -0.216976 -0.167245 -1.537265 -0.142749 -0.777258 -0.512522 0.335878
1678843214722 -0.169222 -0.160420 -1.471141 -0.135738 -0.783335 -0.519231 0.313626
1678843214769 -0.130728 -0.154873 -1.402604 -0.106905 -0.785933 -0.530598 0.298909
1678843214817 -0.109383 -0.155814 -1.365733 -0.096697 -0.788717 -0.534001 0.288821
1678843214870 -0.092540 -0.153644 -1.331691 -0.087150 -0.793545 -0.534000 0.278452
1678843214919 -0.066289 -0.154597 -1.260791 -0.066055 -0.802794 -0.531953 0.261124
1678843214981 -0.038919 -0.164870 -1.186822 -0.051428 -0.805597 -0.534916 0.249466
1678843215021 -0.025570 -0.168841 -1.142905 -0.043026 -0.808185 -0.533859 0.244908
1678843215089 -0.014752 -0.171794 -1.105337 -0.038587 -0.810863 -0.531506 0.241895
1678843215130 0.006933 -0.177867 -1.028070 -0.040310 -0.814927 -0.527385 0.236926
1678843215206 0.023092 -0.178467 -0.949829 -0.041718 -0.808339 -0.535214 0.241647
1678843215222 0.026567 -0.172920 -0.909819 -0.039932 -0.808523 -0.535608 0.240459
1678843215274 0.031855 -0.158013 -0.834768 -0.029699 -0.819062 -0.525925 0.227285
1678843215322 0.034618 -0.153266 -0.797795 -0.029203 -0.820072 -0.526784 0.221649
1678843215364 0.037026 -0.146376 -0.761131 -0.031202 -0.824269 -0.524789 0.210248
1678843215422 0.039305 -0.136239 -0.688530 -0.027269 -0.833410 -0.515521 0.197287
1678843215477 0.041688 -0.133444 -0.652457 -0.023901 -0.838309 -0.510369 0.190236
1678843215503 0.047385 -0.131062 -0.578304 -0.020018 -0.849296 -0.497564 0.175288
1678843215560 0.051491 -0.132225 -0.541395 -0.017510 -0.853139 -0.493571 0.168029
1678843215615 0.058385 -0.134811 -0.464179 -0.005772 -0.863979 -0.480144 0.151551
1678843215650 0.062374 -0.135986 -0.426808 -0.001147 -0.867792 -0.475393 0.144697
1678843215708 0.067587 -0.137825 -0.359862 0.004966 -0.875210 -0.467790 0.123107
1678843215803 0.074066 -0.144713 -0.286333 0.007901 -0.871059 -0.479818 0.104733
1678843215814 0.073977 -0.142471 -0.251104 0.011120 -0.872864 -0.479880 0.087747
1678843215863 0.071108 -0.143023 -0.215211 0.025470 -0.870084 -0.485388 0.081877
1678843215913 0.067249 -0.142021 -0.185668 0.037217 -0.866748 -0.492258 0.071030
1678843215953 0.052654 -0.141619 -0.122561 -0.063083 0.869122 0.488963 -0.039526
1678843216018 0.031570 -0.138436 -0.058806 -0.089338 0.868344 0.487587 -0.016008
1678843216078 0.008191 -0.148695 0.005636 -0.109084 0.868758 0.483034 0.006157
1678843216120 -0.006339 -0.146419 0.046253 -0.117035 0.868553 0.481340 0.015212
1678843216143 -0.021391 -0.150621 0.076707 -0.124633 0.869655 0.476977 0.025701
1678843216214 -0.053775 -0.152953 0.136194 -0.137978 0.872668 0.466053 0.046984
1678843216258 -0.072506 -0.157122 0.165352 -0.146657 0.867973 0.471958 0.048692
1678843216295 -0.094328 -0.155617 0.194736 -0.152406 0.863340 0.477822 0.055696
1678843216373 -0.138006 -0.149477 0.236124 -0.167723 0.869269 0.454698 0.097419
1678843216411 -0.188551 -0.154679 0.274585 -0.189721 0.857351 0.461173 0.127573
1678843216455 -0.215260 -0.154331 0.291842 -0.200471 0.854643 0.455569 0.147829
1678843216508 -0.246091 -0.152939 0.304144 -0.212255 0.852721 0.446647 0.168288
1678843216552 -0.305726 -0.151130 0.329384 -0.227880 0.844134 0.434047 0.217055
1678843216616 -0.338354 -0.151995 0.334745 -0.238993 0.838596 0.425977 0.241211
1678843216651 -0.401173 -0.154699 0.351503 -0.261968 0.826129 0.406547 0.289144
1678843216705 -0.463893 -0.161147 0.364880 -0.285629 0.810502 0.390354 0.330343
1678843216768 -0.497651 -0.169605 0.380771 -0.295607 0.801975 0.381491 0.352020
1678843216797 -0.528127 -0.171273 0.386343 -0.303942 0.791674 0.373807 0.375685
1678843216873 -0.589253 -0.175003 0.390867 -0.330109 0.765173 0.358307 0.420896
1678843216911 -0.654044 -0.172443 0.394206 -0.350471 0.734560 0.333858 0.475532
1678843216958 -0.683089 -0.174236 0.388722 -0.369454 0.717173 0.326028 0.492820
1678843217013 -0.735878 -0.175284 0.376448 -0.399008 0.683711 0.304615 0.529662
1678843217071 -0.756037 -0.170118 0.358913 -0.407234 0.665256 0.289079 0.555003
1678843217090 -0.776921 -0.167956 0.342146 -0.415138 0.648747 0.273433 0.576214
1678843217153 -0.818209 -0.170309 0.304965 -0.429381 0.613513 0.253247 0.612454
1678843217210 -0.858417 -0.177462 0.261787 -0.445763 0.584242 0.228453 0.638565
1678843217265 -0.876968 -0.181795 0.238098 -0.453273 0.571895 0.219351 0.647584
1678843217316 -0.919810 -0.184092 0.189518 -0.460677 0.547594 0.199458 0.669428
1678843217349 -0.934526 -0.182722 0.162548 -0.459951 0.534783 0.192948 0.682072
1678843217393 -0.952213 -0.179056 0.134210 -0.461963 0.520806 0.189365 0.692454
1678843217474 -0.981009 -0.175536 0.074209 -0.463605 0.490585 0.184271 0.714451
1678843217527 -1.010814 -0.174359 0.010379 -0.467029 0.458396 0.171985 0.736327
1678843217594 -1.027897 -0.170696 -0.052491 -0.476805 0.433906 0.143120 0.750932
1678843217619 -1.034063 -0.166495 -0.080776 -0.477850 0.417965 0.131931 0.761288
1678843217685 -1.043228 -0.157551 -0.132410 -0.486653 0.392536 0.109555 0.772711
1678843217712 -1.048935 -0.155217 -0.156781 -0.492830 0.377969 0.101328 0.777169
1678843217769 -1.054100 -0.153709 -0.180661 -0.498272 0.365460 0.089419 0.781133
1678843217804 -1.055481 -0.151858 -0.199892 -0.500256 0.356675 0.072166 0.785697
1678843217856 -1.066315 -0.152860 -0.245828 -0.505077 0.334285 0.052236 0.793991
1678843217907 -1.082516 -0.158276 -0.295771 -0.511989 0.313907 0.041814 0.798487
1678843217962 -1.092030 -0.162169 -0.319410 -0.513837 0.306002 0.036219 0.800639
1678843218021 -1.110324 -0.170521 -0.363998 -0.517931 0.292145 0.021831 0.803693
1678843218063 -1.120773 -0.175241 -0.389642 -0.518394 0.283930 0.010372 0.806563
1678843218115 -1.146393 -0.184551 -0.442365 -0.520645 0.264215 -0.014651 0.811729
1678843218158 -1.155122 -0.185498 -0.469248 -0.516515 0.251225 -0.029124 0.818077
1678843218200 -1.171051 -0.187689 -0.527970 -0.521331 0.232838 -0.052667 0.819284
1678843218256 -1.176661 -0.186846 -0.557812 -0.524847 0.217086 -0.061225 0.820769
1678843218307 -1.183253 -0.185168 -0.617169 -0.512156 0.191974 -0.082931 0.833046
1678843218381 -1.181846 -0.191920 -0.675118 -0.519458 0.165621 -0.084895 0.833982
1678843218416 -1.178575 -0.195345 -0.704150 -0.519945 0.150889 -0.092386 0.835676
1678843218482 -1.166626 -0.205122 -0.757468 -0.522031 0.121050 -0.107143 0.837467
1678843218516 -1.159649 -0.208431 -0.783596 -0.523380 0.103974 -0.110393 0.838496
1678843218567 -1.151997 -0.210821 -0.808938 -0.522690 0.088247 -0.113990 0.840246
1678843218608 -1.132395 -0.215876 -0.851364 -0.521681 0.066002 -0.117201 0.842471
1678843218656 -1.123564 -0.218383 -0.879003 -0.523198 0.061221 -0.120373 0.841443
1678843218701 -1.103346 -0.219472 -0.939670 -0.524002 0.059660 -0.128929 0.839786
1678843218750 -1.090778 -0.215500 -0.970431 -0.521885 0.050956 -0.127522 0.841889
1678843218804 -1.077257 -0.207459 -1.005075 -0.511140 0.042018 -0.130940 0.848425
1678843218852 -1.046343 -0.196609 -1.070683 -0.499727 0.029784 -0.127633 0.856210
1678843218907 -1.030708 -0.191628 -1.106176 -0.503937 0.022585 -0.117028 0.855477
1678843218945 -0.994011 -0.182137 -1.167829 -0.506788 0.006589 -0.111130 0.854853
1678843218993 -0.974149 -0.172915 -1.193189 -0.500216 -0.008403 -0.109551 0.858901
1678843219044 -0.935417 -0.163153 -1.244004 -0.486873 -0.029047 -0.109966 0.866036
1678843219085 -0.916928 -0.163387 -1.271568 -0.487414 -0.037343 -0.105702 0.865945
1678843219122 -0.898466 -0.164495 -1.298464 -0.486291 -0.045035 -0.101069 0.866763
1678843219183 -0.859830 -0.171635 -1.345021 -0.489883 -0.052490 -0.097857 0.864687
1678843219240 -0.841773 -0.179089 -1.372760 -0.494266 -0.056203 -0.095537 0.862215
1678843219278 -0.803858 -0.196632 -1.428245 -0.500017 -0.066264 -0.103942 0.857198
1678843219336 -0.782780 -0.200493 -1.462634 -0.501598 -0.070258 -0.114019 0.854671
1678843219381 -0.741615 -0.211389 -1.527176 -0.511852 -0.089861 -0.121459 0.845683
1678843219419 -0.719061 -0.213587 -1.558728 -0.513155 -0.090849 -0.128994 0.843670
1678843219482 -0.695180 -0.212855 -1.587742 -0.509496 -0.103863 -0.135075 0.843434
1678843219518 -0.643456 -0.215918 -1.650423 -0.520300 -0.119490 -0.152517 0.831714
1678843219604 -0.614124 -0.215048 -1.680163 -0.524103 -0.130467 -0.164533 0.825363
1678843219634 -0.559890 -0.212857 -1.734358 -0.515777 -0.147517 -0.181094 0.824268
1678843219693 -0.505167 -0.214903 -1.791967 -0.513390 -0.162944 -0.191305 0.820538
1678843219745 -0.450427 -0.223284 -1.852162 -0.505906 -0.165146 -0.199478 0.822797
1678843219789 -0.422840 -0.224832 -1.880690 -0.503651 -0.164526 -0.198982 0.824423
1678843219843 -0.395087 -0.227090 -1.912266 -0.500506 -0.162644 -0.196261 0.827359
1678843219907 -0.315659 -0.231016 -2.003811 -0.503328 -0.146658 -0.178644 0.832609
1678843219940 -0.290559 -0.229880 -2.035958 -0.516074 -0.134930 -0.170099 0.828569
1678843219986 -0.268781 -0.226627 -2.062949 -0.518778 -0.137487 -0.157522 0.828947
1678843220023 -0.245585 -0.218410 -2.089556 -0.513289 -0.138989 -0.151199 0.833280
1678843220085 -0.200946 -0.210799 -2.147573 -0.519976 -0.136114 -0.139855 0.831588
1678843220122 -0.182672 -0.206437 -2.174573 -0.522804 -0.137573 -0.130952 0.831024
1678843220185 -0.162386 -0.200704 -2.209791 -0.520568 -0.128767 -0.121455 0.835270
1678843220225 -0.148149 -0.202159 -2.238512 -0.520540 -0.126000 -0.112863 0.836913
1678843220273 -0.134861 -0.205506 -2.268630 -0.520556 -0.122751 -0.103549 0.838589
1678843220324 -0.110273 -0.211447 -2.328465 -0.520768 -0.116661 -0.088603 0.841035
1678843220375 -0.087454 -0.220609 -2.396173 -0.519429 -0.114192 -0.076682 0.843370
1678843220437 -0.075162 -0.222263 -2.434632 -0.516450 -0.113407 -0.073622 0.845575
1678843220479 -0.057831 -0.225499 -2.510400 -0.533265 -0.099559 -0.066603 0.837425
1678843220551 -0.037912 -0.218428 -2.589571 -0.526698 -0.105614 -0.062119 0.841176
1678843220615 -0.025162 -0.216715 -2.660860 -0.535977 -0.089233 -0.079964 0.835687
1678843220649 -0.021497 -0.213299 -2.695905 -0.531532 -0.085886 -0.081645 0.838708
1678843220691 -0.018728 -0.210534 -2.730854 -0.528483 -0.079606 -0.082955 0.841122
1678843220752 -0.015111 -0.208189 -2.796529 -0.526732 -0.063838 -0.082356 0.843621
1678843220840 -0.011943 -0.211567 -2.866316 -0.525515 -0.043276 -0.078502 0.846049
1678843220859 -0.010838 -0.215006 -2.901731 -0.525292 -0.033719 -0.075795 0.846869
1678843220891 -0.009765 -0.218639 -2.936819 -0.524004 -0.024752 -0.073464 0.848181
1678843220956 -0.009786 -0.225326 -3.012703 -0.526292 -0.000980 -0.065471 0.847779
1678843221025 -0.008296 -0.233642 -3.084961 -0.531537 0.020888 -0.058157 0.844778
1678843221060 -0.009447 -0.236672 -3.121105 -0.541157 0.040303 -0.053165 0.838271
1678843221103 -0.011707 -0.235569 -3.182543 -0.545583 0.060509 -0.036443 0.835075
1678843221168 -0.014487 -0.232333 -3.215323 -0.547738 0.071075 -0.030601 0.833064
1678843221208 -0.026220 -0.228896 -3.276487 -0.552821 0.093876 -0.010674 0.827926
1678843221273 -0.041169 -0.225296 -3.340859 -0.544667 0.119515 0.003663 0.830085
1678843221321 -0.052897 -0.223411 -3.368351 -0.542285 0.133075 0.015224 0.829449
1678843221359 -0.063232 -0.224861 -3.401871 -0.540445 0.145458 0.025048 0.828332
1678843221412 -0.081883 -0.228574 -3.473233 -0.531405 0.158671 0.037289 0.831289
1678843221481 -0.103902 -0.235198 -3.545943 -0.529230 0.162360 0.045093 0.831577
1678843221515 -0.116966 -0.233409 -3.583547 -0.526416 0.166222 0.044666 0.832623
1678843221557 -0.130572 -0.232484 -3.621306 -0.519312 0.164192 0.049534 0.837199
1678843221616 -0.161588 -0.232160 -3.700187 -0.529631 0.177335 0.052878 0.827796
1678843221675 -0.176747 -0.228177 -3.735026 -0.526912 0.176624 0.058256 0.829322
1678843221701 -0.201052 -0.226145 -3.806503 -0.541695 0.199365 0.052567 0.814897
1678843221759 -0.214831 -0.220848 -3.835147 -0.548233 0.199362 0.058194 0.810129
1678843221819 -0.239945 -0.210505 -3.895681 -0.553403 0.204909 0.052390 0.805614
1678843221872 -0.266625 -0.207652 -3.949069 -0.557598 0.220402 0.052716 0.798579
1678843221910 -0.282795 -0.207585 -3.979307 -0.558686 0.234363 0.055258 0.793656
1678843221957 -0.297285 -0.207586 -4.006587 -0.557362 0.249846 0.059951 0.789513
1678843222023 -0.320645 -0.209797 -4.058327 -0.553969 0.274748 0.066170 0.783105
1678843222058 -0.333807 -0.210104 -4.087426 -0.550554 0.285232 0.065307 0.781837
1678843222092 -0.346092 -0.209273 -4.117011 -0.543506 0.288568 0.063777 0.785660
1678843222155 -0.374791 -0.210853 -4.177036 -0.533307 0.305720 0.072822 0.785377
1678843222211 -0.409908 -0.213648 -4.253750 -0.544301 0.316584 0.102373 0.770085
1678843222257 -0.424195 -0.213237 -4.284681 -0.544957 0.327391 0.109586 0.764086
1678843222293 -0.433505 -0.209104 -4.317719 -0.541022 0.323443 0.119561 0.767062
1678843222345 -0.455817 -0.204699 -4.374281 -0.543567 0.328566 0.122716 0.762575
1678843222387 -0.468886 -0.200452 -4.399289 -0.546992 0.328516 0.135365 0.757993
1678843222438 -0.481745 -0.190770 -4.422269 -0.543406 0.327303 0.144279 0.759451
1678843222485 -0.509632 -0.176142 -4.464494 -0.528133 0.340593 0.146537 0.763936
1678843222525 -0.526233 -0.172222 -4.484029 -0.521774 0.346679 0.148834 0.765123
1678843222591 -0.565819 -0.172906 -4.522370 -0.516787 0.362176 0.163864 0.758227
1678843222617 -0.590283 -0.175786 -4.529360 -0.515747 0.369004 0.178681 0.752273
1678843222673 -0.630031 -0.180265 -4.562412 -0.509235 0.376901 0.195661 0.748560
1678843222722 -0.647007 -0.181294 -4.562508 -0.497364 0.381495 0.189709 0.755713
1678843222780 -0.691548 -0.183224 -4.597313 -0.484781 0.391727 0.184015 0.760050
1678843222842 -0.741422 -0.186239 -4.632358 -0.471854 0.391983 0.195815 0.765088
1678843222881 -0.771172 -0.189171 -4.651684 -0.481115 0.407281 0.200165 0.750056
1678843222918 -0.807490 -0.186148 -4.668463 -0.484008 0.416175 0.231948 0.733985
1678843223011 -0.861134 -0.171892 -4.691765 -0.448549 0.428772 0.246510 0.744440
1678843223049 -0.910546 -0.164613 -4.709746 -0.438399 0.454746 0.238563 0.737631
1678843223089 -0.938190 -0.163265 -4.716380 -0.434400 0.461671 0.257175 0.729395
1678843223143 -0.993738 -0.163866 -4.716508 -0.420845 0.480270 0.304243 0.706871
1678843223192 -1.021257 -0.166921 -4.714190 -0.415287 0.491857 0.326273 0.692213
1678843223248 -1.077190 -0.177904 -4.707453 -0.408952 0.523226 0.367602 0.651046
1678843223312 -1.134220 -0.189798 -4.695132 -0.396184 0.563707 0.392856 0.609045
1678843223358 -1.163505 -0.198292 -4.689738 -0.398290 0.579809 0.394829 0.591013
1678843223405 -1.196447 -0.211574 -4.686983 -0.414864 0.592141 0.391237 0.569377
1678843223452 -1.264265 -0.236503 -4.674975 -0.427311 0.615989 0.401665 0.525955
1678843223508 -1.300266 -0.241941 -4.665912 -0.415845 0.629903 0.410450 0.511689
1678843223549 -1.382042 -0.252953 -4.652107 -0.388651 0.658045 0.436963 0.474331
1678843223603 -1.421269 -0.255627 -4.647232 -0.395034 0.672413 0.441078 0.444140
1678843223648 -1.482403 -0.244281 -4.639463 -0.396941 0.670088 0.453259 0.433562
1678843223694 -1.507496 -0.233803 -4.636663 -0.399283 0.670678 0.444190 0.439840
1678843223730 -1.530884 -0.221760 -4.628902 -0.397470 0.683511 0.433115 0.432714
1678843223809 -1.598078 -0.197286 -4.594532 -0.368203 0.704612 0.451265 0.405349
1678843223847 -1.617406 -0.191645 -4.583169 -0.357094 0.713363 0.449580 0.401838
1678843223875 -1.638710 -0.188529 -4.570236 -0.347049 0.721736 0.448490 0.396876
1678843223947 -1.681422 -0.191621 -4.537066 -0.328214 0.731988 0.459777 0.380887
1678843223991 -1.704057 -0.195979 -4.517406 -0.319346 0.734528 0.467160 0.374498
1678843224023 -1.723998 -0.205390 -4.494667 -0.312024 0.735620 0.475175 0.368393
1678843224103 -1.779372 -0.217071 -4.442692 -0.299291 0.736722 0.488549 0.359145
1678843224128 -1.803602 -0.219766 -4.415539 -0.297185 0.737862 0.488076 0.359197
1678843224216 -1.872716 -0.218364 -4.324278 -0.295850 0.742329 0.484667 0.355694
1678843224245 -1.886883 -0.227069 -4.292617 -0.292631 0.746499 0.481851 0.353448
1678843224280 -1.905872 -0.225509 -4.260071 -0.288474 0.748069 0.484675 0.349667
1678843224315 -1.916187 -0.230642 -4.230580 -0.289586 0.747834 0.493571 0.336560
1678843224370 -1.949415 -0.230287 -4.169535 -0.290395 0.750622 0.497495 0.323630
1678843224433 -1.963675 -0.231272 -4.137806 -0.289900 0.754404 0.498516 0.313550
1678843224480 -1.992571 -0.234099 -4.074182 -0.276487 0.760137 0.505177 0.300902
1678843224517 -2.005395 -0.237921 -4.044847 -0.274291 0.765335 0.505409 0.289116
1678843224576 -2.037893 -0.250514 -3.978143 -0.266765 0.772072 0.510440 0.268686
1678843224638 -2.054638 -0.254356 -3.944203 -0.262480 0.776601 0.512144 0.256328
1678843224659 -2.071775 -0.259862 -3.909238 -0.254936 0.779675 0.515835 0.247038
1678843224740 -2.105163 -0.266085 -3.841104 -0.239101 0.786870 0.519447 0.232036
1678843224781 -2.122175 -0.267620 -3.806118 -0.227790 0.788986 0.524424 0.224925
1678843224826 -2.149162 -0.266843 -3.738037 -0.211284 0.790866 0.544765 0.181994
1678843224878 -2.168545 -0.249773 -3.673321 -0.177248 0.799323 0.548863 0.168567
1678843224925 -2.175732 -0.242679 -3.639804 -0.162898 0.802899 0.551882 0.155705
1678843224983 -2.182770 -0.233084 -3.571305 -0.128599 0.810082 0.556994 0.130333
1678843225014 -2.183628 -0.229218 -3.538667 -0.114048 0.813730 0.558941 0.111447
1678843225055 -2.183183 -0.228636 -3.502948 -0.096096 0.817008 0.560420 0.095876
1678843225117 -2.182369 -0.229041 -3.425967 -0.064015 0.824609 0.558321 0.064804
1678843225180 -2.179602 -0.231106 -3.387320 -0.052515 0.828130 0.555900 0.049168
1678843225210 -2.174232 -0.236518 -3.303695 -0.031964 0.829226 0.557550 0.022388
1678843225278 -2.174134 -0.236464 -3.258752 -0.023883 0.830880 0.555411 0.024220
1678843225314 -2.166396 -0.237005 -3.178202 -0.027059 0.830980 0.555298 0.019613
1678843225404 -2.156105 -0.231986 -3.101457 -0.038119 0.822303 0.567693 0.009476
1678843225423 -2.149832 -0.224791 -3.065128 -0.033136 0.825945 0.562399 0.020588
1678843225470 -2.145768 -0.220868 -3.028614 -0.041700 0.823002 0.566318 0.014593
1678843225519 -2.136254 -0.212047 -2.959723 -0.050758 0.824617 0.563304 0.010902
1678843225576 -2.122833 -0.205915 -2.893250 -0.052012 0.828066 0.558178 0.006241
1678843225619 -2.117295 -0.206557 -2.858171 -0.048248 0.827992 0.558642 0.004535
1678843225670 -2.111739 -0.208543 -2.822703 -0.043855 0.827697 0.559458 0.000033
1678843225717 -2.099265 -0.209829 -2.748617 -0.040114 0.827108 0.560219 -0.020948
1678843225776 -2.090458 -0.212349 -2.722061 -0.037937 0.824774 0.563254 -0.032456
1678843225792 -2.081327 -0.214866 -2.685344 0.031549 -0.823370 -0.565156 0.040816
1678843225853 -2.059211 -0.217519 -2.611508 0.015861 -0.824734 -0.562263 0.058505
1678843225914 -2.045730 -0.218239 -2.583052 0.007711 -0.820119 -0.567194 0.075077
1678843225952 -2.017253 -0.208474 -2.515152 -0.018304 -0.814762 -0.571589 0.095464
1678843226010 -2.001194 -0.207011 -2.496225 -0.030661 -0.811754 -0.573610 0.105291
1678843226051 -1.967764 -0.201748 -2.434752 -0.052814 -0.804994 -0.575587 0.133774
1678843226116 -1.934299 -0.189090 -2.375442 -0.077218 -0.804217 -0.569824 0.150243
1678843226154 -1.916498 -0.188411 -2.346450 -0.089251 -0.802389 -0.568694 0.157460
1678843226215 -1.879114 -0.193263 -2.269958 -0.105858 -0.805876 -0.556171 0.173297
1678843226258 -1.858780 -0.196981 -2.237766 -0.111067 -0.806129 -0.551622 0.183119
1678843226308 -1.837421 -0.208242 -2.196390 -0.117117 -0.804725 -0.550144 0.189848
1678843226354 -1.796434 -0.215887 -2.131154 -0.120230 -0.803567 -0.550669 0.191283
1678843226409 -1.756263 -0.226120 -2.065299 -0.111245 -0.804977 -0.552719 0.184766
1678843226473 -1.736480 -0.227063 -2.030833 -0.105614 -0.800959 -0.559179 0.186089
1678843226491 -1.718404 -0.223067 -1.998339 -0.102205 -0.803607 -0.557885 0.180372
1678843226576 -1.688990 -0.220713 -1.947843 -0.090043 -0.808151 -0.557617 0.166877
1678843226625 -1.659256 -0.213755 -1.875713 -0.076504 -0.810007 -0.558779 0.160627
1678843226653 -1.646660 -0.210059 -1.846282 -0.070356 -0.812928 -0.556513 0.156500
1678843226690 -1.632803 -0.208900 -1.824344 -0.066827 -0.815331 -0.554235 0.153598
1678843226750 -1.605533 -0.212134 -1.761866 -0.061738 -0.819038 -0.550052 0.151023
1678843226792 -1.596286 -0.214530 -1.741172 -0.059904 -0.819701 -0.548964 0.152120
1678843226845 -1.567464 -0.223345 -1.676606 -0.056334 -0.819402 -0.548242 0.157600
1678843226900 -1.535065 -0.231443 -1.609294 -0.055595 -0.821455 -0.541652 0.169514
1678843226948 -1.518487 -0.234567 -1.577344 -0.056295 -0.819338 -0.541604 0.179392
1678843226990 -1.499803 -0.235698 -1.543628 -0.059553 -0.814839 -0.543449 0.192752
1678843227064 -1.465484 -0.229808 -1.484866 -0.073215 -0.811103 -0.542339 0.206445
1678843227108 -1.451165 -0.227740 -1.465353 -0.080892 -0.807514 -0.543202 0.215197
1678843227151 -1.415766 -0.222747 -1.411656 -0.101164 -0.802998 -0.542171 0.225856
1678843227218 -1.405035 -0.220516 -1.404850 -0.107285 -0.802964 -0.539318 0.229945
1678843227252 -1.372006 -0.218273 -1.355584 -0.118983 -0.802869 -0.535484 0.233455
1678843227295 -1.357854 -0.219501 -1.336133 -0.122749 -0.803363 -0.533559 0.234213
1678843227354 -1.320665 -0.226840 -1.284138 -0.127840 -0.803563 -0.531576 0.235307
1678843227410 -1.285209 -0.234612 -1.229323 -0.124499 -0.806236 -0.531308 0.228464
1678843227449 -1.266893 -0.238665 -1.202583 -0.119006 -0.807885 -0.531857 0.224246
1678843227500 -1.248937 -0.241644 -1.175954 -0.112106 -0.810722 -0.532434 0.216047
1678843227551 -1.210776 -0.246914 -1.124220 -0.093685 -0.811876 -0.538405 0.205430
1678843227593 -1.191495 -0.246071 -1.097274 -0.087096 -0.809842 -0.545186 0.198350
1678843227646 -1.162881 -0.241866 -1.049427 -0.073641 -0.813628 -0.550490 0.171893
1678843227742 -1.138247 -0.240233 -1.000886 -0.059468 -0.809415 -0.563556 0.153999
1678843227783 -1.122962 -0.234761 -0.957993 -0.045999 -0.811783 -0.566755 0.132971
1678843227814 -1.118411 -0.232396 -0.937395 -0.040143 -0.814314 -0.565816 0.123021
1678843227895 -1.109910 -0.231628 -0.893248 -0.030959 -0.816995 -0.566024 0.105718
1678843227910 -1.106872 -0.231517 -0.872360 -0.028298 -0.818241 -0.565693 0.098344
1678843227986 -1.103696 -0.235081 -0.828342 -0.025237 -0.819207 -0.566411 0.086263
1678843227999 -1.102444 -0.236282 -0.805157 -0.025921 -0.820016 -0.566082 0.080331
1678843228065 -1.102164 -0.237783 -0.780620 -0.026181 -0.819531 -0.567596 0.074286
1678843228113 -1.102068 -0.238753 -0.726434 -0.026313 -0.822619 -0.563754 0.069191
1678843228190 -1.103492 -0.237515 -0.665556 -0.031139 -0.827404 -0.557039 0.064346
1678843228213 -1.106729 -0.237440 -0.633826 -0.032122 -0.828527 -0.555203 0.065273
1678843228267 -1.107961 -0.236855 -0.600475 -0.031972 -0.830028 -0.552712 0.067382
1678843228314 -1.107240 -0.236001 -0.530701 -0.033046 -0.829775 -0.552495 0.071627
1678843228425 -1.103292 -0.230240 -0.444182 -0.049635 -0.832794 -0.546922 0.069756
1678843228445 -1.101428 -0.230071 -0.416673 -0.058035 -0.825880 -0.556399 0.070530
1678843228487 -1.098447 -0.227970 -0.388865 -0.063980 -0.823495 -0.558790 0.074264
1678843228550 -1.094041 -0.223744 -0.364049 -0.067126 -0.825752 -0.554102 0.081231
1678843228582 -1.083400 -0.215713 -0.307591 -0.075319 -0.826568 -0.551086 0.086118
1678843228634 -1.072027 -0.213243 -0.257358 -0.082288 -0.831252 -0.542674 0.088053
1678843228680 -1.066180 -0.215510 -0.230029 -0.084011 -0.832349 -0.540500 0.089424
1678843228746 -1.052945 -0.219282 -0.171777 -0.086086 -0.835179 -0.534927 0.094434
1678843228795 -1.044817 -0.223349 -0.140922 -0.087386 -0.837613 -0.530388 0.097251
1678843228818 -1.035945 -0.226761 -0.116170 -0.089322 -0.839757 -0.526200 0.099712
1678843228913 -0.996552 -0.238249 -0.033944 -0.099217 -0.847436 -0.509230 0.112667
1678843228941 -0.980323 -0.240829 -0.003991 -0.100703 -0.846100 -0.509125 0.121510
1678843228999 -0.964562 -0.247392 0.021485 -0.105887 -0.843278 -0.511136 0.128101
1678843229043 -0.929015 -0.255075 0.071930 -0.118914 -0.833812 -0.518718 0.146794
1678843229112 -0.887254 -0.259667 0.116341 -0.144651 -0.815507 -0.534705 0.167677
1678843229155 -0.866697 -0.259152 0.133721 -0.151950 -0.810752 -0.535579 0.180961
1678843229197 -0.842837 -0.255806 0.151050 -0.155538 -0.806614 -0.535458 0.196128
1678843229244 -0.820367 -0.253758 0.165726 -0.161579 -0.803889 -0.532599 0.209746
1678843229288 -0.772697 -0.249838 0.194302 -0.172458 -0.797291 -0.524227 0.244481
1678843229342 -0.719803 -0.249130 0.218486 -0.185838 -0.788418 -0.515076 0.280282
1678843229403 -0.699718 -0.245755 0.220882 -0.189878 -0.783875 -0.511488 0.296421
1678843229442 -0.647602 -0.248364 0.254080 -0.199911 -0.775215 -0.505099 0.322417
1678843229486 -0.622782 -0.250203 0.274085 -0.201390 -0.771681 -0.500030 0.337522
1678843229563 -0.569487 -0.253188 0.306970 -0.210070 -0.764048 -0.489219 0.364371
1678843229614 -0.518382 -0.252856 0.332838 -0.237504 -0.740490 -0.490416 0.393395
1678843229668 -0.492381 -0.247338 0.342845 -0.249126 -0.734608 -0.483945 0.405075
1678843229710 -0.432954 -0.239063 0.359963 -0.259650 -0.712642 -0.481216 0.439494
1678843229770 -0.402638 -0.236263 0.363614 -0.266120 -0.702010 -0.475736 0.458300
1678843229794 -0.371238 -0.230360 0.366362 -0.271554 -0.690372 -0.468112 0.480122
1678843229855 -0.309682 -0.228903 0.364487 -0.294912 -0.662520 -0.453614 0.518004
1678843229926 -0.242348 -0.234697 0.357879 -0.322712 -0.637892 -0.434779 0.547648
1678843229971 -0.177760 -0.240025 0.345987 -0.344344 -0.619212 -0.417289 0.569099
1678843230019 -0.142794 -0.242662 0.338271 -0.349665 -0.612729 -0.408605 0.579086
1678843230060 -0.111193 -0.242393 0.331064 -0.352774 -0.610748 -0.398939 0.585991
1678843230118 -0.048827 -0.247622 0.316576 -0.360747 -0.598232 -0.386756 0.601997
1678843230185 0.005235 -0.247371 0.299063 -0.372154 -0.590969 -0.369292 0.613090
1678843230206 0.032585 -0.246511 0.290511 -0.382351 -0.575983 -0.370527 0.620291
1678843230244 0.056847 -0.243559 0.280989 -0.391652 -0.564961 -0.366437 0.627018
1678843230312 0.103425 -0.238727 0.258678 -0.400347 -0.539113 -0.355292 0.650267
1678843230367 0.144391 -0.235873 0.230934 -0.409048 -0.512125 -0.335924 0.676434
1678843230413 0.160281 -0.235251 0.218223 -0.413790 -0.493922 -0.328592 0.690540
1678843230467 0.194910 -0.236507 0.186413 -0.424805 -0.453702 -0.306692 0.720857
1678843230524 0.208252 -0.236943 0.171861 -0.432790 -0.430887 -0.294709 0.734967
1678843230582 0.232526 -0.241281 0.138838 -0.448844 -0.380730 -0.264567 0.763930
1678843230618 0.245327 -0.242290 0.123109 -0.456006 -0.355430 -0.250374 0.776557
1678843230667 0.262206 -0.248919 0.089658 -0.478807 -0.286985 -0.222446 0.799313
1678843230712 0.261563 -0.244838 0.076981 -0.496335 -0.256218 -0.203570 0.804092
1678843230750 0.261856 -0.242123 0.064682 -0.508592 -0.229033 -0.182192 0.809743
1678843230809 0.257378 -0.241571 0.043280 -0.526734 -0.175991 -0.145620 0.818763
1678843230874 0.247952 -0.237617 0.023210 -0.529529 -0.126690 -0.119246 0.830258
1678843230904 0.243931 -0.237434 0.010766 -0.533191 -0.101161 -0.105841 0.833229
1678843230970 0.236663 -0.236395 0.000418 -0.535503 -0.076664 -0.093358 0.835849
1678843231002 0.230929 -0.234891 -0.011615 -0.537879 -0.051460 -0.082743 0.837372
1678843231040 0.209813 -0.237144 -0.035000 -0.544238 -0.002766 -0.055704 0.837075
1678843231114 0.184111 -0.236311 -0.059312 -0.545262 0.036863 -0.028948 0.836955
1678843231152 0.171040 -0.236660 -0.072675 -0.544711 0.056020 -0.017928 0.836558
1678843231210 0.144868 -0.238173 -0.104517 -0.544171 0.087768 0.002034 0.834368
1678843231264 0.131120 -0.238545 -0.121230 -0.542558 0.099555 0.009580 0.834043
1678843231315 0.107991 -0.240323 -0.157948 -0.537850 0.117440 0.023967 0.834477
1678843231383 0.077034 -0.240034 -0.201078 -0.532204 0.128694 0.034039 0.836085
1678843231422 0.058848 -0.241315 -0.224252 -0.528957 0.132669 0.035813 0.837449
1678843231474 0.030164 -0.240234 -0.274732 -0.524338 0.138860 0.034924 0.839385
1678843231524 0.015071 -0.237056 -0.300065 -0.525315 0.147322 0.030725 0.837494
1678843231580 -0.009871 -0.229626 -0.348352 -0.518400 0.150747 0.025476 0.841360
1678843231629 -0.032558 -0.227860 -0.396353 -0.522947 0.151851 0.027912 0.838266
1678843231686 -0.042325 -0.224630 -0.419354 -0.522722 0.150196 0.028630 0.838679
1678843231722 -0.053597 -0.221938 -0.442876 -0.520612 0.151252 0.026193 0.839881
1678843231812 -0.077320 -0.222452 -0.508650 -0.519838 0.152534 0.029823 0.840007
1678843231866 -0.090438 -0.230207 -0.554257 -0.524785 0.158384 0.037286 0.835538
1678843231900 -0.095762 -0.234243 -0.577084 -0.525566 0.161855 0.039239 0.834292
1678843231956 -0.100925 -0.238907 -0.600749 -0.524724 0.164245 0.040159 0.834312
1678843232000 -0.109508 -0.248036 -0.655148 -0.525352 0.171947 0.041750 0.832284
1678843232043 -0.114142 -0.253154 -0.682672 -0.526647 0.176047 0.042984 0.830544
1678843232089 -0.119690 -0.255931 -0.711135 -0.526971 0.180607 0.044317 0.829288
1678843232143 -0.128443 -0.263526 -0.771523 -0.534214 0.192697 0.053357 0.821362
1678843232215 -0.139299 -0.263630 -0.831833 -0.543072 0.204653 0.067095 0.811596
1678843232250 -0.143654 -0.260519 -0.859171 -0.543941 0.207658 0.073787 0.809668
1678843232303 -0.154330 -0.255351 -0.909672 -0.545983 0.215248 0.082945 0.805413
1678843232345 -0.161222 -0.253775 -0.933888 -0.548762 0.218327 0.088104 0.802141
1678843232400 -0.177936 -0.249705 -0.978878 -0.544048 0.226121 0.098979 0.801925
1678843232444 -0.187436 -0.249105 -1.000485 -0.542338 0.229214 0.106858 0.801194
1678843232493 -0.196161 -0.247927 -1.021078 -0.541358 0.232098 0.114575 0.799959
1678843232530 -0.219694 -0.249250 -1.064398 -0.536428 0.241685 0.123688 0.799083
1678843232609 -0.232870 -0.250697 -1.086203 -0.533946 0.244625 0.128140 0.799150
1678843232641 -0.260620 -0.254727 -1.131661 -0.529457 0.248639 0.131397 0.800368
1678843232704 -0.292243 -0.259306 -1.179440 -0.523807 0.250220 0.133339 0.803267
1678843232748 -0.309246 -0.260049 -1.203322 -0.521896 0.249796 0.133884 0.804550
1678843232810 -0.344003 -0.260977 -1.251342 -0.521146 0.244196 0.137310 0.806177
1678843232854 -0.362087 -0.261280 -1.276044 -0.524599 0.244288 0.137348 0.803900
1678843232905 -0.397398 -0.257482 -1.319748 -0.526045 0.236800 0.133835 0.805786
1678843232987 -0.413511 -0.255205 -1.341427 -0.525544 0.236676 0.128601 0.807000
1678843232998 -0.444382 -0.252363 -1.382033 -0.531333 0.238316 0.120538 0.803966
1678843233050 -0.460213 -0.250690 -1.401486 -0.532972 0.240107 0.117273 0.802830
1678843233084 -0.475998 -0.248616 -1.419024 -0.533230 0.240367 0.116260 0.802729
1678843233127 -0.491796 -0.248686 -1.437848 -0.532415 0.241556 0.115302 0.803051
1678843233185 -0.521906 -0.251040 -1.474083 -0.534474 0.245733 0.115154 0.800433
1678843233240 -0.553671 -0.256992 -1.513536 -0.538760 0.251068 0.115883 0.795785
1678843233285 -0.569847 -0.260738 -1.533417 -0.540025 0.253373 0.115185 0.794297
