# Created at Tue Mar 14 18:19:40 MST 2023
1678843181345 -0.284361 -0.042207 -0.204038 0.581191 -0.119027 0.037433 -0.804144
1678843181372 -0.280064 -0.045592 -0.217697 0.584693 -0.116579 0.039197 -0.801877
1678843181405 -0.274864 -0.049622 -0.232721 0.587372 -0.114901 0.042813 -0.799975
1678843181449 -0.269376 -0.053987 -0.247986 0.590809 -0.112448 0.047802 -0.797505
1678843181479 -0.262366 -0.058106 -0.265665 0.595190 -0.107335 0.051844 -0.794695
1678843181532 -0.255111 -0.061000 -0.284903 0.597048 -0.102636 0.053619 -0.793804
1678843181593 -0.240478 -0.064805 -0.326975 0.596099 -0.093988 0.054136 -0.795551
1678843181635 -0.231874 -0.066152 -0.351819 0.595830 -0.092923 0.055310 -0.795797
1678843181685 -0.212384 -0.066963 -0.404067 0.594352 -0.090342 0.054559 -0.797249
1678843181729 -0.202440 -0.066432 -0.432389 0.595563 -0.090414 0.052873 -0.796452
1678843181788 -0.183017 -0.064137 -0.492817 0.606655 -0.096179 0.043412 -0.787930
1678843181840 -0.172274 -0.060520 -0.522146 0.611966 -0.096253 0.038776 -0.784047
1678843181880 -0.148684 -0.049465 -0.578665 0.603738 -0.079279 0.032980 -0.792545
1678843181927 -0.137653 -0.045804 -0.606734 0.598351 -0.073495 0.033908 -0.797135
1678843181964 -0.127731 -0.044253 -0.631805 0.598338 -0.070560 0.034034 -0.797405
1678843182025 -0.112269 -0.044662 -0.689651 0.603175 -0.071736 0.032754 -0.793701
1678843182070 -0.107134 -0.046001 -0.718304 0.605619 -0.071600 0.025283 -0.792123
1678843182112 -0.095872 -0.045964 -0.776321 0.599314 -0.061997 0.011642 -0.798024
1678843182182 -0.091734 -0.049424 -0.803768 0.597387 -0.063666 0.009232 -0.799369
1678843182213 -0.083510 -0.058882 -0.869039 0.595844 -0.063789 0.005048 -0.800547
1678843182268 -0.081420 -0.062879 -0.905130 0.592593 -0.067199 0.007530 -0.802659
1678843182302 -0.078799 -0.068474 -0.940453 0.589215 -0.070608 0.011114 -0.804809
1678843182361 -0.076179 -0.078450 -1.011009 0.594712 -0.067092 0.021373 -0.800849
1678843182415 -0.070841 -0.082533 -1.083379 0.604007 -0.056460 0.040695 -0.793934
1678843182464 -0.068371 -0.081615 -1.119432 0.607891 -0.054949 0.052148 -0.790398
1678843182503 -0.065477 -0.076441 -1.153389 0.606383 -0.038747 0.056143 -0.792241
1678843182567 -0.065117 -0.073151 -1.180902 0.601980 -0.026108 0.065415 -0.795399
1678843182608 -0.057582 -0.068667 -1.249257 0.599401 -0.031903 0.099458 -0.793605
1678843182657 -0.052631 -0.058905 -1.315616 0.582314 -0.021646 0.108712 -0.805372
1678843182718 -0.049935 -0.059180 -1.383665 0.574148 -0.017816 0.116055 -0.810289
1678843182760 -0.050342 -0.062326 -1.423354 0.572164 -0.020987 0.117531 -0.811403
1678843182803 -0.048800 -0.066426 -1.461621 0.570454 -0.027025 0.117873 -0.812378
1678843182860 -0.045173 -0.075519 -1.539197 0.569332 -0.040406 0.113518 -0.813229
1678843182913 -0.042343 -0.080860 -1.578312 0.568826 -0.048623 0.115093 -0.812912
1678843182974 -0.033390 -0.086083 -1.653237 0.576819 -0.058586 0.105089 -0.807963
1678843183010 -0.026452 -0.084431 -1.726668 0.593374 -0.061188 0.072071 -0.799356
1678843183090 -0.014947 -0.077156 -1.786787 0.603460 -0.058510 0.047865 -0.793802
1678843183107 -0.009511 -0.074397 -1.819026 0.596269 -0.068740 0.051027 -0.798207
1678843183151 -0.005087 -0.075285 -1.851254 0.595741 -0.083537 0.057889 -0.796720
1678843183215 0.001574 -0.073645 -1.885355 0.601535 -0.107784 0.062496 -0.789070
1678843183261 0.001356 -0.075400 -1.948625 0.605611 -0.137464 0.050481 -0.782170
1678843183325 -0.001175 -0.078257 -2.017245 0.599916 -0.145970 0.026237 -0.786197
1678843183373 -0.002547 -0.082147 -2.053140 0.603050 -0.144343 0.013746 -0.784415
1678843183415 -0.006676 -0.092676 -2.132272 0.605250 -0.151190 0.004230 -0.781535
1678843183463 -0.008762 -0.088357 -2.159660 0.601830 -0.153282 0.004094 -0.783766
1678843183522 -0.007479 -0.080360 -2.236037 0.590549 -0.121306 -0.006853 -0.797803
1678843183568 -0.005481 -0.076475 -2.274720 0.585292 -0.105132 -0.007892 -0.803939
1678843183603 -0.005269 -0.068252 -2.316014 0.582489 -0.101570 0.001451 -0.806466
1678843183665 -0.007927 -0.043974 -2.391046 0.565308 -0.062007 0.005969 -0.822524
1678843183728 -0.011702 -0.028528 -2.470286 0.557662 -0.054990 0.027169 -0.827799
1678843183763 -0.011588 -0.022860 -2.509902 0.557508 -0.047199 0.030778 -0.828257
1678843183813 -0.019531 -0.016614 -2.584113 0.557613 -0.031704 0.030830 -0.828922
1678843183860 -0.024079 -0.018836 -2.621002 0.558129 -0.032122 0.035815 -0.828359
1678843183911 -0.028793 -0.024112 -2.659190 0.559937 -0.032919 0.037204 -0.827045
1678843183958 -0.039479 -0.041223 -2.738274 0.562754 -0.054851 0.038596 -0.823899
1678843184016 -0.052747 -0.053675 -2.808901 0.566532 -0.081583 0.040144 -0.819008
1678843184060 -0.055544 -0.057444 -2.834816 0.571635 -0.094278 0.033555 -0.814383
1678843184109 -0.064983 -0.061883 -2.908825 0.581506 -0.105718 0.017693 -0.806450
1678843184164 -0.070733 -0.060760 -2.945172 0.584427 -0.121891 0.011968 -0.802150
1678843184217 -0.086551 -0.051982 -3.008132 0.595043 -0.121828 -0.017876 -0.794205
1678843184268 -0.096795 -0.050189 -3.039664 0.594076 -0.123494 -0.022950 -0.794542
1678843184317 -0.119724 -0.043073 -3.103412 0.584723 -0.153075 -0.038236 -0.795742
1678843184376 -0.150690 -0.036591 -3.167814 0.562438 -0.207542 -0.053299 -0.798592
1678843184438 -0.169188 -0.036094 -3.199828 0.553037 -0.230988 -0.062685 -0.798038
1678843184464 -0.188706 -0.037732 -3.231781 0.554116 -0.238698 -0.077535 -0.793705
1678843184526 -0.229782 -0.043155 -3.298252 0.562422 -0.239366 -0.101794 -0.784872
1678843184602 -0.268885 -0.050448 -3.362842 0.574838 -0.219625 -0.116851 -0.779533
1678843184626 -0.288896 -0.052779 -3.395287 0.578267 -0.207929 -0.122148 -0.779392
1678843184684 -0.311029 -0.050440 -3.428748 0.583622 -0.200191 -0.126312 -0.776759
1678843184714 -0.356054 -0.041553 -3.492817 0.583654 -0.202528 -0.129908 -0.775535
1678843184769 -0.377832 -0.035814 -3.512685 0.578640 -0.193141 -0.132107 -0.781294
1678843184825 -0.422620 -0.029435 -3.572961 0.580231 -0.201934 -0.118866 -0.780017
1678843184879 -0.471290 -0.033119 -3.621171 0.575199 -0.211403 -0.118482 -0.781292
1678843184935 -0.497388 -0.032351 -3.647684 0.573118 -0.217666 -0.119920 -0.780882
1678843184974 -0.526383 -0.033179 -3.675414 0.573650 -0.227053 -0.121639 -0.777545
1678843185035 -0.581865 -0.039552 -3.726429 0.568748 -0.248778 -0.123437 -0.774209
1678843185066 -0.609483 -0.041589 -3.748247 0.566124 -0.260619 -0.123233 -0.772267
1678843185125 -0.668777 -0.054791 -3.796733 0.564798 -0.281136 -0.133089 -0.764364
1678843185186 -0.728377 -0.066136 -3.842450 0.572889 -0.299625 -0.154254 -0.747147
1678843185218 -0.758640 -0.068138 -3.866380 0.577149 -0.311642 -0.166725 -0.736194
1678843185257 -0.787155 -0.068844 -3.886563 0.576876 -0.336395 -0.172284 -0.724134
1678843185322 -0.814475 -0.060068 -3.907964 0.570102 -0.350020 -0.177593 -0.721755
1678843185365 -0.857609 -0.048556 -3.936609 0.550772 -0.348045 -0.185197 -0.735674
1678843185430 -0.913218 -0.039071 -3.970748 0.543367 -0.368190 -0.194073 -0.729057
1678843185467 -0.949977 -0.035843 -3.992910 0.537676 -0.374398 -0.209375 -0.725873
1678843185527 -1.016506 -0.039247 -4.020342 0.523667 -0.394854 -0.233280 -0.717944
1678843185579 -1.078937 -0.052157 -4.034626 0.512660 -0.414549 -0.253051 -0.708021
1678843185644 -1.116038 -0.061565 -4.046744 0.511921 -0.424214 -0.262240 -0.699435
1678843185661 -1.150848 -0.070524 -4.055638 0.513058 -0.429660 -0.272532 -0.691296
1678843185727 -1.223962 -0.083945 -4.081090 0.519781 -0.431585 -0.280091 -0.681990
1678843185779 -1.263407 -0.084857 -4.094890 0.522995 -0.434772 -0.275779 -0.679260
1678843185824 -1.340463 -0.080785 -4.119184 0.530930 -0.441970 -0.274931 -0.668722
1678843185882 -1.403565 -0.071225 -4.129273 0.524891 -0.434946 -0.279288 -0.676246
1678843185927 -1.438390 -0.066473 -4.140982 0.524522 -0.434785 -0.271805 -0.679677
1678843185968 -1.464242 -0.064429 -4.142253 0.530461 -0.440106 -0.263565 -0.674872
1678843186029 -1.530262 -0.063098 -4.168089 0.533982 -0.432288 -0.256213 -0.679960
1678843186072 -1.563109 -0.064050 -4.181907 0.534001 -0.436960 -0.248472 -0.679831
1678843186113 -1.564575 -0.067312 -4.168507 0.531844 -0.448754 -0.239695 -0.676985
1678843186167 -1.629714 -0.071223 -4.196171 0.523548 -0.461503 -0.245614 -0.672745
1678843186223 -1.654765 -0.070308 -4.201447 0.519264 -0.471067 -0.249897 -0.667841
1678843186268 -1.719113 -0.076372 -4.228614 0.509881 -0.486394 -0.259289 -0.660463
1678843186318 -1.784501 -0.080735 -4.253608 0.498941 -0.494627 -0.278582 -0.654823
1678843186375 -1.817713 -0.082531 -4.265047 0.497994 -0.500015 -0.292717 -0.645216
1678843186395 -1.851373 -0.082554 -4.274375 0.495081 -0.512468 -0.308255 -0.630278
1678843186459 -1.910235 -0.081136 -4.282527 0.476272 -0.516222 -0.350085 -0.619775
1678843186515 -1.939226 -0.079996 -4.286567 0.472269 -0.523859 -0.360322 -0.610494
1678843186547 -1.996047 -0.081715 -4.287652 0.462495 -0.543718 -0.371777 -0.593507
1678843186610 -2.024147 -0.083657 -4.285112 0.455965 -0.555383 -0.377375 -0.584152
1678843186651 -2.063282 -0.097036 -4.267281 0.439740 -0.579662 -0.394081 -0.561534
1678843186701 -2.098221 -0.103486 -4.261001 0.431733 -0.587651 -0.407340 -0.549861
1678843186736 -2.129965 -0.111046 -4.252090 0.424758 -0.593807 -0.421146 -0.538155
1678843186785 -2.193777 -0.123844 -4.234037 0.412898 -0.600641 -0.439899 -0.524627
1678843186864 -2.254972 -0.127643 -4.209315 0.409150 -0.610681 -0.432829 -0.521847
1678843186908 -2.290085 -0.128470 -4.196263 0.410029 -0.622957 -0.423804 -0.513995
1678843186935 -2.323592 -0.128362 -4.178788 0.408096 -0.631091 -0.431204 -0.499244
1678843186989 -2.386846 -0.121359 -4.139363 0.387614 -0.629907 -0.465162 -0.486412
1678843187029 -2.415833 -0.119047 -4.121666 0.385079 -0.639243 -0.462000 -0.479206
1678843187089 -2.474085 -0.112390 -4.084255 0.388820 -0.665544 -0.452709 -0.448246
1678843187133 -2.500554 -0.105432 -4.064228 0.376724 -0.671599 -0.456918 -0.445263
1678843187189 -2.526698 -0.099961 -4.044342 0.366734 -0.679223 -0.457931 -0.440977
1678843187227 -2.579524 -0.098252 -4.003365 0.354940 -0.698155 -0.461013 -0.417211
1678843187291 -2.630558 -0.102039 -3.961158 0.340305 -0.711564 -0.473916 -0.391502
1678843187323 -2.655434 -0.103422 -3.939152 0.329948 -0.719097 -0.478751 -0.380567
1678843187363 -2.678809 -0.105591 -3.917123 0.320143 -0.725300 -0.485325 -0.368657
1678843187427 -2.721906 -0.110171 -3.871073 0.302660 -0.739663 -0.497447 -0.337403
1678843187489 -2.762245 -0.116044 -3.821707 0.283266 -0.749013 -0.518224 -0.300304
1678843187537 -2.781149 -0.114204 -3.794888 0.280965 -0.756148 -0.529985 -0.261562
1678843187587 -2.797635 -0.110994 -3.769415 0.263899 -0.759511 -0.541976 -0.244466
1678843187623 -2.823365 -0.100477 -3.726183 0.229951 -0.762726 -0.556616 -0.235693
1678843187688 -2.846562 -0.098086 -3.680205 0.208467 -0.775329 -0.559718 -0.205240
1678843187723 -2.856855 -0.097852 -3.654761 0.190512 -0.778175 -0.566633 -0.192552
1678843187779 -2.866508 -0.099563 -3.628662 0.174838 -0.780495 -0.573611 -0.176722
1678843187822 -2.889057 -0.109062 -3.573184 0.146745 -0.784356 -0.582621 -0.154290
1678843187858 -2.898163 -0.113488 -3.545816 0.137305 -0.786084 -0.585407 -0.143239
1678843187917 -2.920227 -0.122580 -3.485953 0.125233 -0.786872 -0.590495 -0.128320
1678843187986 -2.938003 -0.126634 -3.425732 0.121267 -0.790417 -0.588434 -0.119499
1678843188018 -2.944105 -0.132620 -3.393219 0.117236 -0.789619 -0.592582 -0.107719
1678843188066 -2.950713 -0.130302 -3.359347 0.115633 -0.790751 -0.594030 -0.092029
1678843188122 -2.952170 -0.112862 -3.291948 0.098942 -0.802700 -0.581408 -0.088589
1678843188170 -2.957243 -0.107273 -3.257837 0.099281 -0.806559 -0.577523 -0.077929
1678843188235 -2.962209 -0.098779 -3.191279 0.098421 -0.816281 -0.567265 -0.046994
1678843188268 -2.962312 -0.091272 -3.156565 0.092461 -0.821343 -0.562070 -0.030372
1678843188320 -2.957285 -0.078095 -3.090197 0.082974 -0.832388 -0.547916 0.005719
1678843188359 -2.955256 -0.074248 -3.055664 0.078092 -0.835951 -0.542646 0.024955
1678843188413 -2.945409 -0.072221 -2.993998 0.063540 -0.839392 -0.536594 0.058734
1678843188459 -2.942565 -0.072697 -2.960881 -0.052152 0.840088 0.535736 -0.067231
1678843188509 -2.942595 -0.073266 -2.922140 -0.042415 0.840575 0.534041 -0.080216
1678843188562 -2.936764 -0.078744 -2.856522 -0.024183 0.836235 0.537183 -0.107522
1678843188618 -2.930244 -0.081793 -2.792341 -0.001800 0.823709 0.551197 -0.132970
1678843188666 -2.926436 -0.081884 -2.761241 0.008451 0.815634 0.559519 -0.146998
1678843188698 -2.923791 -0.075907 -2.729317 0.020311 0.814247 0.559608 -0.153059
1678843188782 -2.914768 -0.070175 -2.673201 0.037700 0.809597 0.562111 -0.164813
1678843188804 -2.905285 -0.071065 -2.657828 0.045299 0.805255 0.565330 -0.172957
1678843188855 -2.889718 -0.072602 -2.603569 0.063242 0.802741 0.563240 -0.185385
1678843188923 -2.873824 -0.076987 -2.599320 0.072944 0.800372 0.562810 -0.193205
1678843188961 -2.849592 -0.086473 -2.543787 0.094029 0.796567 0.560658 -0.205675
1678843189015 -2.834095 -0.089512 -2.511482 0.103475 0.793524 0.560351 -0.213585
1678843189053 -2.802011 -0.099723 -2.453386 0.118184 0.788955 0.560104 -0.223306
1678843189119 -2.764161 -0.105810 -2.403025 0.122757 0.786062 0.560909 -0.228953
1678843189156 -2.743624 -0.106063 -2.373606 0.124691 0.780066 0.565309 -0.237434
1678843189209 -2.699904 -0.103275 -2.324139 0.126344 0.776808 0.565497 -0.246616
1678843189277 -2.679278 -0.098911 -2.298218 0.128813 0.778986 0.563319 -0.243431
1678843189307 -2.658625 -0.097104 -2.271171 0.122710 0.775757 0.566309 -0.249876
1678843189375 -2.615988 -0.092006 -2.219907 0.110444 0.773762 0.564620 -0.265139
1678843189407 -2.595308 -0.089003 -2.204494 0.110441 0.774925 0.560975 -0.269447
1678843189451 -2.573790 -0.087165 -2.180888 0.111144 0.775113 0.558322 -0.274085
1678843189516 -2.507128 -0.094968 -2.112107 0.114982 0.770440 0.554939 -0.291965
1678843189552 -2.483144 -0.100141 -2.088129 0.118973 0.766370 0.555274 -0.300320
1678843189596 -2.458585 -0.105066 -2.064535 0.124060 0.763446 0.553584 -0.308713
1678843189674 -2.403662 -0.112080 -2.011229 0.140053 0.754709 0.549855 -0.329332
1678843189711 -2.375678 -0.116243 -1.988120 0.151756 0.748613 0.549729 -0.338153
1678843189748 -2.348468 -0.119024 -1.966942 0.163473 0.737008 0.553052 -0.352463
1678843189819 -2.271939 -0.109137 -1.914026 0.203182 0.721339 0.546166 -0.374285
1678843189886 -2.218585 -0.104278 -1.882373 0.211613 0.709588 0.543019 -0.396024
1678843189922 -2.193033 -0.104079 -1.869844 0.221383 0.704204 0.541505 -0.402316
1678843189953 -2.164823 -0.103569 -1.855099 0.227957 0.703049 0.535584 -0.408542
1678843190024 -2.109813 -0.107977 -1.831049 0.237096 0.696266 0.530343 -0.421586
1678843190094 -2.054025 -0.115004 -1.795530 0.239385 0.697310 0.527119 -0.422609
1678843190120 -2.025721 -0.118650 -1.774955 0.233911 0.701312 0.526690 -0.419578
1678843190154 -1.999940 -0.120348 -1.754048 0.226013 0.712133 0.524306 -0.408519
1678843190215 -1.946425 -0.122720 -1.706889 0.208356 0.719170 0.534822 -0.391597
1678843190282 -1.898316 -0.112477 -1.662811 0.189951 0.729714 0.539966 -0.373995
1678843190322 -1.870040 -0.105600 -1.628911 0.176366 0.733686 0.542729 -0.368842
1678843190360 -1.847121 -0.098864 -1.606114 0.167157 0.735796 0.545836 -0.364314
1678843190421 -1.805865 -0.088688 -1.561218 0.146722 0.746633 0.544389 -0.353062
1678843190470 -1.785832 -0.088485 -1.535631 0.135866 0.749946 0.546002 -0.347856
1678843190524 -1.746521 -0.095491 -1.478777 0.126483 0.754899 0.550525 -0.333245
1678843190557 -1.728747 -0.101031 -1.448383 0.121583 0.756441 0.552926 -0.327549
1678843190612 -1.696999 -0.110511 -1.384013 0.109736 0.764770 0.551225 -0.315017
1678843190668 -1.676117 -0.111866 -1.341765 0.103923 0.769434 0.549826 -0.307996
1678843190700 -1.646208 -0.113730 -1.291019 0.100916 0.772235 0.549420 -0.302666
1678843190758 -1.616603 -0.114446 -1.219409 0.097019 0.782836 0.543436 -0.287111
1678843190813 -1.579691 -0.114689 -1.137158 0.101233 0.776866 0.554305 -0.281029
1678843190862 -1.565690 -0.109992 -1.101183 0.105068 0.781229 0.552623 -0.270645
1678843190900 -1.549160 -0.106404 -1.061214 0.099937 0.785468 0.550384 -0.264822
1678843190964 -1.525017 -0.094503 -0.992879 0.091225 0.789779 0.547821 -0.260422
1678843191018 -1.498656 -0.083566 -0.928567 0.087142 0.796597 0.538189 -0.261136
1678843191066 -1.483976 -0.080846 -0.895974 0.092447 0.795371 0.538558 -0.262284
1678843191119 -1.450042 -0.079372 -0.826599 0.097738 0.798850 0.531806 -0.263569
1678843191170 -1.434137 -0.081356 -0.793064 0.095137 0.800874 0.527136 -0.267725
1678843191210 -1.397046 -0.082851 -0.720298 0.100680 0.806125 0.513816 -0.275718
1678843191289 -1.352188 -0.091879 -0.647217 0.120020 0.803465 0.509594 -0.283468
1678843191319 -1.328292 -0.096761 -0.610941 0.128839 0.800952 0.509448 -0.286948
1678843191400 -1.282102 -0.103514 -0.541795 0.143480 0.800182 0.511781 -0.277854
1678843191419 -1.257094 -0.104156 -0.507963 0.142583 0.788722 0.521643 -0.292363
1678843191469 -1.232863 -0.098440 -0.478932 0.149656 0.791160 0.516146 -0.291996
1678843191526 -1.189794 -0.096324 -0.432146 0.150000 0.783040 0.518076 -0.309751
1678843191566 -1.165245 -0.093664 -0.409546 0.157911 0.775437 0.521526 -0.319018
1678843191619 -1.114516 -0.091877 -0.367123 0.165057 0.770051 0.514790 -0.338774
1678843191682 -1.065855 -0.090528 -0.335015 0.182380 0.757599 0.513175 -0.359768
1678843191720 -1.043183 -0.094680 -0.318305 0.188075 0.748386 0.512613 -0.376528
1678843191755 -1.019696 -0.094295 -0.303952 0.194341 0.739437 0.509446 -0.394878
1678843191818 -0.968175 -0.091142 -0.266348 0.215265 0.725332 0.493902 -0.428504
1678843191887 -0.921096 -0.092189 -0.240978 0.230686 0.706579 0.477026 -0.469016
1678843191918 -0.902090 -0.091409 -0.232850 0.237948 0.694584 0.469598 -0.490317
1678843191965 -0.875997 -0.094890 -0.220226 0.249474 0.679293 0.464059 -0.510856
1678843192012 -0.831107 -0.095912 -0.210298 0.288627 0.652401 0.445980 -0.540527
1678843192072 -0.806060 -0.096358 -0.197907 0.302055 0.635240 0.440630 -0.557743
1678843192111 -0.762054 -0.085597 -0.177983 0.330845 0.628064 0.416628 -0.567889
1678843192214 -0.743445 -0.084414 -0.167701 0.336838 0.620333 0.412046 -0.576147
1678843192228 -0.714010 -0.081301 -0.157110 0.362341 0.597228 0.403878 -0.590687
1678843192288 -0.689777 -0.080187 -0.153328 0.366624 0.580481 0.393457 -0.611409
1678843192325 -0.675188 -0.082161 -0.152317 0.371093 0.571694 0.389168 -0.619680
1678843192369 -0.659637 -0.085364 -0.152987 0.380586 0.563541 0.384315 -0.624402
1678843192425 -0.621703 -0.094182 -0.155079 0.396087 0.538869 0.386512 -0.635093
1678843192463 -0.603604 -0.097799 -0.156822 0.399158 0.532623 0.384887 -0.639412
1678843192528 -0.561896 -0.106707 -0.161902 0.403454 0.522365 0.380898 -0.647516
1678843192609 -0.511854 -0.117502 -0.170967 0.417697 0.510444 0.374866 -0.651499
1678843192620 -0.485997 -0.121352 -0.176837 0.423714 0.506821 0.371807 -0.652195
1678843192663 -0.459762 -0.123116 -0.182119 0.427357 0.508414 0.365712 -0.652024
1678843192723 -0.406752 -0.125665 -0.197505 0.421384 0.488979 0.368338 -0.669076
1678843192777 -0.359665 -0.116559 -0.214640 0.416859 0.489184 0.356704 -0.678005
1678843192818 -0.337693 -0.115211 -0.226921 0.421702 0.479419 0.359267 -0.680626
1678843192867 -0.316015 -0.110812 -0.238364 0.426544 0.472695 0.356178 -0.683927
1678843192910 -0.274547 -0.101082 -0.265141 0.439683 0.461937 0.341819 -0.690256
1678843192989 -0.237025 -0.095649 -0.294091 0.445624 0.444692 0.329958 -0.703417
1678843193020 -0.218504 -0.094827 -0.309013 0.448477 0.432379 0.325323 -0.711394
1678843193055 -0.199329 -0.095807 -0.325954 0.453042 0.417868 0.320098 -0.719498
1678843193111 -0.176748 -0.097830 -0.343882 0.457839 0.406493 0.309848 -0.727421
1678843193170 -0.122427 -0.106107 -0.401347 0.474228 0.361581 0.278754 -0.752770
1678843193212 -0.105673 -0.108919 -0.420432 0.481811 0.345687 0.265840 -0.760058
1678843193257 -0.089335 -0.112953 -0.441657 0.494586 0.327739 0.252808 -0.764238
1678843193330 -0.058640 -0.119568 -0.485572 0.543664 0.289030 0.217975 -0.757217
1678843193360 -0.047183 -0.119915 -0.507515 0.560675 0.276206 0.196708 -0.755420
1678843193409 -0.037593 -0.121775 -0.529200 0.571186 0.259360 0.180827 -0.757483
1678843193456 -0.022775 -0.125089 -0.574225 0.593192 0.224384 0.152356 -0.757999
1678843193560 -0.014043 -0.129047 -0.621856 0.606382 0.185666 0.120302 -0.763778
1678843193576 -0.013460 -0.131116 -0.646029 0.609750 0.170271 0.104990 -0.766936
1678843193626 -0.016845 -0.138637 -0.697411 0.611013 0.134802 0.080174 -0.775927
1678843193704 -0.016674 -0.143350 -0.725318 0.610530 0.118632 0.068146 -0.780087
1678843193721 -0.023348 -0.153884 -0.784880 0.616157 0.089346 0.043480 -0.781331
1678843193796 -0.034688 -0.160963 -0.846400 0.615882 0.065978 0.028326 -0.784559
1678843193821 -0.040265 -0.162447 -0.876851 0.610820 0.051920 0.029903 -0.789500
1678843193863 -0.046557 -0.163227 -0.907713 0.610466 0.037258 0.030004 -0.790597
1678843193916 -0.062949 -0.160330 -0.968025 0.619276 0.018449 0.016475 -0.784784
1678843193973 -0.069991 -0.156142 -0.995846 0.614954 0.013433 0.013699 -0.788330
1678843194018 -0.081755 -0.152303 -1.052076 0.616883 -0.011577 0.020665 -0.786698
1678843194071 -0.088841 -0.147826 -1.078082 0.613843 -0.019237 0.016674 -0.789017
1678843194119 -0.102405 -0.139068 -1.128456 0.603804 -0.034576 0.013514 -0.796268
1678843194164 -0.110305 -0.139317 -1.155443 0.603411 -0.046730 0.010168 -0.795995
1678843194205 -0.118670 -0.141428 -1.184529 0.603910 -0.056903 0.002707 -0.795014
1678843194274 -0.134349 -0.146286 -1.242583 0.602262 -0.082954 -0.005590 -0.793957
1678843194316 -0.147222 -0.156120 -1.305432 0.598866 -0.104697 -0.014248 -0.793848
1678843194387 -0.153749 -0.159900 -1.337414 0.598583 -0.118409 -0.015774 -0.792104
1678843194422 -0.167299 -0.162964 -1.400184 0.599509 -0.141456 -0.030970 -0.787160
1678843194488 -0.181972 -0.161338 -1.462225 0.606961 -0.174976 -0.052870 -0.773425
1678843194547 -0.193868 -0.150790 -1.521345 0.604277 -0.193862 -0.073596 -0.769319
1678843194592 -0.198313 -0.143078 -1.547247 0.600062 -0.200684 -0.079105 -0.770321
1678843194638 -0.204034 -0.139697 -1.575559 0.599607 -0.209321 -0.084806 -0.767766
1678843194684 -0.216836 -0.135951 -1.631515 0.599903 -0.223615 -0.102324 -0.761343
1678843194728 -0.223973 -0.134164 -1.662433 0.596896 -0.229365 -0.108912 -0.761081
1678843194791 -0.237733 -0.134140 -1.719591 0.588063 -0.239733 -0.116336 -0.763659
1678843194833 -0.245864 -0.137946 -1.752964 0.585180 -0.242509 -0.121122 -0.764254
1678843194878 -0.254484 -0.141023 -1.783907 0.582097 -0.245805 -0.124287 -0.765046
1678843194934 -0.272041 -0.148413 -1.849069 0.580018 -0.248175 -0.129012 -0.765078
1678843194984 -0.292727 -0.154398 -1.914667 0.582651 -0.244190 -0.137654 -0.762850
1678843195045 -0.303963 -0.157366 -1.945736 0.582544 -0.240738 -0.137302 -0.764091
1678843195073 -0.315520 -0.157912 -1.980206 0.585417 -0.239789 -0.140346 -0.761637
1678843195119 -0.337270 -0.155690 -2.049084 0.590935 -0.228064 -0.151891 -0.758757
1678843195180 -0.352820 -0.154566 -2.117761 0.601672 -0.225808 -0.139091 -0.753429
1678843195238 -0.359765 -0.149974 -2.150373 0.598980 -0.219086 -0.136700 -0.757982
1678843195274 -0.366909 -0.146623 -2.182431 0.596566 -0.214633 -0.132263 -0.761937
1678843195330 -0.383523 -0.144023 -2.246077 0.587877 -0.213710 -0.129505 -0.769387
1678843195388 -0.404323 -0.145780 -2.311178 0.583383 -0.220796 -0.136253 -0.769642
1678843195423 -0.414753 -0.148059 -2.344343 0.579928 -0.224066 -0.141189 -0.770418
1678843195471 -0.425626 -0.150518 -2.377601 0.576934 -0.226655 -0.149048 -0.770428
1678843195534 -0.450605 -0.154456 -2.443997 0.571848 -0.236544 -0.166207 -0.767732
1678843195589 -0.474053 -0.158230 -2.507056 0.569813 -0.249276 -0.180981 -0.761853
1678843195623 -0.488797 -0.159147 -2.540000 0.578927 -0.261105 -0.196032 -0.747154
1678843195662 -0.501504 -0.155711 -2.568395 0.578410 -0.262085 -0.211994 -0.742840
1678843195720 -0.521856 -0.146644 -2.614813 0.565383 -0.268001 -0.206167 -0.752338
1678843195781 -0.550688 -0.142005 -2.664563 0.561789 -0.275765 -0.213068 -0.750299
1678843195828 -0.567333 -0.139189 -2.689668 0.557745 -0.281982 -0.220714 -0.748794
1678843195885 -0.608383 -0.142439 -2.736366 0.550364 -0.295442 -0.238270 -0.743667
1678843195925 -0.631386 -0.143635 -2.761803 0.545930 -0.302991 -0.246574 -0.741187
1678843195983 -0.654896 -0.148361 -2.785059 0.542897 -0.307574 -0.252497 -0.739531
1678843196026 -0.706643 -0.155477 -2.841901 0.541448 -0.317383 -0.256198 -0.735163
1678843196070 -0.731612 -0.160809 -2.866802 0.543367 -0.316615 -0.254455 -0.734684
1678843196118 -0.780870 -0.169186 -2.909700 0.554219 -0.317152 -0.254552 -0.726264
1678843196174 -0.807636 -0.168521 -2.934321 0.559791 -0.315205 -0.257430 -0.721810
1678843196222 -0.855994 -0.159009 -2.973918 0.553916 -0.301924 -0.259037 -0.731381
1678843196281 -0.880162 -0.154492 -2.997584 0.555557 -0.300159 -0.250452 -0.733849
1678843196313 -0.929115 -0.145293 -3.045026 0.560115 -0.305046 -0.234609 -0.733605
1678843196398 -0.978653 -0.136882 -3.082545 0.553470 -0.311256 -0.228399 -0.737987
1678843196432 -1.005792 -0.135948 -3.103175 0.551496 -0.315350 -0.226035 -0.738454
1678843196534 -1.062378 -0.141360 -3.146002 0.550218 -0.328072 -0.218950 -0.735996
1678843196554 -1.118446 -0.151031 -3.186883 0.548532 -0.348329 -0.206199 -0.731616
1678843196614 -1.149041 -0.157329 -3.209840 0.548879 -0.360629 -0.200357 -0.727004
1678843196640 -1.215069 -0.167811 -3.253320 0.550495 -0.382873 -0.204922 -0.713001
1678843196702 -1.245082 -0.171817 -3.270410 0.551620 -0.396274 -0.207240 -0.704083
1678843196743 -1.276762 -0.174328 -3.289782 0.555299 -0.406937 -0.217906 -0.691782
1678843196796 -1.338092 -0.169524 -3.323273 0.553448 -0.411833 -0.259800 -0.675717
1678843196850 -1.394708 -0.159619 -3.352506 0.545321 -0.423240 -0.281687 -0.666442
1678843196909 -1.422319 -0.155033 -3.366189 0.539617 -0.427170 -0.291751 -0.664244
1678843196940 -1.478467 -0.151110 -3.391627 0.528948 -0.438773 -0.304072 -0.659721
1678843196992 -1.507935 -0.154770 -3.404730 0.525005 -0.444070 -0.310206 -0.656463
1678843197033 -1.538336 -0.157851 -3.417357 0.520606 -0.448024 -0.315725 -0.654646
1678843197095 -1.602726 -0.170635 -3.442428 0.513909 -0.459492 -0.315462 -0.652110
1678843197145 -1.670210 -0.179483 -3.468412 0.510318 -0.464612 -0.314324 -0.651852
1678843197188 -1.704205 -0.180046 -3.482425 0.509662 -0.466399 -0.311383 -0.652500
1678843197231 -1.739181 -0.180714 -3.494623 0.510978 -0.468594 -0.310475 -0.650329
1678843197307 -1.839600 -0.168522 -3.523369 0.509469 -0.470202 -0.319889 -0.645772
1678843197346 -1.870757 -0.163010 -3.535167 0.511796 -0.466625 -0.317352 -0.647775
1678843197392 -1.900648 -0.159743 -3.548371 0.521483 -0.466223 -0.304609 -0.646456
1678843197453 -1.954759 -0.149970 -3.564090 0.522099 -0.466578 -0.289988 -0.652399
1678843197495 -1.985967 -0.147251 -3.573664 0.521620 -0.467920 -0.290917 -0.651407
1678843197551 -2.053918 -0.148958 -3.591843 0.517653 -0.477120 -0.289976 -0.648309
1678843197595 -2.088257 -0.155024 -3.600444 0.520602 -0.488511 -0.287668 -0.638417
1678843197627 -2.126601 -0.160767 -3.609396 0.523655 -0.496883 -0.292820 -0.627016
1678843197684 -2.193293 -0.172431 -3.620159 0.516777 -0.511967 -0.307921 -0.613201
1678843197730 -2.227369 -0.176705 -3.626336 0.511944 -0.521018 -0.315198 -0.605891
1678843197786 -2.297572 -0.178004 -3.639585 0.498988 -0.535313 -0.341220 -0.589931
1678843197822 -2.329545 -0.175029 -3.642941 0.492021 -0.547271 -0.357067 -0.575250
1678843197888 -2.384934 -0.159480 -3.647152 0.461024 -0.556051 -0.386468 -0.573503
1678843197929 -2.411415 -0.154913 -3.647687 0.454523 -0.564020 -0.396528 -0.563964
1678843197987 -2.466522 -0.143883 -3.646208 0.437254 -0.573842 -0.421901 -0.549103
1678843198025 -2.491177 -0.142295 -3.641477 0.429102 -0.580338 -0.428759 -0.543365
1678843198091 -2.551163 -0.144974 -3.634719 0.416233 -0.592394 -0.441200 -0.530247
1678843198128 -2.576479 -0.148224 -3.624648 0.408734 -0.597915 -0.447202 -0.524829
1678843198159 -2.602512 -0.153095 -3.612768 0.403228 -0.603814 -0.453199 -0.517132
1678843198216 -2.644083 -0.162931 -3.578940 0.393424 -0.615035 -0.463481 -0.502129
1678843198262 -2.669046 -0.165371 -3.563658 0.389720 -0.621328 -0.462059 -0.498570
1678843198320 -2.715533 -0.171391 -3.528221 0.385219 -0.633799 -0.458526 -0.489550
1678843198362 -2.740044 -0.172391 -3.508949 0.386996 -0.638631 -0.466453 -0.474136
1678843198423 -2.782451 -0.169715 -3.468749 0.369668 -0.635339 -0.489586 -0.469037
1678843198454 -2.804216 -0.170283 -3.450388 0.376351 -0.641344 -0.493567 -0.451032
1678843198495 -2.825230 -0.168974 -3.429824 0.373911 -0.648558 -0.494100 -0.442073
1678843198576 -2.877383 -0.157026 -3.365819 0.350934 -0.668985 -0.505818 -0.416476
1678843198622 -2.893162 -0.156612 -3.343080 0.341792 -0.675880 -0.511338 -0.406075
1678843198654 -2.908492 -0.155252 -3.319774 0.335534 -0.684812 -0.513181 -0.393821
1678843198715 -2.939938 -0.154913 -3.271299 0.320259 -0.701547 -0.516982 -0.371478
1678843198765 -2.953247 -0.154926 -3.245327 0.310075 -0.711237 -0.519091 -0.358525
1678843198826 -2.974924 -0.157131 -3.190488 0.285815 -0.730397 -0.530585 -0.321419
1678843198879 -2.992914 -0.149768 -3.136457 0.256486 -0.752847 -0.536580 -0.281990
1678843198947 -3.010371 -0.135121 -3.078848 0.226296 -0.776348 -0.545190 -0.221003
1678843199000 -3.014492 -0.124932 -3.052472 0.198557 -0.784625 -0.549379 -0.207658
1678843199050 -3.018258 -0.110986 -3.002579 0.162230 -0.794403 -0.561325 -0.165889
1678843199096 -3.019917 -0.110177 -2.979562 0.148705 -0.798935 -0.564384 -0.145121
1678843199155 -3.015765 -0.109755 -2.931041 0.124583 -0.805436 -0.570005 -0.104150
1678843199197 -3.019640 -0.114103 -2.900354 0.114132 -0.808192 -0.571845 -0.082413
1678843199260 -3.007752 -0.121972 -2.848453 0.085534 -0.810904 -0.576678 -0.050599
1678843199293 -2.999625 -0.128043 -2.823839 0.073144 -0.811385 -0.578995 -0.032684
1678843199351 -2.991257 -0.133091 -2.796169 0.062782 -0.812017 -0.580082 -0.013873
1678843199386 -2.973279 -0.139067 -2.740926 0.041695 -0.813544 -0.580002 0.002379
1678843199428 -2.965344 -0.137678 -2.710702 0.034245 -0.813186 -0.580931 0.008656
1678843199476 -2.954747 -0.138626 -2.681095 0.026543 -0.812775 -0.581872 0.010803
1678843199543 -2.930762 -0.137666 -2.616200 -0.017084 0.806675 0.589895 -0.031742
1678843199595 -2.902766 -0.128744 -2.557479 0.000636 0.805440 0.591415 -0.038643
1678843199633 -2.891058 -0.121100 -2.527667 0.005529 0.809040 0.586483 -0.038227
1678843199695 -2.864671 -0.122171 -2.475972 -0.005984 0.804820 0.591151 -0.052620
1678843199732 -2.850804 -0.121931 -2.448147 -0.003001 0.802481 0.593719 -0.059278
1678843199790 -2.821548 -0.119198 -2.382720 0.015098 0.800993 0.594450 -0.069362
1678843199840 -2.790253 -0.123483 -2.325385 0.027970 0.801638 0.590719 -0.087438
1678843199889 -2.773502 -0.124975 -2.291986 0.032418 0.800203 0.590867 -0.097474
1678843199941 -2.736156 -0.135168 -2.229427 0.044472 0.798805 0.588182 -0.118217
1678843200040 -2.715841 -0.140028 -2.200603 0.051477 0.797864 0.586986 -0.127322
1678843200054 -2.694723 -0.144510 -2.168420 0.059225 0.795728 0.587299 -0.135606
1678843200105 -2.651014 -0.148925 -2.105404 0.077669 0.790796 0.589104 -0.146850
1678843200157 -2.603366 -0.145486 -2.043096 0.092290 0.778981 0.593393 -0.180429
1678843200212 -2.557357 -0.138276 -1.990025 0.113975 0.772238 0.591606 -0.201641
1678843200261 -2.532969 -0.134998 -1.965609 0.126905 0.767259 0.591831 -0.212000
1678843200298 -2.508459 -0.130881 -1.940697 0.142168 0.763370 0.590024 -0.221191
1678843200378 -2.458968 -0.128510 -1.898246 0.156889 0.761350 0.581072 -0.241013
1678843200419 -2.409798 -0.134522 -1.864793 0.159371 0.756675 0.577760 -0.261221
1678843200486 -2.381486 -0.138056 -1.844268 0.163820 0.756595 0.575723 -0.263193
1678843200516 -2.323887 -0.144682 -1.813953 0.168942 0.754554 0.573436 -0.270700
1678843200565 -2.293503 -0.146081 -1.791916 0.168341 0.756833 0.570628 -0.270645
1678843200654 -2.197282 -0.139044 -1.730011 0.158863 0.750159 0.578854 -0.277402
1678843200677 -2.166817 -0.130189 -1.709161 0.148969 0.760143 0.570698 -0.272570
1678843200718 -2.136626 -0.128658 -1.688295 0.133074 0.763399 0.569176 -0.274866
1678843200779 -2.076257 -0.121409 -1.639036 0.110488 0.762077 0.572503 -0.281553
1678843200825 -2.041391 -0.122240 -1.606037 0.108610 0.764965 0.568619 -0.282321
1678843200912 -2.011327 -0.120710 -1.579493 0.109542 0.764996 0.566660 -0.285794
1678843200921 -1.958049 -0.126978 -1.528604 0.115745 0.764947 0.565892 -0.284999
1678843201023 -1.904869 -0.138505 -1.470083 0.109929 0.764958 0.565633 -0.287775
1678843201035 -1.881624 -0.146087 -1.442866 0.106231 0.765043 0.564783 -0.290593
1678843201086 -1.855621 -0.150892 -1.412554 0.106009 0.766003 0.562988 -0.291627
1678843201131 -1.808339 -0.162901 -1.355612 0.113472 0.758300 0.568404 -0.298365
1678843201187 -1.754948 -0.151950 -1.294361 0.122613 0.760390 0.562698 -0.300240
1678843201218 -1.732557 -0.146295 -1.265768 0.117938 0.763990 0.557450 -0.302754
1678843201286 -1.685153 -0.135126 -1.210529 0.127324 0.761646 0.557672 -0.304444
1678843201320 -1.660698 -0.130177 -1.183059 0.132010 0.765388 0.552033 -0.303338
1678843201385 -1.610369 -0.121163 -1.127939 0.135062 0.769100 0.543025 -0.308815
1678843201422 -1.586158 -0.118917 -1.101214 0.138012 0.773800 0.537213 -0.305922
1678843201479 -1.561776 -0.119165 -1.073650 0.137793 0.776635 0.534078 -0.304321
1678843201524 -1.521069 -0.123435 -1.026684 0.133056 0.785666 0.527393 -0.294755
1678843201582 -1.475274 -0.128385 -0.967844 0.118136 0.795902 0.524091 -0.279128
1678843201623 -1.458816 -0.132950 -0.944363 0.109582 0.801780 0.523140 -0.267328
1678843201677 -1.415169 -0.133232 -0.884653 0.096579 0.800769 0.531864 -0.257996
1678843201713 -1.395190 -0.126510 -0.853072 0.095787 0.805878 0.530928 -0.243928
1678843201758 -1.376847 -0.123358 -0.823392 0.084242 0.806640 0.532877 -0.241405
1678843201815 -1.346046 -0.113220 -0.767542 0.067739 0.809845 0.533592 -0.234182
1678843201868 -1.331389 -0.106714 -0.739084 0.059415 0.816158 0.527236 -0.228861
1678843201898 -1.318422 -0.101127 -0.711251 0.050796 0.820984 0.522862 -0.223651
1678843201961 -1.291984 -0.095573 -0.649290 0.040985 0.824003 0.521925 -0.216642
1678843202017 -1.269576 -0.088317 -0.585292 0.032846 0.827886 0.516351 -0.216584
1678843202065 -1.259750 -0.081864 -0.552310 0.029720 0.831795 0.509118 -0.219164
1678843202096 -1.246599 -0.074983 -0.515190 0.028067 0.837785 0.499442 -0.218829
1678843202156 -1.228109 -0.059694 -0.447743 0.019307 0.848115 0.476911 -0.229964
1678843202213 -1.203971 -0.046847 -0.376619 0.031740 0.850485 0.467059 -0.239841
1678843202262 -1.190967 -0.041905 -0.342612 0.043729 0.848395 0.469037 -0.241491
1678843202293 -1.179662 -0.034295 -0.312509 0.056781 0.849343 0.468367 -0.236696
1678843202355 -1.156876 -0.027427 -0.258015 0.067978 0.847083 0.472046 -0.234523
1678843202411 -1.145857 -0.026756 -0.232828 0.070282 0.845620 0.476218 -0.230658
1678843202435 -1.135640 -0.027556 -0.208263 0.065527 0.844956 0.478281 -0.230223
1678843202519 -1.113377 -0.032829 -0.162023 0.058719 0.841475 0.483103 -0.234700
1678843202566 -1.089869 -0.039816 -0.118761 0.060737 0.839360 0.487671 -0.232300
1678843202584 -1.076125 -0.041950 -0.096510 0.063096 0.835117 0.492817 -0.236073
1678843202644 -1.049581 -0.049671 -0.053587 0.063642 0.831448 0.496336 -0.241442
1678843202706 -1.038413 -0.049659 -0.039793 0.059870 0.833103 0.492028 -0.245487
1678843202751 -1.005027 -0.053393 0.000701 0.062730 0.834526 0.484377 -0.254970
1678843202790 -0.989096 -0.056625 0.019530 0.066272 0.834264 0.481264 -0.260763
1678843202838 -0.969264 -0.059841 0.038726 0.069947 0.832988 0.479992 -0.266169
1678843202894 -0.927997 -0.068032 0.075835 0.079108 0.824945 0.483008 -0.282685
1678843202953 -0.888841 -0.071790 0.095083 0.111048 0.812338 0.495091 -0.287507
1678843203013 -0.868531 -0.073753 0.105488 0.123612 0.811245 0.496637 -0.282762
1678843203084 -0.797552 -0.089261 0.145510 0.162403 0.780169 0.516528 -0.313306
1678843203121 -0.775319 -0.090797 0.155266 0.185512 0.775051 0.514960 -0.315748
1678843203172 -0.751617 -0.091076 0.165220 0.193447 0.770832 0.512910 -0.324530
1678843203211 -0.706679 -0.093168 0.186350 0.203730 0.763400 0.506751 -0.344845
1678843203277 -0.651825 -0.092772 0.211640 0.216767 0.755512 0.497373 -0.367196
1678843203314 -0.628006 -0.090679 0.220758 0.223401 0.754356 0.488556 -0.377296
1678843203360 -0.599175 -0.090963 0.234150 0.230921 0.750863 0.481385 -0.388778
1678843203425 -0.540848 -0.095803 0.259573 0.251331 0.739278 0.467801 -0.414080
1678843203478 -0.511864 -0.098077 0.274371 0.265806 0.732594 0.462158 -0.423158
1678843203502 -0.451983 -0.103231 0.307683 0.288307 0.721657 0.450613 -0.439361
1678843203558 -0.424627 -0.105770 0.324195 0.294035 0.716638 0.448465 -0.445929
1678843203613 -0.371855 -0.109819 0.350246 0.305731 0.692428 0.454744 -0.469340
1678843203652 -0.342961 -0.111033 0.360501 0.320291 0.681473 0.456538 -0.473900
1678843203698 -0.315533 -0.111893 0.370608 0.327129 0.673173 0.459991 -0.477738
1678843203757 -0.262569 -0.104231 0.381256 0.324614 0.663159 0.448576 -0.503613
1678843203819 -0.209939 -0.102114 0.379462 0.341374 0.644502 0.434748 -0.528275
1678843203892 -0.152795 -0.105879 0.374291 0.353235 0.625314 0.421425 -0.553722
1678843203918 -0.130366 -0.111210 0.366808 0.355803 0.616560 0.417637 -0.564657
1678843203974 -0.101381 -0.116157 0.362028 0.360356 0.606939 0.414150 -0.574673
1678843204020 -0.040194 -0.122957 0.352071 0.369198 0.592521 0.402186 -0.592332
1678843204117 0.016653 -0.125698 0.335628 0.360828 0.583757 0.389392 -0.614333
1678843204128 0.046420 -0.129583 0.325359 0.353426 0.576555 0.386142 -0.627350
1678843204175 0.103280 -0.129758 0.300192 0.369308 0.552987 0.383152 -0.641102
1678843204244 0.128210 -0.128372 0.280659 0.382893 0.551061 0.372367 -0.641145
1678843204276 0.152983 -0.128300 0.267439 0.386564 0.537323 0.374448 -0.649339
1678843204329 0.192182 -0.125994 0.238361 0.388911 0.513822 0.371251 -0.668512
1678843204388 0.224118 -0.121431 0.203485 0.402193 0.487875 0.355023 -0.688605
1678843204420 0.240787 -0.120915 0.183747 0.409904 0.471628 0.345870 -0.699942
1678843204465 0.256903 -0.122105 0.162657 0.420170 0.451087 0.337815 -0.711237
1678843204525 0.277329 -0.121705 0.119651 0.440733 0.412978 0.314196 -0.732451
1678843204576 0.298123 -0.125700 0.073204 0.455941 0.366081 0.288890 -0.758053
1678843204633 0.306378 -0.126996 0.049810 0.461588 0.341701 0.274279 -0.771329
1678843204664 0.312446 -0.128992 0.025964 0.470045 0.313023 0.260711 -0.783009
1678843204716 0.321158 -0.133483 -0.025029 0.502491 0.243941 0.223601 -0.798748
1678843204762 0.318230 -0.129178 -0.047131 0.510475 0.225308 0.197284 -0.806059
1678843204823 0.307806 -0.128578 -0.090214 0.526370 0.173555 0.167773 -0.815271
1678843204881 0.295983 -0.133042 -0.135055 0.545544 0.125659 0.139639 -0.816757
1678843204916 0.291373 -0.135499 -0.159661 0.551705 0.103802 0.125045 -0.818053
1678843204988 0.279558 -0.139386 -0.207681 0.551743 0.071920 0.103088 -0.824488
1678843205015 0.270435 -0.142863 -0.232309 0.552346 0.054875 0.095530 -0.826303
1678843205097 0.252132 -0.146452 -0.286027 0.557237 0.029770 0.081170 -0.825840
1678843205138 0.241698 -0.151246 -0.314568 0.559078 0.018621 0.078885 -0.825144
1678843205189 0.219915 -0.157763 -0.374510 0.562880 0.002159 0.075720 -0.823060
1678843205241 0.196170 -0.156591 -0.437501 0.556833 -0.021578 0.085741 -0.825905
1678843205305 0.186571 -0.156906 -0.469107 0.561433 -0.028058 0.083787 -0.822791
1678843205331 0.175778 -0.152954 -0.498639 0.563274 -0.026163 0.077624 -0.822200
1678843205410 0.158365 -0.154415 -0.555043 0.564379 -0.040234 0.086304 -0.820005
1678843205452 0.146411 -0.148310 -0.615021 0.563082 -0.050465 0.084177 -0.820552
1678843205515 0.141060 -0.139880 -0.649184 0.556443 -0.059346 0.087865 -0.824093
1678843205550 0.139221 -0.131739 -0.709259 0.545141 -0.063819 0.084104 -0.831670
1678843205607 0.143540 -0.130049 -0.772109 0.539951 -0.068903 0.085451 -0.834508
1678843205652 0.147420 -0.132432 -0.804778 0.541021 -0.066091 0.084616 -0.834127
1678843205705 0.152224 -0.134810 -0.837116 0.545163 -0.064951 0.082770 -0.831702
1678843205779 0.163380 -0.142222 -0.906526 0.551551 -0.066060 0.082165 -0.827452
1678843205838 0.185713 -0.144412 -1.006246 0.550857 -0.069113 0.082879 -0.827593
1678843205872 0.192811 -0.142824 -1.042307 0.557091 -0.075158 0.081144 -0.823053
1678843205908 0.202760 -0.142344 -1.069732 0.559344 -0.074324 0.075006 -0.822183
1678843205957 0.210719 -0.135507 -1.102816 0.553250 -0.074085 0.074447 -0.826367
1678843206018 0.224526 -0.128266 -1.163592 0.552269 -0.075427 0.076830 -0.826684
1678843206040 0.228868 -0.123547 -1.195526 0.551575 -0.077433 0.074563 -0.827169
1678843206089 0.231565 -0.119280 -1.227157 0.549568 -0.078828 0.071326 -0.828658
1678843206181 0.231076 -0.115656 -1.285658 0.543171 -0.084599 0.063615 -0.832923
1678843206228 0.225589 -0.116835 -1.355824 0.539048 -0.089568 0.055582 -0.835652
1678843206293 0.215731 -0.124509 -1.428889 0.535869 -0.094769 0.052858 -0.837299
1678843206351 0.206176 -0.130672 -1.507368 0.530566 -0.097148 0.056579 -0.840155
1678843206414 0.202089 -0.131984 -1.546384 0.526365 -0.094589 0.058908 -0.842925
1678843206447 0.190624 -0.132459 -1.625405 0.528962 -0.099484 0.064093 -0.840353
1678843206519 0.179360 -0.125906 -1.698899 0.531250 -0.094374 0.066470 -0.839314
1678843206566 0.176224 -0.123827 -1.735878 0.532621 -0.093791 0.073639 -0.837911
1678843206612 0.173737 -0.122389 -1.769269 0.537267 -0.092988 0.082868 -0.834165
1678843206675 0.176524 -0.116217 -1.838403 0.533313 -0.078708 0.096769 -0.836671
1678843206698 0.178629 -0.114034 -1.875482 0.529100 -0.074071 0.104277 -0.838864
1678843206741 0.187570 -0.115643 -1.947500 0.525568 -0.060690 0.112473 -0.841097
1678843206795 0.193313 -0.117439 -1.983643 0.523283 -0.054759 0.115169 -0.842563
1678843206872 0.206381 -0.124389 -2.060792 0.520476 -0.049516 0.117780 -0.844264
1678843206897 0.213726 -0.127114 -2.099002 0.520250 -0.047715 0.116553 -0.844677
1678843206946 0.231118 -0.124977 -2.172880 0.509000 -0.048212 0.120751 -0.850890
1678843207016 0.249465 -0.118228 -2.242670 0.513151 -0.047882 0.113311 -0.849437
1678843207057 0.260056 -0.113199 -2.275640 0.512137 -0.041500 0.115020 -0.850155
1678843207088 0.271335 -0.110126 -2.307556 0.510954 -0.038015 0.124773 -0.849654
1678843207171 0.289335 -0.108397 -2.373431 0.521295 -0.032130 0.136655 -0.841751
1678843207207 0.297650 -0.105834 -2.397641 0.522654 -0.025206 0.138773 -0.840797
1678843207251 0.312402 -0.107524 -2.458413 0.519607 -0.017073 0.149242 -0.841097
1678843207313 0.324183 -0.117970 -2.525166 0.525873 -0.006209 0.158662 -0.835611
1678843207350 0.329669 -0.125670 -2.558998 0.533956 0.000489 0.162187 -0.829811
1678843207406 0.335181 -0.130772 -2.595602 0.539595 0.005927 0.168732 -0.824822
1678843207453 0.345317 -0.140060 -2.662610 0.531400 0.025820 0.187163 -0.825783
1678843207504 0.346982 -0.142882 -2.701127 0.524496 0.034391 0.191134 -0.828968
1678843207555 0.342509 -0.136651 -2.774637 0.513195 0.043885 0.178003 -0.838462
1678843207611 0.339021 -0.136479 -2.812870 0.521240 0.035440 0.169342 -0.835689
1678843207653 0.321988 -0.122032 -2.880291 0.518284 0.051669 0.140181 -0.842058
1678843207705 0.308079 -0.122607 -2.949453 0.503065 0.036693 0.149579 -0.850415
1678843207752 0.299566 -0.128047 -2.986995 0.517933 0.025725 0.143435 -0.842917
1678843207794 0.293040 -0.129220 -3.029175 0.529490 0.020367 0.127648 -0.838410
1678843207863 0.274351 -0.132573 -3.098564 0.528820 0.005201 0.101331 -0.842647
1678843207888 0.265966 -0.137792 -3.132375 0.533244 -0.002619 0.090082 -0.841147
1678843207949 0.249846 -0.151872 -3.200648 0.541558 -0.025261 0.078763 -0.836584
1678843207985 0.241989 -0.156983 -3.233413 0.542422 -0.035374 0.073344 -0.836150
1678843208029 0.233859 -0.158231 -3.260108 0.539461 -0.046315 0.067313 -0.838037
1678843208092 0.212804 -0.159122 -3.323254 0.537418 -0.079041 0.050617 -0.838076
1678843208148 0.189267 -0.152378 -3.382742 0.542436 -0.105627 0.016515 -0.833267
1678843208187 0.178089 -0.147936 -3.410562 0.544324 -0.109673 -0.002472 -0.831671
1678843208247 0.167511 -0.139128 -3.433075 0.552965 -0.114326 -0.022375 -0.825020
1678843208311 0.134066 -0.134349 -3.516791 0.553018 -0.155197 -0.050864 -0.817005
1678843208341 0.121216 -0.134881 -3.545997 0.547780 -0.181571 -0.052603 -0.814986
1678843208382 0.106922 -0.137990 -3.576329 0.545659 -0.207945 -0.053773 -0.810014
1678843208455 0.095108 -0.144052 -3.609138 0.547927 -0.227556 -0.057576 -0.802919
1678843208484 0.079355 -0.151353 -3.641495 0.547953 -0.236570 -0.069965 -0.799304
1678843208577 0.037123 -0.175227 -3.745682 0.562598 -0.242316 -0.093736 -0.784844
1678843208591 0.021729 -0.180167 -3.784284 0.570459 -0.237894 -0.095844 -0.780255
1678843208640 0.006815 -0.178975 -3.821946 0.571567 -0.228887 -0.096426 -0.782064
1678843208687 -0.024042 -0.172720 -3.891487 0.578670 -0.221928 -0.092386 -0.779329
1678843208745 -0.051814 -0.153806 -3.958849 0.585262 -0.210531 -0.080477 -0.778889
1678843208783 -0.064758 -0.141996 -3.988902 0.582980 -0.201669 -0.072585 -0.783706
1678843208820 -0.079314 -0.140685 -4.009864 0.575955 -0.193716 -0.063522 -0.791653
1678843208895 -0.108450 -0.134804 -4.057584 0.571783 -0.197902 -0.054533 -0.794308
1678843208925 -0.123130 -0.135101 -4.085333 0.573882 -0.200006 -0.054224 -0.792286
1678843208986 -0.150860 -0.142207 -4.140440 0.578600 -0.211360 -0.053059 -0.785960
1678843209024 -0.161722 -0.144001 -4.160775 0.580603 -0.218216 -0.055410 -0.782440
1678843209113 -0.185472 -0.151250 -4.212162 0.581022 -0.221085 -0.068188 -0.780311
1678843209125 -0.198387 -0.155324 -4.239701 0.578785 -0.227988 -0.069395 -0.779881
1678843209184 -0.224713 -0.161613 -4.295635 0.571424 -0.243889 -0.065139 -0.780864
1678843209224 -0.240212 -0.162166 -4.327278 0.566725 -0.251555 -0.071181 -0.781330
1678843209285 -0.274207 -0.162485 -4.381591 0.563389 -0.266087 -0.094966 -0.776384
1678843209323 -0.291524 -0.165739 -4.404647 0.568117 -0.293426 -0.095709 -0.762878
1678843209367 -0.308135 -0.168745 -4.428174 0.585673 -0.307013 -0.108829 -0.742217
1678843209422 -0.332555 -0.161453 -4.464260 0.590857 -0.290075 -0.125822 -0.742235
1678843209463 -0.344473 -0.158717 -4.482711 0.587179 -0.314430 -0.106673 -0.738225
1678843209522 -0.374625 -0.146882 -4.513759 0.581713 -0.330500 -0.129365 -0.731877
1678843209576 -0.404377 -0.135606 -4.544324 0.568838 -0.347240 -0.144912 -0.731333
1678843209628 -0.421411 -0.134516 -4.556537 0.563273 -0.357283 -0.148572 -0.730068
1678843209675 -0.439267 -0.134726 -4.571789 0.561051 -0.366265 -0.154909 -0.725999
1678843209715 -0.475244 -0.139236 -4.595303 0.556967 -0.378822 -0.162319 -0.721065
1678843209777 -0.513187 -0.140401 -4.625408 0.542017 -0.389897 -0.161351 -0.726748
1678843209818 -0.534009 -0.140127 -4.645947 0.534438 -0.392348 -0.161279 -0.731046
1678843209862 -0.556527 -0.141637 -4.660890 0.527722 -0.396402 -0.164617 -0.732991
1678843209899 -0.581155 -0.141437 -4.677114 0.520655 -0.404810 -0.171757 -0.731810
1678843209960 -0.635809 -0.145084 -4.702813 0.521119 -0.424010 -0.202501 -0.712491
1678843210013 -0.689795 -0.133048 -4.722126 0.496574 -0.428913 -0.239730 -0.715526
1678843210064 -0.711985 -0.130447 -4.729089 0.486044 -0.444331 -0.233588 -0.715379
1678843210093 -0.744370 -0.132217 -4.742935 0.492681 -0.454069 -0.240091 -0.702455
1678843210156 -0.794309 -0.131993 -4.749876 0.479423 -0.462599 -0.280668 -0.690928
1678843210206 -0.819369 -0.129390 -4.754009 0.467321 -0.473636 -0.296900 -0.684931
1678843210234 -0.843777 -0.128066 -4.757581 0.458244 -0.479605 -0.319753 -0.676572
1678843210291 -0.889344 -0.122506 -4.761604 0.433054 -0.499925 -0.361822 -0.656981
1678843210350 -0.938195 -0.118888 -4.760534 0.403336 -0.526342 -0.386113 -0.641250
1678843210383 -0.963407 -0.121493 -4.759313 0.396653 -0.541346 -0.392886 -0.628690
1678843210448 -1.018881 -0.135521 -4.754708 0.389518 -0.568692 -0.412371 -0.595663
1678843210496 -1.049235 -0.142595 -4.749620 0.384411 -0.583906 -0.421930 -0.577283
1678843210551 -1.119456 -0.162441 -4.736144 0.367836 -0.615722 -0.440750 -0.539743
1678843210588 -1.155962 -0.161807 -4.726109 0.357675 -0.634467 -0.444525 -0.521457
1678843210645 -1.230491 -0.170226 -4.711923 0.339927 -0.664617 -0.450818 -0.489384
1678843210692 -1.267197 -0.174152 -4.704882 0.335069 -0.672498 -0.458952 -0.474170
1678843210727 -1.304443 -0.179885 -4.697873 0.342274 -0.684977 -0.469820 -0.439230
1678843210780 -1.364312 -0.175750 -4.695333 0.359918 -0.670957 -0.490655 -0.423714
1678843210832 -1.388984 -0.168476 -4.697402 0.368660 -0.664937 -0.483561 -0.433725
1678843210884 -1.436889 -0.153918 -4.686219 0.364500 -0.678684 -0.482910 -0.416325
1678843210923 -1.459187 -0.146247 -4.676266 0.354265 -0.686184 -0.490079 -0.404314
1678843210992 -1.512211 -0.124471 -4.650745 0.326185 -0.710757 -0.486404 -0.389664
1678843211014 -1.532124 -0.118272 -4.636240 0.312193 -0.723597 -0.481630 -0.383374
1678843211087 -1.552857 -0.116073 -4.618546 0.301170 -0.735835 -0.481112 -0.369289
1678843211129 -1.599536 -0.119582 -4.574907 0.278629 -0.747779 -0.490539 -0.350091
1678843211175 -1.643466 -0.122213 -4.523329 0.258694 -0.761062 -0.495466 -0.329204
1678843211226 -1.673522 -0.120175 -4.494067 0.246811 -0.765403 -0.496522 -0.326662
1678843211263 -1.694321 -0.116140 -4.465663 0.236462 -0.773683 -0.487930 -0.327758
1678843211343 -1.755687 -0.108088 -4.371230 0.220017 -0.789102 -0.488499 -0.300465
1678843211383 -1.770801 -0.099763 -4.339821 0.208462 -0.798649 -0.480670 -0.296074
1678843211409 -1.786376 -0.094189 -4.307381 0.210546 -0.803739 -0.484051 -0.274532
1678843211497 -1.813344 -0.082761 -4.243705 0.190214 -0.805681 -0.497322 -0.259551
1678843211521 -1.823996 -0.078471 -4.211303 0.184745 -0.814004 -0.495137 -0.241053
1678843211590 -1.841672 -0.074839 -4.145196 0.167444 -0.822416 -0.501087 -0.210965
1678843211627 -1.848391 -0.075671 -4.111934 0.156526 -0.824712 -0.505430 -0.199727
1678843211680 -1.864322 -0.077913 -4.041211 0.137651 -0.835496 -0.504982 -0.167306
1678843211727 -1.868327 -0.079273 -4.006501 0.124123 -0.841164 -0.503873 -0.152148
1678843211782 -1.874359 -0.091808 -3.934901 0.097938 -0.850169 -0.504392 -0.114932
1678843211813 -1.875210 -0.094866 -3.898739 0.084460 -0.852856 -0.506367 -0.095368
1678843211860 -1.874837 -0.097949 -3.862810 0.072591 -0.854105 -0.509727 -0.073573
1678843211919 -1.864053 -0.096502 -3.801702 0.050095 -0.843579 -0.534526 -0.012138
1678843211977 -1.849192 -0.091839 -3.744699 -0.021269 0.841388 0.539642 -0.020024
1678843212026 -1.838958 -0.092576 -3.720473 -0.013023 0.836890 0.545647 -0.041401
1678843212117 -1.804131 -0.097411 -3.641025 0.025342 0.828769 0.550447 -0.097507
1678843212151 -1.791610 -0.100393 -3.612591 0.041372 0.826253 0.550402 -0.112476
1678843212201 -1.778803 -0.106716 -3.585890 0.053546 0.824609 0.548763 -0.126538
1678843212253 -1.753546 -0.113963 -3.526685 0.069760 0.825376 0.538996 -0.152880
1678843212298 -1.742402 -0.119932 -3.485019 0.076842 0.824035 0.538199 -0.159387
1678843212335 -1.730278 -0.123528 -3.451932 0.082022 0.822457 0.538494 -0.163894
1678843212395 -1.705544 -0.130499 -3.385929 0.087063 0.819154 0.539431 -0.174414
1678843212433 -1.692015 -0.128733 -3.351683 0.088048 0.814978 0.543169 -0.181729
1678843212495 -1.664041 -0.116144 -3.289222 0.093533 0.822049 0.532636 -0.178287
1678843212522 -1.649380 -0.119599 -3.269992 0.090023 0.821934 0.533088 -0.179267
1678843212580 -1.635020 -0.119391 -3.238102 0.082072 0.817395 0.538701 -0.186896
1678843212627 -1.602089 -0.117312 -3.175888 0.077560 0.813019 0.542233 -0.197403
1678843212680 -1.569590 -0.114290 -3.118251 0.075832 0.815815 0.534882 -0.206390
1678843212726 -1.551027 -0.117387 -3.091005 0.077359 0.812707 0.537406 -0.211466
1678843212767 -1.533575 -0.122709 -3.060129 0.077157 0.809535 0.539391 -0.218534
1678843212815 -1.500325 -0.137620 -3.001464 0.072359 0.807041 0.538111 -0.232135
1678843212889 -1.482712 -0.143997 -2.969094 0.075809 0.805380 0.537810 -0.237437
1678843212912 -1.449584 -0.153524 -2.909508 0.084707 0.799299 0.540250 -0.249151
1678843212960 -1.432323 -0.156829 -2.876847 0.090321 0.797339 0.539963 -0.254033
1678843213009 -1.398910 -0.156828 -2.824891 0.105504 0.782476 0.549434 -0.273353
1678843213077 -1.380514 -0.153078 -2.795608 0.116856 0.780264 0.548446 -0.277019
1678843213101 -1.365599 -0.149149 -2.773091 0.123241 0.780820 0.543891 -0.281628
1678843213163 -1.328995 -0.143394 -2.719810 0.135209 0.773859 0.544906 -0.293151
1678843213221 -1.291832 -0.139323 -2.667196 0.144316 0.774108 0.538803 -0.299370
1678843213277 -1.252358 -0.142260 -2.616817 0.155302 0.773921 0.533066 -0.304577
1678843213323 -1.234014 -0.144400 -2.597130 0.162086 0.774334 0.529385 -0.306410
1678843213361 -1.211503 -0.149484 -2.571350 0.164908 0.774119 0.527413 -0.308838
1678843213423 -1.167290 -0.159277 -2.527124 0.167186 0.773871 0.525783 -0.311006
1678843213466 -1.142095 -0.163300 -2.501242 0.166360 0.774880 0.524668 -0.310820
1678843213507 -1.089944 -0.164841 -2.445679 0.155481 0.779606 0.521253 -0.310380
1678843213581 -1.034886 -0.164210 -2.392165 0.155683 0.772076 0.532588 -0.309856
1678843213616 -1.009573 -0.161035 -2.371910 0.156405 0.775814 0.530995 -0.302811
1678843213672 -0.984603 -0.158033 -2.346355 0.150030 0.778366 0.530660 -0.300062
1678843213718 -0.937384 -0.159413 -2.297949 0.131526 0.771242 0.545368 -0.300767
1678843213764 -0.914018 -0.156725 -2.273161 0.126953 0.774522 0.544151 -0.296478
1678843213821 -0.865637 -0.154597 -2.224900 0.119896 0.777787 0.541916 -0.294956
1678843213869 -0.840980 -0.157602 -2.199043 0.119191 0.777559 0.542328 -0.295086
1678843213907 -0.793486 -0.168104 -2.147573 0.117551 0.775215 0.544436 -0.298015
1678843213963 -0.767925 -0.174358 -2.119611 0.119411 0.773464 0.544779 -0.301181
1678843214013 -0.714906 -0.186324 -2.061329 0.125158 0.771500 0.542310 -0.308259
1678843214063 -0.689421 -0.189958 -2.032070 0.126688 0.770612 0.540144 -0.313609
1678843214116 -0.636361 -0.191710 -1.972472 0.138698 0.753982 0.548819 -0.333274
1678843214173 -0.610817 -0.186068 -1.945552 0.146685 0.752363 0.546244 -0.337715
1678843214207 -0.561655 -0.171159 -1.896015 0.154939 0.756749 0.534262 -0.343350
1678843214276 -0.536632 -0.165966 -1.871035 0.158210 0.754647 0.533298 -0.347954
1678843214315 -0.482184 -0.157450 -1.814932 0.166280 0.754856 0.525665 -0.355273
1678843214350 -0.456406 -0.155638 -1.790506 0.171263 0.755602 0.520623 -0.358729
1678843214400 -0.430202 -0.156663 -1.765219 0.176641 0.754287 0.518823 -0.361487
1678843214463 -0.378164 -0.160904 -1.710779 0.175466 0.755939 0.515694 -0.363081
1678843214511 -0.355564 -0.164612 -1.687985 0.172432 0.758494 0.513414 -0.362436
1678843214549 -0.305303 -0.171331 -1.629296 0.163042 0.766467 0.511938 -0.351945
1678843214616 -0.255643 -0.174660 -1.568037 0.146807 0.773757 0.513255 -0.341052
1678843214662 -0.230097 -0.175609 -1.535364 0.141466 0.771070 0.521373 -0.337059
1678843214722 -0.182540 -0.168594 -1.469892 0.134197 0.777175 0.528049 -0.314887
1678843214769 -0.143892 -0.163380 -1.402364 0.105164 0.779666 0.539262 -0.300429
1678843214817 -0.122515 -0.164372 -1.365929 0.094838 0.782443 0.542616 -0.290443
1678843214870 -0.105619 -0.162267 -1.332257 0.085182 0.787298 0.542587 -0.280188
1678843214919 -0.079163 -0.163454 -1.262030 0.063911 0.796598 0.540481 -0.263111
1678843214981 -0.051650 -0.173842 -1.188594 0.049154 0.799394 0.543370 -0.251598
1678843215021 -0.038183 -0.177935 -1.144893 0.040707 0.801993 0.542285 -0.247136
1678843215089 -0.027294 -0.180965 -1.107416 0.036245 0.804698 0.539928 -0.244184
1678843215130 -0.005646 -0.186990 -1.030136 0.037931 0.808829 0.535842 -0.239229
1678843215206 0.010475 -0.187530 -0.951925 0.039361 0.802148 0.543627 -0.243884
1678843215222 0.013971 -0.181998 -0.911975 0.037562 0.802329 0.544010 -0.242714
1678843215274 0.019415 -0.167243 -0.837171 0.027226 0.812998 0.534345 -0.229713
1678843215322 0.022154 -0.162428 -0.800328 0.026671 0.814026 0.535197 -0.224085
1678843215364 0.024481 -0.155385 -0.763810 0.028561 0.818303 0.533223 -0.212691
1678843215422 0.026815 -0.145281 -0.691352 0.024529 0.827586 0.523991 -0.199836
1678843215477 0.029252 -0.142531 -0.655374 0.021107 0.832559 0.518852 -0.192854
1678843215503 0.035015 -0.140202 -0.581334 0.017119 0.843730 0.506095 -0.178029
1678843215560 0.039158 -0.141379 -0.544531 0.014552 0.847641 0.502108 -0.170824
1678843215615 0.046272 -0.144169 -0.467559 0.002699 0.858659 0.488686 -0.154545
1678843215650 0.050348 -0.145415 -0.430299 -0.001977 0.862539 0.483931 -0.147765
1678843215708 0.055656 -0.147230 -0.363723 -0.008275 0.870119 0.476315 -0.126289
1678843215803 0.062137 -0.153831 -0.290837 -0.011431 0.865937 0.488243 -0.107894
1678843215814 0.062106 -0.151464 -0.255995 -0.014816 0.867817 0.488264 -0.090948
1678843215863 0.059524 -0.152157 -0.220512 -0.029241 0.864979 0.493660 -0.085187
1678843215913 0.055910 -0.151160 -0.191467 -0.041115 0.861602 0.500414 -0.074418
1678843215953 0.041949 -0.150927 -0.129231 0.067267 -0.864098 -0.496936 0.043180
1678843216018 0.021548 -0.147956 -0.066199 0.093734 -0.863383 -0.495366 0.019911
1678843216078 -0.001259 -0.158368 -0.002293 0.113667 -0.863901 -0.490664 -0.002052
1678843216120 -0.015549 -0.156147 0.038111 0.121694 -0.863736 -0.488907 -0.011028
1678843216143 -0.030355 -0.160426 0.068387 0.129372 -0.864912 -0.484491 -0.021429
1678843216214 -0.062281 -0.162918 0.127587 0.142872 -0.868099 -0.473478 -0.042543
1678843216258 -0.080772 -0.167091 0.156520 0.151584 -0.863335 -0.479291 -0.044207
1678843216295 -0.102395 -0.165485 0.185612 0.157415 -0.858668 -0.485065 -0.051193
1678843216373 -0.145383 -0.159530 0.226624 0.173027 -0.864982 -0.461820 -0.092682
1678843216411 -0.195049 -0.164567 0.264303 0.195311 -0.853097 -0.467999 -0.122701
1678843216455 -0.221270 -0.164238 0.281284 0.206218 -0.850515 -0.462267 -0.142853
1678843216508 -0.251573 -0.162937 0.293387 0.218145 -0.848749 -0.453219 -0.163187
1678843216552 -0.310218 -0.161023 0.318085 0.234147 -0.840482 -0.440340 -0.211814
1678843216616 -0.342233 -0.161904 0.323235 0.245435 -0.835112 -0.432104 -0.235872
1678843216651 -0.403765 -0.164708 0.339721 0.268734 -0.823008 -0.412325 -0.283598
1678843216705 -0.465196 -0.171238 0.352956 0.292665 -0.807679 -0.395766 -0.324607
1678843216768 -0.498331 -0.179718 0.368812 0.302782 -0.799318 -0.386720 -0.346209
1678843216797 -0.528174 -0.181340 0.374327 0.311277 -0.789187 -0.378840 -0.369825
1678843216873 -0.587732 -0.185024 0.378909 0.337728 -0.762991 -0.362849 -0.414878
1678843216911 -0.650948 -0.182442 0.382537 0.358409 -0.732829 -0.337878 -0.469408
1678843216958 -0.679088 -0.184228 0.377326 0.377473 -0.715556 -0.329747 -0.486581
1678843217013 -0.730318 -0.185290 0.365739 0.407185 -0.682405 -0.307782 -0.523253
1678843217071 -0.749784 -0.180143 0.348612 0.415528 -0.664202 -0.291970 -0.548567
1678843217090 -0.770081 -0.178046 0.332291 0.423514 -0.647927 -0.276077 -0.569744
1678843217153 -0.810258 -0.180300 0.295873 0.437912 -0.613028 -0.255399 -0.605971
1678843217210 -0.849608 -0.187554 0.253646 0.454345 -0.584082 -0.230185 -0.632008
1678843217265 -0.867817 -0.191903 0.230363 0.461864 -0.571847 -0.220907 -0.640994
1678843217316 -0.910137 -0.194259 0.182535 0.469316 -0.547825 -0.200695 -0.662836
1678843217349 -0.924629 -0.192843 0.155816 0.468646 -0.535140 -0.194037 -0.675533
1678843217393 -0.942028 -0.189061 0.127738 0.470704 -0.521244 -0.190286 -0.685955
1678843217474 -0.970247 -0.185241 0.068233 0.472454 -0.491176 -0.184844 -0.708072
1678843217527 -0.999529 -0.183895 0.005141 0.475943 -0.459205 -0.172183 -0.730042
1678843217594 -1.016389 -0.180499 -0.056638 0.485654 -0.435037 -0.143004 -0.744602
1678843217619 -1.022420 -0.176328 -0.084445 0.486702 -0.419251 -0.131634 -0.754998
1678843217685 -1.031409 -0.167494 -0.135091 0.495440 -0.394069 -0.108948 -0.766407
1678843217712 -1.036977 -0.165116 -0.158957 0.501582 -0.379587 -0.100542 -0.770857
1678843217769 -1.042104 -0.163664 -0.182305 0.506972 -0.367198 -0.088479 -0.774801
1678843217804 -1.043614 -0.162036 -0.201027 0.508892 -0.358593 -0.071123 -0.779347
1678843217856 -1.054471 -0.163125 -0.246125 0.513638 -0.336422 -0.050938 -0.787656
1678843217907 -1.070591 -0.168443 -0.295400 0.520490 -0.316149 -0.040279 -0.792160
1678843217962 -1.080113 -0.172333 -0.318765 0.522311 -0.308303 -0.034596 -0.794320
1678843218021 -1.098511 -0.180752 -0.362774 0.526329 -0.294587 -0.020049 -0.797367
1678843218063 -1.109097 -0.185580 -0.388061 0.526742 -0.286494 -0.008505 -0.800245
1678843218115 -1.135034 -0.195083 -0.439959 0.528869 -0.267037 0.016728 -0.805425
1678843218158 -1.143994 -0.196177 -0.466451 0.524696 -0.254226 0.031318 -0.811839
1678843218200 -1.160280 -0.198492 -0.524364 0.529362 -0.236056 0.055060 -0.813032
1678843218256 -1.165980 -0.197567 -0.553725 0.532810 -0.220385 0.063787 -0.814540
1678843218307 -1.173025 -0.196120 -0.612570 0.520067 -0.195571 0.085697 -0.827006
1678843218381 -1.171551 -0.202518 -0.669880 0.527302 -0.169225 0.087949 -0.827998
1678843218416 -1.168424 -0.205887 -0.698534 0.527733 -0.154572 0.095584 -0.829740
1678843218482 -1.156791 -0.215521 -0.751077 0.529689 -0.124878 0.110637 -0.831621
1678843218516 -1.149891 -0.218666 -0.776834 0.530989 -0.107836 0.114059 -0.832714
1678843218567 -1.142343 -0.220945 -0.801865 0.530259 -0.092153 0.117804 -0.834539
1678843218608 -1.122860 -0.225814 -0.843878 0.529199 -0.069954 0.121227 -0.836874
1678843218656 -1.114115 -0.228285 -0.871363 0.530679 -0.065194 0.124448 -0.835848
1678843218701 -1.094112 -0.229462 -0.931880 0.531422 -0.063703 0.133018 -0.834170
1678843218750 -1.081537 -0.225410 -0.962549 0.529310 -0.055003 0.131688 -0.836339
1678843218804 -1.068147 -0.217506 -0.997213 0.518588 -0.046156 0.135154 -0.843012
1678843218852 -1.037206 -0.206672 -1.062875 0.507235 -0.033958 0.131926 -0.850973
1678843218907 -1.021323 -0.201384 -1.098272 0.511473 -0.026645 0.121409 -0.850262
1678843218945 -0.984541 -0.191573 -1.159643 0.514307 -0.010585 0.115674 -0.849703
1678843218993 -0.964715 -0.182274 -1.184875 0.507745 0.004385 0.114215 -0.853892
1678843219044 -0.926103 -0.172521 -1.235567 0.494417 0.024955 0.114777 -0.861252
1678843219085 -0.907557 -0.172586 -1.263007 0.494957 0.033294 0.110594 -0.861208
1678843219122 -0.889028 -0.173552 -1.289826 0.493845 0.041022 0.106031 -0.862086
1678843219183 -0.850365 -0.180490 -1.336205 0.497415 0.048526 0.102902 -0.860020
1678843219240 -0.832281 -0.187783 -1.363814 0.501776 0.052284 0.100633 -0.857531
1678843219278 -0.794648 -0.205239 -1.418927 0.507414 0.062304 0.109148 -0.852488
1678843219336 -0.773851 -0.209183 -1.453121 0.508910 0.066218 0.119264 -0.849942
1678843219381 -0.733048 -0.219754 -1.517059 0.518994 0.085819 0.126916 -0.840935
1678843219419 -0.710695 -0.222026 -1.548504 0.520239 0.086750 0.134462 -0.838896
1678843219482 -0.687084 -0.221301 -1.577309 0.516515 0.099697 0.140647 -0.838744
1678843219518 -0.635986 -0.224181 -1.639393 0.527083 0.115243 0.158259 -0.826956
1678843219604 -0.607098 -0.223243 -1.668797 0.530739 0.126147 0.170382 -0.820593
1678843219634 -0.553484 -0.221234 -1.722760 0.522280 0.143024 0.187059 -0.819620
1678843219693 -0.499219 -0.223260 -1.780114 0.519769 0.158365 0.197395 -0.815963
1678843219745 -0.444713 -0.231881 -1.840365 0.512261 0.160460 0.205557 -0.818283
1678843219789 -0.417098 -0.233484 -1.868947 0.510026 0.159831 0.205048 -0.819928
1678843219843 -0.389239 -0.235808 -1.900625 0.506927 0.157953 0.202301 -0.822891
1678843219907 -0.309147 -0.239658 -1.992470 0.509925 0.142116 0.184560 -0.828080
1678843219940 -0.283713 -0.238273 -2.024626 0.522703 0.130521 0.175958 -0.823884
1678843219986 -0.261636 -0.234765 -2.051616 0.525466 0.133202 0.163420 -0.824280
1678843220023 -0.238278 -0.226569 -2.078342 0.520046 0.134728 0.157096 -0.828687
1678843220085 -0.193329 -0.218687 -2.136370 0.526779 0.131985 0.145754 -0.826946
1678843220122 -0.174851 -0.214114 -2.163365 0.529641 0.133539 0.136877 -0.826385
1678843220185 -0.154223 -0.208402 -2.198845 0.527515 0.124797 0.127298 -0.830632
1678843220225 -0.139743 -0.209761 -2.227683 0.527552 0.122102 0.118684 -0.832283
1678843220273 -0.126192 -0.213002 -2.257935 0.527636 0.118933 0.109343 -0.833966
1678843220324 -0.101182 -0.218771 -2.318003 0.527961 0.112973 0.094348 -0.836417
1678843220375 -0.078056 -0.227788 -2.385884 0.526709 0.110603 0.082403 -0.838782
1678843220437 -0.065680 -0.229460 -2.424434 0.523768 0.109828 0.079327 -0.841019
1678843220479 -0.048082 -0.232398 -2.500247 0.540573 0.096129 0.072240 -0.832659
1678843220551 -0.028110 -0.225307 -2.579456 0.534049 0.102191 0.067791 -0.836513
1678843220615 -0.015623 -0.223919 -2.650720 0.543228 0.085693 0.085512 -0.830811
1678843220649 -0.011959 -0.220668 -2.685883 0.538812 0.082305 0.087147 -0.833854
1678843220691 -0.009159 -0.218068 -2.720985 0.535796 0.075993 0.088389 -0.836263
1678843220752 -0.005392 -0.215946 -2.786984 0.534110 0.060215 0.087638 -0.838701
1678843220840 -0.001976 -0.219537 -2.857214 0.532986 0.039675 0.083590 -0.841049
1678843220859 -0.000742 -0.223053 -2.892839 0.532808 0.030140 0.080793 -0.841831
1678843220891 0.000443 -0.226780 -2.928144 0.531566 0.021186 0.078376 -0.843117
1678843220956 0.000740 -0.233577 -3.004527 0.533949 -0.002501 0.070168 -0.842596
1678843221025 0.002502 -0.241937 -3.077193 0.539256 -0.024272 0.062666 -0.839456
1678843221060 0.001548 -0.244945 -3.113596 0.548886 -0.043582 0.057523 -0.832776
1678843221103 -0.000279 -0.243719 -3.175564 0.553414 -0.063601 0.040624 -0.829480
1678843221168 -0.002906 -0.240473 -3.208590 0.555604 -0.074097 0.034688 -0.827412
1678843221208 -0.014178 -0.236871 -3.270394 0.560794 -0.096670 0.014559 -0.822164
1678843221273 -0.028849 -0.233453 -3.335624 0.552794 -0.122203 -0.000054 -0.824309
1678843221321 -0.040370 -0.231549 -3.363603 0.550497 -0.135656 -0.011756 -0.823658
1678843221359 -0.050542 -0.232987 -3.397553 0.548726 -0.147944 -0.021709 -0.822521
1678843221412 -0.069027 -0.236745 -3.469531 0.539807 -0.161078 -0.034110 -0.825529
1678843221481 -0.090927 -0.243282 -3.542478 0.537683 -0.164700 -0.041959 -0.825839
1678843221515 -0.104018 -0.241587 -3.580201 0.534886 -0.168578 -0.041579 -0.826891
1678843221557 -0.117561 -0.240625 -3.618122 0.527845 -0.166542 -0.046451 -0.831556
1678843221616 -0.148521 -0.240264 -3.697141 0.538124 -0.179581 -0.049892 -0.822000
1678843221675 -0.163598 -0.236194 -3.732101 0.535443 -0.178834 -0.055273 -0.823568
1678843221701 -0.188018 -0.234381 -3.803677 0.550118 -0.201518 -0.049762 -0.808879
1678843221759 -0.201676 -0.228886 -3.832306 0.556637 -0.201423 -0.055368 -0.804063
1678843221819 -0.226883 -0.218665 -3.892758 0.561750 -0.206989 -0.049603 -0.799457
1678843221872 -0.253602 -0.215951 -3.946376 0.565918 -0.222434 -0.050072 -0.792308
1678843221910 -0.269791 -0.216002 -3.976905 0.567007 -0.236343 -0.052753 -0.787313
1678843221957 -0.284296 -0.216128 -4.004582 0.565705 -0.251763 -0.057609 -0.783118
1678843222023 -0.307735 -0.218580 -4.056954 0.562345 -0.276582 -0.064095 -0.776635
1678843222058 -0.321006 -0.219080 -4.086285 0.558939 -0.287075 -0.063352 -0.775346
1678843222092 -0.333385 -0.218398 -4.116025 0.551929 -0.290463 -0.061879 -0.779216
1678843222155 -0.362153 -0.220121 -4.176708 0.541815 -0.307551 -0.071135 -0.778967
1678843222211 -0.396874 -0.222353 -4.253991 0.552836 -0.318033 -0.100772 -0.763592
1678843222257 -0.411163 -0.221931 -4.285244 0.553497 -0.328741 -0.108098 -0.757552
1678843222293 -0.420335 -0.217573 -4.318475 0.549630 -0.324723 -0.118047 -0.760609
1678843222345 -0.442642 -0.213148 -4.375148 0.552161 -0.329787 -0.121249 -0.756081
1678843222387 -0.455538 -0.208601 -4.400351 0.555604 -0.329587 -0.133891 -0.751498
1678843222438 -0.468308 -0.198742 -4.423543 0.552074 -0.328305 -0.142807 -0.753018
1678843222485 -0.496414 -0.184372 -4.466298 0.536888 -0.341634 -0.145254 -0.757588
1678843222525 -0.513101 -0.180531 -4.486090 0.530567 -0.347719 -0.147637 -0.758811
1678843222591 -0.552752 -0.181129 -4.525082 0.525627 -0.363052 -0.162855 -0.751923
1678843222617 -0.577170 -0.183781 -4.532500 0.524620 -0.369713 -0.177755 -0.745982
1678843222673 -0.616926 -0.188023 -4.566127 0.518177 -0.377446 -0.194850 -0.742335
1678843222722 -0.634102 -0.189310 -4.566372 0.506356 -0.382160 -0.188982 -0.749562
1678843222780 -0.678935 -0.191563 -4.601445 0.493813 -0.392499 -0.183436 -0.753953
1678843222842 -0.728816 -0.194360 -4.636926 0.480992 -0.392700 -0.195289 -0.759141
1678843222881 -0.758688 -0.197368 -4.656447 0.490170 -0.407859 -0.199775 -0.743958
1678843222918 -0.794915 -0.193732 -4.673946 0.493090 -0.416366 -0.231666 -0.727896
1678843223011 -0.848990 -0.179377 -4.698264 0.457835 -0.428964 -0.246495 -0.738660
1678843223049 -0.899002 -0.172649 -4.716664 0.447646 -0.455003 -0.238860 -0.731800
1678843223089 -0.926733 -0.170964 -4.723808 0.443678 -0.461721 -0.257576 -0.723614
1678843223143 -0.982682 -0.170706 -4.725265 0.430188 -0.479797 -0.304941 -0.701245
1678843223192 -1.010510 -0.173402 -4.723583 0.424629 -0.491117 -0.327142 -0.686638
1678843223248 -1.067347 -0.183903 -4.718075 0.418187 -0.521906 -0.368899 -0.645482
1678843223312 -1.125687 -0.195873 -4.706794 0.405247 -0.561972 -0.394701 -0.603468
1678843223358 -1.155401 -0.204635 -4.701562 0.407232 -0.577960 -0.396861 -0.585342
1678843223405 -1.188477 -0.218335 -4.698665 0.423614 -0.590178 -0.393357 -0.563481
1678843223452 -1.256925 -0.243619 -4.686859 0.435760 -0.613681 -0.404056 -0.519853
1678843223508 -1.293554 -0.249100 -4.678136 0.424238 -0.627470 -0.413064 -0.505650
1678843223549 -1.376848 -0.260021 -4.665099 0.396892 -0.655244 -0.440068 -0.468478
1678843223603 -1.416538 -0.263035 -4.660211 0.403046 -0.669407 -0.444362 -0.438168
1678843223648 -1.477755 -0.251464 -4.652598 0.404907 -0.666911 -0.456537 -0.427615
1678843223694 -1.502702 -0.241165 -4.649646 0.407265 -0.667612 -0.447447 -0.433844
1678843223730 -1.526389 -0.229588 -4.641717 0.405362 -0.680518 -0.436521 -0.426645
1678843223809 -1.594964 -0.205049 -4.607789 0.375979 -0.701384 -0.455081 -0.399500
1678843223847 -1.614727 -0.199518 -4.596457 0.364852 -0.710161 -0.453542 -0.396047
1678843223875 -1.636457 -0.196504 -4.583542 0.354775 -0.718544 -0.452593 -0.391136
1678843223947 -1.680006 -0.199469 -4.550562 0.335872 -0.728657 -0.464109 -0.375304
1678843223991 -1.702995 -0.203681 -4.531017 0.326986 -0.731118 -0.471574 -0.369004
1678843224023 -1.723231 -0.212923 -4.508392 0.319650 -0.732122 -0.479650 -0.362984
1678843224103 -1.779093 -0.224298 -4.456600 0.306898 -0.733084 -0.493120 -0.353885
1678843224128 -1.803388 -0.226998 -4.429445 0.304793 -0.734234 -0.492668 -0.353949
1678843224216 -1.872634 -0.225741 -4.338109 0.303419 -0.738719 -0.489317 -0.350429
1678843224245 -1.886961 -0.234547 -4.306394 0.300176 -0.742912 -0.486562 -0.348186
1678843224280 -1.906132 -0.232939 -4.273871 0.296001 -0.744446 -0.489430 -0.344444
1678843224315 -1.916619 -0.238008 -4.244411 0.297033 -0.744060 -0.498350 -0.331351
1678843224370 -1.950049 -0.237728 -4.183317 0.297745 -0.746746 -0.502329 -0.318410
1678843224433 -1.964507 -0.238826 -4.151516 0.297170 -0.750470 -0.503413 -0.308319
1678843224480 -1.994002 -0.241571 -4.087887 0.283684 -0.756111 -0.510225 -0.295787
1678843224517 -2.007102 -0.245541 -4.058439 0.281392 -0.761254 -0.510546 -0.283998
1678843224576 -2.040151 -0.258231 -3.991599 0.273714 -0.767861 -0.515728 -0.263619
1678843224638 -2.057220 -0.262168 -3.957546 0.269332 -0.772323 -0.517527 -0.251284
1678843224659 -2.074714 -0.267648 -3.922522 0.261727 -0.775335 -0.521307 -0.242060
1678843224740 -2.108784 -0.273855 -3.854228 0.245787 -0.782461 -0.525102 -0.227182
1678843224781 -2.126212 -0.275257 -3.819199 0.234439 -0.784523 -0.530172 -0.220181
1678843224826 -2.154224 -0.274371 -3.750821 0.217633 -0.786040 -0.550717 -0.177450
1678843224878 -2.174709 -0.257020 -3.685779 0.183513 -0.794477 -0.555095 -0.164313
1678843224925 -2.182437 -0.249853 -3.652023 0.169066 -0.797996 -0.558250 -0.151578
1678843224983 -2.190657 -0.240022 -3.582941 0.134572 -0.805091 -0.563661 -0.126509
1678843225014 -2.192088 -0.236154 -3.549894 0.119862 -0.808664 -0.565762 -0.107748
1678843225055 -2.192239 -0.235474 -3.513762 0.101780 -0.811895 -0.567398 -0.092335
1678843225117 -2.192467 -0.235815 -3.435859 0.069415 -0.819442 -0.565606 -0.061526
1678843225180 -2.190090 -0.237937 -3.396756 0.057765 -0.822938 -0.563313 -0.045977
1678843225210 -2.185362 -0.243297 -3.312406 0.036973 -0.823938 -0.565141 -0.019391
1678843225278 -2.185420 -0.243111 -3.267364 0.028904 -0.825641 -0.563053 -0.021286
1678843225314 -2.177649 -0.243774 -3.186763 0.032035 -0.825711 -0.562937 -0.016648
1678843225404 -2.167191 -0.238844 -3.110162 0.043039 -0.816840 -0.575220 -0.006481
1678843225423 -2.160949 -0.231518 -3.073896 0.038144 -0.820599 -0.569958 -0.017608
1678843225470 -2.156744 -0.227750 -3.037439 0.046662 -0.817568 -0.573822 -0.011557
1678843225519 -2.147058 -0.219200 -2.968544 0.055674 -0.819171 -0.570787 -0.007765
1678843225576 -2.133639 -0.213255 -2.901916 0.056867 -0.822642 -0.565700 -0.003062
1678843225619 -2.128193 -0.213843 -2.866765 0.053090 -0.822565 -0.566186 -0.001394
1678843225670 -2.122759 -0.215794 -2.831170 0.048658 -0.822252 -0.567032 0.003063
1678843225717 -2.110480 -0.217272 -2.756651 0.044721 -0.821561 -0.567857 0.024003
1678843225776 -2.101776 -0.219845 -2.729898 0.042444 -0.819147 -0.570910 0.035470
1678843225792 -2.092818 -0.222320 -2.692967 -0.035984 0.817700 0.572850 -0.043758
1678843225853 -2.071085 -0.224971 -2.618522 -0.020118 0.819043 0.570092 -0.061311
1678843225914 -2.057823 -0.225667 -2.589708 -0.011825 0.814321 0.575060 -0.077771
1678843225952 -2.029895 -0.215596 -2.521084 0.014373 0.808887 0.579583 -0.097873
1678843226010 -2.014078 -0.213986 -2.501800 0.026819 0.805843 0.581660 -0.107563
1678843226051 -1.981050 -0.208628 -2.439427 0.049247 0.798979 0.583752 -0.135797
1678843226116 -1.947950 -0.195772 -2.379281 0.073835 0.798236 0.578143 -0.152045
1678843226154 -1.930317 -0.194949 -2.349916 0.085946 0.796413 0.577073 -0.159141
1678843226215 -1.893099 -0.199825 -2.272619 0.102755 0.799982 0.564705 -0.174869
1678843226258 -1.872794 -0.203620 -2.240064 0.108078 0.800243 0.560209 -0.184653
1678843226308 -1.851488 -0.214855 -2.198419 0.114202 0.798835 0.558764 -0.191321
1678843226354 -1.810538 -0.222442 -2.133106 0.117328 0.797672 0.559297 -0.192719
1678843226409 -1.770277 -0.232763 -2.067576 0.108269 0.799072 0.561300 -0.186290
1678843226473 -1.750436 -0.233766 -2.033282 0.102629 0.794974 0.567696 -0.187630
1678843226491 -1.732325 -0.229785 -2.000945 0.099166 0.797653 0.566397 -0.181962
1678843226576 -1.702769 -0.227518 -1.950934 0.086868 0.802235 0.566078 -0.168606
1678843226625 -1.672847 -0.220753 -1.879182 0.073260 0.804078 0.567176 -0.162490
1678843226653 -1.660155 -0.217165 -1.849903 0.067078 0.807024 0.564897 -0.158442
1678843226690 -1.646239 -0.216075 -1.828046 0.063526 0.809455 0.562618 -0.155591
1678843226750 -1.618878 -0.219442 -1.765638 0.058425 0.813201 0.558439 -0.153093
1678843226792 -1.609596 -0.221906 -1.744934 0.056605 0.813864 0.557350 -0.154213
1678843226845 -1.580703 -0.230878 -1.680305 0.053091 0.813536 0.556621 -0.159727
1678843226900 -1.548244 -0.239236 -1.612657 0.052492 0.815591 0.550077 -0.171673
1678843226948 -1.531651 -0.242473 -1.580498 0.053291 0.813428 0.550037 -0.181534
1678843226990 -1.512984 -0.243684 -1.546493 0.056677 0.808854 0.551889 -0.194836
1678843227064 -1.478824 -0.237699 -1.487207 0.070482 0.805095 0.550845 -0.208383
1678843227108 -1.464588 -0.235572 -1.467401 0.078246 0.801474 0.551733 -0.217042
1678843227151 -1.429426 -0.230296 -1.413115 0.098634 0.796966 0.550786 -0.227490
1678843227218 -1.418745 -0.228017 -1.406072 0.104808 0.796954 0.547973 -0.231527
1678843227252 -1.385835 -0.225603 -1.356463 0.116557 0.796907 0.544204 -0.234936
1678843227295 -1.371718 -0.226776 -1.336898 0.120338 0.797425 0.542305 -0.235665
1678843227354 -1.334577 -0.234035 -1.284758 0.125448 0.797651 0.540352 -0.236717
1678843227410 -1.299118 -0.241795 -1.230137 0.122037 0.800351 0.540076 -0.229919
1678843227449 -1.280757 -0.245910 -1.203590 0.116499 0.802003 0.540603 -0.225761
1678843227500 -1.262755 -0.248930 -1.177257 0.109512 0.804857 0.541152 -0.217640
1678843227551 -1.224411 -0.254400 -1.126158 0.090959 0.805961 0.547016 -0.207188
1678843227593 -1.205091 -0.253524 -1.099581 0.084275 0.803882 0.553728 -0.200144
1678843227646 -1.176375 -0.249190 -1.052584 0.070536 0.807714 0.558936 -0.173821
1678843227742 -1.151594 -0.247433 -1.004854 0.056140 0.803431 0.571847 -0.156009
1678843227783 -1.136110 -0.241909 -0.962658 0.042452 0.805838 0.574950 -0.135113
1678843227814 -1.131456 -0.239545 -0.942340 0.036500 0.808412 0.573981 -0.125234
1678843227895 -1.122782 -0.238728 -0.898688 0.027146 0.811154 0.574127 -0.108032
1678843227910 -1.119688 -0.238579 -0.877984 0.024413 0.812433 0.573776 -0.100691
1678843227986 -1.116437 -0.242031 -0.834266 0.021232 0.813443 0.574458 -0.088642
1678843227999 -1.115185 -0.243144 -0.811183 0.021860 0.814286 0.574125 -0.082708
1678843228065 -1.114897 -0.244533 -0.786786 0.022057 0.813817 0.575621 -0.076655
1678843228113 -1.114784 -0.245498 -0.732641 0.022152 0.816966 0.571796 -0.071584
1678843228190 -1.116273 -0.244211 -0.671682 0.026953 0.821851 0.565138 -0.066734
1678843228213 -1.119527 -0.244160 -0.639890 0.027951 0.822989 0.563321 -0.067661
1678843228267 -1.120759 -0.243647 -0.606458 0.027829 0.824502 0.560849 -0.069785
1678843228314 -1.120067 -0.242830 -0.536578 0.028945 0.824234 0.560645 -0.074019
1678843228425 -1.116397 -0.236785 -0.449762 0.045535 0.827356 0.555178 -0.072020
1678843228445 -1.114689 -0.236292 -0.422257 0.053912 0.820369 0.564632 -0.072658
1678843228487 -1.111818 -0.234073 -0.394316 0.059887 0.817958 0.567039 -0.076318
1678843228550 -1.107471 -0.229947 -0.369235 0.063116 0.820233 0.562405 -0.083277
1678843228582 -1.096964 -0.221848 -0.312501 0.071367 0.821074 0.559449 -0.088097
1678843228634 -1.085690 -0.219375 -0.261991 0.078384 0.825844 0.551122 -0.090011
1678843228680 -1.079867 -0.221653 -0.234573 0.080128 0.826960 0.548970 -0.091376
1678843228746 -1.066660 -0.225525 -0.176097 0.082270 0.829823 0.543446 -0.096394
1678843228795 -1.058545 -0.229663 -0.145092 0.083613 0.832288 0.538944 -0.099221
1678843228818 -1.049696 -0.233121 -0.120192 0.085588 0.834465 0.534792 -0.101685
1678843228913 -1.010415 -0.244766 -0.037267 0.095669 0.842264 0.517976 -0.114625
1678843228941 -0.994200 -0.247425 -0.007098 0.097243 0.840890 0.517888 -0.123448
1678843228999 -0.978510 -0.253925 0.018568 0.102486 0.838030 0.519914 -0.129970
1678843229043 -0.943129 -0.261451 0.069506 0.115675 0.828433 0.527517 -0.148474
1678843229112 -0.901686 -0.265519 0.114555 0.141574 0.809939 0.543508 -0.168982
1678843229155 -0.881174 -0.265000 0.132334 0.149006 0.805129 0.544406 -0.182171
1678843229197 -0.857295 -0.261779 0.150052 0.152747 0.800927 0.544301 -0.197284
1678843229244 -0.834818 -0.259805 0.165167 0.158938 0.798177 0.541480 -0.210837
1678843229288 -0.787022 -0.256186 0.194790 0.170202 0.791515 0.533186 -0.245456
1678843229342 -0.733931 -0.255729 0.220090 0.183986 0.782586 0.524106 -0.281107
1678843229403 -0.713714 -0.252508 0.222939 0.188208 0.778008 0.520535 -0.297194
1678843229442 -0.661376 -0.255281 0.256932 0.198539 0.769305 0.514178 -0.323067
1678843229486 -0.636363 -0.257325 0.277331 0.200194 0.765749 0.509122 -0.338152
1678843229563 -0.582722 -0.260533 0.311046 0.209200 0.758108 0.498348 -0.364907
1678843229614 -0.531389 -0.259960 0.337944 0.236959 0.734465 0.499529 -0.393550
1678843229668 -0.505217 -0.254358 0.348474 0.248737 0.728616 0.493089 -0.405107
1678843229710 -0.445242 -0.246353 0.366411 0.259654 0.706534 0.490290 -0.439324
1678843229770 -0.414563 -0.243696 0.370562 0.266354 0.695878 0.484788 -0.458028
1678843229794 -0.382693 -0.238006 0.373848 0.272060 0.684219 0.477136 -0.479759
1678843229855 -0.320242 -0.236606 0.373140 0.295916 0.656378 0.462584 -0.517317
1678843229926 -0.252013 -0.242221 0.367662 0.324148 0.631852 0.443728 -0.546622
1678843229971 -0.186642 -0.247369 0.356612 0.346113 0.613287 0.426222 -0.567820
1678843230019 -0.151299 -0.250020 0.349191 0.351587 0.606850 0.417528 -0.577745
1678843230060 -0.119391 -0.249748 0.342218 0.354814 0.604935 0.407877 -0.584635
1678843230118 -0.056404 -0.255011 0.328140 0.363028 0.592476 0.395655 -0.600533
1678843230185 -0.001751 -0.254590 0.311097 0.374644 0.585353 0.378207 -0.611526
1678843230206 0.025867 -0.253663 0.302736 0.384940 0.570346 0.379368 -0.618553
1678843230244 0.050452 -0.250615 0.293441 0.394351 0.559352 0.375237 -0.625148
1678843230312 0.097969 -0.245961 0.271470 0.403384 0.533519 0.363948 -0.648213
1678843230367 0.140132 -0.243272 0.244081 0.412494 0.506609 0.344434 -0.674212
1678843230413 0.156657 -0.242778 0.231487 0.417450 0.488418 0.336989 -0.688202
1678843230467 0.192815 -0.244249 0.199882 0.428959 0.448286 0.314839 -0.718269
1678843230524 0.206973 -0.244732 0.185404 0.437192 0.425536 0.302716 -0.732219
1678843230582 0.233102 -0.249140 0.152389 0.453791 0.375564 0.272253 -0.760857
1678843230618 0.246780 -0.250189 0.136571 0.461205 0.350356 0.257888 -0.773327
1678843230667 0.265592 -0.256873 0.102735 0.484527 0.282123 0.229483 -0.795599
1678843230712 0.265905 -0.252551 0.089919 0.502268 0.251557 0.210415 -0.800107
1678843230750 0.267158 -0.249641 0.077374 0.514751 0.224578 0.188856 -0.805562
1678843230809 0.264338 -0.248869 0.055281 0.533288 0.171885 0.151896 -0.814240
1678843230874 0.256173 -0.245109 0.034255 0.536444 0.122787 0.125100 -0.825531
1678843230904 0.252743 -0.244966 0.021317 0.540263 0.097381 0.111481 -0.828375
1678843230970 0.246004 -0.243991 0.010456 0.542721 0.072996 0.098784 -0.830883
1678843231002 0.240729 -0.242583 -0.002101 0.545227 0.047892 0.087948 -0.832285
1678843231040 0.220554 -0.244866 -0.026590 0.551836 -0.000526 0.060480 -0.831756
1678843231114 0.195618 -0.244034 -0.051986 0.553088 -0.039897 0.033356 -0.831498
1678843231152 0.182839 -0.244429 -0.065881 0.552636 -0.058948 0.022152 -0.831040
1678843231210 0.157133 -0.245969 -0.098642 0.552252 -0.090496 0.001883 -0.828749
1678843231264 0.143540 -0.246368 -0.115729 0.550702 -0.102213 -0.005783 -0.828400
1678843231315 0.120674 -0.248157 -0.153102 0.546114 -0.119975 -0.020360 -0.828825
1678843231383 0.089879 -0.247885 -0.196710 0.540561 -0.131155 -0.030562 -0.830456
1678843231422 0.071712 -0.249225 -0.220048 0.537346 -0.135128 -0.032385 -0.831836
1678843231474 0.042990 -0.248303 -0.270720 0.532757 -0.141347 -0.031573 -0.833783
1678843231524 0.027811 -0.245301 -0.296140 0.533716 -0.149837 -0.027454 -0.831831
1678843231580 0.002746 -0.238111 -0.344537 0.526821 -0.153347 -0.022262 -0.835732
1678843231629 -0.019884 -0.236249 -0.392516 0.531352 -0.154402 -0.024693 -0.832595
1678843231686 -0.029636 -0.232988 -0.415500 0.531131 -0.152743 -0.025396 -0.833021
1678843231722 -0.040961 -0.230386 -0.439043 0.529023 -0.153833 -0.022977 -0.834232
1678843231812 -0.064624 -0.230852 -0.504912 0.528271 -0.155083 -0.026623 -0.834368
1678843231866 -0.077605 -0.238461 -0.550665 0.533227 -0.160829 -0.034127 -0.829842
1678843231900 -0.082900 -0.242490 -0.573579 0.534014 -0.164272 -0.036111 -0.828577
1678843231956 -0.088056 -0.247175 -0.597321 0.533183 -0.166656 -0.037058 -0.828594
1678843232000 -0.096631 -0.256358 -0.651888 0.533818 -0.174331 -0.038724 -0.826527
1678843232043 -0.101250 -0.261485 -0.679491 0.535114 -0.178407 -0.039995 -0.824757
1678843232089 -0.106789 -0.264287 -0.708059 0.535444 -0.182947 -0.041372 -0.823480
1678843232143 -0.115402 -0.271757 -0.768710 0.542685 -0.194895 -0.050510 -0.815449
1678843232215 -0.126043 -0.271617 -0.829338 0.551548 -0.206649 -0.064341 -0.805575
1678843232250 -0.130303 -0.268394 -0.856837 0.552440 -0.209579 -0.071061 -0.803640
1678843232303 -0.140864 -0.263107 -0.907615 0.554505 -0.217056 -0.080291 -0.799352
1678843232345 -0.147682 -0.261427 -0.931938 0.557286 -0.220064 -0.085473 -0.796052
1678843232400 -0.164299 -0.257283 -0.977355 0.552642 -0.227765 -0.096445 -0.795869
1678843232444 -0.173714 -0.256572 -0.999192 0.550972 -0.230784 -0.104363 -0.795158
1678843232493 -0.182355 -0.255273 -1.019999 0.550026 -0.233592 -0.112115 -0.793938
1678843232530 -0.205850 -0.256575 -1.063753 0.545157 -0.243100 -0.121344 -0.793084
1678843232609 -0.219000 -0.257986 -1.085738 0.542704 -0.246004 -0.125836 -0.793171
1678843232641 -0.246758 -0.262042 -1.131407 0.538253 -0.250004 -0.129149 -0.794420
1678843232704 -0.278396 -0.266652 -1.179343 0.532644 -0.251595 -0.131127 -0.797368
1678843232748 -0.295399 -0.267396 -1.203257 0.530748 -0.251177 -0.131674 -0.798673
1678843232810 -0.330079 -0.268177 -1.251238 0.530015 -0.245554 -0.135046 -0.800343
1678843232854 -0.348147 -0.268448 -1.275887 0.533448 -0.245626 -0.135074 -0.798033
1678843232905 -0.383446 -0.264617 -1.319354 0.534875 -0.238177 -0.131479 -0.799933
1678843232987 -0.399625 -0.262463 -1.340944 0.534360 -0.238110 -0.126244 -0.801140
1678843232998 -0.430582 -0.259766 -1.381346 0.540084 -0.239797 -0.118175 -0.798023
1678843233050 -0.446459 -0.258173 -1.400750 0.541701 -0.241609 -0.114922 -0.796855
1678843233084 -0.462257 -0.256122 -1.418270 0.541953 -0.241878 -0.113910 -0.796747
1678843233127 -0.478079 -0.256238 -1.437114 0.541139 -0.243079 -0.112967 -0.797069
1678843233185 -0.508208 -0.258629 -1.473395 0.543183 -0.247239 -0.112855 -0.794411
1678843233240 -0.539975 -0.264591 -1.512897 0.547442 -0.252534 -0.113624 -0.789698
1678843233285 -0.556170 -0.268370 -1.532790 0.548695 -0.254835 -0.112947 -0.788185
