# Created at Tue Mar 14 18:19:40 MST 2023
1678843181320 0.077580 -0.020159 -0.052534
1678843181324 -0.178373 0.053145 -0.204640
1678843181327 -0.130114 -0.004887 -0.103236
1678843181332 0.076969 0.015272 -0.065973
1678843181342 0.022602 0.040317 -0.184481
1678843181347 0.023213 0.011606 -0.205251
1678843181351 -0.039095 0.304822 -0.280998
1678843181354 -0.013439 0.346971 -0.226631
1678843181358 0.089186 0.084910 -0.260839
1678843181361 0.190590 -0.042150 -0.161268
1678843181365 0.041539 0.051313 -0.084910
1678843181368 -0.131947 0.129503 -0.084910
1678843181373 -0.105069 -0.004276 -0.089186
1678843181376 0.045815 -0.304822 -0.117286
1678843181379 0.098960 -0.188757 -0.127671
1678843181382 -0.012828 -0.037874 -0.145386
1678843181385 -0.199142 -0.080023 -0.180205
1678843181387 -0.237627 -0.057421 -0.202196
1678843181392 -0.166766 0.023213 -0.244346
1678843181395 -0.175929 0.122173 -0.312763
1678843181398 -0.259007 0.005498 -0.404393
1678843181402 -0.277944 -0.128893 -0.412334
1678843181427 -0.112399 -0.182649 -0.274889
1678843181460 0.070250 -0.119119 -0.152105
1678843181514 0.092241 -0.245568 -0.175929
1678843181519 0.031765 -0.193033 -0.168599
1678843181530 0.032987 0.021380 -0.084299
1678843181570 0.047647 -0.015882 -0.025045
1678843181592 0.047037 -0.045815 -0.021991
1678843181620 0.077580 -0.206472 -0.007330
1678843181633 -0.114232 -0.019548 0.084299
1678843181671 -0.379347 0.121562 0.240070
1678843181687 -0.475253 -0.060476 0.340252
1678843181710 -0.539394 -0.134390 0.309098
1678843181735 -0.398895 -0.131336 0.156992
1678843181758 0.109345 -0.500299 -0.039706
1678843181784 0.483805 -0.618196 -0.202196
1678843181819 0.602924 -0.412945 -0.259007
1678843181883 0.365297 -0.205862 -0.200975
1678843181894 -0.020769 -0.092241 -0.109956
1678843181900 -0.147829 -0.047647 -0.090408
1678843181913 -0.170431 0.026267 0.007330
1678843181941 -0.257174 0.040928 0.224188
1678843181964 -0.226631 -0.299324 0.367130
1678843181989 0.072082 -0.567494 0.296881
1678843182019 0.339030 -0.589485 0.106291
1678843182042 0.326202 -0.189368 0.113621
1678843182068 0.069639 0.073304 0.207694
1678843182091 -0.057421 -0.045815 0.170431
1678843182118 0.076969 -0.158214 0.086743
1678843182144 0.202807 0.058032 0.014050
1678843182171 0.314596 0.296881 0.018937
1678843182222 0.270002 0.293215 -0.017104
1678843182226 0.116064 0.196699 -0.225409
1678843182257 -0.249233 0.283441 -0.279776
1678843182276 -0.357967 -0.258396 -0.500299
1678843182296 -0.287718 -0.379347 -0.739147
1678843182322 -0.313985 0.392786 -0.695776
1678843182353 -0.370795 0.671341 -0.576657
1678843182378 -0.172264 -0.021380 -0.689667
1678843182400 0.294437 -0.807564 -0.777631
1678843182424 0.447153 -0.425773 -0.905913
1678843182451 0.126449 0.613920 -0.837496
1678843182505 -0.120340 1.021978 -0.761749
1678843182512 0.141721 0.503353 -0.626748
1678843182534 0.673784 -0.243735 -0.425162
1678843182560 0.755640 -0.037263 -0.290161
1678843182595 0.549779 0.200975 -0.337198
1678843182608 0.308487 0.098960 -0.306654
1678843182648 0.231518 -0.072082 -0.141721
1678843182663 0.169210 0.146608 0.017104
1678843182702 0.140499 0.381791 0.147219
1678843182712 0.021380 0.261450 0.223577
1678843182747 -0.082467 0.210749 0.298102
1678843182758 0.022602 0.273057 0.369573
1678843182804 0.067195 0.426995 0.334143
1678843182816 -0.131947 0.445321 0.109956
1678843182834 -0.280998 0.360410 0.395841
1678843182860 -0.452040 -0.280387 0.428217
1678843182884 -0.532674 -0.497244 0.652404
1678843182919 -0.536340 -0.590707 0.867429
1678843182951 -0.746477 -0.420275 0.855822
1678843182964 -0.841772 -0.573602 0.641409
1678843182988 -0.215025 -0.698219 0.419054
1678843183024 0.433714 0.263283 0.324369
1678843183066 0.477086 0.727540 0.170431
1678843183069 -0.091019 0.957837 0.150884
1678843183090 -0.607811 1.269378 0.510072
1678843183118 -0.865596 1.651780 0.780686
1678843183143 -0.516792 0.634689 0.666454
1678843183166 0.200364 -0.370795 0.908967
1678843183191 0.293826 -0.208916 0.896750
1678843183245 0.025656 -0.139277 0.658513
1678843183248 -0.134390 -0.392175 0.696386
1678843183268 -0.386067 -0.573602 0.461814
1678843183295 -0.268170 -0.189979 0.403782
1678843183322 -0.098349 0.262672 0.363465
1678843183352 0.111177 0.070250 0.178373
1678843183371 0.254120 0.119119 0.043982
1678843183405 0.411112 -0.595594 -0.200364
1678843183424 0.529009 -1.463633 -0.318261
1678843183473 0.615752 -1.440420 -0.391565
1678843183485 0.354913 -0.452651 -0.545503
1678843183508 0.246179 0.288939 -0.582765
1678843183546 0.563218 -0.243735 -0.558942
1678843183552 0.870483 -1.516168 -0.833220
1678843183577 0.719599 -1.004262 -0.889420
1678843183608 0.386678 0.202196 -0.681115
1678843183633 0.146608 0.537561 -0.549168
1678843183661 0.099571 -0.086743 -0.474642
1678843183678 0.057421 -0.682336 -0.359800
1678843183706 0.001222 -0.555887 -0.231518
1678843183729 0.031765 -0.129503 -0.229074
1678843183759 -0.005498 0.167988 -0.274889
1678843183782 -0.128282 0.165544 -0.165544
1678843183813 -0.127671 0.031765 0.042150
1678843183842 -0.101404 0.403171 0.380569
1678843183857 -0.164934 0.813062 0.425773
1678843183883 -0.219911 0.744645 0.021380
1678843183960 -0.175318 0.707993 0.323148
1678843183974 -0.269392 0.667065 0.717767
1678843183978 -0.491136 0.543059 0.766025
1678843183985 -0.557720 -0.249233 0.556498
1678843184011 -0.458149 -0.141721 0.483194
1678843184036 -0.270613 0.525955 0.654237
1678843184075 -0.323148 0.674395 0.832609
1678843184093 -0.635300 -0.028711 0.871705
1678843184114 -0.606589 -0.718988 0.721432
1678843184145 -0.215025 -0.649961 0.424551
1678843184167 0.063530 -0.003054 0.273668
1678843184211 0.246179 0.382402 0.599259
1678843184215 0.224798 0.380569 1.026865
1678843184250 0.189368 0.687223 1.280374
1678843184267 0.434936 1.089173 1.348180
1678843184311 0.833831 1.059240 1.469131
1678843184331 0.728762 0.894918 1.480127
1678843184348 -0.079412 0.551000 1.162477
1678843184369 -0.496633 -0.343306 0.883311
1678843184411 -0.551611 -0.456927 0.643241
1678843184431 -0.475253 -0.010996 0.528398
1678843184454 -0.473421 -0.464258 0.318261
1678843184471 -0.632246 -0.743423 -0.013439
1678843184509 -0.551000 -0.613309 -0.241292
1678843184549 -0.315206 -0.670119 -0.205251
1678843184553 -0.350026 -0.750143 -0.128282
1678843184584 -0.569937 -0.064141 -0.104458
1678843184599 -0.177151 0.296881 0.174707
1678843184626 0.189979 -0.121562 0.217468
1678843184650 0.282831 -0.689667 -0.130725
1678843184676 0.269392 -0.454484 -0.285274
1678843184709 0.073304 0.349415 -0.280387
1678843184727 -0.054367 0.866207 -0.067195
1678843184763 0.021380 0.472810 0.113621
1678843184779 0.260229 0.092852 0.196088
1678843184817 0.295659 0.087965 0.215635
1678843184833 0.100793 0.249233 0.324369
1678843184861 -0.123395 0.438601 0.380569
1678843184884 -0.027489 0.495412 0.488081
1678843184919 0.149051 0.451429 0.477086
1678843184937 0.198531 0.491747 0.407447
1678843184975 0.157603 0.603535 0.428217
1678843184988 0.059865 0.466701 0.495412
1678843185010 -0.055589 0.290161 0.601091
1678843185033 -0.267559 0.402560 0.720821
1678843185060 -0.489303 0.536340 0.806342
1678843185084 -0.646906 0.090408 0.793514
1678843185112 -0.811840 -0.024435 0.852157
1678843185136 -0.577268 0.604757 1.108110
1678843185162 -0.230907 1.235780 1.258993
1678843185202 0.133779 0.777631 0.993878
1678843185214 0.554666 -0.500910 0.525955
1678843185258 0.685391 -0.733649 0.209527
1678843185263 0.521068 -0.100182 0.188147
1678843185289 0.227853 0.527788 0.396452
1678843185317 0.020769 0.395230 0.701884
1678843185340 -0.102014 -0.047037 0.966389
1678843185366 -0.099571 -0.201586 1.060462
1678843185403 -0.008552 -0.058643 1.050688
1678843185422 0.091630 0.167377 1.065349
1678843185452 0.103847 0.212581 1.084286
1678843185469 0.053145 0.081856 0.979828
1678843185513 -0.086132 0.177151 0.868039
1678843185526 -0.283441 0.368963 0.830777
1678843185554 -0.390343 0.274889 0.836885
1678843185572 -0.477697 0.062308 0.612698
1678843185612 -0.458149 0.056200 0.315206
1678843185630 -0.309098 0.135001 0.045815
1678843185660 -0.138056 0.293826 -0.141721
1678843185678 0.040928 0.466090 -0.098960
1678843185699 -0.148440 0.314596 0.005498
1678843185726 -0.430660 0.370795 0.155160
1678843185779 -0.408058 0.204640 0.266337
1678843185795 0.211970 -0.576046 0.037263
1678843185804 0.546724 -0.605978 -0.262672
1678843185828 0.324369 0.149662 -0.392175
1678843185853 -0.045204 0.745866 -0.263283
1678843185878 -0.144164 0.492357 -0.279776
1678843185904 0.050702 -0.182649 -0.367130
1678843185932 0.119119 -0.314596 -0.410501
1678843185955 0.215025 0.328645 -0.226631
1678843185982 0.445321 0.802677 0.017104
1678843186021 0.417221 0.682947 0.214414
1678843186057 0.206472 0.177151 0.420275
1678843186073 -0.023213 -0.001222 0.533285
1678843186084 0.007941 0.254731 0.634078
1678843186121 0.086132 0.379958 0.667065
1678843186136 0.110567 0.233961 0.622472
1678843186169 0.020159 0.114232 0.577879
1678843186187 -0.028100 0.109956 0.667065
1678843186220 -0.010996 -0.202196 0.721432
1678843186252 -0.221133 -0.254120 0.751975
1678843186266 -0.629191 0.086743 0.916298
1678843186288 -0.655458 0.567494 1.293202
1678843186313 -0.417832 0.041539 1.436144
1678843186349 -0.404393 -0.765414 1.291980
1678843186364 -0.379347 -0.621250 1.139264
1678843186395 -0.313374 0.136834 0.952950
1678843186416 -0.080634 0.530231 0.810007
1678843186450 -0.006720 0.341474 0.806953
1678843186486 0.028711 0.280998 0.846659
1678843186496 0.056810 0.430660 0.924850
1678843186542 0.087965 0.496633 1.078177
1678843186556 -0.021380 0.390954 1.174694
1678843186572 -0.177762 0.266948 1.209513
1678843186594 -0.290161 0.153938 1.227839
1678843186643 -0.409891 0.125838 1.191187
1678843186669 -0.389732 0.059254 1.071458
1678843186676 -0.280998 -0.041539 0.857655
1678843186699 -0.094073 -0.043371 0.590096
1678843186722 0.056200 0.124617 0.315206
1678843186749 0.335365 0.245568 0.041539
1678843186775 0.613309 0.554666 -0.094073
1678843186800 0.422719 0.993267 0.214414
1678843186835 -0.290772 0.687834 0.814283
1678843186872 -0.867429 0.034208 1.276708
1678843186892 -0.668287 -0.666454 1.213789
1678843186901 -0.036652 -0.494801 0.712880
1678843186926 0.357967 0.540616 0.402560
1678843186954 0.259618 1.459968 0.310930
1678843186986 0.038485 1.392162 0.477086
1678843187003 0.135612 0.390343 0.750143
1678843187030 0.274278 -0.208305 0.843605
1678843187056 0.342085 -0.021380 0.748310
1678843187086 0.352469 0.406225 0.657902
1678843187108 0.200975 0.615752 0.778853
1678843187133 -0.133779 0.552833 0.926683
1678843187159 -0.284052 0.418443 0.991434
1678843187182 -0.164934 0.354913 0.980439
1678843187211 0.014050 0.361632 0.985937
1678843187235 0.046426 0.215025 1.000597
1678843187260 -0.102625 0.244346 1.036638
1678843187285 -0.230296 0.448986 1.106888
1678843187310 -0.216857 0.617585 1.105666
1678843187335 -0.032987 0.310930 1.106888
1678843187362 -0.208305 0.178984 1.172250
1678843187386 -0.574213 0.412334 1.326799
1678843187413 -0.934013 1.503950 1.543656
1678843187438 -0.904691 1.601689 1.704925
1678843187463 -0.379347 -0.163101 1.566869
1678843187491 -0.155160 -1.039693 1.229061
1678843187519 -0.099571 -0.476475 0.995099
1678843187541 0.023213 0.518625 0.917520
1678843187573 0.161879 0.674395 1.006095
1678843187591 0.067806 0.226631 1.220509
1678843187617 -0.113010 -0.080634 1.371392
1678843187669 -0.205862 0.046426 1.425759
1678843187685 -0.247400 0.226020 1.369560
1678843187693 -0.129503 0.051924 1.219898
1678843187719 -0.050091 -0.053756 1.064738
1678843187751 -0.067806 0.127671 0.938900
1678843187778 -0.070860 0.227242 0.838107
1678843187809 -0.102014 0.152105 0.693943
1678843187822 -0.139277 0.064752 0.494801
1678843187852 -0.010996 0.248011 0.268781
1678843187875 0.163101 0.353080 0.174707
1678843187898 0.098960 -0.117286 0.326813
1678843187926 -0.274278 0.303600 0.589485
1678843187952 -0.354913 0.789849 0.707382
1678843187978 0.211970 0.448986 0.571159
1678843188010 0.651793 -0.300546 0.486860
1678843188025 0.598648 -0.193033 0.415999
1678843188066 0.323759 0.417832 0.383623
1678843188079 0.172875 0.859487 0.299324
1678843188102 0.324980 0.888809 0.466701
1678843188128 0.403171 0.631024 0.729984
1678843188155 0.368352 0.657902 0.887587
1678843188181 0.345139 0.725097 0.824057
1678843188207 0.495412 0.770301 0.849103
1678843188239 0.495412 0.832609 0.864985
1678843188264 0.310320 0.819781 0.868650
1678843188287 0.213192 0.807564 0.937678
1678843188311 0.160047 0.677450 0.938900
1678843188332 0.015272 0.480140 0.902859
1678843188359 -0.016493 0.037263 0.844827
1678843188401 0.065363 0.176540 0.897361
1678843188420 0.015882 0.621861 0.931570
1678843188446 -0.224188 0.576657 0.923017
1678843188459 -0.312763 0.169821 0.835664
1678843188486 -0.353691 0.210749 0.806953
1678843188511 -0.671952 0.331089 0.957226
1678843188538 -0.924239 0.428827 1.007928
1678843188566 -0.770301 0.480140 0.897361
1678843188609 -0.197920 -0.045815 0.812451
1678843188621 0.029322 -0.146608 0.681726
1678843188643 -0.172264 0.015882 0.586431
1678843188666 -0.397062 0.148440 0.622472
1678843188691 -0.405004 0.216857 0.643852
1678843188716 -0.183870 0.089186 0.638354
1678843188746 0.015882 -0.003054 0.668897
1678843188767 -0.059865 -0.013439 0.683558
1678843188805 -0.168599 0.056810 0.711658
1678843188822 -0.156992 0.035430 0.755640
1678843188855 -0.072082 -0.074526 0.749532
1678843188871 -0.076969 -0.018937 0.726319
1678843188896 -0.158825 0.127671 0.707993
1678843188921 -0.170431 0.070250 0.642019
1678843188951 -0.141110 -0.017104 0.540005
1678843188975 -0.061087 0.028100 0.357356
1678843188998 0.007941 0.172264 0.189979
1678843189022 -0.073915 -0.070860 0.150273
1678843189054 -0.419054 0.360410 0.317650
1678843189104 -0.272446 0.539394 0.381791
1678843189117 -0.015272 0.450208 0.240070
1678843189128 -0.004276 -0.050091 0.108123
1678843189152 0.144775 -0.424551 0.054978
1678843189178 0.040317 0.040317 -0.027489
1678843189206 -0.187536 0.831388 -0.139888
1678843189229 -0.015882 0.890031 -0.145997
1678843189260 0.332311 0.313985 0.042150
1678843189280 0.340252 0.115454 0.167988
1678843189306 0.165544 0.192423 0.213803
1678843189345 0.150884 0.173486 0.229074
1678843189364 0.204029 0.079412 0.243124
1678843189392 0.064752 0.214414 0.233961
1678843189408 -0.064141 0.381180 0.292604
1678843189458 -0.118508 0.343306 0.385456
1678843189464 -0.173486 0.336587 0.478307
1678843189494 -0.108123 0.309709 0.539394
1678843189518 0.033598 0.194866 0.600481
1678843189540 -0.048869 0.295659 0.735482
1678843189564 -0.255953 0.384845 0.845438
1678843189587 -0.290161 0.079412 0.866207
1678843189613 -0.466090 0.296881 0.907746
1678843189652 -0.740369 0.717767 1.133155
1678843189674 -0.788627 0.791071 1.220509
1678843189688 -0.455095 -0.025045 1.007928
1678843189714 0.120951 -0.762971 0.732427
1678843189741 0.266337 -0.390954 0.560774
1678843189765 0.096517 0.436158 0.537561
1678843189792 -0.268781 0.732427 0.727540
1678843189817 -0.374460 0.246179 0.784351
1678843189852 -0.076969 -0.123395 0.705549
1678843189869 0.235794 0.071471 0.613309
1678843189898 0.128893 0.329256 0.561996
1678843189921 -0.122173 0.190590 0.510072
1678843189959 -0.156382 -0.131947 0.372628
1678843189980 0.030543 -0.097128 0.138666
1678843189995 0.186925 0.052534 -0.035430
1678843190022 0.200975 -0.014050 -0.282220
1678843190046 0.331700 -0.233961 -0.606589
1678843190083 0.601702 -0.793514 -0.891863
1678843190099 0.519235 -0.769079 -0.913854
1678843190123 -0.508851 0.474642 -0.753808
1678843190149 -0.708604 0.683558 -0.711047
1678843190175 0.307265 -0.415388 -0.783740
1678843190205 0.615141 -0.560163 -0.923628
1678843190228 0.287107 0.136223 -0.904081
1678843190255 -0.009774 0.310320 -0.725097
1678843190276 0.249844 -0.272446 -0.576657
1678843190316 0.408058 -0.198531 -0.635911
1678843190330 0.390954 0.183260 -0.760527
1678843190363 0.257785 0.155771 -0.788627
1678843190382 0.133779 -0.182038 -0.609644
1678843190407 0.021380 -0.279776 -0.499688
1678843190430 -0.056810 -0.167377 -0.499077
1678843190463 -0.026267 -0.108123 -0.485638
1678843190525 0.067195 -0.139888 -0.444710
1678843190529 0.221744 -0.166155 -0.489303
1678843190533 0.392786 -0.230296 -0.533285
1678843190559 0.305433 -0.212581 -0.495412
1678843190584 0.171653 -0.216246 -0.393397
1678843190612 0.144164 -0.178373 -0.284052
1678843190635 0.265116 -0.238237 -0.332922
1678843190661 0.457538 -0.700662 -0.339030
1678843190698 -0.034819 -0.386678 -0.247400
1678843190726 -0.639576 0.182038 -0.006109
1678843190753 -0.491136 -0.240681 0.089797
1678843190768 0.219301 -0.799012 -0.197309
1678843190791 0.345139 -0.317039 -0.440434
1678843190816 0.122784 0.267559 -0.380569
1678843190852 0.074526 0.091630 -0.248622
1678843190865 0.362243 -0.334143 -0.251066
1678843190893 0.612698 -0.145997 -0.177151
1678843190918 0.384845 0.140499 -0.007941
1678843190945 -0.071471 0.071471 0.218690
1678843190968 -0.137445 -0.178984 0.318872
1678843191001 0.022602 -0.284052 0.216857
1678843191040 0.296270 -0.033598 0.147829
1678843191049 0.401949 0.183260 0.153327
1678843191071 0.333532 0.227853 -0.013439
1678843191105 0.407447 0.029322 0.064141
1678843191123 0.431271 -0.017104 0.572992
1678843191161 0.186925 -0.007941 0.813672
1678843191178 -0.099571 -0.158825 0.654237
1678843191198 -0.198531 -0.066584 0.527177
1678843191223 -0.186925 0.012217 0.572992
1678843191259 -0.142332 -0.408058 0.409891
1678843191283 -0.147829 -0.744645 0.165544
1678843191309 -0.384234 -0.037874 0.103236
1678843191326 -0.822836 1.251052 0.326813
1678843191366 -0.123395 0.175929 0.435547
1678843191377 0.644463 -0.894918 0.319483
1678843191406 0.145386 0.263894 0.193644
1678843191428 -0.654848 1.432479 0.348193
1678843191454 -0.632246 0.683558 0.650571
1678843191479 -0.037874 -0.320093 0.700052
1678843191520 0.222966 0.349415 0.519846
1678843191532 0.055589 0.850935 0.515570
1678843191558 -0.166155 0.492968 0.701273
1678843191583 -0.276722 0.199753 0.874759
1678843191611 -0.251676 0.369573 0.874759
1678843191634 -0.178373 0.937678 0.901026
1678843191673 -0.069639 0.855822 0.995710
1678843191686 0.083689 0.384845 1.187522
1678843191711 0.141721 0.358578 1.265102
1678843191739 0.048869 0.839329 1.282817
1678843191761 0.098960 0.874759 1.276098
1678843191786 0.238237 0.687223 1.263269
1678843191813 0.188147 0.864985 1.256550
1678843191842 -0.043371 1.010982 1.334130
1678843191866 -0.276722 0.966389 1.445918
1678843191900 -0.329867 0.159436 1.629789
1678843191917 -0.426995 0.257785 1.797776
1678843191940 -0.375071 0.875370 1.615739
1678843191966 -0.384845 0.776410 1.411710
1678843191991 -0.249844 0.120951 1.345736
1678843192023 0.094684 -0.696997 1.084897
1678843192052 0.177151 -0.264505 0.779464
1678843192068 -0.169210 0.643241 0.734871
1678843192105 -0.543059 0.710436 1.095892
1678843192117 -0.483805 0.023213 1.127657
1678843192153 -0.089186 -0.139277 0.852157
1678843192191 0.204029 0.485027 0.689056
1678843192211 0.183260 0.830166 0.609033
1678843192220 -0.003665 0.522901 0.669508
1678843192251 -0.145386 0.097738 0.794125
1678843192276 -0.377515 0.242514 0.799623
1678843192298 -0.554055 0.621861 0.684780
1678843192323 -0.519235 0.525955 0.557109
1678843192370 -0.215025 0.285274 0.444099
1678843192398 0.034819 0.269392 0.364076
1678843192405 0.032376 0.290161 0.320704
1678843192426 -0.096517 0.194866 0.387899
1678843192450 -0.213192 0.144775 0.524122
1678843192482 -0.295048 0.058643 0.560163
1678843192504 -0.285885 0.006720 0.510072
1678843192528 -0.215025 -0.031765 0.395841
1678843192575 0.000000 -0.230296 0.311541
1678843192587 0.232129 -0.433103 0.307265
1678843192609 0.054978 0.554055 0.228464
1678843192630 0.009163 1.682934 0.312152
1678843192659 0.609033 0.518625 0.307265
1678843192688 0.535729 -0.470366 0.207083
1678843192714 -0.195477 0.059254 0.296881
1678843192747 -0.464868 0.563829 0.350026
1678843192759 -0.186314 0.245568 0.500910
1678843192783 0.081245 -0.249233 0.655458
1678843192810 -0.078191 -0.119119 0.661567
1678843192836 -0.267559 0.359800 0.700662
1678843192864 -0.080023 0.390343 0.701884
1678843192887 0.185703 0.243124 0.676228
1678843192925 0.115454 0.401338 0.697608
1678843192939 -0.109956 0.665843 0.805120
1678843192965 -0.127671 0.611476 0.891252
1678843192989 0.050091 0.358578 1.018312
1678843193039 0.125227 0.260229 1.054353
1678843193044 0.010385 0.376293 1.045801
1678843193070 -0.043371 0.609033 1.156979
1678843193091 -0.084910 0.627359 1.282817
1678843193116 -0.120951 0.508240 1.335962
1678843193147 -0.132558 0.255342 1.334741
1678843193167 -0.618196 0.402560 1.503339
1678843193196 -1.230283 0.215635 1.824654
1678843193218 -1.319469 -0.191812 1.908343
1678843193248 -0.896139 -0.437990 1.768455
1678843193270 -0.447764 -0.224188 1.636508
1678843193301 -0.312152 0.219911 1.472185
1678843193324 -0.454484 0.279165 1.375669
1678843193370 -0.529620 0.159436 1.422705
1678843193385 -0.316428 0.222966 1.539991
1678843193401 -0.124617 0.350026 1.592526
1678843193424 -0.109956 0.332311 1.531439
1678843193450 -0.053145 0.169210 1.359175
1678843193505 0.161268 0.202807 1.285260
1678843193519 0.210138 0.390954 1.280374
1678843193527 0.111177 0.548557 1.238224
1678843193554 0.215635 0.412334 1.175305
1678843193586 0.204029 0.262061 1.133155
1678843193615 -0.049480 0.268781 1.153314
1678843193656 -0.196699 0.235794 1.144761
1678843193664 -0.128282 0.168599 1.014647
1678843193682 0.100793 0.251676 0.776410
1678843193715 0.361021 0.456316 0.530842
1678843193728 0.408669 0.813062 0.386678
1678843193767 0.174707 0.781907 0.485027
1678843193806 -0.383623 0.395230 0.654848
1678843193810 -0.540616 0.205862 0.730595
1678843193832 -0.061087 0.101404 0.622472
1678843193866 0.394008 0.061697 0.324369
1678843193884 0.196699 0.472810 0.189368
1678843193916 -0.207694 0.841772 0.208916
1678843193932 -0.147219 0.734871 0.407447
1678843193964 0.215635 0.229074 0.502742
1678843194001 0.378126 0.088575 0.364076
1678843194014 0.433714 0.287107 0.298102
1678843194033 0.271224 0.505186 0.414777
1678843194058 -0.013439 0.518014 0.591318
1678843194083 -0.083078 0.237627 0.701273
1678843194118 -0.041539 0.244346 0.728151
1678843194147 0.019548 0.513738 0.699441
1678843194165 0.019548 0.558331 0.625526
1678843194201 0.058643 0.335365 0.601702
1678843194216 0.109345 0.286496 0.593761
1678843194254 0.034819 0.511294 0.583987
1678843194268 -0.053145 0.640798 0.548557
1678843194311 -0.034208 0.473421 0.615141
1678843194316 -0.075136 0.064752 0.777021
1678843194339 -0.414777 0.416610 0.983493
1678843194373 -0.454484 0.553444 1.167364
1678843194389 -0.536951 0.450819 1.102001
1678843194422 -0.398895 0.274278 1.001819
1678843194460 -0.141721 0.099571 0.910189
1678843194485 0.208916 -0.043371 0.699441
1678843194492 0.220522 0.080634 0.530842
1678843194516 0.004887 0.197309 0.557720
1678843194553 -0.233961 0.284663 0.654237
1678843194569 -0.238848 0.169210 0.706771
1678843194593 -0.144775 -0.125227 0.668287
1678843194619 0.026878 -0.041539 0.600481
1678843194647 0.236405 0.172264 0.444099
1678843194685 0.294437 0.092852 0.398895
1678843194696 0.183870 -0.013439 0.406225
1678843194719 0.102014 -0.071471 0.398895
1678843194754 0.147829 -0.020769 0.345750
1678843194792 0.147219 0.025656 0.270002
1678843194805 0.035430 -0.027489 0.174707
1678843194823 0.031154 -0.029322 0.149051
1678843194846 -0.135001 -0.124617 0.195477
1678843194879 -0.287718 -0.223577 0.199142
1678843194900 -0.094073 -0.248011 -0.014661
1678843194923 0.056810 -0.173486 -0.175929
1678843194949 -0.136834 -0.040317 0.007941
1678843194975 -0.464868 -0.176540 0.155771
1678843195009 -0.313374 -0.509462 0.062308
1678843195027 -0.231518 -0.515570 -0.058032
1678843195056 -0.304211 0.063530 -0.285274
1678843195077 -0.395230 0.525344 -0.449597
1678843195103 -0.039706 0.069028 -0.417832
1678843195129 0.318872 -0.378736 -0.328035
1678843195158 0.282220 -0.202807 -0.370795
1678843195181 0.261450 0.091019 -0.343917
1678843195211 0.405615 -0.043982 -0.140499
1678843195235 0.364076 -0.200364 0.167988
1678843195267 0.160658 -0.072082 0.323759
1678843195282 0.035430 0.074526 0.300546
1678843195320 0.089797 0.108123 0.287718
1678843195359 0.178373 -0.098349 0.405004
1678843195363 0.076969 -0.175929 0.491747
1678843195384 -0.020159 -0.121562 0.558331
1678843195410 -0.004276 -0.040928 0.632246
1678843195430 0.034819 -0.007330 0.663400
1678843195464 0.158825 -0.214414 0.574824
1678843195494 -0.058032 0.188147 0.518625
1678843195523 -0.737925 0.452040 0.914465
1678843195536 -1.114829 0.302378 1.161255
1678843195557 -0.475253 -0.424551 0.908357
1678843195584 0.506407 -0.657902 0.244957
1678843195611 0.716545 0.128893 -0.110567
1678843195634 0.348804 0.723875 -0.060476
1678843195659 -0.010385 0.366519 0.153938
1678843195684 0.009163 -0.226631 0.443488
1678843195718 0.140499 -0.243124 0.616363
1678843195752 0.040928 0.181427 0.655458
1678843195770 -0.021991 0.086743 0.679282
1678843195786 0.048869 -0.088575 0.748310
1678843195815 0.108123 -0.017104 0.797179
1678843195840 0.065973 0.076358 0.643852
1678843195863 0.050091 -0.028711 0.461203
1678843195887 0.004276 0.082467 0.430049
1678843195926 0.007941 0.271835 0.298713
1678843195963 0.011606 0.204029 0.020769
1678843195978 -0.109345 0.015882 -0.182038
1678843195990 -0.247400 -0.099571 -0.085521
1678843196015 -0.455705 0.355524 -0.017104
1678843196043 -0.539394 0.250455 0.061697
1678843196073 -0.456927 -0.087354 0.005498
1678843196104 -0.097128 -0.480751 -0.081245
1678843196117 0.321926 -0.532674 -0.199753
1678843196153 0.373850 -0.263894 -0.409280
1678843196174 0.055589 0.313985 -0.542448
1678843196190 -0.112399 0.588263 -0.492968
1678843196215 0.109345 0.355524 -0.254731
1678843196256 0.353080 0.120951 -0.070250
1678843196271 0.363465 0.097738 -0.041539
1678843196296 0.289550 0.197920 0.024435
1678843196314 0.229074 0.234572 0.055589
1678843196339 0.172875 0.199753 0.048869
1678843196366 0.113621 0.296270 0.058032
1678843196390 0.145386 0.505796 0.096517
1678843196416 0.208305 0.758084 0.080634
1678843196441 0.219301 0.695776 0.076969
1678843196473 0.260839 0.598648 0.108734
1678843196491 0.136834 0.821003 0.169210
1678843196556 -0.137445 0.960280 0.332311
1678843196560 -0.230907 0.583376 0.560163
1678843196572 -0.152105 0.199753 0.629802
1678843196602 -0.205251 0.781297 0.582765
1678843196616 -0.536951 0.710436 0.789238
1678843196646 -0.972497 -0.123395 1.062295
1678843196674 -0.891252 -0.616363 1.223563
1678843196705 -0.462425 -0.304822 1.031751
1678843196735 -0.133169 -0.036652 0.812451
1678843196754 -0.165544 -0.032987 0.824057
1678843196769 -0.187536 -0.140499 0.787405
1678843196796 0.001222 -0.216857 0.711658
1678843196820 0.143553 -0.103236 0.638965
1678843196850 0.095295 0.048258 0.585820
1678843196886 0.022602 0.119730 0.601091
1678843196909 -0.010996 0.014050 0.579100
1678843196924 0.021380 -0.065973 0.509462
1678843196946 0.183870 0.035430 0.413556
1678843196992 0.252287 0.233961 0.287718
1678843197003 0.180816 0.325591 0.214414
1678843197034 0.119730 0.159436 0.163101
1678843197050 0.145997 -0.039706 0.087354
1678843197092 0.134390 0.174707 -0.008552
1678843197109 0.171653 0.053145 -0.059254
1678843197127 -0.054978 0.191812 0.010996
1678843197151 -0.218079 0.481973 0.226631
1678843197182 -0.152716 0.568716 0.234572
1678843197213 -0.115454 -0.312152 0.185092
1678843197228 0.026267 -0.849103 0.095295
1678843197253 0.028711 -0.263894 -0.208305
1678843197297 -0.189368 0.533285 -0.682336
1678843197315 0.082467 0.545503 -0.839329
1678843197330 0.400117 0.136223 -0.546724
1678843197356 0.304822 0.017104 -0.118508
1678843197382 -0.007941 0.070250 0.072693
1678843197414 -0.007941 -0.001222 0.161268
1678843197430 0.119730 0.029322 0.185092
1678843197456 0.183870 0.331089 0.199753
1678843197483 0.031154 0.828333 0.293215
1678843197521 -0.444099 0.811840 0.428217
1678843197539 -0.472199 0.444710 0.639576
1678843197574 -0.250455 0.054978 0.744645
1678843197587 -0.103847 0.218690 0.737314
1678843197608 -0.084910 0.411723 0.772745
1678843197633 -0.100793 0.176540 0.863763
1678843197661 -0.132558 -0.345139 0.969443
1678843197684 -0.332922 0.088575 1.066571
1678843197718 -0.521679 0.589485 1.398881
1678843197741 -0.385456 0.069639 1.466077
1678843197764 0.041539 -0.810618 1.302976
1678843197786 0.333532 -0.632856 1.092838
1678843197818 0.051313 0.040317 0.976163
1678843197855 -0.365908 0.270613 1.047634
1678843197874 -0.422108 0.040317 1.132544
1678843197886 -0.092241 -0.327424 1.021367
1678843197914 0.098960 -0.188757 0.841772
1678843197939 -0.001222 0.271224 0.778853
1678843197963 -0.080634 0.196088 0.751975
1678843197987 0.036652 -0.018937 0.753197
1678843198016 0.078802 -0.015882 0.745256
1678843198048 -0.006720 0.100793 0.750143
1678843198067 -0.085521 0.213803 0.734871
1678843198114 -0.082467 0.244346 0.754419
1678843198126 -0.092241 0.172264 0.682336
1678843198142 0.075747 0.135001 0.455705
1678843198172 0.344528 0.320704 0.282220
1678843198198 0.513127 0.102625 0.246179
1678843198221 0.115454 0.368963 0.286496
1678843198259 -0.446543 0.785573 0.533896
1678843198275 -0.627359 0.395230 0.800233
1678843198297 -0.098349 -0.807564 0.803288
1678843198320 -0.300546 -0.558331 0.647517
1678843198354 -0.646295 0.744645 0.518014
1678843198388 -0.409280 1.077566 0.521679
1678843198423 0.215635 0.244346 0.519235
1678843198429 0.371406 -0.064752 0.565050
1678843198455 0.059254 0.358578 0.769690
1678843198477 -0.121562 0.426995 0.952339
1678843198508 -0.056810 0.117286 0.999376
1678843198526 0.000611 0.197309 0.973719
1678843198561 0.081245 0.483194 0.874148
1678843198599 0.155771 0.497244 0.811229
1678843198610 0.106901 0.361021 0.829555
1678843198649 0.178984 0.369573 0.925461
1678843198656 0.228464 0.399506 1.020756
1678843198700 0.127671 0.456927 1.203405
1678843198707 0.004276 0.458760 1.377501
1678843198731 -0.150273 0.667676 1.500285
1678843198757 -0.025656 0.609644 1.489900
1678843198778 0.375071 0.345750 1.495398
1678843198809 0.182649 0.954782 1.615739
1678843198853 -0.133169 1.402547 1.874745
1678843198872 -0.041539 0.985937 2.054340
1678843198882 0.315206 -0.032376 1.964543
1678843198906 0.218079 -0.246179 1.847257
1678843198930 -0.048869 0.235183 1.742799
1678843198956 -0.287718 0.736093 1.609630
1678843198983 -0.108123 0.684169 1.486235
1678843199013 0.035430 0.414777 1.359175
1678843199035 -0.050091 0.497855 1.324967
1678843199058 -0.177151 0.756251 1.320691
1678843199087 -0.089186 0.805120 1.325578
1678843199111 0.026267 0.541837 1.258993
1678843199141 -0.049480 0.232129 1.236391
1678843199175 -0.196088 0.249844 1.306030
1678843199184 -0.174707 0.375071 1.247998
1678843199213 -0.090408 0.628580 1.222952
1678843199238 -0.072693 0.480751 1.112996
1678843199264 0.011606 0.021991 0.901026
1678843199286 0.039706 -0.037263 0.690889
1678843199312 -0.012217 0.056810 0.622472
1678843199348 -0.135001 0.058032 0.531453
1678843199372 -0.018937 -0.257785 0.433103
1678843199389 -0.091019 0.119730 0.412945
1678843199419 -0.427606 0.519846 0.664011
1678843199441 -0.508240 0.547335 0.795957
1678843199471 -0.208305 -0.012828 0.647517
1678843199505 0.150884 -0.498466 0.397673
1678843199517 0.423940 -0.379958 0.265116
1678843199547 0.214414 0.182038 0.113621
1678843199577 -0.185703 0.669508 -0.108123
1678843199598 -0.317650 0.587652 -0.098349
1678843199623 -0.263894 0.344528 0.249233
1678843199641 -0.113621 -0.023824 0.586431
1678843199684 -0.104458 -0.065363 0.623083
1678843199690 -0.040928 -0.049480 0.607200
1678843199724 0.079412 0.010996 0.651793
1678843199767 0.166155 0.254120 0.679893
1678843199790 -0.009163 0.401949 0.568716
1678843199811 -0.077580 0.336587 0.559553
1678843199822 0.001833 0.362243 0.654848
1678843199844 0.051313 0.288939 0.681726
1678843199880 0.036041 0.219301 0.661567
1678843199921 0.002443 0.190590 0.673173
1678843199926 -0.100793 0.176540 0.689056
1678843199954 -0.207694 0.036652 0.581544
1678843199988 -0.148440 -0.396452 0.576657
1678843200002 -0.190590 0.345750 0.775799
1678843200030 -0.237016 0.914465 1.026865
1678843200050 -0.342085 0.603535 0.897972
1678843200076 -0.340863 0.115454 0.890031
1678843200101 -0.088575 0.094073 0.961502
1678843200124 -0.054978 0.247400 0.884533
1678843200151 -0.251676 0.166155 0.968221
1678843200180 -0.285885 -0.046426 1.101390
1678843200213 -0.067806 -0.048258 1.104444
1678843200251 0.143553 0.087354 0.874759
1678843200264 0.242514 0.247400 0.615141
1678843200282 0.145997 0.460592 0.520457
1678843200304 0.018937 0.616974 0.466701
1678843200328 0.089186 0.273668 0.395841
1678843200358 0.076969 -0.100182 0.315817
1678843200382 -0.051313 -0.037263 0.284663
1678843200407 -0.032987 0.135001 0.309709
1678843200438 0.093462 0.112399 0.216857
1678843200458 0.243735 -0.054978 0.001833
1678843200491 0.111177 -0.076969 -0.149051
1678843200514 -0.474031 0.666454 -0.055589
1678843200531 -0.480751 0.682947 0.097128
1678843200599 0.220522 -0.189368 -0.219911
1678843200607 0.766025 -0.246790 -0.556498
1678843200612 0.879035 0.093462 -0.628580
1678843200632 0.265726 0.733038 -0.730595
1678843200658 -0.143553 0.924850 -0.677450
1678843200682 0.191201 0.423940 -0.313374
1678843200708 0.442266 -0.042761 -0.119730
1678843200732 0.245568 0.073915 0.002443
1678843200758 0.092241 0.120340 0.194866
1678843200783 0.073304 0.095295 0.302989
1678843200809 -0.061697 -0.192423 0.133169
1678843200836 -0.108123 -0.296881 -0.051313
1678843200860 0.006109 0.000000 -0.087354
1678843200905 0.124617 0.297491 -0.100793
1678843200913 0.126449 0.373850 -0.082467
1678843200936 0.134390 0.122784 -0.048869
1678843200962 0.124617 0.021991 0.068417
1678843201011 0.109956 -0.265726 0.151495
1678843201028 -0.359800 0.131947 0.293215
1678843201039 -0.839940 0.697608 0.441656
1678843201063 -0.270002 0.060476 0.449597
1678843201089 0.636522 -0.678060 0.100793
1678843201114 0.677450 -0.059865 -0.135612
1678843201175 0.084299 0.477697 0.040928
1678843201193 -0.331700 0.095906 0.239459
1678843201196 -0.037263 -0.492357 0.342695
1678843201216 0.304211 -0.518625 0.306043
1678843201248 0.293826 0.031765 0.216246
1678843201267 0.218079 0.164934 0.196699
1678843201293 0.313985 -0.193033 0.213192
1678843201319 0.379347 -0.406225 0.141721
1678843201356 0.280387 -0.257785 0.033598
1678843201378 0.209527 -0.080023 -0.072082
1678843201395 0.271224 -0.242514 -0.142942
1678843201420 0.335365 -0.313985 -0.284663
1678843201445 0.401949 -0.300546 -0.500910
1678843201486 0.317039 -0.197920 -0.633467
1678843201497 0.227242 -0.239459 -0.670119
1678843201521 0.308487 -0.480140 -0.762971
1678843201546 0.128893 -0.116064 -0.858877
1678843201574 -0.321315 0.433714 -0.528398
1678843201598 -0.196699 -0.361632 -0.301157
1678843201622 0.147829 -0.879646 -0.425162
1678843201647 0.172264 -0.097128 -0.670119
1678843201674 -0.054367 0.577879 -0.699441
1678843201698 -0.092852 0.265726 -0.561385
1678843201723 0.357356 -0.343306 -0.475253
1678843201759 0.629802 -0.193033 -0.495412
1678843201780 0.557720 -0.048258 -0.567494
1678843201800 0.425162 -0.094073 -0.539394
1678843201846 0.249844 -0.071471 -0.411112
1678843201855 0.009774 -0.050091 -0.306654
1678843201874 -0.010996 0.010996 -0.260229
1678843201905 0.184481 0.024435 -0.194866
1678843201926 0.449597 0.154549 -0.142942
1678843201951 0.503964 0.253509 -0.014050
1678843201989 0.609033 -0.063530 0.049480
1678843202017 0.790460 -0.009163 -0.018326
1678843202030 0.909578 0.420886 -0.062919
1678843202054 0.735482 0.388510 0.099571
1678843202078 0.619417 0.005498 0.472810
1678843202105 0.318872 -0.124617 0.521679
1678843202127 -0.143553 0.328035 0.541837
1678843202153 -0.355524 -0.086743 0.638965
1678843202178 -0.246790 -0.644463 0.654848
1678843202214 -0.020769 -0.561996 0.436769
1678843202238 -0.037874 -0.156382 0.245568
1678843202257 -0.400117 -0.078191 0.205862
1678843202298 -0.400728 -0.224188 0.091630
1678843202313 -0.194255 -0.177151 -0.186925
1678843202330 -0.006109 0.229074 -0.314596
1678843202355 -0.045204 0.397673 -0.252898
1678843202383 -0.183870 0.209527 -0.091630
1678843202409 -0.125227 -0.018326 -0.027489
1678843202432 -0.083078 -0.105069 -0.046426
1678843202458 -0.242514 -0.075747 0.010385
1678843202492 -0.399506 0.175318 0.154549
1678843202519 -0.419664 0.233961 0.182038
1678843202534 -0.248622 0.128282 0.106901
1678843202560 0.092852 0.144164 -0.010385
1678843202585 0.340863 0.251066 -0.038485
1678843202613 0.337808 0.356745 0.036041
1678843202646 0.219911 0.199753 0.234572
1678843202659 0.143553 0.021991 0.401338
1678843202683 0.131947 0.172264 0.435547
1678843202730 0.058032 0.256563 0.353691
1678843202749 -0.043982 0.148440 0.372628
1678843202759 -0.065363 -0.097738 0.481362
1678843202784 -0.241292 0.547946 0.420275
1678843202812 -0.696997 0.991434 0.580933
1678843202839 -0.842994 -0.039095 0.889420
1678843202860 -0.715934 -0.948063 0.838107
1678843202886 -0.381180 -0.784351 0.490525
1678843202911 -0.272446 0.241292 0.343306
1678843202936 -0.654237 0.856433 0.533896
1678843202962 -1.084897 0.681726 0.941343
1678843202991 -0.977384 -0.218079 1.354899
1678843203021 -0.655458 -0.622472 1.464855
1678843203054 -0.295659 -0.285885 1.034195
1678843203087 -0.014661 0.422719 0.631024
1678843203095 0.029322 0.489303 0.580322
1678843203112 0.056200 0.286496 0.704328
1678843203146 0.051924 0.235794 0.764192
1678843203197 0.017715 0.393397 0.786184
1678843203218 0.153938 0.372017 0.775799
1678843203227 0.342695 0.211359 0.808175
1678843203239 0.379958 0.154549 0.836275
1678843203267 0.138056 0.362243 0.903470
1678843203311 0.103236 0.530231 1.034195
1678843203323 0.098349 0.268781 1.082453
1678843203342 -0.014661 0.110567 1.145372
1678843203372 -0.224798 0.102014 1.133766
1678843203394 -0.109345 0.073915 1.034195
1678843203416 0.033598 0.105680 0.901026
1678843203447 -0.012217 0.238237 0.758084
1678843203478 -0.108123 0.176540 0.469755
1678843203502 -0.270002 0.601091 0.507018
1678843203519 -0.539394 1.062906 0.818559
1678843203551 -0.653015 0.499077 1.059240
1678843203569 -0.725708 -0.056810 0.737314
1678843203603 -0.479529 0.351248 0.409891
1678843203643 0.208305 0.737925 0.400728
1678843203657 0.544281 0.542448 0.556498
1678843203696 0.441045 0.459982 0.797179
1678843203710 0.125227 0.379347 1.008538
1678843203723 -0.182649 0.477086 1.153314
1678843203761 -0.102625 0.486249 1.180192
1678843203774 0.145997 0.489914 0.989602
1678843203804 0.190590 0.572992 0.762360
1678843203825 0.066584 0.571770 0.671952
1678843203854 -0.034819 0.507018 0.741590
1678843203882 -0.056200 0.511294 0.743423
1678843203908 0.031154 0.396452 0.766636
1678843203923 0.172875 0.201586 0.742812
1678843203962 0.343917 0.354302 0.582765
1678843203979 0.535729 0.618196 0.403782
1678843204002 0.726930 0.483805 0.300546
1678843204027 0.548557 0.816727 0.271224
1678843204074 -0.318261 1.334130 0.429438
1678843204078 -0.576046 0.424551 0.825890
1678843204104 -0.201586 -0.685391 1.032973
1678843204129 -0.209527 -0.375682 0.867429
1678843204161 -0.335976 0.725708 0.566883
1678843204179 -0.251676 1.150259 0.368963
1678843204210 0.019548 0.697608 0.562607
1678843204236 0.034208 0.364687 0.800233
1678843204266 -0.084910 0.475253 0.979828
1678843204282 -0.081245 0.522901 1.104444
1678843204306 -0.043982 0.571770 1.182635
1678843204330 -0.142942 0.661567 1.257161
1678843204356 -0.354913 0.810618 1.361008
1678843204381 -0.355524 0.703106 1.461801
1678843204409 -0.178984 0.460592 1.494176
1678843204436 -0.166766 0.719599 1.503950
1678843204461 -0.149662 0.961502 1.595580
1678843204483 -0.099571 0.866818 1.623069
1678843204524 -0.004887 0.855822 1.632843
1678843204538 0.072082 0.920574 1.678658
1678843204558 -0.235183 1.028697 1.770898
1678843204584 -0.887587 1.603521 2.075720
1678843204621 -0.919352 1.087951 2.403755
1678843204644 -0.237016 0.149662 2.307849
1678843204670 0.043982 0.127671 2.004860
1678843204686 -0.117286 0.646906 1.725694
1678843204711 -0.419054 0.953561 1.632843
1678843204739 -0.549168 0.811229 1.612073
1678843204789 -0.544281 0.652404 1.560761
1678843204801 -0.532064 0.637132 1.548543
1678843204817 -0.438601 0.650571 1.515557
1678843204858 -0.140499 0.459982 1.408044
1678843204872 0.102625 0.355524 1.183857
1678843204885 0.148440 0.497244 0.955393
1678843204920 0.016493 0.624915 0.919352
1678843204946 -0.077580 0.565661 0.971887
1678843204962 -0.191812 0.366519 0.888809
1678843204987 -0.207694 0.339641 0.683558
1678843205011 -0.146608 0.450208 0.500299
1678843205062 -0.192423 0.488081 0.469755
1678843205078 -0.273668 0.415999 0.415999
1678843205087 -0.113010 0.265116 0.285885
1678843205113 0.130725 0.351248 0.125227
1678843205138 0.260839 0.938289 0.102014
1678843205164 0.050091 0.848492 0.161879
1678843205189 -0.397673 0.281609 0.263283
1678843205213 -0.364687 -0.243735 0.331089
1678843205241 0.241292 -0.327424 0.099571
1678843205264 0.177762 0.422719 -0.070250
1678843205290 -0.450819 0.879035 0.014661
1678843205314 -0.496633 0.436158 0.240070
1678843205343 0.058643 -0.039095 0.252287
1678843205368 0.474031 0.319483 0.168599
1678843205400 0.411112 0.632856 0.115454
1678843205422 0.447153 0.364076 0.190590
1678843205443 0.430660 -0.047037 0.225409
1678843205478 0.293215 -0.153327 0.197309
1678843205494 0.180816 0.203418 0.132558
1678843205542 0.166766 0.235794 -0.001222
1678843205548 0.081856 -0.099571 -0.075136
1678843205584 -0.173486 -0.204029 -0.026267
1678843205594 -0.301157 -0.130114 0.006109
1678843205618 -0.255342 -0.084910 -0.005498
1678843205644 -0.205251 -0.026267 0.011606
1678843205683 -0.251676 0.229685 0.031765
1678843205699 -0.200975 0.206472 0.004887
1678843205723 0.143553 -0.119119 0.020769
1678843205758 0.290772 -0.186314 0.000611
1678843205785 -0.256563 0.398284 0.084910
1678843205805 -0.596815 0.113010 0.306654
1678843205823 -0.200975 -0.321926 0.273668
1678843205847 0.460592 -0.198531 0.125227
1678843205881 0.376293 0.230907 -0.053756
1678843205942 0.004887 0.098349 -0.099571
1678843205958 -0.111177 -0.039706 0.046426
1678843205971 0.016493 0.045204 0.176540
1678843205977 0.087965 -0.018326 0.207083
1678843206001 0.161268 -0.032376 0.231518
1678843206029 0.218079 0.003054 0.280998
1678843206059 0.229685 0.040928 0.351248
1678843206082 0.102014 0.030543 0.312763
1678843206102 0.096517 -0.111177 0.285274
1678843206141 0.168599 0.060476 0.301767
1678843206149 0.160658 0.254731 0.231518
1678843206176 0.055589 0.068417 0.150273
1678843206204 0.061087 -0.106901 0.078802
1678843206228 0.103236 0.020159 0.010385
1678843206252 0.273668 0.258396 -0.085521
1678843206280 0.309709 0.125227 -0.156382
1678843206306 0.321315 -0.165544 -0.174707
1678843206331 -0.017715 0.388510 -0.189979
1678843206354 -0.288939 0.219911 0.068417
1678843206385 -0.302989 -0.219301 -0.037263
1678843206412 -0.006109 -0.135001 -0.155771
1678843206441 0.096517 0.074526 -0.271224
1678843206462 -0.070860 0.187536 -0.412334
1678843206499 -0.378126 0.326813 -0.525344
1678843206539 -0.147829 0.040317 -0.528398
1678843206545 0.255953 -0.262061 -0.536951
1678843206586 0.338419 -0.110567 -0.618196
1678843206594 0.356745 0.023824 -0.598648
1678843206612 0.333532 -0.103847 -0.458760
1678843206654 0.170431 -0.212581 -0.418443
1678843206666 0.097738 -0.284052 -0.373239
1678843206686 0.219911 -0.233961 -0.311541
1678843206712 0.223577 -0.084910 -0.280387
1678843206740 0.145386 -0.072082 -0.131947
1678843206764 0.001833 -0.108123 -0.032987
1678843206793 0.006720 -0.145386 0.022602
1678843206813 0.246790 0.007330 0.012828
1678843206850 0.572381 0.095295 -0.139277
1678843206882 0.315817 0.172875 -0.083078
1678843206896 -0.126449 -0.077580 0.191201
1678843206917 -0.252898 -0.156382 0.270613
1678843206939 -0.001222 -0.343306 -0.040928
1678843206965 0.180205 -0.204029 -0.412945
1678843206991 0.100182 0.167377 -0.648128
1678843207045 -0.208916 0.210749 -0.584598
1678843207061 -0.463036 -0.025045 -0.387289
1678843207069 -0.379958 -0.274889 -0.312763
1678843207093 -0.003665 -0.280998 -0.304211
1678843207117 0.205862 -0.184481 -0.310320
1678843207152 0.099571 0.019548 -0.412334
1678843207172 0.029322 0.106901 -0.504575
1678843207194 -0.029932 -0.072082 -0.481362
1678843207219 -0.328035 -0.249233 -0.397673
1678843207262 -0.505186 -0.367741 -0.394008
1678843207275 -0.540005 -0.239459 -0.491136
1678843207301 -0.350026 -0.094684 -0.588263
1678843207335 0.056810 -0.110567 -0.725708
1678843207346 0.513127 -0.215635 -0.872316
1678843207374 0.524122 -0.216246 -0.714712
1678843207398 0.574213 -0.225409 -0.306654
1678843207422 0.834442 -0.630413 0.041539
1678843207447 0.496633 -0.367741 0.304822
1678843207477 -0.313374 0.265726 0.628580
1678843207497 -0.718988 -0.017715 0.858877
1678843207523 -0.171042 -1.142318 0.810618
1678843207549 0.642630 -0.949895 0.364076
1678843207574 1.063516 0.036652 -0.081856
1678843207602 0.720210 0.758695 -0.150273
1678843207637 -0.116675 0.748921 0.139888
1678843207649 -1.027475 0.355524 0.532064
1678843207675 -1.120938 -0.127060 0.870483
1678843207702 -0.411112 -0.411723 1.055575
1678843207745 0.144775 -0.064752 0.960891
1678843207757 0.140499 0.119119 0.866207
1678843207778 -0.190590 0.086132 0.828944
1678843207804 -0.420275 0.014661 0.813672
1678843207833 -0.321926 0.306654 0.690278
1678843207863 -0.342085 0.572992 0.530231
1678843207881 -0.222355 0.408058 0.565661
1678843207910 0.075136 0.232740 0.645074
1678843207935 0.165544 0.472810 0.699441
1678843207984 0.206472 0.526566 0.742201
1678843208002 -0.103236 0.585820 1.028086
1678843208022 -0.450819 0.640187 1.331686
1678843208032 -0.466090 0.254731 1.364062
1678843208060 -0.099571 -0.225409 1.144151
1678843208088 -0.108123 -0.318872 1.083675
1678843208117 -0.604757 -0.464868 1.100168
1678843208134 -0.879035 -0.204640 1.164920
1678843208157 -0.595594 0.096517 1.078788
1678843208219 -0.090408 0.212581 0.908357
1678843208224 0.222966 0.542448 0.806953
1678843208240 0.285274 1.010982 0.893696
1678843208270 0.263283 1.315193 1.026865
1678843208287 0.089186 1.255328 0.999986
1678843208321 -0.314596 1.340238 0.806342
1678843208338 -0.315206 0.384234 0.902859
1678843208364 -0.232129 0.011606 0.916909
1678843208388 -0.296270 0.387899 0.711658
1678843208414 -0.363465 0.083078 0.425773
1678843208439 -0.599870 -0.392175 0.312763
1678843208472 -0.892474 -0.335365 0.057421
1678843208497 -0.593761 -0.070250 -0.141721
1678843208525 -0.051313 -0.558942 -0.297491
1678843208571 -0.045204 -0.321315 -0.270002
1678843208595 -0.334754 0.135001 -0.130114
1678843208604 -0.197309 -0.072693 -0.350026
1678843208631 -0.068417 -0.304822 -0.502131
1678843208646 -0.186925 0.062308 -0.525344
1678843208683 -0.058643 0.080023 -0.566883
1678843208692 0.426384 -0.311541 -0.714712
1678843208729 0.700052 -0.241903 -0.697608
1678843208774 0.586431 -0.002443 -0.490525
1678843208778 0.219911 0.277333 -0.083078
1678843208794 -0.093462 0.341474 0.075136
1678843208819 -0.160047 0.130114 0.029322
1678843208846 -0.192423 0.090408 0.048258
1678843208886 -0.207083 0.364687 0.114843
1678843208907 -0.188757 0.543670 0.276722
1678843208921 -0.240681 0.340252 0.359189
1678843208948 -0.227853 -0.111177 0.347582
1678843208976 -0.139888 -0.249233 0.354302
1678843209001 -0.018326 -0.026878 0.407447
1678843209021 0.118508 0.281609 0.336587
1678843209047 0.171653 0.483194 0.140499
1678843209080 0.273057 0.478307 0.150273
1678843209098 0.323148 0.291994 0.372628
1678843209122 0.205251 0.167377 0.654237
1678843209147 -0.117286 -0.110567 0.774577
1678843209174 -0.203418 -0.255953 0.848492
1678843209199 -0.076358 0.442877 0.956615
1678843209224 -0.504575 1.762957 0.943176
1678843209259 -1.753183 1.254106 0.929126
1678843209287 -1.458135 -1.278541 0.601091
1678843209304 -0.360410 -1.494176 -0.047647
1678843209326 0.437990 0.775799 -0.270002
1678843209371 0.613309 1.965764 -0.020159
1678843209384 0.274889 1.206459 0.416610
1678843209404 -0.192423 -0.181427 0.919352
1678843209429 -0.402560 -0.539394 1.084286
1678843209452 -0.056200 -0.106291 0.902248
1678843209479 0.359800 0.184481 0.705549
1678843209504 0.401949 0.191812 0.596204
1678843209527 0.156992 0.335365 0.610865
1678843209564 -0.091630 0.281609 0.680504
1678843209605 -0.153938 0.106291 0.602313
1678843209608 -0.035430 0.196088 0.419664
1678843209628 0.120340 0.263894 0.312152
1678843209666 0.351858 0.135612 0.351858
1678843209687 0.601702 0.127060 0.293215
1678843209712 0.651793 -0.004887 0.206472
1678843209756 0.420886 -0.113010 0.221133
1678843209783 0.321926 -0.027489 0.427606
1678843209787 0.220522 0.156992 0.728762
1678843209811 0.133169 -0.142942 0.886976
1678843209848 -0.233961 -0.376904 1.031141
1678843209862 -1.329243 1.089784 1.218676
1678843209884 -1.140485 0.289550 1.490511
1678843209911 0.645074 -1.665830 1.135599
1678843209938 1.583363 -0.574824 0.629802
1678843209963 0.543059 1.154535 0.384845
1678843210004 -0.718988 0.769079 0.444099
1678843210016 -0.938900 -0.424551 1.053743
1678843210050 -0.404393 -0.645685 1.333519
1678843210070 0.141721 0.025045 1.373225
1678843210090 0.131336 0.001833 1.402547
1678843210111 -0.344528 -0.302378 1.509448
1678843210151 -0.455705 -0.196699 1.599856
1678843210183 -0.277944 0.010385 1.721418
1678843210195 0.014661 -0.169821 1.758681
1678843210215 0.345750 -0.247400 1.601078
1678843210239 0.379347 0.127671 1.422094
1678843210296 0.260839 0.585209 1.290147
1678843210313 0.087354 0.687223 1.097725
1678843210318 -0.120951 0.581544 1.080621
1678843210341 -0.287107 0.768468 1.258993
1678843210370 -0.341474 0.980439 1.292591
1678843210407 -0.144775 0.789849 1.317025
1678843210422 -0.063530 0.541227 1.485013
1678843210444 -0.104458 0.893696 1.434922
1678843210471 0.098349 1.068403 1.415986
1678843210495 0.380569 0.895528 1.350623
1678843210519 0.447764 0.958448 1.284039
1678843210545 0.137445 0.726930 1.136820
1678843210584 -0.071471 0.588874 0.992045
1678843210596 -0.386067 0.551611 1.015869
1678843210622 -1.006095 1.905289 1.274876
1678843210679 -1.584584 2.116037 0.976163
1678843210682 -1.097725 -0.216246 -0.134390
1678843210699 -0.298713 -1.431868 -1.122770
1678843210724 0.153327 0.114232 -0.952950
1678843210748 0.365908 1.158201 0.048258
1678843210791 -0.010996 0.320093 0.619417
1678843210810 -0.178373 -0.095906 0.913854
1678843210825 -0.032376 0.345750 1.167974
1678843210852 0.323759 0.476475 1.155757
1678843210881 0.785573 0.163712 0.970054
1678843210918 0.968832 0.031765 0.842383
1678843210937 0.738536 0.377515 0.944398
1678843210953 0.382402 0.636522 1.098336
1678843210979 0.097738 0.442266 1.160033
1678843211011 -0.059865 0.091019 0.956615
1678843211030 0.154549 0.055589 0.918741
1678843211060 0.206472 0.451429 0.924239
1678843211082 0.071471 0.313985 0.934013
1678843211111 0.089797 -0.134390 0.837496
1678843211159 0.462425 -0.128893 0.558942
1678843211168 0.949285 -0.001833 0.354913
1678843211183 1.018923 -0.354302 0.409280
1678843211219 -0.181427 0.886976 0.567494
1678843211230 -0.763582 1.254106 0.704328
1678843211258 0.369573 -0.306654 0.661567
1678843211285 1.019534 -0.108734 0.639576
1678843211316 0.158825 1.096503 0.646295
1678843211349 -0.712269 1.024421 0.626748
1678843211360 -0.494190 -0.043982 0.802677
1678843211386 0.080023 -0.343306 0.910189
1678843211411 0.354913 0.635911 0.894307
1678843211461 0.069639 1.171029 0.837496
1678843211477 -0.107512 0.734260 0.968221
1678843211489 -0.046426 0.118508 0.994489
1678843211513 -0.104458 0.059254 0.971887
1678843211538 -0.105680 0.551000 0.940122
1678843211563 0.135001 0.689667 0.937678
1678843211588 0.288939 0.494801 1.062295
1678843211615 0.237627 0.443488 1.150870
1678843211641 0.279776 0.424551 1.219287
1678843211667 0.209527 0.556498 1.252274
1678843211707 -0.032376 0.722043 1.270600
1678843211716 -0.078191 0.693332 1.307863
1678843211764 0.041539 0.520457 1.313971
1678843211776 -0.358578 0.956615 1.280984
1678843211804 -0.993878 1.470963 1.476461
1678843211819 -1.053132 1.156368 1.654834
1678843211855 -0.380569 0.132558 1.563204
1678843211868 -0.025656 0.194866 1.219287
1678843211894 -0.224188 0.758084 1.036027
1678843211922 -0.532674 0.875370 1.074512
1678843211958 -0.390343 0.490525 1.150259
1678843211975 -0.172875 0.452651 1.191798
1678843212013 -0.182649 0.683558 1.237002
1678843212025 -0.152105 0.570548 1.361008
1678843212045 -0.143553 0.291994 1.356732
1678843212071 -0.125227 0.219911 1.180192
1678843212098 0.080023 0.359189 1.008538
1678843212126 0.260229 0.367130 0.937678
1678843212185 0.299935 0.416610 0.842994
1678843212209 0.124617 0.277944 0.693943
1678843212216 -0.104458 0.014050 0.536340
1678843212224 -0.094073 0.080634 0.383013
1678843212248 0.060476 0.318261 0.323759
1678843212283 -0.006109 0.017104 0.260839
1678843212297 -0.331089 0.295659 0.238237
1678843212324 -0.309709 0.436769 0.273057
1678843212357 0.166155 0.051313 0.207083
1678843212373 0.497855 -0.431271 0.113621
1678843212402 0.341474 -0.324980 -0.004887
1678843212427 -0.050702 0.255953 -0.138666
1678843212485 -0.304211 0.700052 -0.211970
1678843212497 -0.326202 0.723875 -0.144164
1678843212505 -0.175318 0.366519 0.046426
1678843212525 0.114843 0.102014 0.147219
1678843212552 0.289550 0.188757 0.085521
1678843212577 0.361021 0.268170 0.119730
1678843212604 0.023824 0.173486 0.227242
1678843212627 -0.318872 0.324369 0.284052
1678843212651 -0.193033 0.397673 0.215635
1678843212709 0.047037 0.442877 0.103847
1678843212722 0.085521 0.489303 0.070250
1678843212734 0.007330 0.318872 0.200364
1678843212754 -0.053756 0.142942 0.360410
1678843212778 -0.155771 0.233961 0.401949
1678843212805 -0.249844 0.213192 0.398895
1678843212829 -0.141721 0.131336 0.391565
1678843212861 -0.056200 0.004276 0.447764
1678843212898 -0.402560 0.522901 0.543670
1678843212912 -0.644463 0.477697 0.763582
1678843212948 -0.548557 0.074526 0.747699
1678843212956 -0.139277 -0.216246 0.693332
1678843212981 0.176540 -0.077580 0.586431
1678843213013 0.082467 0.166155 0.445932
1678843213036 -0.269392 0.203418 0.480140
1678843213066 -0.282220 0.073304 0.531453
1678843213083 -0.035430 -0.045204 0.435547
1678843213111 0.177762 0.011606 0.372017
1678843213136 0.186314 -0.031765 0.342695
1678843213160 0.075136 -0.045204 0.389121
1678843213185 0.008552 -0.080023 0.412334
1678843213211 0.058643 -0.191812 0.426995
1678843213237 0.113010 -0.154549 0.366519
1678843213262 0.031765 0.094073 0.192423
1678843213312 0.003665 0.170431 0.133169
1678843213324 0.025045 -0.073915 0.116675
1678843213339 0.066584 -0.160658 0.054367
1678843213363 0.115454 0.078191 -0.081245
1678843213389 0.266948 0.274278 -0.254120
1678843213415 0.368352 -0.088575 -0.299935
1678843213459 -0.040928 0.068417 -0.291994
1678843213478 -0.517403 0.200975 -0.034819
1678843213491 -0.499077 0.091019 0.023213
1678843213517 0.088575 -0.503964 -0.164323
1678843213543 0.312763 -0.280998 -0.367130
1678843213571 -0.003054 0.364076 -0.450208
1678843213603 -0.447153 0.717156 -0.528398
1678843213619 -0.309709 0.312763 -0.536951
1678843213656 0.136223 -0.209527 -0.401949
1678843213697 0.307876 0.025656 -0.296881
1678843213714 0.213192 0.127060 -0.197920
1678843213726 0.062919 -0.043982 -0.129503
1678843213747 0.011606 -0.021380 -0.056200
1678843213772 -0.071471 0.149662 -0.003665
1678843213799 -0.097128 0.172264 -0.036041
1678843213825 -0.026267 0.060476 0.036041
1678843213847 -0.071471 0.102625 0.161268
1678843213885 -0.098960 0.153938 0.266337
1678843213900 -0.012217 0.003054 0.267559
1678843213923 0.067195 0.087965 0.274889
1678843213951 0.102625 0.274889 0.262061
1678843213977 -0.053756 0.174707 0.352469
1678843214002 -0.609033 0.565661 0.556498
1678843214039 -0.717767 0.536951 0.753197
1678843214058 -0.154549 0.033598 0.590096
1678843214107 0.435547 -0.419054 0.479529
1678843214119 0.414777 -0.160658 0.376293
1678843214127 0.061697 0.174097 0.301767
1678843214151 -0.070860 0.183870 0.323148
1678843214179 0.014661 -0.020769 0.383013
1678843214207 0.101404 -0.006109 0.370795
1678843214226 0.260839 0.064141 0.404393
1678843214255 0.215635 -0.074526 0.436769
1678843214277 0.004887 -0.042761 0.437990
1678843214314 -0.108123 -0.010385 0.288939
1678843214344 0.036652 -0.014050 0.023824
1678843214354 0.292604 0.042150 -0.111177
1678843214411 0.257174 0.031154 -0.136834
1678843214425 0.218079 -0.184481 -0.207083
1678843214438 0.211970 -0.280998 -0.373850
1678843214461 0.186925 -0.123395 -0.524122
1678843214481 0.227242 0.009163 -0.563218
1678843214511 0.326813 -0.289550 -0.581544
1678843214533 -0.065973 0.102625 -0.660345
1678843214559 -0.478307 0.085521 -0.461203
1678843214584 -0.394619 -0.298102 -0.481973
1678843214610 0.064141 -0.653015 -0.636522
1678843214635 0.231518 -0.353691 -0.877203
1678843214660 0.018937 0.156382 -1.061073
1678843214686 -0.163712 0.301767 -1.088562
1678843214711 -0.007330 -0.089797 -0.916298
1678843214737 0.154549 -0.291383 -0.784962
1678843214763 0.335365 -0.248622 -0.854600
1678843214788 0.481362 -0.155771 -0.857655
1678843214815 0.291383 -0.129503 -0.701273
1678843214840 -0.009774 -0.065363 -0.575435
1678843214869 -0.000611 -0.099571 -0.586431
1678843214892 0.192423 -0.018326 -0.564439
1678843214920 0.245568 0.026878 -0.527788
1678843214942 0.240070 0.030543 -0.378126
1678843214969 0.283441 -0.144164 -0.190590
1678843214994 0.189368 -0.147219 -0.014050
1678843215020 0.065973 -0.149051 0.057421
1678843215044 0.031154 -0.130114 0.012217
1678843215070 -0.310320 0.205251 0.052534
1678843215095 -0.611476 0.293215 0.122173
1678843215127 -0.000611 0.039095 -0.078802
1678843215170 0.733038 -0.467312 -0.419664
1678843215185 0.555277 -0.224188 -0.464868
1678843215199 0.028100 -0.015272 -0.322537
1678843215224 -0.040928 -0.301157 -0.186925
1678843215249 0.158825 -0.694554 -0.240681
1678843215276 0.354913 -0.645685 -0.261450
1678843215301 0.427606 -0.280387 -0.221133
1678843215345 0.357967 -0.124006 -0.251676
1678843215404 0.431882 -0.290161 -0.334754
1678843215424 0.587041 -0.493579 -0.368963
1678843215436 0.558942 -0.376293 -0.222355
1678843215440 0.345139 -0.282831 -0.191201
1678843215458 0.328035 -0.342695 -0.308487
1678843215480 0.513738 -0.388510 -0.474642
1678843215505 0.634689 -0.302378 -0.520457
1678843215532 0.503353 -0.220522 -0.441045
1678843215559 0.384234 -0.261450 -0.398284
1678843215595 0.480140 -0.530842 -0.359189
1678843215614 0.428217 -0.668897 -0.452651
1678843215644 -0.063530 -0.168599 -0.530231
1678843215663 -0.584598 0.033598 -0.395230
1678843215684 -0.356134 -0.695165 -0.317650
1678843215711 0.130114 -1.170418 -0.513738
1678843215749 -0.026267 -0.252287 -0.848492
1678843215770 -0.417832 0.226020 -1.006706
1678843215807 -0.408669 -0.230907 -0.996932
1678843215820 -0.003665 -0.633467 -1.035417
1678843215841 0.301767 -0.424551 -1.163087
1678843215863 0.317039 -0.240070 -1.222952
1678843215907 0.147829 -0.131336 -1.136820
1678843215921 0.020769 -0.298713 -0.973719
1678843215942 0.077580 -0.328645 -0.877203
1678843215968 0.241292 -0.293826 -0.885144
1678843215993 0.228464 -0.217468 -0.797790
1678843216017 0.120340 -0.203418 -0.652404
1678843216053 0.237016 -0.266948 -0.682947
1678843216069 0.459371 -0.334754 -0.721432
1678843216094 0.496633 -0.302989 -0.686613
1678843216120 0.385456 -0.350637 -0.654848
1678843216145 -0.158825 -0.166766 -0.575435
1678843216170 -0.817949 0.335365 -0.433103
1678843216196 -0.109345 -0.639576 -0.559553
1678843216245 1.022588 -1.390329 -0.932791
1678843216264 1.053132 -0.429438 -1.155146
1678843216275 0.202807 0.056810 -1.148427
1678843216300 -0.481362 -0.534507 -1.015869
1678843216325 -0.218690 -0.897361 -0.974330
1678843216352 0.320093 -0.736704 -1.177137
1678843216398 0.608422 -0.548557 -1.298089
1678843216412 0.472810 -0.706771 -1.191798
1678843216426 0.455095 -1.007317 -1.134988
1678843216452 0.454484 -1.081842 -1.207681
1678843216477 0.442877 -0.921796 -1.336573
1678843216509 0.441656 -0.807564 -1.412320
1678843216544 0.543670 -0.858877 -1.450805
1678843216557 0.549168 -0.883922 -1.437977
1678843216583 0.403782 -0.812451 -1.391551
1678843216611 0.273668 -0.698219 -1.367727
1678843216635 0.343917 -0.707993 -1.335962
1678843216660 0.447153 -0.822225 -1.291980
1678843216682 0.385456 -0.912022 -1.291369
1678843216710 0.365908 -1.259604 -1.337795
1678843216747 0.127671 -0.965778 -1.524109
1678843216786 0.120951 -0.652404 -1.756238
1678843216804 0.532674 -0.924239 -1.753183
1678843216814 0.754419 -1.364673 -1.576643
1678843216838 0.220522 -1.191798 -1.672549
1678843216863 -0.324369 -0.518625 -1.838094
1678843216888 -0.242514 -0.483194 -1.769066
1678843216913 0.309098 -0.891863 -1.629789
1678843216937 0.631024 -1.181413 -1.713477
1678843216965 0.651182 -1.026865 -1.736690
1678843216989 0.605978 -0.829555 -1.622458
1678843217014 0.486249 -1.004873 -1.430646
1678843217054 0.255342 -1.010371 -1.320691
1678843217073 0.192423 -0.766636 -1.379945
1678843217091 0.302989 -0.614530 -1.420262
1678843217117 0.310320 -0.502131 -1.301754
1678843217142 0.160658 -0.469145 -1.142318
1678843217170 0.057421 -0.417221 -1.013425
1678843217194 0.199753 -0.419664 -1.009149
1678843217218 0.565661 -0.613309 -0.965778
1678843217250 0.535729 -0.705549 -0.779464
1678843217287 0.301767 -0.848492 -0.709825
1678843217295 0.096517 -0.693943 -0.712269
1678843217341 0.122173 -0.866818 -0.624304
1678843217355 0.221744 -0.971887 -0.701273
1678843217380 0.284052 -0.749532 -0.761749
1678843217410 0.233351 -0.877813 -0.810007
1678843217423 0.248011 -0.834442 -1.003652
1678843217450 0.139888 -0.279776 -1.213789
1678843217476 0.237016 -0.133169 -1.237002
1678843217500 0.466701 -0.508851 -1.121549
1678843217527 0.385456 -0.696386 -1.081842
1678843217553 0.230296 -0.514959 -1.078177
1678843217581 0.106291 -0.208916 -1.037860
1678843217602 0.005498 -0.378126 -0.987769
1678843217628 -0.084910 -0.558942 -1.000597
1678843217654 0.048258 -0.289550 -1.083064
1678843217680 0.319483 0.054367 -1.164920
1678843217711 0.430660 -0.064141 -1.108720
1678843217746 0.229685 -0.322537 -0.929126
1678843217769 0.021991 -0.395841 -0.728762
1678843217793 -0.069639 -0.378736 -0.663400
1678843217808 -0.006720 -0.367741 -0.654848
1678843217835 0.072082 -0.325591 -0.602313
1678843217859 0.063530 -0.215635 -0.544892
1678843217894 0.006720 -0.062308 -0.515570
1678843217912 0.051924 -0.193033 -0.657291
1678843217936 0.241903 -0.171653 -0.778242
1678843217964 0.248011 -0.052534 -0.819170
1678843217999 0.164934 -0.152716 -0.853990
1678843218014 0.199142 -0.130725 -0.929737
1678843218038 0.470977 -0.069028 -1.069625
1678843218064 0.776410 -0.449597 -1.028697
1678843218094 0.459982 -0.227242 -0.927904
1678843218116 -0.219301 0.111177 -0.847881
1678843218142 -0.403782 -0.235183 -1.005484
1678843218182 0.468534 -0.736704 -0.918741
1678843218191 0.980439 -0.492968 -0.828333
1678843218217 0.582155 -0.053145 -0.875981
1678843218244 0.076969 -0.362243 -0.635300
1678843218268 -0.222355 -0.848492 -0.412334
1678843218294 -0.022602 -0.649350 -0.583376
1678843218320 0.209527 -0.492357 -0.861931
1678843218345 0.169821 -0.607811 -0.921796
1678843218395 0.144775 -0.485638 -0.854600
1678843218399 0.064141 -0.523512 -0.773966
1678843218422 0.098349 -0.808175 -0.700052
1678843218447 0.224798 -0.740369 -0.681115
1678843218497 0.222966 -0.558331 -0.616974
1678843218502 0.202196 -0.547335 -0.428827
1678843218523 0.043982 -0.459371 -0.311541
1678843218550 -0.064141 -0.214414 -0.313374
1678843218595 -0.070860 0.221133 -0.379347
1678843218600 -0.028100 0.299935 -0.284663
1678843218626 0.007330 -0.277944 -0.102625
1678843218657 0.192423 -0.535118 -0.161268
1678843218681 0.685391 -0.218690 -0.357967
1678843218704 1.020145 -0.263894 -0.307876
1678843218729 0.682947 -0.254120 -0.182038
1678843218756 0.067195 -0.373239 0.119119
1678843218792 -0.213192 -0.734260 0.340252
1678843218810 -0.147219 -0.664621 0.222355
1678843218834 -0.084910 -0.394008 -0.079412
1678843218857 0.049480 -0.502131 -0.269392
1678843218886 0.505186 -0.801455 -0.342085
1678843218908 0.856433 -0.676839 -0.407447
1678843218937 0.626137 -0.414167 -0.338419
1678843218991 0.199142 -0.401338 -0.196699
1678843219008 0.012217 -0.569326 -0.031765
1678843219016 0.130114 -0.594983 0.036652
1678843219044 0.139888 -0.408058 -0.017715
1678843219061 -0.045815 -0.326202 -0.064141
1678843219089 -0.233351 -0.122784 -0.037263
1678843219112 -0.279776 -0.244957 0.038485
1678843219137 -0.254120 -0.378736 -0.078802
1678843219173 -0.206472 -0.255953 -0.315206
1678843219189 -0.209527 0.021380 -0.552222
1678843219215 -0.136223 0.137445 -0.670730
1678843219242 -0.248622 -0.193644 -0.648128
1678843219270 -0.319483 -0.896139 -0.513738
1678843219323 -0.438601 -0.123395 -0.373850
1678843219340 -0.240070 0.242514 -0.360410
1678843219349 0.219911 -0.182038 -0.681726
1678843219374 0.222966 -0.743423 -0.773355
1678843219394 -0.328035 -0.359189 -0.624304
1678843219420 -0.780075 0.122173 -0.708604
1678843219444 -0.668287 -0.011606 -0.985937
1678843219471 0.153938 -0.579711 -0.888198
1678843219504 0.461203 -0.285274 -0.701884
1678843219528 -0.014661 0.224188 -0.681115
1678843219561 -0.238848 0.036652 -0.690278
1678843219578 0.125227 -0.459982 -0.491136
1678843219611 0.273057 -0.176540 -0.364076
1678843219633 0.295659 0.240070 -0.321926
1678843219650 0.099571 0.100182 -0.213192
1678843219675 0.101404 0.012828 -0.059865
1678843219701 0.228464 0.072082 0.103236
1678843219728 0.261450 0.072082 0.232129
1678843219755 0.203418 0.056200 0.323759
1678843219791 0.232129 -0.113621 0.365908
1678843219804 -0.003665 0.064752 0.530231
1678843219830 -0.620028 0.460592 0.826501
1678843219876 -0.919352 0.151495 0.873537
1678843219889 -0.197309 -0.495412 0.652404
1678843219908 0.477697 -0.535729 0.379347
1678843219934 0.426384 0.091630 0.193644
1678843219959 -0.141721 0.106901 0.257785
1678843219985 -0.317650 -0.318261 0.477086
1678843220017 -0.185092 -0.576657 0.478918
1678843220040 0.040928 -0.132558 0.359189
1678843220078 0.169821 0.242514 0.318872
1678843220091 0.105680 0.035430 0.423330
1678843220110 0.099571 -0.061087 0.499077
1678843220142 0.106901 -0.188147 0.582155
1678843220161 0.105069 -0.070250 0.582155
1678843220188 0.082467 -0.003665 0.518014
1678843220214 0.073304 -0.032376 0.481973
1678843220243 0.015272 -0.298102 0.420886
1678843220277 0.071471 -0.208916 0.389732
1678843220290 0.187536 0.078802 0.273057
1678843220314 0.313985 0.066584 0.121562
1678843220341 -0.051924 -0.161879 0.232129
1678843220374 -0.761749 0.356134 0.532674
1678843220411 -0.701884 0.229074 0.485027
1678843220426 0.103236 -0.442266 0.050702
1678843220445 0.546114 -0.262061 -0.039095
1678843220469 0.103236 0.291994 -0.056200
1678843220494 -0.648739 0.777631 -0.227853
1678843220522 -0.435547 0.683558 -0.207694
1678843220545 0.222355 0.267559 -0.020159
1678843220574 0.403782 0.251066 0.075747
1678843220596 0.050091 0.473421 0.166766
1678843220622 -0.108734 0.501520 0.285274
1678843220649 0.142942 0.313374 0.329256
1678843220672 0.182038 0.375682 0.326202
1678843220705 0.017104 0.497855 0.428827
1678843220724 -0.069028 0.489303 0.519846
1678843220756 -0.014661 0.394008 0.459371
1678843220781 0.057421 0.390954 0.388510
1678843220801 0.078191 0.375071 0.435547
1678843220842 -0.058032 0.503353 0.533285
1678843220858 -0.202196 0.485027 0.635300
1678843220877 -0.259007 0.364687 0.595594
1678843220903 -0.057421 0.268781 0.484416
1678843220929 -0.402560 0.665232 0.534507
1678843220964 -0.854600 0.857044 0.887587
1678843220993 -0.615141 0.492968 0.887587
1678843221010 -0.063530 0.041539 0.773966
1678843221032 0.011606 0.198531 0.627969
1678843221058 -0.260229 0.368352 0.620028
1678843221082 -0.448375 0.313985 0.822225
1678843221108 -0.276111 0.137445 0.935846
1678843221147 -0.026878 0.328645 0.800233
1678843221161 0.184481 0.456927 0.691499
1678843221184 0.266948 0.362854 0.887587
1678843221210 0.103236 0.265726 1.033584
1678843221235 -0.076358 0.324980 1.022588
1678843221263 0.024435 0.273668 0.854600
1678843221305 0.182649 0.067195 0.602313
1678843221320 0.321926 0.121562 0.522290
1678843221338 0.195477 0.129503 0.504575
1678843221374 -0.022602 -0.127060 0.332922
1678843221389 -0.001833 -0.043982 0.092852
1678843221418 0.140499 0.225409 0.069028
1678843221458 0.405004 0.048258 0.224188
1678843221484 0.452651 -0.632246 0.238237
1678843221496 -0.232740 -0.029322 0.196088
1678843221517 -0.848492 1.049466 0.279776
1678843221549 -0.133779 -0.092852 0.293215
1678843221570 0.335976 -0.143553 0.224188
1678843221604 -0.441656 1.028697 0.147219
1678843221621 -0.958448 0.929126 0.185092
1678843221654 -0.703717 0.023824 0.271835
1678843221692 -0.266948 -0.228464 0.065973
1678843221700 -0.106901 0.335365 -0.143553
1678843221724 -0.167988 0.429438 -0.070860
1678843221748 -0.208305 0.372628 0.102014
1678843221798 -0.195477 0.406225 0.252287
1678843221803 -0.218690 0.456927 0.441656
1678843221824 -0.186925 0.659734 0.578489
1678843221853 -0.095295 0.656680 0.784351
1678843221876 -0.077580 0.462425 0.784351
1678843221901 -0.079412 0.484416 0.587041
1678843221928 0.043982 0.637743 0.607200
1678843221994 0.151495 0.583987 0.394008
1678843222008 0.409891 0.133169 0.138666
1678843222020 0.624304 0.108734 0.166155
1678843222032 0.378736 0.361021 0.459371
1678843222059 -0.139277 0.225409 0.834442
1678843222081 -0.637132 -0.330478 0.992656
1678843222106 -0.909578 -0.262061 0.764192
1678843222138 -0.678671 0.640187 0.615141
1678843222159 -0.236405 0.340252 0.762971
1678843222192 0.001222 -0.643852 0.525955
1678843222210 0.229685 -0.381180 0.073304
1678843222247 0.005498 0.265116 0.014050
1678843222282 -0.605367 0.329256 0.357356
1678843222300 -0.634689 -0.275500 0.572381
1678843222325 -0.138056 -0.547335 0.504575
1678843222342 0.325591 -0.126449 0.373850
1678843222365 0.527177 0.215635 0.391565
1678843222389 0.458760 0.223577 0.420886
1678843222417 0.377515 0.101404 0.401949
1678843222440 0.282220 0.130725 0.485638
1678843222469 -0.028100 0.127671 0.653015
1678843222491 -0.306043 0.249844 0.770301
1678843222522 -0.396452 0.023824 0.937678
1678843222546 -0.398895 -0.266337 0.919352
1678843222575 -0.221133 -0.139277 0.692110
1678843222594 0.317650 0.108734 0.310320
1678843222617 0.994489 0.041539 0.054978
1678843222674 0.984715 0.287718 -0.026267
1678843222683 0.507018 0.335976 0.078191
1678843222695 0.064141 -0.061697 0.333532
1678843222721 0.100182 -0.241903 0.508851
1678843222745 0.447764 -0.629191 0.408669
1678843222772 0.009774 0.415388 0.178984
1678843222815 -1.298699 1.386053 0.896139
1678843222832 -1.360397 -0.346361 1.991421
1678843222852 0.173486 -2.069612 1.609019
1678843222874 1.328632 -0.195477 0.599259
1678843222900 1.263269 1.808161 0.153938
1678843222925 0.696386 1.280984 0.068417
1678843222979 0.111177 -0.009163 0.505186
1678843222991 -0.323148 -0.191201 1.130712
1678843223011 -0.619417 0.246790 1.387886
1678843223026 -0.594372 0.031154 1.580308
1678843223052 -0.378736 -0.176540 1.805718
1678843223078 -0.505186 0.130725 1.696373
1678843223108 -0.673784 0.476475 1.642006
1678843223131 -0.815505 0.692721 1.784337
1678843223156 -0.615752 0.725708 1.808161
1678843223180 -0.274889 0.930959 1.750740
1678843223207 -0.205251 1.014036 1.752572
1678843223234 -0.150273 1.048245 1.407434
1678843223278 -0.193033 1.205848 0.675617
1678843223291 -0.592539 1.548543 0.048869
1678843223308 -1.157590 2.095879 0.237016
1678843223335 -0.797179 1.144761 0.796568
1678843223359 -0.210749 0.478918 1.122159
1678843223392 0.032376 0.472810 1.396438
1678843223414 -0.068417 0.496023 1.639562
1678843223437 -0.260229 0.471588 1.953547
1678843223463 -0.249233 0.412945 1.563204
1678843223488 -0.735482 1.900402 0.944398
1678843223518 -0.904081 1.548543 0.714101
1678843223581 -0.424551 -0.409891 0.279776
1678843223587 0.128893 -0.992656 -0.488692
1678843223592 0.516792 0.316428 -0.518625
1678843223616 0.760527 0.958448 0.188147
1678843223642 0.370795 0.490525 0.771523
1678843223676 -0.178984 0.142332 1.107499
1678843223693 -0.340252 0.218079 1.043358
1678843223725 0.069028 -0.004887 0.904691
1678843223748 0.471588 0.011606 0.744034
1678843223782 0.545503 0.186314 0.690889
1678843223823 0.328645 0.184481 0.735482
1678843223827 0.056810 0.127060 0.850324
1678843223852 -0.153327 0.078802 0.914465
1678843223880 -0.185703 0.034819 0.852157
1678843223898 -0.174707 -0.120340 0.750143
1678843223932 -0.331089 -0.040928 0.678060
1678843223974 -0.351248 0.021380 0.673784
1678843223989 -0.199753 -0.116675 0.586431
1678843224002 -0.038485 -0.193033 0.334754
1678843224025 0.140499 0.036652 0.042150
1678843224050 0.346971 0.108123 -0.056810
1678843224079 0.270613 -0.323148 0.021380
1678843224103 -0.213192 0.172264 0.068417
1678843224130 -0.088575 0.496023 0.199142
1678843224170 0.327424 0.103236 0.194255
1678843224183 0.150273 -0.070860 0.320093
1678843224209 -0.492357 0.278555 0.527177
1678843224231 -0.769079 0.496633 0.467923
1678843224255 -0.378126 0.207083 0.253509
1678843224280 0.119119 0.254120 0.181427
1678843224307 -0.051924 0.555277 0.284052
1678843224334 -0.128893 0.354913 0.526566
1678843224359 -0.092852 -0.118508 0.636522
1678843224387 -0.004887 0.086132 0.614530
1678843224411 0.024435 0.552222 0.555887
1678843224441 -0.060476 0.475253 0.549168
1678843224468 -0.143553 0.252287 0.585209
1678843224501 -0.123395 0.416610 0.590707
1678843224511 -0.061087 0.567494 0.649350
1678843224539 -0.090408 0.307876 0.728762
1678843224567 -0.114232 0.140499 0.753197
1678843224587 -0.037263 0.181427 0.681726
1678843224615 0.076969 0.196088 0.649350
1678843224638 0.133169 -0.201586 0.786794
1678843224664 -0.321926 0.049480 0.910800
1678843224690 -0.734871 0.616974 1.174694
1678843224719 -0.769079 0.910800 1.334130
1678843224740 -0.076358 -0.062919 1.277930
1678843224768 0.262061 -0.503964 1.078177
1678843224812 0.178373 0.002443 1.036638
1678843224829 -0.034208 0.219911 1.187522
1678843224841 0.007330 -0.102014 1.255939
1678843224867 0.070860 -0.048258 1.298699
1678843224892 0.014050 0.310320 1.379945
1678843224918 -0.021991 0.477086 1.386664
1678843224951 0.046426 0.251676 1.430646
1678843224969 0.057421 0.080023 1.457524
1678843224999 0.191201 0.236405 1.399492
1678843225020 0.248011 0.321315 1.236391
1678843225051 0.253509 0.343306 1.122159
1678843225087 0.148440 0.573602 1.082453
1678843225099 -0.073915 0.532674 1.066571
1678843225123 -0.108123 -0.003054 0.853379
1678843225162 0.131336 -0.389732 0.420886
1678843225176 0.392175 -0.361021 0.016493
1678843225200 0.318872 0.010996 0.011606
1678843225225 -0.547335 0.624915 -0.032987
1678843225252 -1.089173 1.084286 -0.029932
1678843225276 -0.380569 0.438601 -0.181427
1678843225301 0.461814 -0.868039 -0.150273
1678843225325 0.368352 -0.511905 -0.110567
1678843225355 -0.341474 0.624915 -0.212581
1678843225384 -0.399506 0.583376 -0.331089
1678843225403 0.188147 0.079412 -0.144775
1678843225426 0.431882 0.164323 -0.023213
1678843225456 0.244957 0.175318 -0.028711
1678843225478 0.105069 0.182038 0.072693
1678843225511 0.054978 -0.007941 0.172875
1678843225531 -0.064752 -0.067195 0.285274
1678843225559 -0.069639 0.058643 0.385456
1678843225582 -0.003665 0.349415 0.394619
1678843225612 -0.039706 0.512516 0.469755
1678843225633 -0.169210 0.503353 0.452651
1678843225655 -0.282831 0.494801 0.463647
1678843225680 -0.221133 0.215635 0.579100
1678843225716 -0.032987 0.133779 0.634078
1678843225759 0.131947 0.165544 0.664011
1678843225777 0.078191 0.149051 0.748310
1678843225782 -0.455705 0.574213 0.977384
1678843225808 -0.543670 0.533285 1.062906
1678843225836 -0.251066 0.037874 0.987769
1678843225858 -0.085521 -0.254731 0.915687
1678843225892 -0.278555 0.058032 0.931570
1678843225915 -0.429438 0.459371 1.060462
1678843225937 -0.248622 0.424551 1.056797
1678843225965 0.053756 0.072082 0.991434
1678843225991 0.196088 -0.047647 0.943787
1678843226043 0.003054 -0.017104 0.877203
1678843226048 -0.166766 -0.013439 0.869872
1678843226063 -0.011606 -0.086132 0.841161
1678843226087 0.329867 -0.066584 0.778853
1678843226113 0.414777 0.110567 0.698219
1678843226142 0.319483 0.257785 0.616974
1678843226173 0.169821 0.247400 0.611476
1678843226210 -0.009163 0.123395 0.543059
1678843226218 -0.147829 -0.128282 0.323759
1678843226240 -0.067806 -0.017104 0.065973
1678843226269 0.143553 0.177151 -0.198531
1678843226302 0.240070 -0.072693 -0.370184
1678843226316 -0.144164 -0.112399 -0.431271
1678843226350 -0.500299 0.282220 -0.288939
1678843226372 -0.193644 0.331089 -0.266948
1678843226397 0.265116 -0.367741 -0.388510
1678843226443 0.270002 -0.601091 -0.577879
1678843226459 0.024435 0.015882 -0.572992
1678843226476 -0.092852 0.408058 -0.503964
1678843226501 0.005498 0.109956 -0.435547
1678843226518 0.146608 -0.114843 -0.466090
1678843226545 0.233961 -0.024435 -0.470366
1678843226570 0.268781 -0.040928 -0.379958
1678843226592 0.197309 -0.068417 -0.248011
1678843226636 0.153327 -0.021380 -0.176540
1678843226643 0.210749 -0.003665 -0.152716
1678843226669 0.189368 0.054978 -0.106901
1678843226695 0.027489 0.086743 -0.054367
1678843226720 -0.053145 0.144164 -0.036652
1678843226746 0.058643 0.218690 0.016493
1678843226785 0.234572 0.296881 0.113621
1678843226810 0.218690 0.333532 0.167988
1678843226831 0.231518 0.147829 0.233351
1678843226850 0.016493 0.427606 0.317650
1678843226883 -0.253509 0.665232 0.547335
1678843226924 -0.189979 0.524733 0.637743
1678843226933 -0.019548 0.171653 0.557720
1678843226978 -0.110567 0.000000 0.568105
1678843226982 -0.224798 0.128282 0.623083
1678843227004 -0.212581 0.298102 0.701884
1678843227046 -0.188147 0.028100 0.727540
1678843227052 -0.138056 -0.250455 0.666454
1678843227077 0.033598 -0.053145 0.502742
1678843227106 0.131336 0.010996 0.395841
1678843227128 0.025656 -0.099571 0.386678
1678843227155 -0.040928 -0.200364 0.342695
1678843227203 0.051313 -0.125838 0.247400
1678843227220 0.078802 -0.081856 0.177762
1678843227233 -0.003054 -0.031154 0.173486
1678843227258 0.014050 -0.069639 0.131947
1678843227285 0.037874 -0.207694 -0.076969
1678843227307 0.052534 -0.138666 -0.246179
1678843227346 0.063530 -0.023213 -0.347582
1678843227378 0.074526 -0.058032 -0.450819
1678843227391 0.090408 -0.152105 -0.611476
1678843227409 0.122173 -0.276722 -0.747088
1678843227445 0.007330 0.065363 -0.759305
1678843227459 -0.269392 0.262672 -0.602924
1678843227484 -0.375071 -0.035430 -0.638965
1678843227509 -0.208916 -0.593761 -0.756862
1678843227544 0.047037 -0.524733 -0.853379
1678843227567 -0.041539 -0.089797 -0.799012
1678843227586 -0.320093 0.020159 -0.729984
1678843227610 -0.444710 -0.237016 -0.679893
1678843227640 -0.315817 -0.387899 -0.710436
1678843227664 -0.028100 -0.237627 -0.744645
1678843227690 0.151495 -0.288328 -0.699441
1678843227713 0.163101 -0.305433 -0.609033
1678843227743 0.110567 -0.233351 -0.529009
1678843227763 0.040928 -0.238848 -0.538783
1678843227788 0.043371 -0.343306 -0.530231
1678843227812 0.079412 -0.326202 -0.426995
1678843227849 0.033598 -0.177151 -0.329256
1678843227904 -0.034819 -0.190590 -0.310320
1678843227914 0.013439 -0.332922 -0.219301
1678843227923 0.052534 -0.321926 -0.158214
1678843227940 -0.050091 -0.298713 -0.193644
1678843227966 -0.141110 -0.296270 -0.204640
1678843227991 0.038485 -0.138056 -0.133779
1678843228021 0.326813 -0.067195 -0.014661
1678843228048 0.328645 -0.194866 0.039095
1678843228071 0.226020 -0.255953 0.032987
1678843228101 0.174707 -0.183260 0.073915
1678843228119 0.110567 0.017104 0.125227
1678843228151 0.173486 0.142942 0.021991
1678843228172 0.199753 0.019548 0.141721
1678843228199 0.025656 0.116675 0.138056
1678843228220 -0.151495 0.103847 0.041539
1678843228285 0.039095 -0.031154 0.046426
1678843228291 0.478918 -0.286496 0.177762
1678843228298 0.323148 -0.290772 0.345139
1678843228322 -0.412334 -0.254120 0.463036
1678843228348 -0.811229 -0.174707 0.428217
1678843228374 -0.476475 -0.120340 0.423940
1678843228433 0.151495 0.161268 0.419054
1678843228453 0.371406 0.212581 0.397673
1678843228467 0.130114 0.025656 0.316428
1678843228474 -0.032987 -0.058032 0.252898
1678843228502 0.147219 -0.147829 0.303600
1678843228526 0.336587 -0.178373 0.290772
1678843228551 0.284663 -0.015272 0.111788
1678843228578 0.175318 0.040317 0.103236
1678843228617 0.080634 -0.065363 0.178373
1678843228627 0.144775 0.039706 0.136834
1678843228653 0.318872 0.161879 0.131947
1678843228679 0.331089 0.073915 0.170431
1678843228706 0.282220 0.023213 0.171653
1678843228733 0.284663 0.050091 0.218690
1678843228766 0.301767 -0.064752 0.327424
1678843228787 0.378736 -0.009163 0.387289
1678843228814 0.498466 0.244957 0.296881
1678843228832 0.299324 0.253509 0.326202
1678843228857 -0.094073 0.461203 0.359800
1678843228889 -0.209527 0.222355 0.474642
1678843228907 -0.104458 0.037874 0.533285
1678843228933 -0.216246 0.339030 0.615752
1678843228971 -0.645685 0.550390 0.683558
1678843228985 -0.914465 0.409891 0.934013
1678843229008 -0.731817 0.097738 1.025032
1678843229035 -0.334143 0.228464 0.930348
1678843229060 -0.063530 0.613920 0.739758
1678843229087 -0.036041 0.662178 0.660956
1678843229112 0.052534 0.439212 0.763582
1678843229145 0.239459 0.507629 0.874759
1678843229175 0.252287 0.678671 0.907746
1678843229191 0.112399 0.718988 0.919963
1678843229242 0.092241 0.673784 0.998765
1678843229256 0.211359 0.616974 1.026865
1678843229283 0.191812 0.707993 0.927904
1678843229289 0.108123 0.701273 0.827112
1678843229315 0.042150 0.515570 0.759305
1678843229358 0.048869 0.402560 0.742812
1678843229391 0.199142 0.579100 0.710436
1678843229407 0.314596 0.721432 0.701884
1678843229418 0.282220 0.587652 0.695165
1678843229443 0.247400 0.299935 0.788627
1678843229471 -0.197309 0.697608 0.923017
1678843229495 -0.678671 0.636522 1.206459
1678843229540 -0.491747 0.276111 1.350012
1678843229545 -0.014661 0.189979 1.157590
1678843229579 0.113621 0.428827 0.872316
1678843229598 -0.173486 0.951728 0.869872
1678843229634 -0.279165 0.996321 1.014647
1678843229649 0.034208 0.773966 1.134377
1678843229675 0.206472 0.846048 1.207070
1678843229702 0.166766 1.072679 1.316415
1678843229742 -0.080023 0.981050 1.447140
1678843229761 -0.245568 0.466090 1.519833
1678843229774 -0.274889 0.269392 1.478905
1678843229802 -0.081245 0.483194 1.488679
1678843229825 -0.045815 0.469145 1.428814
1678843229851 -0.164323 0.207083 1.273654
1678843229890 -0.040317 0.235794 1.120327
1678843229910 0.145386 0.368963 0.965167
1678843229931 0.211970 0.228464 0.796568
1678843229955 0.390343 -0.028100 0.637132
1678843229978 0.263894 0.175929 0.608422
1678843230005 0.018937 0.519235 0.715323
1678843230031 0.031154 0.090408 0.795957
1678843230062 0.446543 -0.322537 0.785573
1678843230081 0.076358 0.172875 0.677450
1678843230114 -0.512516 0.657902 0.770912
1678843230153 -0.610254 0.473421 0.841161
1678843230174 -0.171653 0.279776 0.899194
1678843230205 0.070860 0.591928 0.852768
1678843230215 -0.032376 0.760527 0.904081
1678843230239 0.009774 0.653015 1.112996
1678843230259 0.189368 0.524122 1.120327
1678843230300 0.235183 0.664011 1.130101
1678843230341 0.045815 0.946230 1.226617
1678843230345 -0.073304 0.854600 1.356732
1678843230362 0.106901 0.796568 1.409877
1678843230396 0.144775 0.993267 1.428814
1678843230412 -0.085521 0.959669 1.570535
1678843230447 -0.120951 0.817949 1.794722
1678843230502 0.059254 0.878424 1.878411
1678843230518 -0.075136 1.082453 1.684766
1678843230524 -0.087354 0.976774 1.718975
1678843230549 0.052534 0.897361 1.842370
1678843230567 -0.365297 1.424538 1.996308
1678843230607 -1.017091 1.464855 2.188730
1678843230616 -0.841161 0.722043 2.192395
1678843230643 -0.437380 0.532064 2.133142
1678843230673 -0.411112 0.707382 2.067779
1678843230695 -0.378126 0.673784 1.974927
1678843230718 -0.312763 0.654237 1.766622
1678843230765 0.001833 0.737314 1.535715
1678843230775 0.136834 0.856433 1.469742
1678843230795 -0.077580 0.923017 1.506394
1678843230820 -0.186925 0.824668 1.551598
1678843230858 -0.114232 0.804510 1.467909
1678843230873 -0.110567 0.865596 1.372614
1678843230899 -0.202807 0.928515 1.364673
1678843230922 -0.260839 0.821614 1.475240
1678843230948 -0.270002 0.672563 1.542435
1678843230974 -0.202807 0.603535 1.475240
1678843230998 -0.073915 0.516181 1.324356
1678843231023 -0.027489 0.554666 1.239446
1678843231049 -0.040317 0.603535 1.196685
1678843231102 -0.083689 0.562607 1.118494
1678843231119 -0.075747 0.444710 1.009149
1678843231132 -0.039095 0.376904 0.894918
1678843231152 0.032376 0.342695 0.767247
1678843231188 0.104458 0.291994 0.692110
1678843231202 0.062919 0.205251 0.642630
1678843231244 0.080634 0.060476 0.610254
1678843231253 0.152105 0.083689 0.525344
1678843231279 0.141721 0.131336 0.383623
1678843231305 0.163712 0.175318 0.301767
1678843231333 0.280387 0.035430 0.209527
1678843231355 0.218079 0.029932 0.070250
1678843231380 0.120340 0.243124 0.064141
1678843231406 -0.128893 0.546724 0.110567
1678843231456 0.090408 0.585820 0.007330
1678843231462 0.351858 0.160047 -0.075136
1678843231483 0.283441 -0.056810 -0.070250
1678843231517 -0.072693 0.028711 0.038485
1678843231538 -0.259618 0.094073 0.092852
1678843231559 -0.155160 -0.143553 0.063530
1678843231587 0.036041 -0.117897 -0.032376
1678843231615 0.177762 0.119119 -0.064141
1678843231671 0.130725 0.163712 -0.023213
1678843231689 0.079412 -0.045815 0.025045
1678843231701 0.015272 -0.101404 0.081245
1678843231713 -0.112399 -0.021380 0.163712
1678843231738 -0.197920 0.084299 0.229074
1678843231765 -0.262061 0.043982 0.277944
1678843231809 -0.207083 0.032987 0.268781
1678843231818 -0.097738 0.139277 0.200975
1678843231841 0.031765 0.089797 0.134390
1678843231871 0.048258 0.085521 0.115454
1678843231892 -0.020769 0.166155 0.114232
1678843231917 -0.095295 0.194866 0.145997
1678843231945 -0.142942 0.180816 0.172264
1678843231989 -0.072082 0.188147 0.213803
1678843232007 -0.064752 0.225409 0.235183
1678843232019 -0.147219 0.127671 0.309098
1678843232044 -0.500910 0.328035 0.443488
1678843232070 -0.676228 0.081856 0.580322
1678843232098 -0.450208 0.151495 0.528398
1678843232138 -0.271224 0.193033 0.431882
1678843232160 -0.190590 -0.069639 0.426995
1678843232173 -0.086132 -0.018326 0.392786
1678843232198 -0.110567 0.103847 0.340863
1678843232223 -0.287107 0.075136 0.298102
1678843232249 -0.312763 0.045815 0.335365
1678843232274 -0.142332 -0.014661 0.355524
1678843232305 0.155771 0.031765 0.442266
1678843232326 0.131336 -0.035430 0.490525
1678843232381 -0.048869 -0.109345 0.517403
1678843232387 -0.094073 -0.138056 0.474642
1678843232402 -0.032987 -0.037263 0.455095
1678843232435 0.100793 0.104458 0.428827
1678843232455 0.097128 0.097738 0.384234
1678843232493 0.081856 -0.018937 0.342695
1678843232503 0.084910 -0.061087 0.249233
1678843232530 0.131947 0.028711 0.169210
1678843232585 0.135612 0.059254 0.116675
1678843232597 0.133169 -0.027489 0.104458
1678843232609 0.205862 -0.065973 0.113621
1678843232633 0.193033 -0.014050 0.067806
1678843232656 0.090408 -0.106901 0.016493
1678843232683 0.091630 -0.315817 0.020159
1678843232710 -0.063530 -0.186314 -0.030543
1678843232745 -0.116064 -0.008552 -0.025656
1678843232763 -0.318872 0.104458 -0.037874
1678843232786 -0.205862 -0.101404 -0.116064
1678843232809 0.148440 -0.265726 -0.301767
1678843232838 0.233961 0.070860 -0.311541
1678843232867 0.030543 0.147829 -0.233351
1678843232891 -0.167377 0.128282 -0.207083
1678843232945 -0.136223 0.260839 -0.199142
1678843232960 -0.087354 0.302378 -0.162490
1678843232976 -0.031154 0.139277 -0.081245
1678843232986 0.000611 0.027489 -0.059254
1678843233011 0.067806 0.052534 -0.010996
1678843233037 0.068417 0.144775 0.028711
1678843233063 -0.082467 0.114232 0.034819
1678843233088 -0.169821 0.111788 0.076969
1678843233113 -0.191201 0.095295 0.091019
1678843233146 -0.180205 0.163712 0.095295
1678843233177 -0.108734 0.254731 0.056810
1678843233189 -0.075136 0.125838 0.023213
1678843233213 -0.097128 0.125227 0.060476
1678843233240 -0.335976 0.360410 0.117286
1678843233279 -0.155160 0.017104 0.188147
1678843233290 0.339641 -0.072082 0.280387
