# Created at Tue Mar 14 18:19:40 MST 2023
1678843181321 0.153539 0.121615 0.231841 0.952830
1678843181328 0.153764 0.120657 0.228953 0.953614
1678843181344 0.158016 0.121685 0.226258 0.953431
1678843181352 0.165289 0.129274 0.220898 0.952456
1678843181360 0.171974 0.136930 0.215571 0.951422
1678843181367 0.183583 0.139223 0.213601 0.949362
1678843181376 0.187680 0.131179 0.213369 0.949759
1678843181383 0.194172 0.121402 0.210640 0.950363
1678843181389 0.192550 0.117320 0.206912 0.952023
1678843181397 0.192029 0.113938 0.201023 0.953799
1678843181434 0.189463 0.108619 0.190749 0.957037
1678843181516 0.192751 0.106019 0.183905 0.958011
1678843181571 0.195810 0.108449 0.180141 0.957834
1678843181624 0.197606 0.106010 0.178754 0.957999
1678843181689 0.186937 0.107383 0.185551 0.958694
1678843181741 0.174154 0.100652 0.193145 0.960331
1678843181795 0.182556 0.088728 0.187607 0.961043
1678843181892 0.192552 0.085409 0.177781 0.961261
1678843181914 0.188154 0.085389 0.175459 0.962560
1678843181976 0.161868 0.103777 0.177092 0.965229
1678843182016 0.154481 0.098408 0.177640 0.966900
1678843182071 0.162724 0.094140 0.179733 0.965585
1678843182119 0.163341 0.092419 0.183110 0.965013
1678843182176 0.172242 0.098093 0.183399 0.962847
1678843182228 0.178778 0.105855 0.181956 0.961106
1678843182283 0.170797 0.105682 0.173104 0.964207
1678843182330 0.162253 0.106432 0.157288 0.968301
1678843182397 0.152121 0.115127 0.139345 0.971693
1678843182451 0.159209 0.107348 0.114049 0.974742
1678843182521 0.155588 0.132665 0.093569 0.974391
1678843182598 0.175668 0.135696 0.078569 0.971882
1678843182650 0.180494 0.137785 0.072983 0.971139
1678843182709 0.185304 0.143870 0.074827 0.969208
1678843182744 0.185640 0.147148 0.079126 0.968310
1678843182800 0.186657 0.148506 0.090810 0.966881
1678843182835 0.179894 0.150311 0.100792 0.966895
1678843182882 0.170091 0.141596 0.112171 0.968730
1678843182954 0.159415 0.121716 0.133664 0.970518
1678843183011 0.147503 0.098523 0.152310 0.972285
1678843183087 0.152201 0.124085 0.162770 0.966925
1678843183134 0.128712 0.154935 0.188305 0.961233
1678843183188 0.128992 0.154614 0.206533 0.957497
1678843183247 0.135759 0.153026 0.224369 0.952791
1678843183293 0.133432 0.137411 0.237443 0.952331
1678843183354 0.134292 0.138063 0.247599 0.949526
1678843183407 0.141531 0.137443 0.245644 0.949072
1678843183469 0.160525 0.110689 0.231899 0.952997
1678843183503 0.170726 0.103256 0.217115 0.955537
1678843183553 0.185689 0.099190 0.197309 0.957471
1678843183612 0.205197 0.086423 0.169648 0.960023
1678843183664 0.205152 0.098439 0.158600 0.960765
1678843183709 0.203391 0.087516 0.145678 0.964236
1678843183773 0.202887 0.088236 0.138114 0.965389
1678843183843 0.198657 0.091856 0.140572 0.965576
1678843183946 0.191789 0.109360 0.152918 0.963262
1678843183977 0.181118 0.126480 0.172714 0.959880
1678843184008 0.168687 0.121255 0.191007 0.959353
1678843184077 0.160234 0.127331 0.211004 0.955819
1678843184142 0.147869 0.113925 0.236613 0.953504
1678843184167 0.145923 0.104405 0.242452 0.953427
1678843184244 0.139989 0.129858 0.256290 0.947552
1678843184300 0.138853 0.167714 0.287124 0.932819
1678843184358 0.151608 0.203225 0.336195 0.907021
1678843184423 0.145133 0.185434 0.359019 0.903137
1678843184451 0.141887 0.181349 0.364750 0.902185
1678843184509 0.136763 0.151539 0.367760 0.907240
1678843184586 0.130873 0.118544 0.361971 0.915312
1678843184629 0.128537 0.120393 0.366397 0.913639
1678843184703 0.140468 0.107615 0.359047 0.916391
1678843184757 0.133579 0.122587 0.358451 0.915774
1678843184816 0.125399 0.128417 0.362074 0.914706
1678843184874 0.123242 0.137556 0.374086 0.908818
1678843184922 0.122181 0.145289 0.383705 0.903733
1678843184970 0.122712 0.157042 0.393485 0.897468
1678843184990 0.122263 0.162576 0.398973 0.894115
1678843185040 0.118899 0.167992 0.415637 0.885939
1678843185093 0.106521 0.165307 0.439062 0.876671
1678843185149 0.090924 0.160233 0.466151 0.865310
1678843185204 0.082274 0.177843 0.491558 0.848513
1678843185259 0.104932 0.172878 0.496821 0.843962
1678843185290 0.110782 0.177810 0.499661 0.840506
1678843185358 0.110688 0.182828 0.517142 0.828786
1678843185422 0.117780 0.175383 0.547538 0.809673
1678843185502 0.122841 0.176950 0.573963 0.790041
1678843185552 0.117508 0.176581 0.597152 0.773576
1678843185581 0.112935 0.172760 0.607706 0.766873
1678843185633 0.106870 0.160002 0.617046 0.763041
1678843185684 0.098960 0.166122 0.616056 0.763600
1678843185741 0.087424 0.168600 0.619931 0.761326
1678843185809 0.095080 0.162250 0.620310 0.761479
1678843185866 0.093777 0.173633 0.612028 0.765819
1678843185920 0.089406 0.170537 0.606529 0.771392
1678843185976 0.090783 0.173515 0.600925 0.774945
1678843186029 0.089825 0.185193 0.603572 0.770283
1678843186078 0.091739 0.186662 0.611659 0.763292
1678843186117 0.090412 0.188593 0.623689 0.753174
1678843186148 0.088093 0.188460 0.633681 0.745098
1678843186225 0.081096 0.185071 0.650376 0.732245
1678843186262 0.078620 0.183870 0.660471 0.723732
1678843186314 0.065165 0.180061 0.687841 0.700148
1678843186369 0.075251 0.158590 0.712723 0.679126
1678843186443 0.030907 0.150332 0.731728 0.664093
1678843186499 0.009686 0.160782 0.747220 0.644762
1678843186562 0.004332 0.172034 0.768680 0.616050
1678843186634 0.001626 0.169887 0.790084 0.588986
1678843186665 0.001988 0.167954 0.801716 0.573620
1678843186678 0.012950 0.166602 0.811652 0.559729
1678843186731 0.022552 0.163293 0.820803 0.546909
1678843186793 0.018617 0.182708 0.818805 0.543902
1678843186871 0.004514 0.187927 0.830830 0.523817
1678843186904 0.013810 0.167651 0.849126 0.500687
1678843186981 -0.002862 0.182876 0.856354 0.482913
1678843187031 -0.009408 0.193038 0.864695 0.463627
1678843187062 -0.003205 0.196707 0.869398 0.453258
1678843187116 -0.006834 0.206493 0.876975 0.433853
1678843187173 -0.015381 0.207819 0.888918 0.407920
1678843187229 -0.020109 0.199166 0.901788 0.383023
1678843187281 -0.025018 0.192982 0.913585 0.357064
1678843187336 -0.039371 0.185280 0.925488 0.328015
1678843187391 -0.044059 0.182000 0.936716 0.295801
1678843187460 -0.079772 0.173573 0.950103 0.246603
1678843187510 -0.063917 0.166050 0.961230 0.210664
1678843187542 -0.056375 0.158822 0.966597 0.193098
1678843187582 -0.067728 0.156811 0.969920 0.173431
1678843187660 -0.068915 0.156609 0.975420 0.138856
1678843187691 -0.067804 0.153783 0.980596 0.100923
1678843187770 -0.063144 0.154383 0.983892 0.064312
1678843187819 -0.058387 0.158654 0.984700 0.042249
1678843187875 -0.054164 0.163552 0.984558 0.031020
1678843187928 -0.054740 0.165421 0.984472 0.021332
1678843188004 0.068799 -0.164225 -0.984020 0.001355
1678843188060 0.061758 -0.181199 -0.981439 0.011423
1678843188099 0.078480 -0.186592 -0.979001 0.024098
1678843188146 0.094830 -0.192993 -0.975737 0.041200
1678843188196 0.110418 -0.192288 -0.973175 0.061348
1678843188250 0.128461 -0.196842 -0.968179 0.085911
1678843188309 0.145381 -0.204444 -0.961310 0.113800
1678843188394 0.150922 -0.208322 -0.955727 0.142862
1678843188423 0.153698 -0.211384 -0.951089 0.164693
1678843188476 0.151096 -0.200866 -0.947859 0.195923
1678843188524 0.147674 -0.188902 -0.945661 0.219623
1678843188602 0.148843 -0.169187 -0.941799 0.249473
1678843188634 0.142488 -0.170894 -0.937373 0.267999
1678843188703 0.145305 -0.155329 -0.934083 0.286791
1678843188762 0.148150 -0.152864 -0.928111 0.305442
1678843188823 0.144410 -0.151840 -0.921475 0.327070
1678843188886 0.143512 -0.155677 -0.913248 0.348062
1678843188954 0.150654 -0.161614 -0.903943 0.366157
1678843189005 0.150672 -0.162132 -0.900289 0.374822
1678843189097 0.150945 -0.156397 -0.898306 0.381839
1678843189123 0.159716 -0.148706 -0.893686 0.392050
1678843189178 0.154454 -0.153790 -0.893599 0.392395
1678843189225 0.167656 -0.144244 -0.892536 0.393021
1678843189280 0.179953 -0.145397 -0.889534 0.393962
1678843189350 0.180524 -0.143454 -0.887325 0.399357
1678843189397 0.184360 -0.146614 -0.883460 0.404988
1678843189461 0.190702 -0.142304 -0.878221 0.414861
1678843189508 0.194107 -0.137183 -0.871421 0.429103
1678843189583 0.196856 -0.126232 -0.860414 0.452770
1678843189635 0.191604 -0.116973 -0.852177 0.472651
1678843189662 0.194086 -0.101242 -0.840535 0.495562
1678843189697 0.191891 -0.091812 -0.829260 0.516794
1678843189760 0.180765 -0.106906 -0.820694 0.531372
1678843189807 0.189231 -0.097992 -0.809988 0.546359
1678843189862 0.185828 -0.095193 -0.799636 0.563017
1678843189921 0.191415 -0.096987 -0.789157 0.575486
1678843189970 0.186911 -0.097865 -0.784472 0.583173
1678843190022 0.173316 -0.114457 -0.783105 0.586180
1678843190089 0.158968 -0.135337 -0.794926 0.569654
1678843190139 0.158917 -0.134284 -0.808460 0.550551
1678843190185 0.161231 -0.125710 -0.818137 0.537451
1678843190252 0.166655 -0.133147 -0.831942 0.512222
1678843190319 0.167693 -0.136144 -0.840624 0.496684
1678843190375 0.178913 -0.139504 -0.850033 0.475366
1678843190430 0.176465 -0.141101 -0.859020 0.459385
1678843190528 0.171053 -0.143120 -0.866303 0.446964
1678843190548 0.149576 -0.161068 -0.871576 0.438223
1678843190605 0.144722 -0.170719 -0.875991 0.427260
1678843190658 0.142249 -0.179271 -0.879622 0.417005
1678843190727 0.139754 -0.184008 -0.882858 0.408866
1678843190788 0.126276 -0.181978 -0.886262 0.406789
1678843190817 0.127004 -0.184699 -0.889434 0.398326
1678843190864 0.130521 -0.184348 -0.891608 0.392448
1678843190925 0.135332 -0.197792 -0.890928 0.385760
1678843190973 0.133635 -0.197154 -0.889024 0.391035
1678843191043 0.129224 -0.202562 -0.886864 0.394641
1678843191083 0.137430 -0.209710 -0.883247 0.396244
1678843191154 0.150121 -0.220116 -0.876722 0.400463
1678843191185 0.144677 -0.224017 -0.869984 0.414744
1678843191253 0.145344 -0.217151 -0.865578 0.427195
1678843191307 0.130032 -0.220700 -0.866364 0.428716
1678843191366 0.139952 -0.198687 -0.863680 0.441580
1678843191413 0.134269 -0.213608 -0.858561 0.446337
1678843191473 0.146922 -0.189835 -0.851712 0.465793
1678843191534 0.151558 -0.180263 -0.844287 0.481368
1678843191608 0.162540 -0.148829 -0.836607 0.501518
1678843191666 0.170468 -0.131727 -0.823230 0.525244
1678843191712 0.178418 -0.124778 -0.801955 0.556296
1678843191767 0.191579 -0.119158 -0.777972 0.586394
1678843191815 0.204553 -0.118327 -0.755981 0.610451
1678843191858 0.215831 -0.111553 -0.735745 0.632181
1678843191918 0.220767 -0.110711 -0.699040 0.671080
1678843191975 0.220162 -0.100797 -0.665394 0.706130
1678843192024 0.213404 -0.105969 -0.644433 0.726592
1678843192068 0.210596 -0.114498 -0.631034 0.737791
1678843192130 0.205172 -0.102044 -0.604694 0.762782
1678843192203 0.202729 -0.086715 -0.590756 0.776137
1678843192247 0.215876 -0.071171 -0.574398 0.786384
1678843192289 0.212909 -0.066287 -0.559005 0.798617
1678843192327 0.209929 -0.053626 -0.547324 0.808388
1678843192401 0.216380 -0.056539 -0.532337 0.816456
1678843192447 0.236019 -0.067792 -0.517811 0.819494
1678843192504 0.247044 -0.078035 -0.501233 0.825618
1678843192577 0.241405 -0.083124 -0.492151 0.832227
1678843192612 0.242347 -0.088831 -0.485988 0.834981
1678843192684 0.264229 -0.071309 -0.470417 0.838931
1678843192749 0.259159 -0.068286 -0.463863 0.844396
1678843192806 0.256044 -0.069846 -0.448812 0.853306
1678843192860 0.247332 -0.059113 -0.434217 0.864169
1678843192924 0.244393 -0.049375 -0.418284 0.873426
1678843192968 0.248371 -0.039581 -0.394977 0.883594
1678843193035 0.245952 -0.027956 -0.370606 0.895197
1678843193052 0.246881 -0.025775 -0.354659 0.901445
1678843193099 0.247480 -0.016281 -0.326187 0.912190
1678843193149 0.239740 -0.006917 -0.297209 0.924199
1678843193194 0.233776 -0.003537 -0.274520 0.932725
1678843193245 0.202037 -0.004724 -0.226637 0.952783
1678843193296 0.186347 -0.015129 -0.195788 0.962659
1678843193363 0.159983 0.001478 -0.153641 0.975089
1678843193414 0.136631 0.032617 -0.097836 0.985239
1678843193448 0.129059 0.041087 -0.075381 0.987914
1678843193508 0.127499 0.046836 -0.045398 0.989692
1678843193556 0.135962 0.057852 -0.005543 0.989008
1678843193617 0.145211 0.061391 0.027330 0.987116
1678843193684 0.149076 0.052889 0.065862 0.985211
1678843193764 0.159131 0.069562 0.083818 0.981230
1678843193809 0.150356 0.073692 0.103710 0.980412
1678843193869 0.149146 0.074099 0.120111 0.978692
1678843193921 0.148639 0.085441 0.128734 0.976746
1678843193965 0.147075 0.096985 0.140626 0.974262
1678843194026 0.153356 0.095732 0.152101 0.971691
1678843194073 0.155154 0.105707 0.165934 0.968101
1678843194145 0.154577 0.109715 0.186695 0.963957
1678843194206 0.156989 0.108285 0.213497 0.958148
1678843194256 0.159906 0.104600 0.230318 0.954171
1678843194314 0.155648 0.108073 0.249545 0.949643
1678843194353 0.149421 0.109485 0.271119 0.944553
1678843194422 0.134706 0.113943 0.307680 0.934989
1678843194472 0.132785 0.112423 0.328555 0.928321
1678843194508 0.136193 0.112518 0.341007 0.923312
1678843194573 0.129252 0.115000 0.360804 0.916455
1678843194627 0.121006 0.111201 0.376798 0.911600
1678843194691 0.124158 0.114743 0.386243 0.906772
1678843194730 0.129788 0.114628 0.395557 0.901970
1678843194794 0.134608 0.115712 0.401818 0.898350
1678843194811 0.137536 0.116470 0.404259 0.896713
1678843194863 0.142043 0.121199 0.407148 0.894072
1678843194928 0.141942 0.114605 0.406746 0.895140
1678843194982 0.137972 0.111047 0.407708 0.895772
1678843195059 0.134691 0.086001 0.407129 0.899282
1678843195112 0.124146 0.084581 0.399833 0.904194
1678843195170 0.133192 0.082028 0.389158 0.907793
1678843195228 0.129078 0.092317 0.381438 0.910671
1678843195283 0.134726 0.092255 0.387835 0.907151
1678843195360 0.137737 0.093813 0.396086 0.902964
1678843195409 0.138644 0.091841 0.409873 0.896854
1678843195467 0.134635 0.088285 0.426814 0.889893
1678843195547 0.111244 0.084284 0.460828 0.876446
1678843195607 0.120154 0.072155 0.470180 0.871371
1678843195638 0.127811 0.083171 0.468461 0.870225
1678843195689 0.120376 0.099064 0.472476 0.867446
1678843195723 0.120810 0.103909 0.478384 0.863572
1678843195775 0.121355 0.105159 0.492103 0.855599
1678843195832 0.126106 0.104573 0.511900 0.843279
1678843195864 0.127474 0.104300 0.519232 0.838612
1678843195933 0.129183 0.106269 0.529702 0.831525
1678843195984 0.137985 0.100266 0.529582 0.830933
1678843196043 0.130035 0.099866 0.530826 0.831470
1678843196107 0.125972 0.088958 0.530079 0.833807
1678843196154 0.135595 0.086720 0.523517 0.836674
1678843196192 0.130378 0.087879 0.515457 0.842368
1678843196264 0.123835 0.097977 0.510836 0.845052
1678843196322 0.127689 0.108952 0.510732 0.843195
1678843196386 0.127336 0.118612 0.512921 0.840612
1678843196465 0.121856 0.139942 0.517059 0.835594
1678843196558 0.112904 0.164138 0.525436 0.827181
1678843196578 0.102583 0.169832 0.540910 0.817344
1678843196634 0.082231 0.174592 0.560609 0.805278
1678843196711 0.074535 0.145597 0.595973 0.786170
1678843196761 0.073653 0.139574 0.614109 0.773282
1678843196816 0.065009 0.126840 0.629434 0.763870
1678843196890 0.067476 0.127585 0.641711 0.753243
1678843196917 0.068162 0.127548 0.648977 0.746937
1678843196984 0.072428 0.129135 0.659074 0.737360
1678843197028 0.074434 0.138449 0.662939 0.731986
1678843197095 0.085854 0.147325 0.664341 0.727719
1678843197134 0.084977 0.151671 0.663828 0.727397
1678843197190 0.073291 0.157602 0.669918 0.721803
1678843197244 0.083279 0.145769 0.671346 0.721880
1678843197303 0.081447 0.141432 0.666751 0.727191
1678843197346 0.074244 0.154118 0.652417 0.738300
1678843197379 0.076410 0.158357 0.650015 0.739300
1678843197423 0.075966 0.158610 0.651986 0.737554
1678843197476 0.076460 0.163841 0.655153 0.733543
1678843197530 0.057392 0.175382 0.667006 0.721838
1678843197582 0.048622 0.174733 0.680134 0.710297
1678843197626 0.039163 0.174217 0.694040 0.697440
1678843197689 0.042611 0.167065 0.715612 0.676885
1678843197745 0.034523 0.162605 0.743750 0.647459
1678843197822 0.058147 0.153136 0.767850 0.619334
1678843197878 0.049654 0.145449 0.788090 0.596066
1678843197928 0.040428 0.138260 0.802261 0.579333
1678843197978 0.038099 0.139799 0.813145 0.563737
1678843198020 0.041072 0.139969 0.821226 0.551643
1678843198105 0.040205 0.140948 0.834036 0.531885
1678843198135 0.030229 0.150865 0.842827 0.515722
1678843198174 0.029212 0.156401 0.845960 0.508957
1678843198222 0.030435 0.166584 0.847746 0.502642
1678843198280 0.011601 0.165771 0.857683 0.486586
1678843198323 0.025656 0.153887 0.866832 0.473564
1678843198362 0.017876 0.148645 0.872344 0.465404
1678843198430 0.004507 0.156179 0.881078 0.446418
1678843198489 -0.007106 0.156104 0.892455 0.423208
1678843198520 -0.013184 0.150119 0.899435 0.410253
1678843198608 -0.020746 0.148942 0.913638 0.377693
1678843198656 -0.027135 0.154374 0.922118 0.353738
1678843198712 -0.039223 0.161118 0.932205 0.321709
1678843198775 -0.050551 0.166109 0.946124 0.273317
1678843198856 -0.065004 0.179338 0.955190 0.226327
1678843198879 -0.078028 0.185815 0.962142 0.183487
1678843198918 -0.064794 0.194485 0.968517 0.141250
1678843198972 -0.069658 0.194094 0.974015 0.093649
1678843199029 -0.076135 0.197279 0.975932 0.053299
1678843199087 -0.087666 0.197345 0.976309 0.013790
1678843199146 0.094410 -0.200191 -0.974894 0.024333
1678843199195 0.095911 -0.197886 -0.973650 0.060402
1678843199263 0.104149 -0.189518 -0.971486 0.097221
1678843199312 0.098083 -0.189316 -0.970006 0.116740
1678843199377 0.093933 -0.188679 -0.968764 0.130664
1678843199431 0.100794 -0.183742 -0.966376 0.148987
1678843199480 0.101667 -0.177079 -0.964605 0.166867
1678843199537 0.091062 -0.187307 -0.962661 0.172938
1678843199596 0.102069 -0.184400 -0.961793 0.174739
1678843199640 0.109132 -0.166588 -0.962947 0.181857
1678843199695 0.100858 -0.159766 -0.961692 0.198624
1678843199789 0.102067 -0.162581 -0.956172 0.221098
1678843199816 0.107727 -0.160954 -0.952384 0.235484
1678843199880 0.115915 -0.164237 -0.946156 0.253730
1678843199927 0.120990 -0.164965 -0.940422 0.271577
1678843199996 0.112606 -0.160890 -0.936827 0.289465
1678843200038 0.121433 -0.152984 -0.929803 0.311956
1678843200092 0.124151 -0.144566 -0.921790 0.337625
1678843200136 0.123102 -0.140626 -0.914673 0.358391
1678843200191 0.117402 -0.110374 -0.909264 0.383762
1678843200262 0.111390 -0.095530 -0.901645 0.406820
1678843200294 0.120269 -0.097037 -0.894640 0.419211
1678843200342 0.128899 -0.096059 -0.888897 0.428975
1678843200399 0.131178 -0.103763 -0.884248 0.436040
1678843200458 0.133973 -0.118593 -0.878905 0.442168
1678843200515 0.135363 -0.122349 -0.878867 0.440795
1678843200597 0.142384 -0.109542 -0.877896 0.443877
1678843200613 0.149142 -0.127381 -0.882608 0.427241
1678843200669 0.171809 -0.119393 -0.886700 0.412299
1678843200717 0.175191 -0.124002 -0.887515 0.407736
1678843200779 0.179028 -0.127846 -0.885259 0.409782
1678843200828 0.175974 -0.129305 -0.883761 0.413860
1678843200904 0.175274 -0.129277 -0.884891 0.411746
1678843200951 0.171990 -0.133601 -0.884241 0.413143
1678843201004 0.166183 -0.137313 -0.883805 0.415232
1678843201048 0.166621 -0.127517 -0.879274 0.427615
1678843201095 0.161954 -0.132520 -0.876721 0.433093
1678843201184 0.168704 -0.140163 -0.875556 0.430459
1678843201196 0.165682 -0.136820 -0.874092 0.435653
1678843201252 0.158359 -0.146733 -0.871611 0.440098
1678843201304 0.160950 -0.147972 -0.869149 0.443599
1678843201382 0.157156 -0.161267 -0.868240 0.442102
1678843201428 0.155171 -0.170539 -0.870226 0.435368
1678843201494 0.149236 -0.183786 -0.876644 0.418864
1678843201547 0.133571 -0.193882 -0.885588 0.400378
1678843201604 0.136197 -0.185733 -0.891979 0.389009
1678843201661 0.127723 -0.192601 -0.898507 0.373199
1678843201723 0.136453 -0.187025 -0.904477 0.358223
1678843201784 0.136770 -0.200137 -0.907616 0.342744
1678843201844 0.135240 -0.206572 -0.910008 0.333053
1678843201881 0.133886 -0.212123 -0.912183 0.324039
1678843201945 0.136565 -0.221639 -0.910948 0.320000
1678843201987 0.140510 -0.226611 -0.909240 0.319667
1678843202024 0.145312 -0.241954 -0.905355 0.317292
1678843202063 0.166759 -0.254326 -0.899080 0.314905
1678843202120 0.179130 -0.268491 -0.890330 0.321152
1678843202175 0.174005 -0.258892 -0.888739 0.335916
1678843202242 0.162047 -0.239016 -0.894720 0.340718
1678843202305 0.154413 -0.232309 -0.895941 0.345658
1678843202351 0.156831 -0.227383 -0.898993 0.339872
1678843202399 0.162705 -0.220417 -0.900204 0.338490
1678843202454 0.162885 -0.214733 -0.902212 0.336707
1678843202483 0.162137 -0.213281 -0.902696 0.336693
1678843202521 0.166239 -0.205635 -0.901684 0.342119
1678843202565 0.169691 -0.205367 -0.900119 0.344696
1678843202620 0.183642 -0.211367 -0.896398 0.343614
1678843202678 0.207146 -0.217425 -0.888855 0.346053
1678843202752 0.219135 -0.217879 -0.882761 0.353895
1678843202804 0.221449 -0.212490 -0.877166 0.369309
1678843202877 0.204785 -0.195878 -0.871968 0.399209
1678843202925 0.192573 -0.192404 -0.870332 0.410389
1678843203015 0.190301 -0.165224 -0.859887 0.443938
1678843203024 0.173517 -0.163311 -0.852678 0.464932
1678843203094 0.166836 -0.162488 -0.840708 0.488850
1678843203160 0.172045 -0.175648 -0.822143 0.513448
1678843203228 0.175917 -0.184683 -0.806787 0.532954
1678843203271 0.178691 -0.192702 -0.791365 0.551975
1678843203323 0.180740 -0.192752 -0.775576 0.573291
1678843203384 0.166709 -0.195207 -0.754533 0.603972
1678843203445 0.146637 -0.198068 -0.737151 0.629186
1678843203496 0.140649 -0.192434 -0.728697 0.642019
1678843203550 0.145291 -0.171332 -0.714184 0.662931
1678843203604 0.132428 -0.157887 -0.702789 0.680898
1678843203661 0.146749 -0.152052 -0.691016 0.691261
1678843203714 0.167563 -0.137134 -0.674757 0.705564
1678843203769 0.171244 -0.128659 -0.650629 0.728563
1678843203848 0.184826 -0.120533 -0.623135 0.750342
1678843203906 0.196983 -0.103990 -0.606645 0.763129
1678843203964 0.205601 -0.097326 -0.590813 0.774078
1678843204018 0.227067 -0.095306 -0.576730 0.778935
1678843204076 0.244018 -0.074883 -0.561032 0.787458
1678843204125 0.230482 -0.082620 -0.542888 0.803321
1678843204187 0.228137 -0.064580 -0.525281 0.817229
1678843204251 0.235579 -0.055683 -0.506591 0.827507
1678843204278 0.232730 -0.042352 -0.495140 0.835990
1678843204331 0.231351 -0.015270 -0.468256 0.852631
1678843204385 0.232758 -0.001201 -0.430995 0.871817
1678843204441 0.227548 0.014750 -0.393555 0.890572
1678843204514 0.220146 0.034903 -0.351078 0.909429
1678843204553 0.216494 0.050696 -0.303936 0.926382
1678843204629 0.209456 0.083441 -0.222077 0.948603
1678843204672 0.211837 0.076724 -0.172523 0.958892
1678843204727 0.211162 0.088758 -0.121616 0.965786
1678843204797 0.200941 0.098925 -0.073964 0.971785
1678843204862 0.188905 0.102052 -0.027272 0.976297
1678843204889 0.192456 0.102605 0.003306 0.975921
1678843204954 0.200543 0.113376 0.036582 0.972415
1678843205053 0.207336 0.115709 0.064010 0.969292
1678843205090 0.212411 0.119196 0.085521 0.966106
1678843205147 0.215603 0.134334 0.092105 0.962801
1678843205203 0.210671 0.147187 0.101790 0.961037
1678843205258 0.211973 0.140274 0.105159 0.961422
1678843205314 0.202718 0.157486 0.111002 0.960095
1678843205373 0.204749 0.160029 0.117687 0.958446
1678843205432 0.211539 0.152396 0.128063 0.956884
1678843205495 0.219458 0.140210 0.134804 0.956037
1678843205546 0.222385 0.144146 0.134974 0.954751
1678843205598 0.218554 0.139126 0.133774 0.956547
1678843205680 0.215630 0.131022 0.136026 0.958036
1678843205732 0.212053 0.130101 0.139300 0.958490
1678843205803 0.209950 0.133233 0.142780 0.958010
1678843205877 0.207773 0.125950 0.149051 0.958515
1678843205949 0.200990 0.136180 0.144910 0.959197
1678843205973 0.181399 0.158335 0.141188 0.960256
1678843206035 0.179591 0.175308 0.142676 0.957422
1678843206097 0.186214 0.175816 0.151572 0.954693
1678843206163 0.191925 0.177712 0.159699 0.951882
1678843206205 0.196780 0.178116 0.162382 0.950360
1678843206249 0.210574 0.175025 0.164839 0.947551
1678843206304 0.219830 0.175535 0.161069 0.946002
1678843206344 0.220980 0.179808 0.159267 0.945236
1678843206391 0.214511 0.178850 0.160892 0.946631
1678843206442 0.212748 0.174436 0.156889 0.948523
1678843206540 0.200603 0.163925 0.148582 0.954364
1678843206587 0.203628 0.161428 0.132333 0.956538
1678843206637 0.210170 0.147488 0.120110 0.958984
1678843206681 0.213888 0.143420 0.106157 0.960424
1678843206740 0.221212 0.141618 0.098024 0.959896
1678843206795 0.227610 0.138112 0.097180 0.958997
1678843206885 0.239454 0.141817 0.093924 0.955891
1678843206930 0.236973 0.137701 0.099090 0.956589
1678843206993 0.238785 0.134668 0.087531 0.957697
1678843207053 0.232504 0.141974 0.077074 0.959085
1678843207087 0.205873 0.151076 0.063126 0.964784
1678843207151 0.204669 0.151949 0.051641 0.965586
1678843207198 0.203336 0.155738 0.038693 0.965869
1678843207270 0.189532 0.149233 0.026150 0.970115
1678843207300 0.183034 0.148433 0.018930 0.971652
1678843207364 0.187209 0.148148 -0.009030 0.971043
1678843207422 0.201762 0.142175 -0.023495 0.968776
1678843207478 0.213296 0.132198 -0.017546 0.967843
1678843207532 0.203617 0.117063 0.003732 0.972020
1678843207595 0.225393 0.102344 0.003476 0.968871
1678843207644 0.230046 0.121200 0.009162 0.965560
1678843207702 0.205472 0.116165 0.033530 0.971166
1678843207764 0.209586 0.108703 0.061696 0.969768
1678843207817 0.204140 0.104901 0.084776 0.969606
1678843207870 0.197015 0.110646 0.101836 0.968799
1678843207931 0.196692 0.117317 0.122844 0.965639
1678843208004 0.200150 0.129221 0.151912 0.959252
1678843208055 0.191505 0.129677 0.195458 0.953051
1678843208118 0.190358 0.112949 0.224443 0.949016
1678843208169 0.175039 0.100422 0.255141 0.945611
1678843208222 0.173669 0.102380 0.272535 0.940788
1678843208231 0.175477 0.109867 0.283004 0.936507
1678843208291 0.175499 0.138820 0.313523 0.922839
1678843208342 0.163870 0.158751 0.341328 0.911834
1678843208409 0.158037 0.157009 0.366614 0.903309
1678843208475 0.170919 0.139631 0.379148 0.898630
1678843208523 0.164642 0.130874 0.375188 0.902773
1678843208569 0.165539 0.128314 0.372388 0.904135
1678843208597 0.163017 0.126055 0.369843 0.905954
1678843208637 0.157984 0.122779 0.358905 0.911676
1678843208687 0.154275 0.125266 0.344591 0.917477
1678843208767 0.169421 0.128214 0.324506 0.921712
1678843208790 0.173035 0.135657 0.321154 0.921149
1678843208846 0.167821 0.138702 0.323745 0.920753
1678843208890 0.163843 0.140725 0.325976 0.920376
1678843208916 0.157689 0.147721 0.333114 0.917795
1678843208970 0.146807 0.141635 0.341924 0.917320
1678843209003 0.143136 0.136584 0.347266 0.916659
1678843209076 0.143972 0.141333 0.357712 0.911778
1678843209126 0.149606 0.151156 0.367618 0.905332
1678843209187 0.143589 0.154544 0.387078 0.897590
1678843209253 0.118088 0.180060 0.415205 0.883877
1678843209290 0.091922 0.156453 0.435976 0.881475
1678843209377 0.092016 0.173603 0.432986 0.879726
1678843209419 0.090719 0.182114 0.451364 0.868836
1678843209482 0.087490 0.175433 0.474638 0.858072
1678843209565 0.092794 0.185550 0.493408 0.844695
1678843209610 0.090840 0.186302 0.507266 0.836493
1678843209673 0.095263 0.193207 0.514464 0.830014
1678843209751 0.111915 0.205239 0.516859 0.823534
1678843209790 0.121084 0.228943 0.519904 0.814017
1678843209852 0.124793 0.234857 0.535374 0.801650
1678843209893 0.098042 0.227848 0.573317 0.780885
1678843209952 0.138992 0.218658 0.584544 0.768881
1678843210011 0.125479 0.231892 0.598267 0.756676
1678843210071 0.130290 0.209854 0.626932 0.738879
1678843210109 0.137598 0.203113 0.651323 0.718046
1678843210178 0.138459 0.181837 0.680935 0.695767
1678843210220 0.146668 0.171538 0.716621 0.659937
1678843210305 0.152777 0.177350 0.740777 0.629647
1678843210330 0.144807 0.183332 0.762173 0.603749
1678843210411 0.123375 0.192039 0.793587 0.564021
1678843210456 0.119964 0.215082 0.813824 0.526345
1678843210512 0.109982 0.229544 0.835110 0.487652
1678843210588 0.106473 0.228095 0.857001 0.449651
1678843210669 0.072682 0.216674 0.881906 0.412325
1678843210694 0.049552 0.192632 0.891364 0.407317
1678843210749 0.049295 0.194598 0.880963 0.428492
1678843210820 0.042970 0.196902 0.892128 0.404340
1678843210868 0.036010 0.203510 0.902052 0.378932
1678843210931 0.045454 0.224370 0.906259 0.355368
1678843210979 0.042848 0.238921 0.914149 0.324673
1678843211017 0.044258 0.238957 0.920686 0.305416
1678843211110 0.025453 0.255452 0.927756 0.270858
1678843211170 0.035549 0.266375 0.928482 0.256324
1678843211224 0.040448 0.283011 0.927031 0.242656
1678843211281 0.035139 0.284784 0.932543 0.219152
1678843211351 0.020702 0.293593 0.935368 0.196118
1678843211389 0.024115 0.283500 0.942494 0.175360
1678843211470 0.013639 0.291941 0.944996 0.146856
1678843211486 0.005135 0.290481 0.948561 0.125803
1678843211539 0.007405 0.287520 0.952577 0.099372
1678843211612 -0.012020 0.282013 0.956646 0.071784
1678843211642 -0.033515 0.274310 0.959802 0.049110
1678843211710 -0.050328 0.273437 0.960471 0.013966
1678843211767 0.060984 -0.268875 -0.960951 0.023687
1678843211809 0.086518 -0.248013 -0.962353 0.069866
1678843211859 0.090896 -0.235247 -0.961917 0.105412
1678843211911 0.092980 -0.229435 -0.958802 0.139330
1678843211964 0.105493 -0.208455 -0.956725 0.173480
1678843212031 0.119594 -0.199215 -0.947434 0.219953
1678843212087 0.117478 -0.198399 -0.939044 0.255015
1678843212123 0.115670 -0.201716 -0.933730 0.272174
1678843212192 0.115603 -0.211013 -0.926110 0.290567
1678843212229 0.104470 -0.224997 -0.916614 0.313499
1678843212285 0.106129 -0.226052 -0.913436 0.321359
1678843212318 0.108181 -0.219494 -0.912491 0.327842
1678843212374 0.109501 -0.222190 -0.909740 0.333188
1678843212429 0.107392 -0.230245 -0.908925 0.330621
1678843212502 0.122522 -0.216447 -0.910188 0.331206
1678843212558 0.131796 -0.206220 -0.909904 0.334930
1678843212612 0.138494 -0.210084 -0.906333 0.339477
1678843212661 0.142740 -0.202611 -0.904310 0.347558
1678843212729 0.154165 -0.199815 -0.901142 0.352492
1678843212775 0.157581 -0.198681 -0.897221 0.361509
1678843212829 0.156884 -0.192480 -0.893663 0.373771
1678843212895 0.155475 -0.191709 -0.890709 0.381722
1678843212946 0.158884 -0.176135 -0.884276 0.402229
1678843212978 0.150492 -0.174249 -0.877738 0.420198
1678843213037 0.153581 -0.164031 -0.873886 0.431080
1678843213113 0.149925 -0.138015 -0.871394 0.446259
1678843213168 0.149747 -0.142192 -0.866662 0.454153
1678843213223 0.145481 -0.146426 -0.861764 0.463418
1678843213311 0.145600 -0.149164 -0.857710 0.469984
1678843213338 0.156013 -0.157799 -0.854228 0.470164
1678843213390 0.163366 -0.164131 -0.853213 0.467333
1678843213461 0.168660 -0.168777 -0.855586 0.459391
1678843213479 0.169250 -0.164086 -0.856339 0.459471
1678843213534 0.162451 -0.161744 -0.859193 0.457424
1678843213601 0.168995 -0.159257 -0.863509 0.447693
1678843213656 0.173240 -0.145189 -0.869812 0.438561
1678843213717 0.175107 -0.149534 -0.872646 0.430658
1678843213769 0.176150 -0.150146 -0.873826 0.427617
1678843213826 0.178721 -0.146649 -0.873591 0.428242
1678843213889 0.177764 -0.151387 -0.869241 0.435778
1678843213942 0.173082 -0.157200 -0.865462 0.443065
1678843213997 0.175977 -0.156413 -0.860372 0.452026
1678843214102 0.175446 -0.142092 -0.848758 0.478162
1678843214128 0.174256 -0.151472 -0.843569 0.484853
1678843214182 0.173920 -0.139376 -0.841180 0.492690
1678843214242 0.174377 -0.139243 -0.836336 0.500746
1678843214307 0.172861 -0.144264 -0.830247 0.509899
1678843214349 0.172387 -0.145339 -0.828762 0.512165
1678843214432 0.171399 -0.162019 -0.828819 0.507377
1678843214482 0.164131 -0.181564 -0.833084 0.496051
1678843214546 0.167057 -0.187562 -0.840835 0.479488
1678843214600 0.161058 -0.177983 -0.849759 0.469352
1678843214655 0.157261 -0.183202 -0.861021 0.447603
1678843214708 0.152962 -0.177726 -0.871702 0.430293
1678843214758 0.137054 -0.170819 -0.884584 0.411763
1678843214815 0.137450 -0.178389 -0.893035 0.389581
1678843214873 0.138732 -0.178115 -0.899493 0.374087
1678843214912 0.137823 -0.179968 -0.903285 0.364269
1678843214963 0.137291 -0.183605 -0.906654 0.354146
1678843215019 0.136965 -0.188720 -0.906777 0.351257
1678843215072 0.135046 -0.189833 -0.906683 0.351643
1678843215163 0.136040 -0.183323 -0.907686 0.352126
1678843215202 0.138352 -0.194883 -0.910371 0.337795
1678843215274 0.131719 -0.192613 -0.915667 0.327268
1678843215340 0.130820 -0.198547 -0.918598 0.315662
1678843215432 0.131170 -0.215502 -0.920628 0.297988
1678843215455 0.128303 -0.226392 -0.920799 0.290542
1678843215491 0.127563 -0.236083 -0.922275 0.278212
1678843215545 0.137554 -0.250283 -0.922524 0.259589
1678843215615 0.134620 -0.264737 -0.923947 0.241068
1678843215675 0.132475 -0.262418 -0.928451 0.227082
1678843215743 0.112375 -0.263725 -0.934847 0.209480
1678843215771 0.113693 -0.258468 -0.939584 0.193522
1678843215823 0.107367 -0.246507 -0.947801 0.171407
1678843215894 0.104444 -0.251583 -0.952280 0.137698
1678843215923 0.107051 -0.252298 -0.955696 0.107382
1678843215990 0.103123 -0.254802 -0.957960 0.082185
1678843216049 0.095797 -0.258285 -0.959050 0.065845
1678843216089 0.079345 -0.259542 -0.961428 0.044716
1678843216145 0.070277 -0.263056 -0.961869 0.025882
1678843216201 0.074576 -0.247427 -0.965926 0.014363
1678843216269 -0.054714 0.269428 0.961265 0.019589
1678843216309 -0.057088 0.267158 0.960659 0.050015
1678843216388 -0.042686 0.261165 0.961149 0.078508
1678843216416 -0.029620 0.266989 0.956247 0.115895
1678843216467 -0.002770 0.260955 0.953072 0.153457
1678843216548 0.013626 0.262140 0.943456 0.202455
1678843216607 0.022448 0.269204 0.927142 0.259680
1678843216666 0.019153 0.273262 0.910855 0.308715
1678843216718 0.033068 0.268673 0.896353 0.351102
1678843216792 0.045276 0.260569 0.882281 0.389403
1678843216820 0.065608 0.264436 0.857382 0.436652
1678843216878 0.072455 0.256584 0.833710 0.483574
1678843216932 0.078976 0.251889 0.807855 0.526959
1678843216985 0.098598 0.245084 0.777272 0.571017
1678843217057 0.114823 0.231635 0.750876 0.607739
1678843217103 0.126847 0.228015 0.718983 0.644191
1678843217159 0.132209 0.226077 0.694467 0.670168
1678843217214 0.137251 0.224047 0.672909 0.691490
1678843217287 0.156300 0.222007 0.648242 0.711383
1678843217357 0.169690 0.211240 0.623815 0.733101
1678843217410 0.180213 0.202572 0.602404 0.750732
1678843217442 0.182897 0.191231 0.585087 0.766585
1678843217497 0.183489 0.194955 0.557004 0.786175
1678843217562 0.185724 0.195224 0.522456 0.808971
1678843217599 0.158319 0.206534 0.499539 0.826281
1678843217655 0.144178 0.207020 0.471213 0.845171
1678843217718 0.143428 0.217537 0.437693 0.860541
1678843217771 0.146014 0.218167 0.420530 0.868468
1678843217820 0.147069 0.214008 0.400121 0.878906
1678843217888 0.152708 0.220055 0.383350 0.883911
1678843217931 0.160205 0.227483 0.366925 0.887667
1678843218007 0.176312 0.232170 0.340516 0.893901
1678843218057 0.182280 0.235932 0.313088 0.901713
1678843218112 0.198506 0.236641 0.287202 0.906704
1678843218185 0.189434 0.233624 0.263273 0.916636
1678843218222 0.207287 0.233342 0.234202 0.920724
1678843218287 0.207420 0.218920 0.214976 0.928890
1678843218325 0.204827 0.200591 0.201692 0.936552
1678843218396 0.196754 0.172162 0.174189 0.949372
1678843218445 0.188221 0.152026 0.150797 0.958500
1678843218501 0.190798 0.145085 0.129327 0.962196
1678843218555 0.207105 0.147028 0.117283 0.960070
1678843218615 0.216009 0.154945 0.110533 0.957661
1678843218684 0.222670 0.145559 0.101659 0.958591
1678843218741 0.246343 0.142902 0.089164 0.954434
1678843218806 0.255729 0.129757 0.090117 0.953753
1678843218852 0.237745 0.105540 0.088416 0.961520
1678843218893 0.243940 0.094699 0.078748 0.961938
1678843218987 0.264534 0.082590 0.061854 0.958840
1678843219019 0.268016 0.067109 0.055614 0.959464
1678843219048 0.270563 0.060541 0.053471 0.959308
1678843219112 0.266044 0.053742 0.050798 0.961120
1678843219178 0.258997 0.045246 0.044269 0.963802
1678843219237 0.260273 0.052924 0.028685 0.963657
1678843219336 0.248560 0.044622 0.006524 0.967566
1678843219368 0.249337 0.046090 -0.009671 0.967271
1678843219409 0.247535 0.037059 -0.024973 0.967848
1678843219460 0.228933 0.041681 -0.045590 0.971480
1678843219517 0.234872 0.036646 -0.069254 0.968863
1678843219571 0.231257 0.042359 -0.086707 0.968095
1678843219629 0.237124 0.042918 -0.099462 0.965421
1678843219685 0.242797 0.051676 -0.105409 0.962948
1678843219743 0.246585 0.060377 -0.103301 0.961707
1678843219789 0.247196 0.062156 -0.099189 0.961869
1678843219825 0.248296 0.063264 -0.089026 0.962508
1678843219886 0.231041 0.067357 -0.064880 0.968439
1678843219934 0.239220 0.052865 -0.056852 0.967857
1678843219994 0.224980 0.061687 -0.050875 0.971077
1678843220074 0.212735 0.066017 -0.044242 0.973873
1678843220111 0.216885 0.065358 -0.033093 0.973444
1678843220182 0.221504 0.057216 -0.014650 0.973369
1678843220245 0.227999 0.053407 -0.001495 0.972195
1678843220301 0.243150 0.054526 0.005975 0.968437
1678843220360 0.247923 0.052651 0.009454 0.967302
1678843220417 0.230541 0.055785 0.024979 0.971141
1678843220450 0.236408 0.047960 0.023607 0.970182
1678843220481 0.238539 0.051803 0.023411 0.969468
1678843220538 0.224925 0.071307 0.023301 0.971484
1678843220591 0.232861 0.078616 0.025781 0.968984
1678843220648 0.229632 0.088529 0.035795 0.968582
1678843220709 0.231934 0.097243 0.049443 0.966595
1678843220779 0.230365 0.104884 0.067451 0.965081
1678843220832 0.228243 0.106152 0.080181 0.964473
1678843220875 0.220253 0.108366 0.100754 0.964155
1678843220932 0.213235 0.110958 0.117973 0.963484
1678843220989 0.196128 0.122069 0.142508 0.962458
1678843221040 0.193336 0.122525 0.166970 0.959026
1678843221087 0.183273 0.131855 0.183402 0.956760
1678843221156 0.171742 0.144091 0.208188 0.952051
1678843221213 0.178669 0.160376 0.232985 0.942377
1678843221274 0.180630 0.163180 0.259820 0.934472
1678843221339 0.194224 0.161325 0.279572 0.926332
1678843221411 0.208710 0.154396 0.288936 0.921476
1678843221484 0.220629 0.155474 0.292301 0.917448
1678843221506 0.222249 0.151341 0.295348 0.916772
1678843221570 0.211632 0.155246 0.307087 0.914772
1678843221608 0.204585 0.165234 0.313432 0.912471
1678843221692 0.181514 0.166093 0.325460 0.912985
1678843221716 0.167617 0.162952 0.325602 0.916152
1678843221798 0.154317 0.167338 0.330558 0.915923
1678843221843 0.144656 0.179883 0.350309 0.907745
1678843221906 0.140311 0.184772 0.375130 0.897469
1678843222008 0.147625 0.185235 0.395711 0.887304
1678843222033 0.161711 0.194085 0.399540 0.881220
1678843222092 0.164274 0.200716 0.419108 0.870101
1678843222144 0.148705 0.190070 0.441181 0.864361
1678843222202 0.150818 0.182856 0.455747 0.857970
1678843222286 0.149949 0.183199 0.458904 0.856365
1678843222329 0.144168 0.168452 0.472579 0.852941
1678843222372 0.151881 0.171494 0.479415 0.847162
1678843222442 0.145390 0.192980 0.486071 0.839855
1678843222490 0.145761 0.193506 0.499521 0.831738
1678843222550 0.141554 0.184817 0.522035 0.820539
1678843222614 0.136195 0.171741 0.537181 0.814490
1678843222682 0.152286 0.188461 0.533885 0.810098
1678843222717 0.159723 0.194296 0.538503 0.804209
1678843222772 0.173152 0.191447 0.543436 0.798776
1678843222835 0.142058 0.187024 0.576699 0.782470
1678843222882 0.176349 0.162776 0.597622 0.765018
1678843222966 0.174712 0.207999 0.602516 0.750458
1678843223010 0.172211 0.200564 0.624269 0.735123
1678843223055 0.159075 0.188456 0.657821 0.711654
1678843223110 0.153319 0.174777 0.693891 0.681514
1678843223165 0.132039 0.167680 0.732135 0.646860
1678843223229 0.107188 0.177672 0.765487 0.609075
1678843223294 0.077979 0.191635 0.786098 0.582448
1678843223344 0.027425 0.197506 0.799215 0.567004
1678843223403 0.019012 0.201021 0.818713 0.537529
1678843223454 0.015668 0.203617 0.844849 0.494494
1678843223506 -0.013183 0.206558 0.864178 0.458646
1678843223589 -0.019349 0.195081 0.870694 0.451066
1678843223631 -0.021943 0.212260 0.863732 0.456543
1678843223674 -0.024333 0.222124 0.870885 0.437754
1678843223722 -0.025355 0.219003 0.881017 0.418574
1678843223746 -0.024604 0.215372 0.886790 0.408182
1678843223824 -0.018575 0.229332 0.891530 0.390174
1678843223873 -0.015409 0.231515 0.901604 0.365066
1678843223925 -0.011145 0.226706 0.910569 0.345463
1678843224000 -0.016979 0.229983 0.917507 0.324038
1678843224047 -0.015598 0.233515 0.917601 0.321304
1678843224104 -0.011542 0.237179 0.916475 0.322004
1678843224175 -0.018669 0.240215 0.917840 0.315465
1678843224211 -0.017133 0.240964 0.920294 0.307736
1678843224261 -0.029461 0.228626 0.927572 0.294062
1678843224323 -0.040363 0.220607 0.931727 0.285636
1678843224389 -0.043292 0.204311 0.939981 0.269849
1678843224459 -0.053918 0.208265 0.944630 0.247774
1678843224504 -0.057926 0.208441 0.947599 0.235061
1678843224559 -0.056405 0.212231 0.952855 0.209391
1678843224617 -0.054156 0.210906 0.957370 0.189811
1678843224684 -0.052958 0.209293 0.963004 0.161292
1678843224740 -0.068563 0.197273 0.970284 0.122192
1678843224823 -0.053521 0.203988 0.973437 0.089133
1678843224863 -0.075686 0.183682 0.978029 0.063182
1678843224923 -0.081958 0.184291 0.979211 0.021566
1678843224997 0.080338 -0.189478 -0.978307 0.023669
1678843225055 0.083568 -0.199750 -0.974165 0.064172
1678843225115 0.094263 -0.205974 -0.968891 0.099700
1678843225172 0.082969 -0.207199 -0.968223 0.112822
1678843225225 0.082614 -0.212084 -0.967236 0.112475
1678843225264 0.099047 -0.191821 -0.969337 0.117389
1678843225318 0.092309 -0.194304 -0.970190 0.111609
1678843225384 0.102885 -0.187280 -0.970976 0.107453
1678843225420 0.105496 -0.187465 -0.970953 0.104776
1678843225478 0.109968 -0.193469 -0.969261 0.104927
1678843225541 0.109294 -0.194740 -0.968535 0.109872
1678843225578 0.109089 -0.194194 -0.967796 0.117301
1678843225627 0.116489 -0.193099 -0.965235 0.132154
1678843225719 0.128103 -0.182979 -0.962339 0.154959
1678843225773 0.131619 -0.184279 -0.959124 0.169705
1678843225809 0.141425 -0.176111 -0.953976 0.197267
1678843225864 0.136123 -0.173153 -0.949326 0.224208
1678843225910 0.132595 -0.168462 -0.946193 0.242402
1678843225960 0.134506 -0.152533 -0.940639 0.271734
1678843226044 0.126331 -0.148185 -0.934338 0.298486
1678843226095 0.119481 -0.152636 -0.924982 0.326857
1678843226150 0.124091 -0.162645 -0.916690 0.343259
1678843226217 0.124370 -0.167712 -0.909427 0.359649
1678843226270 0.110149 -0.170531 -0.908978 0.364068
1678843226323 0.104079 -0.177662 -0.911533 0.355965
1678843226373 0.106851 -0.168367 -0.914623 0.351711
1678843226447 0.102782 -0.174907 -0.918050 0.340627
1678843226476 0.097260 -0.171953 -0.923795 0.327988
1678843226539 0.101221 -0.172254 -0.928124 0.314117
1678843226597 0.100897 -0.174255 -0.931124 0.304079
1678843226643 0.102303 -0.177622 -0.931761 0.299677
1678843226705 0.105737 -0.180856 -0.931697 0.296734
1678843226791 0.113563 -0.180759 -0.930303 0.298274
1678843226828 0.121596 -0.179955 -0.928439 0.301382
1678843226883 0.133091 -0.178544 -0.924012 0.310822
1678843226938 0.140477 -0.172791 -0.916954 0.331067
1678843227001 0.140331 -0.163198 -0.912086 0.348959
1678843227049 0.141173 -0.152322 -0.908867 0.361704
1678843227090 0.130420 -0.146012 -0.906281 0.374601
1678843227138 0.124400 -0.146262 -0.902869 0.384655
1678843227210 0.119424 -0.149115 -0.900200 0.391334
1678843227256 0.117661 -0.151055 -0.898363 0.395326
1678843227304 0.115731 -0.159854 -0.897730 0.393870
1678843227381 0.114818 -0.169387 -0.899663 0.385657
1678843227439 0.110357 -0.176115 -0.906992 0.366293
1678843227481 0.115119 -0.173264 -0.913027 0.350870
1678843227543 0.105285 -0.170004 -0.922323 0.330655
1678843227590 0.099008 -0.164893 -0.930868 0.310632
1678843227641 0.088691 -0.154601 -0.938362 0.296158
1678843227707 0.071704 -0.152609 -0.946442 0.275348
1678843227757 0.057212 -0.158384 -0.950658 0.260560
1678843227814 0.046135 -0.161839 -0.954470 0.246308
1678843227911 0.041777 -0.165152 -0.956927 0.235099
1678843227931 0.041379 -0.175714 -0.956955 0.227267
1678843227988 0.036702 -0.190826 -0.955862 0.220378
1678843228052 0.037882 -0.204506 -0.953572 0.217815
1678843228105 0.041051 -0.228844 -0.948384 0.215669
1678843228160 0.046897 -0.235304 -0.946193 0.217145
1678843228216 0.064328 -0.226021 -0.947501 0.216838
1678843228290 0.064331 -0.223945 -0.947744 0.217925
1678843228309 0.058857 -0.232410 -0.945192 0.221659
1678843228367 0.047068 -0.217926 -0.946685 0.232552
1678843228449 0.046580 -0.215256 -0.944490 0.243791
1678843228476 0.055182 -0.202651 -0.944950 0.250914
1678843228531 0.058128 -0.198003 -0.944432 0.255861
1678843228614 0.058746 -0.204885 -0.942106 0.258856
1678843228667 0.062013 -0.214249 -0.938348 0.264111
1678843228720 0.070335 -0.228558 -0.933573 0.266936
1678843228790 0.088534 -0.236625 -0.929055 0.270235
1678843228839 0.101405 -0.239275 -0.925196 0.276544
1678843228904 0.105739 -0.221763 -0.924458 0.291579
1678843228974 0.107827 -0.209766 -0.919959 0.313126
1678843229006 0.104954 -0.193971 -0.916671 0.333277
1678843229062 0.103179 -0.184431 -0.909157 0.358850
1678843229127 0.115556 -0.180103 -0.898904 0.382336
1678843229179 0.123682 -0.175962 -0.889519 0.403108
1678843229249 0.135346 -0.173581 -0.875766 0.429634
1678843229280 0.141282 -0.176412 -0.866411 0.445253
1678843229312 0.150112 -0.178799 -0.851478 0.469555
1678843229398 0.149654 -0.183349 -0.836547 0.494142
1678843229422 0.154581 -0.181452 -0.825445 0.511684
1678843229478 0.160234 -0.176884 -0.811840 0.532872
1678843229542 0.156760 -0.162901 -0.793371 0.565201
1678843229591 0.160122 -0.162227 -0.775692 0.588512
1678843229647 0.175164 -0.143738 -0.756028 0.614067
1678843229701 0.199482 -0.122965 -0.732502 0.639161
1678843229755 0.212500 -0.104642 -0.712647 0.660324
1678843229803 0.211366 -0.100173 -0.679378 0.695510
1678843229857 0.216557 -0.092937 -0.651423 0.721189
1678843229920 0.220611 -0.087584 -0.626932 0.742036
1678843229990 0.223480 -0.096347 -0.607526 0.756099
1678843230045 0.226946 -0.096866 -0.589916 0.768838
1678843230109 0.225878 -0.102001 -0.573859 0.780551
1678843230209 0.222398 -0.085843 -0.541679 0.806073
1678843230250 0.217443 -0.055249 -0.516846 0.826158
1678843230342 0.220246 -0.039052 -0.484464 0.845731
1678843230367 0.222377 -0.022982 -0.448945 0.865141
1678843230441 0.222070 -0.007725 -0.408641 0.885233
1678843230515 0.218042 0.010580 -0.353819 0.909482
1678843230550 0.213762 0.022559 -0.304924 0.927803
1678843230609 0.213641 0.048870 -0.244082 0.944666
1678843230651 0.202541 0.059919 -0.181703 0.960401
1678843230715 0.183116 0.070621 -0.116114 0.973652
1678843230775 0.178950 0.081158 -0.070611 0.977959
1678843230818 0.181183 0.093861 -0.031832 0.978443
1678843230864 0.181723 0.100467 0.000879 0.978204
1678843230912 0.183033 0.116638 0.044191 0.975162
1678843230976 0.185953 0.132454 0.095290 0.968915
1678843231047 0.193997 0.134502 0.141459 0.961387
1678843231115 0.205540 0.135498 0.177532 0.952825
1678843231152 0.217579 0.132077 0.206566 0.944746
1678843231213 0.232850 0.132302 0.230288 0.935545
1678843231264 0.241018 0.131541 0.243414 0.930246
1678843231315 0.248815 0.129283 0.254583 0.925508
1678843231369 0.255943 0.122713 0.260237 0.922882
1678843231454 0.253202 0.126455 0.267186 0.921146
1678843231480 0.257685 0.135679 0.266919 0.918664
1678843231528 0.254283 0.133063 0.267928 0.919701
1678843231607 0.237427 0.122438 0.270639 0.924874
1678843231681 0.221817 0.114400 0.271944 0.929385
1678843231696 0.219398 0.111712 0.272541 0.930111
1678843231723 0.218292 0.108205 0.275319 0.929968
1678843231770 0.213666 0.106922 0.281607 0.929307
1678843231812 0.211404 0.105781 0.284981 0.928927
1678843231842 0.209801 0.106503 0.290039 0.927641
1678843231898 0.215647 0.108454 0.293866 0.924866
1678843231981 0.225839 0.115428 0.299774 0.919679
1678843232027 0.229338 0.120491 0.307894 0.915471
1678843232087 0.216399 0.120360 0.325093 0.912688
1678843232158 0.208294 0.118348 0.338789 0.909851
1678843232198 0.201055 0.117174 0.348134 0.908102
1678843232251 0.166433 0.135305 0.351349 0.911343
1678843232306 0.146946 0.145479 0.357342 0.910796
1678843232385 0.143743 0.150582 0.367400 0.906466
1678843232431 0.147075 0.152366 0.377822 0.901335
1678843232490 0.155175 0.156189 0.387496 0.895194
1678843232525 0.164150 0.154580 0.393399 0.891290
1678843232602 0.178680 0.154452 0.398026 0.886450
1678843232650 0.186418 0.155750 0.399117 0.884136
1678843232690 0.189512 0.152957 0.398713 0.884148
1678843232750 0.193465 0.143607 0.398827 0.884808
1678843232779 0.188251 0.141971 0.399332 0.885968
1678843232837 0.190670 0.140013 0.392004 0.889030
1678843232893 0.179714 0.132228 0.389049 0.893789
1678843232965 0.163452 0.128235 0.387827 0.898014
1678843233011 0.154608 0.125881 0.386899 0.900311
1678843233067 0.154442 0.129044 0.387862 0.899477
1678843233122 0.152431 0.129373 0.391080 0.898378
1678843233187 0.155060 0.130166 0.395654 0.895808
1678843233218 0.158580 0.130186 0.397239 0.894486
1678843233282 0.152463 0.131843 0.402344 0.893024
