# Created at Tue Mar 14 18:11:16 MST 2023
1678842677217 -1.103727 4.113238 9.320627
1678842677222 0.026336 3.655946 8.434772
1678842677225 -0.421380 3.881001 8.535329
1678842677229 -0.952892 4.110844 8.966286
1678842677232 -1.053449 4.094085 8.920795
1678842677236 -1.216254 4.261679 8.609550
1678842677251 -1.130063 4.350265 8.461109
1678842677262 -0.588974 4.043807 8.003817
1678842677266 -1.177947 4.055778 8.734048
1678842677272 -1.692701 4.268862 9.196129
1678842677276 -1.510741 4.240131 8.968679
1678842677308 -1.340753 4.278439 8.738836
1678842677312 -0.914585 4.326323 8.688558
1678842677316 -0.591368 4.266468 8.695741
1678842677322 -0.493206 4.201824 8.722076
1678842677332 -0.505177 4.199430 8.892065
1678842677336 -0.414197 4.182671 8.738836
1678842677340 -0.694318 4.357447 8.482656
1678842677344 -0.794875 4.517859 8.461109
1678842677347 -0.617704 4.426879 8.702923
1678842677351 -0.375890 4.273650 9.203311
1678842677360 -0.416591 4.458004 8.588001
1678842677366 -0.768539 4.869806 7.319075
1678842677371 -0.790087 4.865018 7.321469
1678842677376 -0.462081 4.419696 8.611943
1678842677382 -0.519542 4.153940 9.418790
1678842677386 -0.354342 4.199430 9.026140
1678842677413 0.074220 4.127604 8.853758
1678842677424 -0.047884 4.074931 9.291897
1678842677460 -0.387861 4.249708 8.927979
1678842677496 -0.186748 4.335899 8.432379
1678842677504 0.062249 4.357447 8.109161
1678842677527 -0.052672 4.572925 7.740454
1678842677553 -0.347159 4.551377 8.513782
1678842677578 -0.328006 4.386178 8.971074
1678842677606 -0.296881 4.424485 8.707711
1678842677631 -0.529119 4.371812 8.406042
1678842677655 -0.708684 4.307169 8.398860
1678842677680 -0.538695 4.340688 8.540117
1678842677713 -0.452504 4.283227 8.712500
1678842677739 -0.632069 4.276044 8.420407
1678842677762 -0.706290 4.364630 8.348581
1678842677783 -0.428562 4.266468 9.030929
1678842677810 -0.598550 4.436456 10.182540
1678842677840 -1.115698 4.491522 10.002975
1678842677862 -1.884237 4.414908 9.598354
1678842677894 -1.599327 3.567361 10.936713
1678842677924 -1.438915 3.076549 11.604695
1678842677940 -1.450886 2.935291 10.594342
1678842677962 -1.690306 3.172317 8.614338
1678842677988 -1.618480 3.201048 7.105990
1678842678013 -1.826776 3.193865 7.436390
1678842678040 -2.456451 3.342306 8.623915
1678842678066 -2.269703 3.366248 8.805874
1678842678091 -1.666364 3.047819 8.310274
1678842678116 -1.508347 2.796427 9.595961
1678842678141 -1.675941 2.681506 11.398794
1678842678176 -2.023100 3.064578 11.168951
1678842678194 -1.831564 3.524265 8.872911
1678842678219 -1.620875 3.751714 7.663840
1678842678244 -1.520318 3.933673 7.740454
1678842678283 -1.379060 4.158728 7.776367
1678842678295 -1.446098 4.446033 7.156269
1678842678321 -1.446098 4.546589 6.876147
1678842678349 -0.713472 4.345476 7.929596
1678842678374 -0.624887 4.486734 8.805874
1678842678400 -1.041478 4.955997 8.427590
1678842678427 -0.787692 5.197812 8.817844
1678842678449 -0.723049 5.228937 9.258378
1678842678474 -1.060631 5.056554 10.240001
1678842678501 -1.158794 4.649539 11.875240
1678842678528 -0.476446 4.850653 9.809045
1678842678552 -0.328006 4.745308 8.607155
1678842678578 -0.064643 3.888184 9.751583
1678842678611 -0.105345 3.323152 10.352529
1678842678635 -0.349553 2.846706 10.594342
1678842678654 -0.440533 3.028665 10.182540
1678842678680 0.292093 3.189077 8.240842
1678842678706 1.003170 3.153164 7.105990
1678842678733 -0.294487 3.387795 8.355764
1678842678759 -1.429338 3.660734 9.287108
1678842678782 -0.804452 3.493140 8.698134
1678842678808 -0.229843 3.397372 7.649475
1678842678836 -0.464475 3.459621 7.362170
1678842678859 -0.433351 3.641581 7.074866
1678842678892 -0.363919 3.837905 7.096414
1678842678911 -0.471658 4.000711 7.699753
1678842678935 -1.022324 4.266468 8.817844
1678842678963 -1.450886 4.493917 8.777143
1678842679016 -1.436521 4.649539 8.640674
1678842679033 -1.077391 4.661511 8.865729
1678842679042 -1.012747 4.762067 8.827422
1678842679067 -1.036689 4.805163 8.379706
1678842679089 -1.256956 4.680665 9.342175
1678842679115 -1.417367 4.544195 10.706870
1678842679140 -1.769315 5.145139 11.324574
1678842679167 -1.867477 4.984728 7.931990
1678842679196 -2.568978 4.783615 8.159439
1678842679217 -2.636016 3.560178 12.536040
1678842679243 -2.518700 3.268085 13.967772
1678842679269 -1.948880 3.548207 9.069236
1678842679300 -2.070984 3.792415 5.992687
1678842679321 -2.317587 3.706224 6.701371
1678842679347 -1.517924 3.019088 9.339781
1678842679371 -0.792481 2.846706 9.653421
1678842679410 -0.651223 3.165135 7.503428
1678842679424 -0.677559 3.450045 6.095637
1678842679452 -0.746991 3.751714 6.042965
1678842679478 -0.615310 3.914520 7.560889
1678842679507 -0.378284 3.979163 8.374918
1678842679527 -0.505177 4.204218 7.711724
1678842679552 -0.512359 4.443638 6.909666
1678842679577 -0.821211 4.800375 7.338228
1678842679603 -1.000776 5.037400 7.960721
1678842679627 -0.826000 5.082890 8.657434
1678842679653 -0.782904 4.898537 9.974244
1678842679678 -0.744597 4.704607 11.413159
1678842679707 -0.203507 5.401319 9.751583
1678842679730 -0.196325 5.590461 7.369353
1678842679755 -0.696713 4.608838 9.421184
1678842679782 -1.443704 3.294421 15.425841
1678842679807 -1.091756 3.289633 12.744335
1678842679833 0.311246 3.471592 6.895301
1678842679858 0.931344 3.663129 4.955997
1678842679883 -0.591368 3.198653 9.076419
1678842679913 -1.697489 3.181894 12.229582
1678842679936 -0.823605 3.126827 9.952697
1678842679960 -0.217872 3.268085 7.304709
1678842679986 -0.383072 3.507505 6.959944
1678842680011 -0.821211 3.883395 7.050924
1678842680037 -0.670376 4.091691 6.416461
1678842680063 -0.471658 4.137180 7.058106
1678842680092 -0.574608 4.266468 8.307879
1678842680114 -1.039083 4.613626 8.379706
1678842680140 -1.158794 4.793192 8.779537
1678842680167 -1.024718 4.757279 9.248801
1678842680191 -1.058237 4.800375 8.920795
1678842680217 -1.352724 4.747702 9.258378
1678842680242 -0.694318 5.204995 10.175357
1678842680269 -1.642422 4.754885 7.615956
1678842680294 -2.030283 3.533842 12.624625
1678842680320 -0.591368 2.059013 17.539921
1678842680350 -1.261744 2.942474 13.304579
1678842680376 -0.730232 3.859453 5.781997
1678842680399 -0.325611 4.283227 3.689465
1678842680423 -1.242591 3.689465 7.706935
1678842680447 -1.446098 3.131616 12.021287
1678842680473 -0.567426 2.829947 11.427525
1678842680498 -0.050278 3.172317 7.802703
1678842680525 -0.895431 3.636792 6.026206
1678842680550 -1.620875 3.914520 7.182605
1678842680582 -1.244985 3.919308 7.589619
1678842680602 -0.981623 3.909731 7.850587
1678842680627 -1.223437 3.960010 8.274361
1678842680652 -1.350330 4.070143 7.972692
1678842680682 -1.671153 4.467580 7.635109
1678842680703 -1.482011 4.680665 7.979874
1678842680729 -0.715866 4.503493 8.061277
1678842680755 -0.974440 4.362236 8.590396
1678842680780 -1.754950 4.532224 9.402030
1678842680806 -1.350330 4.862624 9.603143
1678842680833 -0.086191 4.910508 6.744466
1678842680857 -0.804452 5.358223 7.584831
1678842680883 -0.957681 3.763685 12.320562
1678842680909 -1.192312 2.877831 16.692375
1678842680935 -0.909797 3.284845 11.286267
1678842680966 0.026336 3.679888 4.754885
1678842680986 0.354342 3.648763 5.068525
1678842681014 -0.859518 3.165135 10.019734
1678842681037 -1.625663 3.193865 12.763490
1678842681068 -0.739808 3.062184 10.747571
1678842681088 -0.395043 3.143587 8.090008
1678842681114 -0.960075 3.689465 7.010222
1678842681139 -1.142034 3.926491 6.615179
1678842681166 -0.445322 3.806781 6.799533
1678842681191 0.457293 3.442862 7.438785
1678842681216 0.196325 3.521871 8.355764
1678842681242 -0.452504 3.900155 8.635885
1678842681282 -0.533907 4.110844 8.983045
1678842681301 -0.572214 4.225766 9.459491
1678842681319 -1.039083 4.635174 9.074024
1678842681346 -1.556231 5.051765 8.968679
1678842681378 -1.553837 5.073313 8.987833
1678842681408 -0.794875 4.790798 9.605537
1678842681431 -0.799663 4.714183 10.426748
1678842681447 -0.955287 5.487510 10.314221
1678842681473 -1.723825 5.363012 7.424419
1678842681499 -1.960851 5.212177 7.917625
1678842681526 -0.895431 3.663129 11.104307
1678842681557 -0.524330 3.495534 11.516110
1678842681578 -0.725443 3.634398 8.724471
1678842681606 -1.015141 3.885789 6.720524
1678842681627 -1.060631 3.505111 7.426814
1678842681679 -1.704672 3.227384 11.089942
1678842681705 -1.529895 3.224990 11.853693
1678842681711 -0.526724 3.378219 9.153033
1678842681732 -0.952892 3.739743 7.417237
1678842681755 -1.620875 3.890578 7.931990
1678842681781 -1.221043 3.981557 8.070854
1678842681806 -0.931344 4.175488 7.493851
1678842681835 -1.036689 4.374207 6.536170
1678842681866 -1.414973 4.537012 7.072472
1678842681883 -1.611298 4.587290 8.422802
1678842681908 -1.618480 4.738125 8.358158
1678842681934 -1.331176 4.752491 7.735666
1678842681965 -1.637634 4.989516 7.908048
1678842681985 -1.776498 5.284003 7.905654
1678842682010 -1.716643 5.451597 8.094796
1678842682036 -1.539472 5.070919 9.296685
1678842682067 -1.754950 4.733337 11.137826
1678842682091 -1.398214 5.216966 10.766725
1678842682114 -0.775721 4.819528 7.479486
1678842682139 -0.385466 4.807557 7.534553
1678842682166 -1.067814 4.240131 9.595961
1678842682193 -2.264915 4.309563 10.608707
1678842682215 -0.256180 3.770868 9.722853
1678842682241 1.276109 3.485958 8.377312
1678842682267 0.301669 3.586514 8.312668
1678842682292 -1.302446 3.981557 8.863335
1678842682336 -1.489193 3.890578 9.318233
1678842682344 -0.797269 3.567361 8.894460
1678842682381 -0.835576 3.636792 7.836222
1678842682401 -0.993594 3.933673 6.658275
1678842682425 -0.816423 4.141969 6.253655
1678842682455 -0.782904 4.206613 6.617573
1678842682472 -0.981623 4.280833 7.378930
1678842682497 -1.319205 4.534618 8.061277
1678842682531 -1.654393 4.774038 9.227253
1678842682551 -1.833959 4.771644 10.024523
1678842682582 -2.020706 5.011064 10.125079
1678842682600 -1.886631 5.154716 8.971074
1678842682626 -2.205060 5.188235 8.561666
1678842682651 -2.396596 4.924873 10.103531
1678842682677 -2.331953 4.833893 10.524911
1678842682706 -2.281674 4.529830 10.500969
1678842682732 -1.740585 3.713407 10.881647
1678842682755 -1.467646 3.349488 11.106702
1678842682779 -1.845930 3.682282 10.089166
1678842682805 -1.529895 4.096479 7.213730
1678842682835 -1.656788 4.386178 5.307945
1678842682857 -1.589750 4.156334 7.029376
1678842682882 -1.455675 3.564966 9.883265
1678842682908 -0.976834 3.387795 10.335769
1678842682933 -0.790087 3.708618 8.537724
1678842682966 -1.125275 4.053383 7.436390
1678842682992 -1.252167 4.106056 7.371747
1678842683017 -1.058237 4.352659 6.988675
1678842683038 -1.046266 4.565742 6.921637
1678842683065 -0.802058 4.450821 7.206547
1678842683088 -0.665588 4.474763 7.946355
1678842683113 -0.842759 4.707001 8.128315
1678842683139 -0.770933 4.944026 8.489840
1678842683168 -0.919373 5.085284 8.542512
1678842683191 -1.096544 5.116409 8.693346
1678842683216 -1.211466 4.948815 9.971850
1678842683243 -1.187524 5.193024 11.068395
1678842683267 -0.517148 5.260061 9.069236
1678842683293 0.043096 5.602432 8.070854
1678842683319 0.088585 5.013458 8.923190
1678842683346 -1.762132 4.865018 12.337321
1678842683369 -1.149217 4.608838 10.510546
1678842683401 0.486023 4.611232 5.827487
1678842683444 1.206678 4.407725 5.777209
1678842683448 0.371101 3.761291 8.836999
1678842683472 -0.603339 3.538630 11.128249
1678842683497 -0.531513 3.567361 9.497798
1678842683523 -0.378284 3.928885 7.017405
1678842683548 -0.342371 4.144363 6.246472
1678842683574 -0.550666 4.388572 6.483498
1678842683600 -0.794875 4.436456 7.022193
1678842683627 -0.478840 4.323928 7.513005
1678842683652 0.028730 4.180276 7.584831
1678842683677 -0.670376 4.690241 7.893683
1678842683707 -1.400608 4.903325 8.712500
1678842683728 -1.304840 4.884171 9.090784
1678842683754 -1.549049 5.044583 9.129091
1678842683780 -1.584962 5.051765 9.457097
1678842683805 -1.161188 4.836287 10.639832
1678842683831 -1.101333 5.260061 9.528923
1678842683857 -2.013524 5.214571 9.366117
1678842683882 -1.915361 4.783615 10.790668
1678842683911 -1.237802 4.079720 11.147403
1678842683937 -1.223437 4.141969 9.615114
1678842683974 -1.237802 4.525041 7.417237
1678842683998 -2.035071 4.819528 6.660669
1678842684014 -2.554613 4.757279 8.276755
1678842684036 -1.915361 3.940856 10.192117
1678842684061 -1.237802 3.557784 10.793061
1678842684087 -0.845153 3.538630 9.076419
1678842684113 -1.479617 3.909731 7.620744
1678842684138 -1.623269 4.094085 6.770802
1678842684166 -1.369483 4.319140 6.564901
1678842684191 -1.312023 4.589684 6.675035
1678842684215 -1.197101 4.740520 6.813898
1678842684241 -1.132457 4.788404 7.201759
1678842684270 -1.323994 4.920084 7.800309
1678842684293 -1.041478 5.008670 8.520964
1678842684318 -0.754174 5.080496 8.789114
1678842684350 -1.142034 5.477933 8.267179
1678842684369 -1.687912 5.614403 9.179369
1678842684399 -1.608904 5.216966 10.886436
1678842684431 -0.665588 5.595249 8.932767
1678842684451 -0.234632 5.729325 6.605602
1678842684472 -0.306458 5.233725 7.793127
1678842684498 -0.682347 4.398149 12.105083
1678842684524 -0.126893 4.685453 10.321404
1678842684549 0.962469 4.951209 6.533776
1678842684574 0.399832 4.967968 6.655881
1678842684600 -1.268927 4.417302 10.946290
1678842684626 -0.895431 3.998317 11.686098
1678842684652 0.093374 3.622427 8.331821
1678842684677 0.644040 3.859453 5.736507
1678842684703 -0.136469 4.347870 5.401319
1678842684728 -0.837971 4.711789 6.009446
1678842684757 -0.435745 4.704607 7.252037
1678842684783 0.129287 4.496311 8.142680
1678842684805 -0.205901 4.771644 8.176199
1678842684832 -0.780510 5.284003 8.207323
1678842684859 -1.438915 5.796362 8.939949
1678842684883 -1.886631 5.956774 10.278308
1678842684907 -2.145205 5.820304 10.994174
1678842684933 -2.066196 5.743690 10.668563
1678842684959 -1.206678 6.342240 8.070854
1678842684984 -1.498770 6.143522 5.781997
1678842685010 -1.924938 5.152322 10.761936
1678842685039 -1.266533 3.921702 14.310143
1678842685067 -0.907402 3.895366 11.798626
1678842685092 -0.715866 3.981557 6.579266
1678842685113 -1.149217 4.486734 4.146757
1678842685139 -2.176329 4.278439 6.801927
1678842685177 -2.334347 3.902549 10.843340
1678842685194 -1.364695 3.742137 10.086772
1678842685217 -0.995988 4.060566 7.311892
1678842685241 -1.256956 4.295198 6.258443
1678842685267 -1.647211 4.620809 6.677429
1678842685298 -1.628057 4.886566 7.192182
1678842685318 -0.907402 5.025429 7.007828
1678842685343 -0.600945 5.094861 7.082048
1678842685370 -1.503559 5.518635 7.757214
1678842685394 -1.707066 5.916072 7.596802
1678842685420 -1.297657 5.865794 7.285556
1678842685446 -1.577779 6.169858 7.594408
1678842685476 -1.520318 6.490681 7.467515
1678842685499 -1.019930 6.483498 8.166622
1678842685523 -1.278504 6.351817 9.524135
1678842685552 -0.524330 6.306327 9.900024
1678842685589 0.845153 6.172252 5.985504
1678842685602 0.454898 6.442797 5.827487
1678842685625 -2.806004 5.161899 13.239936
1678842685650 -2.662352 4.024653 15.512033
1678842685676 0.275333 3.576937 8.564059
1678842685702 2.250550 4.376601 3.162740
1678842685729 0.342371 4.886566 4.108450
1678842685754 -2.784456 4.788404 9.672575
1678842685781 -2.801216 4.383783 12.071565
1678842685804 -1.165976 4.369418 8.305486
1678842685833 -0.629675 4.659117 5.829881
1678842685861 -1.697489 4.836287 6.629545
1678842685881 -1.640028 4.776433 7.682993
1678842685907 -0.474052 4.762067 6.512228
1678842685938 -0.033519 4.855441 6.469133
1678842685958 -0.871489 5.169082 7.855376
1678842685984 -1.666364 5.284003 9.258378
1678842686012 -1.927332 5.537788 9.634268
1678842686035 -1.247379 5.669470 7.874529
1678842686065 -0.845153 5.810728 6.670246
1678842686086 -0.893037 5.760449 7.702147
1678842686112 -0.995988 5.681441 10.165780
1678842686137 -1.414973 5.832275 8.631097
1678842686165 -2.236184 5.702989 7.441179
1678842686190 -2.118869 4.560954 11.034876
1678842686215 -1.221043 3.957615 13.713987
1678842686240 -0.213084 4.165911 10.129868
1678842686266 -0.620098 4.944026 5.791574
1678842686299 -2.006341 5.537788 4.426879
1678842686317 -1.920150 4.965574 6.770802
1678842686342 -1.074997 4.417302 8.808268
1678842686368 -0.474052 4.331111 7.939173
1678842686404 -0.251391 4.247314 7.706935
1678842686431 -0.883460 4.223372 8.362947
1678842686445 -1.513135 4.314352 8.386889
1678842686471 -1.424550 4.608838 8.243237
1678842686497 -0.921768 4.814740 7.943961
1678842686524 -0.754174 4.848258 8.090008
1678842686551 -1.424550 5.125986 8.307879
1678842686573 -1.836353 5.506664 7.374141
1678842686598 -2.114080 6.093243 6.648698
1678842686632 -2.001553 6.306327 6.950367
1678842686650 -1.920150 6.277597 8.152257
1678842686677 -2.454057 6.241684 8.379706
1678842686701 -2.736573 6.030994 8.054094
1678842686737 -2.138022 5.425261 8.444349
1678842686753 -1.663970 4.936844 8.650250
1678842686779 -0.873884 4.843470 8.461109
1678842686804 0.126893 4.920084 6.794744
1678842686834 -2.159570 5.446809 5.770026
1678842686867 -4.738125 4.405331 12.344504
1678842686890 -2.947262 3.380613 15.557523
1678842686909 -0.624887 4.101267 8.008605
1678842686932 -0.656011 4.927267 4.934450
1678842686959 -3.007117 4.359841 8.920795
1678842686986 -3.299210 3.404555 13.460202
1678842687010 -1.335965 3.035848 11.602302
1678842687034 -0.548272 3.222595 6.907272
1678842687062 -1.113304 3.598485 5.307945
1678842687087 -1.436521 3.210624 7.034164
1678842687112 -0.124498 2.638410 8.271967
1678842687149 -0.404620 2.858677 8.983045
1678842687176 -1.561020 3.150769 9.339781
1678842687190 -2.477999 3.198653 9.641450
1678842687214 -2.233790 3.253720 10.311827
1678842687240 -1.438915 3.373430 10.491392
1678842687266 -1.326388 3.981557 9.018958
1678842687293 -2.949656 4.678270 6.318298
1678842687320 -3.485958 3.849876 9.327810
1678842687347 -1.731008 2.516306 13.247118
1678842687368 -0.656011 2.387019 13.455414
1678842687394 0.002394 2.863465 9.078813
1678842687427 0.045490 3.493140 6.339846
1678842687445 -1.297657 3.584120 8.248025
1678842687471 -1.654393 3.823540 10.512939
1678842687497 -1.077391 3.682282 9.200917
1678842687528 -1.266533 3.801992 7.958326
1678842687555 -1.829170 3.809175 7.764396
1678842687576 -1.939303 3.713407 7.671022
1678842687611 -1.833959 3.687071 7.599196
1678842687639 -2.229002 3.667917 7.965509
1678842687662 -2.367866 3.699042 9.011775
1678842687676 -2.334347 3.806781 9.064447
1678842687701 -2.104503 3.957615 8.329428
1678842687730 -2.272097 4.182671 7.785944
1678842687759 -2.118869 4.288015 8.372523
1678842687779 -1.987187 4.338294 9.054871
1678842687818 -1.422156 4.261679 8.300697
1678842687835 -1.048660 4.378995 7.479486
1678842687860 -1.201889 4.568137 8.518570
1678842687882 -1.233014 4.618415 9.368511
1678842687907 -0.754174 4.560954 8.880095
1678842687934 -0.294487 4.340688 9.622296
1678842687966 -0.275333 4.448427 10.697293
1678842687987 -0.847547 4.599261 9.859323
1678842688009 -1.158794 5.044583 8.535329
1678842688035 -1.271321 5.185841 6.967127
1678842688072 -1.496376 4.848258 8.657434
1678842688091 -1.070208 4.534618 11.700463
1678842688113 -0.150835 5.106832 9.433155
1678842688148 -0.332794 5.568913 6.315904
1678842688168 -1.297657 5.425261 7.043741
1678842688197 -1.221043 4.802769 9.387665
1678842688215 -0.337582 4.484340 9.739613
1678842688243 -0.502782 4.869806 7.405266
1678842688266 -0.476446 4.922479 5.781997
1678842688291 -0.181959 4.697424 6.694188
1678842688317 -0.380678 4.513070 8.468291
1678842688343 -0.577003 4.481946 9.150639
1678842688369 -0.572214 4.505888 8.889671
1678842688401 -0.864307 5.027823 8.106767
1678842688425 -1.074997 5.315128 7.297527
1678842688445 -0.964863 5.243302 7.589619
1678842688471 -1.165976 5.252879 8.791509
1678842688498 -1.845930 5.578490 8.765172
1678842688523 -2.276886 5.801151 8.046912
1678842688548 -1.970428 5.683835 8.719683
1678842688574 -1.319205 5.525817 8.080431
1678842688599 -1.580173 5.070919 6.145916
1678842688630 -2.315193 4.230555 9.430760
1678842688650 -2.051831 3.107674 13.615825
1678842688676 -1.589750 2.954445 14.252683
1678842688701 -0.864307 3.423708 8.908825
1678842688727 -0.696713 3.907337 5.676652
1678842688755 -0.950498 3.780444 7.541735
1678842688784 -1.630451 3.878607 10.560823
1678842688804 -1.637634 4.209007 9.346964
1678842688830 -1.302446 4.637568 5.932832
1678842688857 -1.927332 4.994305 5.494693
1678842688892 -2.219425 4.695030 6.878541
1678842688906 -1.587356 4.493917 7.534553
1678842688932 -0.912191 4.580108 6.557718
1678842688965 -1.108515 4.908113 6.421249
1678842688987 -1.635240 5.035006 7.769185
1678842689010 -1.529895 5.142745 9.023746
1678842689035 -1.012747 5.511452 7.735666
1678842689061 -0.785298 5.628768 7.671022
1678842689091 -1.537078 5.633556 9.967062
1678842689112 -1.158794 5.473145 10.651803
1678842689138 0.134075 5.729325 8.939949
1678842689170 0.359130 5.863400 6.998251
1678842689190 -1.230620 5.300763 10.297462
1678842689215 -1.582567 4.153940 13.812150
1678842689249 -1.244985 4.244920 9.464279
1678842689266 -0.763750 4.886566 5.181053
1678842689304 0.237026 4.697424 4.661511
1678842689317 -1.601721 4.197036 9.093178
1678842689343 -3.145981 3.952827 13.565547
1678842689368 -2.403779 3.924097 12.464214
1678842689399 -1.204283 3.955221 8.283937
1678842689420 -1.197101 4.390966 6.557718
1678842689445 -1.522712 4.486734 6.639122
1678842689471 -1.520318 4.513070 7.364564
1678842689511 -1.436521 4.649539 7.007828
1678842689538 -1.505953 4.489128 7.709330
1678842689550 -2.027889 4.137180 9.167398
1678842689575 -2.047042 3.993528 10.065224
1678842689601 -1.745373 4.019865 8.566454
1678842689639 -1.640028 4.223372 7.302315
1678842689651 -1.699883 4.225766 7.673417
1678842689676 -2.195483 3.825934 9.311050
1678842689707 -2.049437 3.526659 9.885659
1678842689731 -1.484405 3.687071 8.796297
1678842689756 -2.396596 3.845088 8.271967
1678842689785 -3.452439 3.517082 8.827422
1678842689804 -2.928109 2.458845 10.647015
1678842689831 -2.207454 2.221819 12.986150
1678842689858 -3.560178 2.693477 12.272678
1678842689883 -3.785233 2.542642 9.876082
1678842689906 -2.674323 1.553837 10.029311
1678842689932 -1.007959 1.170765 11.896789
1678842689958 -0.447716 1.592144 11.137826
1678842689997 -1.108515 2.794033 8.473080
1678842690017 -1.917756 3.485958 6.744466
1678842690044 -2.662352 3.655946 8.544906
1678842690082 -2.676718 3.335123 10.050858
1678842690087 -2.229002 2.916138 10.158598
1678842690122 -1.917756 2.832341 9.220071
1678842690147 -2.214637 2.966416 9.248801
1678842690167 -1.829170 2.695871 10.333375
1678842690206 -1.680730 2.722207 10.024523
1678842690215 -2.111686 2.956839 8.956709
1678842690242 -2.633622 3.083732 8.585608
1678842690268 -2.233790 2.822764 9.038112
1678842690301 -1.709460 2.717419 9.574412
1678842690317 -2.082955 3.086126 9.342175
1678842690345 -2.331953 3.196259 8.815451
1678842690376 -1.434127 2.868254 8.968679
1678842690400 -0.969652 3.007117 8.961497
1678842690419 -1.333570 3.541024 8.702923
1678842690448 -1.426944 3.948039 9.212888
1678842690474 -0.948104 3.840300 10.601525
1678842690498 -0.105345 4.338294 10.488997
1678842690526 -0.105345 5.607220 7.838616
1678842690547 -0.754174 6.512228 6.016629
1678842690573 -2.140416 6.892907 7.501034
1678842690599 -1.675941 5.767632 9.205706
1678842690626 0.665588 4.529830 9.423578
1678842690650 1.295263 4.426879 9.191340
1678842690675 1.015141 4.632780 8.465898
1678842690702 1.367089 4.589684 8.602366
1678842690732 1.489193 4.601655 8.772355
1678842690768 1.134852 4.776433 7.872135
1678842690780 0.565032 4.967968 7.017405
1678842690810 0.270545 4.922479 7.017405
1678842690835 -0.629675 5.023035 7.800309
1678842690864 -0.656011 4.948815 8.049306
1678842690880 0.301669 4.642357 8.252813
1678842690910 0.766145 4.680665 8.516175
1678842690934 -0.100556 5.295974 9.351752
1678842690967 -0.351948 5.626374 9.088389
1678842690990 -0.624887 5.750873 8.556877
1678842691017 -1.158794 5.571307 9.457097
1678842691044 -1.477222 5.401319 9.452309
1678842691065 -1.587356 5.353435 8.803479
1678842691098 -1.673547 5.233725 9.157822
1678842691111 -2.032677 5.379771 8.456321
1678842691136 -2.291251 5.185841 4.987122
1678842691165 -2.827552 4.168305 8.231265
1678842691198 -3.078943 2.724602 13.084312
1678842691242 -2.789245 2.444480 11.748347
1678842691247 -2.097321 2.736573 7.398083
1678842691266 -1.323994 2.726996 6.962338
1678842691311 -2.061408 2.959233 10.754754
1678842691347 -2.545036 3.196259 12.445061
1678842691352 -2.214637 3.658340 9.241618
1678842691379 -2.027889 4.000711 6.404490
1678842691398 -2.315193 4.031836 7.350199
1678842691424 -2.035071 3.727772 8.798691
1678842691445 -0.888249 3.641581 8.585608
1678842691471 -0.385466 3.833117 6.730101
1678842691498 -0.720655 4.197036 6.198588
1678842691540 -0.292093 4.235343 7.745243
1678842691559 0.577003 4.216189 9.459491
1678842691583 0.787692 4.431667 10.232818
1678842691599 0.538695 4.690241 9.976639
1678842691630 0.816423 5.121197 9.483433
1678842691649 0.761356 5.679047 7.230489
1678842691675 -1.118092 6.406884 6.785168
1678842691700 -3.184288 5.702989 10.381259
1678842691732 -1.989582 4.086902 12.768278
1678842691752 1.355118 3.447650 10.809821
1678842691777 1.915361 4.276044 7.410054
1678842691803 -0.325611 5.226542 6.394913
1678842691830 -2.037466 4.886566 9.583989
1678842691855 -2.080561 4.149151 13.144167
1678842691883 -0.962469 3.962404 10.951078
1678842691909 -0.727837 4.331111 7.340622
1678842691934 -1.297657 4.388572 7.110779
1678842691963 -1.218649 3.751714 8.604761
1678842691983 -0.883460 3.129222 10.067618
1678842692008 -0.811634 2.712631 9.782708
1678842692042 -0.852336 2.837129 9.186552
1678842692064 -0.656011 3.201048 8.159439
1678842692085 -0.351948 3.330335 7.706935
1678842692110 0.189142 3.536236 7.833828
1678842692137 0.837971 3.737349 8.022970
1678842692164 1.158794 4.046201 8.698134
1678842692188 1.163582 4.290410 9.452309
1678842692213 1.702277 4.687847 9.014170
1678842692239 1.987187 5.339070 7.891289
1678842692264 2.104503 5.427655 7.953538
1678842692290 2.355895 5.111620 9.119514
1678842692316 2.451663 4.750096 8.848969
1678842692344 2.545036 5.104438 8.418014
1678842692366 1.951274 5.573701 7.838616
1678842692392 1.802834 5.434838 8.841787
1678842692419 2.013524 5.245696 9.165004
1678842692444 2.449268 5.928043 7.994239
1678842692469 2.233790 6.076484 5.707777
1678842692507 1.209072 6.007052 8.348581
1678842692539 1.553837 5.233725 12.102690
1678842692547 0.486023 5.544971 12.631808
1678842692583 1.034295 5.442020 8.693346
1678842692601 1.948880 4.963180 7.630321
1678842692630 1.362301 4.467580 8.889671
1678842692649 0.213084 3.993528 10.649409
1678842692675 -1.077391 3.986346 9.828198
1678842692705 -1.379060 4.065354 7.795521
1678842692731 -0.883460 3.794810 6.488286
1678842692753 -0.641646 3.440468 7.079654
1678842692783 -0.900220 3.258508 8.786720
1678842692809 -0.744597 3.078943 9.313444
1678842692864 -1.043872 3.177106 9.023746
1678842692882 -2.142811 3.861847 8.090008
1678842692891 -2.609680 4.232949 8.078036
1678842692905 -1.522712 3.667917 9.023746
1678842692931 -1.199495 3.363853 9.174581
1678842692966 -1.709460 3.655946 8.475474
1678842692984 -1.343147 3.430891 9.102755
1678842693007 -0.802058 3.236961 9.016563
1678842693033 -0.414197 3.268085 9.069236
1678842693064 0.083797 2.841918 10.398018
1678842693093 -0.893037 3.038242 10.560823
1678842693110 -1.599327 2.932897 9.986216
1678842693136 -0.943315 2.264915 10.498574
1678842693164 -0.129287 1.613692 11.058818
1678842693188 -0.081403 1.326388 10.709264
1678842693213 0.107739 1.268927 9.533711
1678842693238 0.402226 1.580173 9.430760
1678842693268 -0.074220 2.133234 9.689334
1678842693300 -0.730232 2.645593 10.026917
1678842693315 -0.280122 2.535460 11.128249
1678842693343 0.031125 2.427721 10.965444
1678842693367 0.095768 2.477999 10.259154
1678842693397 0.591368 2.085350 10.110714
1678842693431 0.675165 1.841141 10.374076
1678842693447 0.679953 1.654393 10.137050
1678842693469 0.782904 1.587356 9.840169
1678842693495 0.397437 1.728614 9.050082
1678842693520 -0.155623 2.190695 8.674192
1678842693546 -0.205901 2.475605 8.707711
1678842693572 -0.339977 2.631228 9.421184
1678842693598 -0.287304 2.636016 9.780313
1678842693623 -0.423774 3.078943 9.248801
1678842693649 -0.598550 3.241749 9.294291
1678842693674 -0.270545 3.287239 9.279925
1678842693700 -0.016759 3.229778 9.361329
1678842693726 -0.320823 3.371036 9.425972
1678842693751 -0.735020 3.414132 9.964667
1678842693776 -1.053449 3.548207 9.923966
1678842693802 -0.438139 3.639187 8.080431
1678842693831 -0.351948 3.696647 7.635109
1678842693857 -0.598550 3.775656 8.717288
1678842693879 -1.055843 4.060566 9.260772
1678842693905 -1.544260 4.094085 9.006987
1678842693938 -0.780510 3.287239 9.648633
1678842693959 -0.390255 3.086126 11.348516
1678842693982 -1.654393 3.519476 10.884041
1678842694007 -2.236184 3.907337 8.899248
1678842694033 -2.082955 3.660734 8.348581
1678842694063 -2.573767 3.548207 9.145850
1678842694085 -2.777274 3.354277 10.019734
1678842694112 -2.236184 3.191471 8.698134
1678842694136 -2.398990 3.349488 7.812280
1678842694163 -3.268085 3.885789 7.611167
1678842694188 -3.234566 4.242526 6.950367
1678842694213 -2.477999 4.314352 6.957550
1678842694238 -1.821988 4.082114 8.576031
1678842694264 -1.498770 4.194642 8.693346
1678842694296 -1.508347 4.575319 7.987057
1678842694316 -1.575385 4.807557 7.065289
1678842694341 -0.945710 4.814740 7.089231
1678842694367 -0.248997 4.596867 7.534553
1678842694392 -0.404620 5.013458 8.101978
1678842694418 -0.404620 4.850653 8.980651
1678842694443 -0.095768 4.343082 9.665392
1678842694474 -0.296881 3.991134 11.066000
1678842694503 -0.292093 4.503493 10.867282
1678842694521 0.450110 4.659117 7.826645
1678842694546 -1.661576 4.876989 10.081984
1678842694572 -1.996764 3.153164 13.251906
1678842694601 -0.543484 2.738967 9.433155
1678842694628 1.362301 2.765303 6.866570
1678842694649 0.797269 3.265691 7.560889
1678842694675 -1.795651 3.564966 10.637438
1678842694700 -1.520318 3.371036 10.651803
1678842694726 -0.076614 2.913743 9.260772
1678842694752 -0.390255 3.102885 9.018958
1678842694777 -0.763750 3.306392 8.355764
1678842694807 -0.225055 3.495534 7.314286
1678842694831 0.002394 3.785233 6.856994
1678842694854 -0.007183 3.931279 7.036559
1678842694879 -0.337582 4.137180 7.230489
1678842694905 -0.902614 4.228160 8.609550
1678842694931 -1.156399 4.460398 9.088389
1678842694958 -1.149217 4.711789 9.548077
1678842694982 -0.608127 4.673482 8.552089
1678842695008 -0.330400 5.037400 7.920019
1678842695033 -0.553061 5.485116 8.386889
1678842695059 -1.271321 5.674258 9.414001
1678842695087 -1.091756 5.262455 9.758766
1678842695112 -0.641646 4.812346 9.550470
1678842695136 -0.258574 4.726154 9.301474
1678842695162 -0.476446 5.360618 7.496245
1678842695195 -0.732626 5.044583 8.949526
1678842695213 -0.926556 3.936068 11.492168
1678842695238 -1.283292 3.007117 13.017275
1678842695264 -1.575385 2.798822 10.939108
1678842695300 -2.145205 3.150769 8.257602
1678842695316 -2.753332 3.232172 7.680599
1678842695343 -3.043030 2.971204 9.835381
1678842695367 -2.801216 2.580950 10.596737
1678842695397 -2.087744 2.525883 9.222465
1678842695424 -1.716643 2.655170 7.252037
1678842695443 -2.049437 2.999935 7.366959
1678842695469 -1.970428 3.119645 7.180211
1678842695496 -1.687912 3.445256 6.792350
1678842695523 -1.489193 3.569755 6.830657
1678842695547 -1.410185 3.742137 7.694964
1678842695572 -1.321599 4.180276 8.106767
1678842695598 -1.551443 4.623203 8.157045
1678842695627 -1.489193 4.750096 8.032547
1678842695649 -1.565808 4.934450 8.231265
1678842695674 -1.726219 5.154716 8.544906
1678842695700 -1.848324 5.374983 8.722076
1678842695728 -1.314417 5.226542 8.585608
1678842695751 -1.474828 5.181053 8.954314
1678842695777 -1.551443 5.128380 9.198523
1678842695805 -0.701501 5.408502 7.673417
1678842695829 0.280122 4.965574 5.911284
1678842695854 -0.864307 4.673482 10.113108
1678842695880 -1.910573 3.902549 14.013263
1678842695914 -0.579397 3.222595 10.757148
1678842695937 0.869095 2.961627 6.655881
1678842695956 0.019154 3.620033 7.266402
1678842695982 -1.999158 4.165911 11.307815
1678842696008 -1.300052 3.536236 11.789049
1678842696033 -1.024718 3.100491 10.283096
1678842696060 -1.771709 3.126827 8.410830
1678842696088 -1.625663 3.100491 7.838616
1678842696112 -1.290475 3.172317 7.496245
1678842696136 -0.658405 3.356671 7.055712
1678842696162 -0.926556 3.833117 7.196970
1678842696189 -1.307234 4.197036 7.910442
1678842696213 -1.103727 4.256891 8.429984
1678842696252 -0.756568 4.129998 8.662222
1678842696264 -0.778116 4.192247 8.291121
1678842696290 -0.881066 4.378995 7.874529
1678842696316 -1.204283 4.472369 8.418014
1678842696341 -1.412579 4.436456 9.524135
1678842696367 -1.312023 4.252102 9.641450
1678842696399 -1.254562 4.467580 9.248801
1678842696419 -1.003170 4.754885 7.709330
1678842696444 -1.905785 4.869806 8.686164
1678842696469 -2.214637 4.304775 11.422736
1678842696499 -2.140416 3.857059 13.060370
1678842696522 -0.792481 3.452439 7.857770
1678842696549 -0.840365 3.507505 6.315904
1678842696572 -1.963245 3.658340 9.030929
1678842696605 -1.137246 3.248932 10.917560
1678842696623 -0.878672 3.222595 10.599131
1678842696648 -1.479617 3.718195 7.706935
1678842696674 -1.642422 3.916914 6.722919
1678842696703 -0.974440 3.315969 8.997410
1678842696730 -1.120486 3.514688 8.350976
1678842696753 -1.355118 3.730166 7.319075
1678842696777 -1.673547 3.933673 7.592013
1678842696802 -1.261744 3.711013 7.996634
1678842696828 -0.361524 3.213019 9.466674
1678842696858 -1.118092 3.586514 10.228029
1678842696894 -1.465251 3.727772 9.291897
1678842696909 -1.505953 3.744531 7.860164
1678842696932 -1.482011 3.643975 7.096414
1678842696968 -1.565808 3.172317 9.047688
1678842696984 -2.597709 3.356671 11.635820
1678842697048 -1.412579 3.011906 9.909601
1678842697054 -0.493206 2.782062 8.801085
