# Created at Tue Mar 14 18:11:16 MST 2023
1678842677273 -0.031568 0.001909 -0.046422 -0.549505 0.015366 -0.018647 0.835141
1678842677332 -0.036339 0.001475 -0.051955 -0.549475 0.015263 -0.020936 0.835108
1678842677359 -0.041357 0.001061 -0.058480 -0.549306 0.014577 -0.023225 0.835171
1678842677392 -0.050483 -0.000002 -0.073478 -0.545446 0.014383 -0.028461 0.837539
1678842677419 -0.055071 -0.001914 -0.083131 -0.548707 0.017826 -0.028785 0.835329
1678842677469 -0.061459 -0.004895 -0.092063 -0.552430 0.020297 -0.027486 0.832858
1678842677523 -0.067805 -0.007265 -0.113653 -0.557680 0.022880 -0.025619 0.829345
1678842677559 -0.070177 -0.008481 -0.124946 -0.558814 0.022635 -0.026384 0.828564
1678842677603 -0.072017 -0.009767 -0.137030 -0.558985 0.022169 -0.027219 0.828434
1678842677630 -0.075757 -0.013092 -0.165782 -0.561160 0.025255 -0.031807 0.826710
1678842677732 -0.074458 -0.018496 -0.198040 -0.562928 0.029110 -0.034788 0.825260
1678842677754 -0.073030 -0.021410 -0.215884 -0.563760 0.031163 -0.035850 0.824571
1678842677773 -0.071196 -0.024669 -0.234821 -0.565494 0.032204 -0.035778 0.823347
1678842677811 -0.069670 -0.028421 -0.255813 -0.565920 0.033675 -0.036597 0.822959
1678842677875 -0.066735 -0.032182 -0.276927 -0.566040 0.035638 -0.038137 0.822724
1678842677947 -0.059758 -0.040102 -0.322178 -0.568040 0.038619 -0.041668 0.821037
1678842677954 -0.055134 -0.041994 -0.345897 -0.568618 0.040913 -0.041472 0.820536
1678842677989 -0.050865 -0.042585 -0.370144 -0.572289 0.047168 -0.039076 0.817761
1678842678026 -0.046836 -0.042917 -0.393778 -0.575531 0.047712 -0.033127 0.815715
1678842678050 -0.042626 -0.039615 -0.416381 -0.573733 0.045742 -0.026816 0.817324
1678842678110 -0.036774 -0.035148 -0.460416 -0.571972 0.049389 -0.017164 0.818605
1678842678135 -0.035627 -0.035028 -0.483646 -0.574349 0.052688 -0.011474 0.816833
1678842678211 -0.039034 -0.036350 -0.527489 -0.578785 0.067314 -0.000652 0.812697
1678842678230 -0.041082 -0.035903 -0.549546 -0.581460 0.071522 0.003692 0.810417
1678842678277 -0.043998 -0.033431 -0.570623 -0.578511 0.072128 0.009081 0.812429
1678842678305 -0.047433 -0.031243 -0.596176 -0.574271 0.074997 0.013113 0.815118
1678842678339 -0.052586 -0.030023 -0.618590 -0.572317 0.076306 0.018658 0.816261
1678842678401 -0.058842 -0.029945 -0.642176 -0.569049 0.077754 0.024090 0.818265
1678842678417 -0.065232 -0.030773 -0.671232 -0.566274 0.082132 0.028451 0.819621
1678842678477 -0.082603 -0.037033 -0.726490 -0.563004 0.088529 0.035703 0.820923
1678842678509 -0.092208 -0.040306 -0.756169 -0.560263 0.090689 0.036628 0.822520
1678842678548 -0.103092 -0.043449 -0.790856 -0.558903 0.092102 0.037248 0.823260
1678842678610 -0.114378 -0.045805 -0.823595 -0.559268 0.091475 0.037267 0.823081
1678842678635 -0.136907 -0.041962 -0.890364 -0.552548 0.086666 0.037306 0.828123
1678842678687 -0.148050 -0.038977 -0.924776 -0.554602 0.086532 0.035779 0.826830
1678842678722 -0.158971 -0.035110 -0.958560 -0.557372 0.085387 0.031967 0.825242
1678842678771 -0.169064 -0.029859 -0.991018 -0.556957 0.082565 0.026089 0.826015
1678842678819 -0.178182 -0.025855 -1.021461 -0.553405 0.078105 0.019600 0.829011
1678842678869 -0.201049 -0.016973 -1.116951 -0.552165 0.074796 -0.011884 0.830288
1678842678907 -0.208743 -0.015190 -1.151866 -0.549992 0.073349 -0.018126 0.831745
1678842678935 -0.215011 -0.015338 -1.184125 -0.548813 0.071016 -0.023011 0.832605
1678842678991 -0.220645 -0.017504 -1.217044 -0.548455 0.069972 -0.027130 0.832806
1678842679028 -0.224834 -0.020005 -1.248576 -0.549244 0.070420 -0.031472 0.832095
1678842679075 -0.233305 -0.028112 -1.317698 -0.546753 0.070626 -0.036222 0.833523
1678842679111 -0.237872 -0.031270 -1.354334 -0.545069 0.070858 -0.035892 0.834620
1678842679141 -0.241493 -0.034689 -1.390939 -0.542943 0.072302 -0.035180 0.835911
1678842679203 -0.244710 -0.038013 -1.428496 -0.543535 0.076371 -0.034598 0.835188
1678842679216 -0.246951 -0.042363 -1.462870 -0.545254 0.079567 -0.033660 0.833807
1678842679266 -0.252141 -0.041333 -1.539110 -0.542220 0.087326 -0.031021 0.835110
1678842679308 -0.255807 -0.039806 -1.578087 -0.549941 0.097130 -0.028207 0.829057
1678842679340 -0.261532 -0.034734 -1.614442 -0.548106 0.096702 -0.021720 0.830516
1678842679384 -0.265580 -0.027201 -1.649823 -0.537776 0.099146 -0.018907 0.837024
1678842679429 -0.270690 -0.021722 -1.684328 -0.536976 0.104642 -0.014781 0.836952
1678842679471 -0.282002 -0.013865 -1.754522 -0.538466 0.107522 0.000317 0.835759
1678842679509 -0.286124 -0.009807 -1.787434 -0.532247 0.110116 0.002899 0.839392
1678842679548 -0.290753 -0.010130 -1.821977 -0.531105 0.110484 0.006250 0.840049
1678842679595 -0.295190 -0.012636 -1.857108 -0.532007 0.109621 0.009256 0.839563
1678842679618 -0.298508 -0.015400 -1.894683 -0.529511 0.107508 0.009764 0.841406
1678842679686 -0.304968 -0.025928 -1.967720 -0.527055 0.098291 0.007413 0.844096
1678842679712 -0.309928 -0.034002 -2.007937 -0.529034 0.092613 0.006185 0.843509
1678842679755 -0.313237 -0.040307 -2.046876 -0.531521 0.087823 0.003382 0.842473
1678842679809 -0.317642 -0.048689 -2.123505 -0.529648 0.067500 -0.003786 0.845519
1678842679843 -0.319094 -0.051169 -2.163903 -0.534823 0.066790 -0.013265 0.842216
1678842679878 -0.320006 -0.051433 -2.203464 -0.542152 0.066027 -0.024596 0.837321
1678842679945 -0.320017 -0.048264 -2.272896 -0.532118 0.040653 -0.039396 0.844775
1678842679990 -0.317433 -0.047808 -2.309569 -0.539728 0.037912 -0.055118 0.839177
1678842680011 -0.315629 -0.044623 -2.345878 -0.543897 0.028879 -0.065674 0.836080
1678842680072 -0.311878 -0.041469 -2.379488 -0.538234 0.019234 -0.074896 0.839240
1678842680085 -0.306975 -0.039935 -2.412847 -0.533278 0.011340 -0.085917 0.841489
1678842680132 -0.293305 -0.042282 -2.470470 -0.528938 -0.006712 -0.101149 0.842584
1678842680180 -0.285422 -0.046828 -2.505282 -0.527536 -0.010695 -0.108664 0.842486
1678842680222 -0.276540 -0.050765 -2.538128 -0.526084 -0.016192 -0.114194 0.842576
1678842680269 -0.255257 -0.059959 -2.609311 -0.521300 -0.021475 -0.122854 0.844211
1678842680313 -0.242923 -0.063763 -2.645254 -0.520189 -0.022860 -0.125964 0.844401
1678842680359 -0.231700 -0.066643 -2.677903 -0.521715 -0.026749 -0.125714 0.843382
1678842680393 -0.217351 -0.068722 -2.714022 -0.530387 -0.018690 -0.129157 0.837650
1678842680432 -0.186609 -0.059348 -2.775088 -0.527309 -0.035332 -0.130199 0.838895
1678842680500 -0.149456 -0.048858 -2.832531 -0.513442 -0.049119 -0.146619 0.844078
1678842680534 -0.130074 -0.047127 -2.863245 -0.521574 -0.060012 -0.151146 0.837565
1678842680571 -0.109336 -0.042140 -2.889167 -0.516149 -0.077938 -0.153093 0.839094
1678842680613 -0.088208 -0.041840 -2.912359 -0.505426 -0.091546 -0.160618 0.842832
1678842680639 -0.065608 -0.040247 -2.937090 -0.501113 -0.105480 -0.166642 0.842609
1678842680709 -0.043137 -0.041466 -2.963738 -0.499841 -0.121959 -0.169555 0.840557
1678842680721 -0.019768 -0.042529 -2.988298 -0.496315 -0.136206 -0.174282 0.839491
1678842680754 0.003907 -0.044283 -3.012468 -0.491443 -0.151455 -0.179160 0.838718
1678842680791 0.027716 -0.046857 -3.036720 -0.487556 -0.167396 -0.183830 0.836943
1678842680843 0.076490 -0.052856 -3.083822 -0.481810 -0.197870 -0.195625 0.830925
1678842680900 0.126458 -0.058960 -3.123922 -0.469282 -0.233971 -0.211247 0.824868
1678842680939 0.152700 -0.062537 -3.147114 -0.467698 -0.248905 -0.223312 0.818191
1678842680966 0.179764 -0.065994 -3.170011 -0.475447 -0.255459 -0.239913 0.806928
1678842681019 0.214123 -0.049309 -3.197006 -0.472702 -0.275716 -0.250842 0.798506
1678842681049 0.239301 -0.043962 -3.213179 -0.457052 -0.303196 -0.255781 0.796085
1678842681107 0.293209 -0.042117 -3.243761 -0.449800 -0.324081 -0.289831 0.780160
1678842681142 0.320706 -0.045964 -3.264744 -0.445050 -0.337506 -0.301666 0.772670
1678842681159 0.346005 -0.042715 -3.275451 -0.430978 -0.351660 -0.309302 0.771314
1678842681227 0.372113 -0.043521 -3.285943 -0.420712 -0.365996 -0.316821 0.767250
1678842681253 0.398306 -0.043857 -3.295228 -0.417152 -0.379343 -0.321323 0.760812
1678842681309 0.452755 -0.053928 -3.309880 -0.412555 -0.395454 -0.333107 0.749970
1678842681339 0.480943 -0.059066 -3.314891 -0.408896 -0.404008 -0.339724 0.744425
1678842681370 0.509479 -0.064270 -3.318402 -0.403869 -0.411276 -0.345862 0.740352
1678842681404 0.538386 -0.069031 -3.320410 -0.398193 -0.418892 -0.351456 0.736513
1678842681440 0.566047 -0.069729 -3.317343 -0.394328 -0.425684 -0.355530 0.732732
1678842681481 0.596317 -0.073068 -3.317837 -0.393485 -0.430358 -0.358355 0.729070
1678842681518 0.629258 -0.080431 -3.321997 -0.392748 -0.435278 -0.361622 0.724922
1678842681574 0.660600 -0.081070 -3.320098 -0.388166 -0.444836 -0.362435 0.721172
1678842681616 0.726815 -0.081296 -3.315984 -0.391848 -0.451520 -0.365601 0.713386
1678842681643 0.757117 -0.077658 -3.310474 -0.394147 -0.461134 -0.364733 0.706380
1678842681703 0.788754 -0.074700 -3.305024 -0.386601 -0.472384 -0.363702 0.703644
1678842681716 0.822865 -0.071609 -3.296077 -0.382754 -0.478344 -0.367936 0.699507
1678842681756 0.854880 -0.071234 -3.290125 -0.383856 -0.481875 -0.376162 0.692064
1678842681814 0.908612 -0.065431 -3.273861 -0.370400 -0.503714 -0.380284 0.681513
1678842681870 0.965297 -0.061523 -3.256762 -0.356833 -0.525139 -0.387330 0.668487
1678842681919 0.988024 -0.064407 -3.249196 -0.349485 -0.537577 -0.388953 0.661504
1678842681965 1.016861 -0.065836 -3.240011 -0.341847 -0.546534 -0.393597 0.655380
1678842682005 1.075366 -0.070453 -3.221648 -0.330504 -0.567200 -0.401807 0.638437
1678842682040 1.105642 -0.073493 -3.212561 -0.322293 -0.577403 -0.405585 0.631058
1678842682076 1.136728 -0.076908 -3.203603 -0.315767 -0.588115 -0.409831 0.621652
1678842682110 1.158555 -0.078994 -3.193542 -0.309586 -0.596440 -0.414457 0.613711
1678842682138 1.190422 -0.081538 -3.184616 -0.303110 -0.602700 -0.421139 0.606234
1678842682197 1.221390 -0.081644 -3.175457 -0.295734 -0.615533 -0.423343 0.595350
1678842682230 1.285270 -0.077660 -3.155517 -0.273711 -0.634269 -0.431212 0.580381
1678842682281 1.315544 -0.076830 -3.143926 -0.265913 -0.641315 -0.440746 0.568990
1678842682312 1.344293 -0.074455 -3.132238 -0.261895 -0.652951 -0.445829 0.553446
1678842682352 1.372434 -0.068972 -3.117897 -0.249530 -0.662861 -0.452496 0.541846
1678842682389 1.397875 -0.067657 -3.102195 -0.233548 -0.670690 -0.462990 0.530349
1678842682456 1.456463 -0.061392 -3.069199 -0.209519 -0.689485 -0.477180 0.503003
1678842682479 1.478463 -0.060890 -3.051023 -0.197074 -0.700867 -0.480443 0.489001
1678842682512 1.500254 -0.062442 -3.031922 -0.187561 -0.711028 -0.484047 0.474299
1678842682568 1.509551 -0.064536 -3.011630 -0.179845 -0.718318 -0.489093 0.460937
1678842682606 1.551719 -0.076033 -2.967734 -0.168837 -0.727444 -0.503378 0.434660
1678842682634 1.596345 -0.079289 -2.942185 -0.162881 -0.731104 -0.508843 0.424306
1678842682687 1.617500 -0.082805 -2.918399 -0.156755 -0.737180 -0.509738 0.414923
1678842682713 1.649422 -0.082897 -2.893454 -0.150177 -0.741547 -0.510187 0.408979
1678842682766 1.671556 -0.084444 -2.868454 -0.145838 -0.741747 -0.513110 0.406524
1678842682790 1.693401 -0.083869 -2.843394 -0.146580 -0.743012 -0.515400 0.401011
1678842682841 1.734465 -0.076450 -2.793898 -0.148714 -0.745877 -0.518267 0.391090
1678842682876 1.754944 -0.071115 -2.769883 -0.146393 -0.754090 -0.514715 0.380770
1678842682922 1.772805 -0.065025 -2.745812 -0.142825 -0.763495 -0.509049 0.370871
1678842682972 1.785622 -0.061379 -2.721736 -0.139655 -0.765214 -0.509910 0.367336
1678842683016 1.822134 -0.055697 -2.672374 -0.141411 -0.769727 -0.513242 0.352287
1678842683044 1.838460 -0.052426 -2.647894 -0.136203 -0.776205 -0.509224 0.345899
1678842683090 1.856974 -0.053034 -2.622447 -0.131379 -0.781836 -0.506233 0.339410
1678842683152 1.890101 -0.053957 -2.570809 -0.125360 -0.792054 -0.503163 0.322122
1678842683182 1.914983 -0.057204 -2.538646 -0.120848 -0.795963 -0.503433 0.313678
1678842683226 1.931484 -0.060610 -2.510572 -0.115434 -0.800503 -0.504059 0.302975
1678842683280 1.969010 -0.069243 -2.447817 -0.099169 -0.810048 -0.504746 0.281458
1678842683324 1.984944 -0.072007 -2.417824 -0.090763 -0.813838 -0.507251 0.268562
1678842683353 1.998146 -0.074951 -2.389056 -0.083219 -0.820403 -0.506460 0.252015
1678842683437 2.018609 -0.075703 -2.332850 -0.058918 -0.829288 -0.505787 0.230195
1678842683482 2.040141 -0.068008 -2.271342 -0.038729 -0.839048 -0.505679 0.196946
1678842683524 2.048937 -0.065027 -2.239640 -0.027713 -0.841387 -0.507783 0.182910
1678842683574 2.057758 -0.063812 -2.178207 -0.000300 -0.841046 -0.517821 0.156535
1678842683613 2.060246 -0.061761 -2.147677 0.012729 -0.847038 -0.512788 0.139328
1678842683660 2.067775 -0.058790 -2.110624 0.025732 -0.851133 -0.509217 0.124933
1678842683712 2.067730 -0.064979 -2.045627 0.046229 -0.854631 -0.507245 0.100853
1678842683743 2.065800 -0.070334 -2.012637 0.054626 -0.855881 -0.506266 0.090430
1678842683786 2.063554 -0.075050 -1.977775 0.062817 -0.855797 -0.507187 0.080168
1678842683839 2.053462 -0.087131 -1.910846 -0.073209 0.855595 0.508322 -0.064858
1678842683867 2.051035 -0.090129 -1.868636 -0.076403 0.854452 0.510563 -0.058304
1678842683904 2.043596 -0.093277 -1.835449 -0.078342 0.853246 0.513123 -0.050383
1678842683955 2.035903 -0.097638 -1.802713 -0.082344 0.851624 0.515731 -0.044482
1678842684009 2.016711 -0.095827 -1.737706 -0.085761 0.847145 0.523747 -0.026075
1678842684044 2.003285 -0.094894 -1.711759 -0.090297 0.849699 0.519319 -0.012898
1678842684072 1.991943 -0.092810 -1.680206 -0.097026 0.850855 0.516350 -0.003754
1678842684116 1.981055 -0.091631 -1.647600 -0.101494 0.849120 0.518357 0.000309
1678842684154 1.970320 -0.089516 -1.615544 -0.101990 0.847885 0.520233 0.006880
1678842684209 1.960169 -0.086420 -1.587977 -0.102038 0.850100 0.516343 0.017543
1678842684233 1.936187 -0.081434 -1.528954 -0.104894 0.855659 0.505179 0.040483
1678842684281 1.922781 -0.081093 -1.503970 -0.106439 0.857354 0.501051 0.050626
1678842684343 1.910651 -0.083039 -1.472913 -0.108900 0.858642 0.497346 0.059351
1678842684352 1.898210 -0.086406 -1.441099 -0.112352 0.858963 0.494944 0.067748
1678842684403 1.883663 -0.089203 -1.411422 -0.115904 0.858543 0.493473 0.077163
1678842684432 1.856667 -0.096318 -1.346527 -0.127337 0.857908 0.487623 0.100011
1678842684483 1.842736 -0.098805 -1.313664 -0.135784 0.857350 0.484368 0.109099
1678842684505 1.828368 -0.098479 -1.281407 -0.140086 0.857466 0.478451 0.127329
1678842684548 1.813297 -0.098497 -1.248877 -0.147965 0.856940 0.473152 0.141023
1678842684578 1.796854 -0.099226 -1.215864 -0.159928 0.852048 0.475919 0.148115
1678842684645 1.761095 -0.095615 -1.157202 -0.176767 0.845832 0.469776 0.180643
1678842684666 1.740571 -0.095177 -1.127828 -0.192574 0.841430 0.470034 0.184335
1678842684705 1.721779 -0.092585 -1.097479 -0.201529 0.835002 0.473473 0.194887
1678842684738 1.700513 -0.089012 -1.071956 -0.204985 0.834484 0.466436 0.209891
1678842684781 1.677909 -0.088029 -1.049035 -0.212622 0.835886 0.455229 0.221028
1678842684854 1.628293 -0.093516 -1.000495 -0.228612 0.829797 0.448656 0.240586
1678842684878 1.601455 -0.098735 -0.976725 -0.234933 0.826966 0.446329 0.248446
1678842684914 1.571512 -0.101596 -0.948635 -0.241266 0.824542 0.442515 0.257102
1678842684971 1.541895 -0.107289 -0.926352 -0.247322 0.822851 0.438686 0.263252
1678842684988 1.510837 -0.113159 -0.910644 -0.251800 0.822298 0.435020 0.266797
1678842685030 1.449660 -0.113553 -0.868721 -0.247125 0.821241 0.427918 0.285270
1678842685088 1.418744 -0.112791 -0.854264 -0.245283 0.820569 0.428436 0.288002
1678842685119 1.385305 -0.111064 -0.832031 -0.245816 0.815610 0.439806 0.284474
1678842685151 1.354211 -0.105347 -0.813121 -0.240826 0.811722 0.443032 0.294674
1678842685194 1.325710 -0.098342 -0.800402 -0.235711 0.814734 0.431089 0.307914
1678842685235 1.265363 -0.090008 -0.766466 -0.242733 0.810589 0.431215 0.313176
1678842685300 1.210537 -0.086476 -0.736721 -0.240105 0.806294 0.430702 0.326703
1678842685331 1.183722 -0.084230 -0.721072 -0.240111 0.805680 0.427791 0.331996
1678842685365 1.156864 -0.083871 -0.704668 -0.239716 0.803614 0.427818 0.337212
1678842685411 1.130857 -0.086155 -0.687045 -0.238142 0.802556 0.426906 0.341970
1678842685457 1.103444 -0.088292 -0.669687 -0.238203 0.801937 0.424573 0.346258
1678842685507 1.076073 -0.091391 -0.652207 -0.237849 0.801127 0.421562 0.352007
1678842685530 1.019503 -0.097411 -0.613121 -0.234831 0.800256 0.415283 0.363296
1678842685595 0.989504 -0.099300 -0.590850 -0.233477 0.799084 0.413965 0.368220
1678842685620 0.959747 -0.101540 -0.568660 -0.233294 0.798288 0.413047 0.371083
1678842685671 0.930505 -0.105238 -0.547642 -0.229468 0.795925 0.411420 0.380239
1678842685696 0.866931 -0.106933 -0.503534 -0.243778 0.791413 0.414293 0.377623
1678842685741 0.837253 -0.103939 -0.482175 -0.248168 0.788396 0.415103 0.380176
1678842685779 0.807678 -0.098378 -0.456716 -0.241417 0.784260 0.407575 0.400669
1678842685827 0.779225 -0.095860 -0.438914 -0.250098 0.782236 0.399256 0.407618
1678842685863 0.748975 -0.096951 -0.421078 -0.270297 0.778649 0.399353 0.401451
1678842685902 0.693226 -0.091602 -0.383830 -0.278935 0.771711 0.394681 0.413380
1678842685948 0.666403 -0.091469 -0.366312 -0.284550 0.773097 0.387632 0.413635
1678842685983 0.638715 -0.092822 -0.348976 -0.286152 0.770253 0.387376 0.418051
1678842686020 0.611453 -0.095370 -0.331150 -0.286162 0.768694 0.385731 0.422413
1678842686071 0.554808 -0.104464 -0.297239 -0.294571 0.767489 0.381042 0.423078
1678842686115 0.534881 -0.101747 -0.287970 -0.293687 0.766299 0.378315 0.428265
1678842686165 0.507431 -0.104164 -0.271635 -0.291169 0.766275 0.374999 0.432918
1678842686190 0.478906 -0.107307 -0.255274 -0.292155 0.765017 0.375610 0.433949
1678842686210 0.451779 -0.108194 -0.240001 -0.294863 0.764434 0.375143 0.433548
1678842686282 0.397092 -0.104163 -0.206847 -0.304241 0.765428 0.376098 0.424390
1678842686324 0.371144 -0.101791 -0.192099 -0.305755 0.760058 0.381964 0.427702
1678842686352 0.347387 -0.096727 -0.179907 -0.302904 0.758636 0.374265 0.438915
1678842686417 0.293733 -0.093547 -0.152206 -0.306424 0.755326 0.371321 0.444642
1678842686445 0.268064 -0.093542 -0.138966 -0.305447 0.747867 0.382320 0.448584
1678842686475 0.245275 -0.093758 -0.127612 -0.304068 0.742961 0.388562 0.452296
1678842686527 0.220279 -0.095185 -0.116210 -0.305392 0.740962 0.390270 0.453211
1678842686551 0.195896 -0.097016 -0.105161 -0.306191 0.737043 0.392151 0.457418
1678842686602 0.148209 -0.101584 -0.082554 -0.307162 0.728503 0.393543 0.469104
1678842686643 0.130980 -0.104864 -0.075650 -0.309038 0.726565 0.388105 0.475366
1678842686671 0.107044 -0.107765 -0.063574 -0.310490 0.725008 0.380882 0.482585
1678842686702 0.075301 -0.111539 -0.047332 -0.312699 0.721784 0.377476 0.488630
1678842686752 0.048575 -0.115398 -0.031881 -0.314894 0.717989 0.376791 0.493318
1678842686790 0.019823 -0.121258 -0.016094 -0.315619 0.716757 0.374213 0.496596
1678842686845 -0.035741 -0.126019 0.022659 -0.312110 0.710714 0.376858 0.505421
1678842686902 -0.061256 -0.129564 0.040235 -0.310261 0.708118 0.374413 0.511978
1678842686916 -0.088702 -0.132485 0.060530 -0.314884 0.706969 0.368231 0.515217
1678842686976 -0.140529 -0.136582 0.105854 -0.330863 0.702821 0.375798 0.505319
1678842687016 -0.163932 -0.134691 0.130562 -0.324782 0.702915 0.372280 0.511698
1678842687053 -0.185879 -0.134461 0.154157 -0.331233 0.710771 0.371516 0.497056
1678842687118 -0.225218 -0.129655 0.205877 -0.321322 0.713708 0.390833 0.484379
1678842687178 -0.236604 -0.127296 0.227651 -0.311888 0.723663 0.389728 0.476603
1678842687187 -0.251420 -0.127035 0.252000 -0.305597 0.729640 0.398563 0.464094
1678842687239 -0.277135 -0.131477 0.298881 -0.292984 0.744003 0.414019 0.434981
1678842687299 -0.287237 -0.133016 0.320761 -0.286906 0.756170 0.416509 0.415226
1678842687323 -0.294606 -0.134982 0.342948 -0.277071 0.765903 0.423131 0.396970
1678842687351 -0.299489 -0.135804 0.364442 -0.265065 0.777231 0.426656 0.378969
1678842687405 -0.302510 -0.136113 0.409007 -0.241057 0.799241 0.442707 0.327285
1678842687464 -0.297176 -0.130923 0.450970 -0.202254 0.810307 0.468586 0.287963
1678842687505 -0.292341 -0.127437 0.467715 -0.187970 0.820307 0.467814 0.270025
1678842687533 -0.287351 -0.125936 0.483859 -0.179152 0.824650 0.474383 0.250634
1678842687571 -0.280616 -0.124173 0.500375 -0.166361 0.828229 0.480146 0.236265
1678842687630 -0.272702 -0.121791 0.514886 -0.154139 0.834603 0.480189 0.221579
1678842687674 -0.254432 -0.119834 0.544900 -0.131802 0.845187 0.483105 0.186809
1678842687701 -0.242243 -0.120946 0.559396 -0.120990 0.848442 0.487431 0.167089
1678842687753 -0.228061 -0.122887 0.573704 -0.110653 0.850446 0.493030 0.146351
1678842687773 -0.211373 -0.126009 0.587029 -0.099198 0.852552 0.497295 0.126539
1678842687851 -0.172870 -0.131175 0.614192 -0.077436 0.855687 0.504836 0.083332
1678842687874 -0.156646 -0.131356 0.639757 -0.065420 0.855957 0.509106 0.062199
1678842687906 -0.133887 -0.134486 0.653835 -0.053294 0.856858 0.511034 0.042414
1678842687943 -0.110589 -0.138428 0.668138 -0.043001 0.856194 0.514394 0.021941
1678842687998 -0.063597 -0.141003 0.700488 -0.020225 0.854420 0.518995 -0.014174
1678842688044 -0.039824 -0.143322 0.714218 0.011173 -0.854033 -0.519187 0.030794
1678842688073 -0.016509 -0.143938 0.726960 0.004546 -0.856371 -0.514371 0.045058
1678842688115 0.008651 -0.137374 0.739372 -0.001791 -0.859353 -0.507898 0.059570
1678842688159 0.032918 -0.137355 0.752666 -0.009462 -0.857876 -0.508154 0.075758
1678842688204 0.083014 -0.134806 0.778534 -0.028620 -0.855619 -0.506775 0.101373
1678842688249 0.107320 -0.132573 0.791765 -0.033259 -0.855555 -0.502504 0.120039
1678842688280 0.130137 -0.131515 0.805704 -0.042443 -0.851014 -0.505068 0.137405
1678842688334 0.179311 -0.127178 0.833219 -0.063031 -0.849027 -0.497147 0.167408
1678842688391 0.203094 -0.132617 0.849585 -0.073026 -0.845660 -0.494837 0.186176
1678842688409 0.227371 -0.134398 0.865466 -0.083694 -0.840051 -0.495352 0.204782
1678842688466 0.275677 -0.135015 0.896573 -0.100420 -0.832599 -0.488135 0.241702
1678842688495 0.299063 -0.136433 0.911773 -0.107063 -0.829080 -0.482683 0.261115
1678842688537 0.322960 -0.138517 0.927520 -0.114098 -0.823174 -0.479045 0.282634
1678842688579 0.351294 -0.139443 0.946060 -0.121022 -0.816834 -0.474682 0.304652
1678842688645 0.376406 -0.140535 0.961493 -0.129247 -0.809755 -0.469129 0.327886
1678842688665 0.402618 -0.141056 0.976613 -0.142294 -0.800567 -0.463911 0.351613
1678842688694 0.459203 -0.140651 1.007399 -0.180294 -0.771628 -0.459466 0.401218
1678842688737 0.486351 -0.140669 1.020579 -0.205501 -0.750537 -0.463108 0.424258
1678842688797 0.507523 -0.137374 1.030803 -0.224853 -0.740475 -0.454473 0.441126
1678842688819 0.528805 -0.131617 1.039603 -0.236329 -0.733958 -0.441410 0.458925
1678842688864 0.550196 -0.128239 1.048286 -0.248483 -0.720934 -0.438772 0.475384
1678842688885 0.576037 -0.127744 1.055141 -0.259661 -0.709801 -0.437200 0.487457
1678842688942 0.617482 -0.122088 1.067354 -0.267684 -0.696009 -0.421651 0.515875
1678842688982 0.617673 -0.124891 1.063056 -0.276110 -0.685548 -0.417928 0.528322
1678842689010 0.640090 -0.126771 1.066601 -0.287125 -0.677334 -0.411499 0.538002
1678842689077 0.687474 -0.135558 1.072541 -0.301139 -0.656236 -0.401714 0.563290
1678842689130 0.719340 -0.142046 1.078668 -0.309336 -0.647904 -0.395639 0.572713
1678842689184 0.771268 -0.152977 1.080827 -0.322290 -0.629443 -0.385243 0.592890
1678842689216 0.798061 -0.156125 1.081865 -0.331352 -0.623560 -0.377546 0.599030
1678842689249 0.824895 -0.157712 1.083151 -0.339585 -0.619651 -0.368796 0.603907
1678842689332 0.880479 -0.154253 1.083921 -0.344721 -0.593696 -0.367454 0.627431
1678842689349 0.905137 -0.150428 1.084751 -0.344197 -0.595824 -0.357012 0.631716
1678842689381 0.930667 -0.148589 1.085190 -0.347288 -0.591530 -0.352964 0.636317
1678842689435 0.955001 -0.145967 1.088523 -0.354804 -0.576326 -0.361673 0.641214
1678842689451 0.979718 -0.144640 1.088015 -0.362038 -0.565242 -0.365364 0.644933
1678842689489 1.001335 -0.139394 1.085989 -0.361458 -0.560263 -0.357554 0.653918
1678842689602 1.041718 -0.130937 1.078308 -0.362835 -0.545138 -0.344761 0.672544
1678842689651 1.091872 -0.127911 1.072315 -0.369391 -0.516994 -0.332357 0.696998
1678842689682 1.133184 -0.127154 1.061100 -0.382337 -0.481918 -0.313439 0.723415
1678842689721 1.151490 -0.126263 1.054878 -0.388096 -0.462623 -0.298961 0.738907
1678842689765 1.172968 -0.127019 1.045988 -0.396336 -0.437110 -0.285208 0.755320
1678842689800 1.203322 -0.128008 1.031599 -0.412315 -0.380479 -0.252964 0.788189
1678842689867 1.214327 -0.127490 1.024616 -0.417158 -0.348614 -0.236159 0.805404
1678842689897 1.223897 -0.128215 1.017601 -0.429531 -0.312437 -0.217001 0.819022
1678842689917 1.229697 -0.128430 1.011353 -0.446741 -0.274711 -0.194704 0.828883
1678842689965 1.227581 -0.121578 1.004644 -0.461952 -0.199576 -0.148443 0.851313
1678842690027 1.220103 -0.117151 1.005622 -0.476327 -0.165082 -0.121708 0.855013
1678842690044 1.213181 -0.112149 1.010700 -0.485297 -0.138516 -0.098225 0.857702
1678842690083 1.201390 -0.106488 1.020071 -0.481844 -0.111087 -0.083207 0.865195
1678842690128 1.187784 -0.102369 1.030271 -0.478983 -0.079193 -0.072706 0.871216
1678842690158 1.172385 -0.099346 1.041825 -0.480957 -0.048001 -0.059798 0.873385
1678842690211 1.134756 -0.092648 1.072294 -0.475676 0.013982 -0.028799 0.879038
1678842690250 1.113917 -0.089086 1.092183 -0.473619 0.044420 -0.011455 0.879534
1678842690309 1.069723 -0.081379 1.142943 -0.461947 0.104372 0.021123 0.880492
1678842690352 1.046131 -0.078269 1.173313 -0.456929 0.135660 0.037974 0.878277
1678842690370 1.021708 -0.075871 1.207177 -0.452522 0.167984 0.055419 0.874033
1678842690432 0.972459 -0.074075 1.286335 -0.439089 0.233915 0.087324 0.863052
1678842690478 0.948550 -0.073376 1.331110 -0.432140 0.265288 0.104509 0.855544
1678842690529 0.902312 -0.076269 1.428664 -0.419162 0.330360 0.135073 0.834818
1678842690571 0.882729 -0.076349 1.481943 -0.412113 0.362355 0.149719 0.822463
1678842690616 0.865822 -0.074912 1.537296 -0.401594 0.391753 0.160860 0.812019
1678842690661 0.831921 -0.073728 1.647283 -0.393224 0.463738 0.187565 0.771454
1678842690699 0.814769 -0.072241 1.703187 -0.390020 0.493621 0.216337 0.746606
1678842690738 0.800257 -0.066565 1.760118 -0.384439 0.522464 0.240771 0.721989
1678842690785 0.788065 -0.064307 1.814377 -0.377693 0.551535 0.259432 0.697031
1678842690830 0.768666 -0.059506 1.917667 -0.358441 0.601613 0.286341 0.653904
1678842690865 0.760838 -0.058467 1.966388 -0.345976 0.627925 0.293855 0.632187
1678842690906 0.753248 -0.058726 2.013931 -0.333949 0.651808 0.304352 0.609093
1678842690952 0.746237 -0.059710 2.061027 -0.320378 0.672895 0.318605 0.585714
1678842691005 0.735191 -0.062709 2.152677 -0.293364 0.710066 0.347293 0.537710
1678842691051 0.731289 -0.064077 2.196452 -0.281595 0.725714 0.357835 0.515750
1678842691068 0.728136 -0.064112 2.239811 -0.271093 0.742270 0.364704 0.492479
1678842691129 0.726186 -0.063446 2.325822 -0.251817 0.775091 0.371251 0.444966
1678842691172 0.726952 -0.060541 2.369121 -0.242730 0.792887 0.369617 0.419279
1678842691238 0.736625 -0.065217 2.412981 -0.230802 0.809305 0.366496 0.396783
1678842691262 0.740447 -0.063371 2.457257 -0.220095 0.824469 0.371133 0.366155
1678842691296 0.758963 -0.059061 2.543282 -0.186465 0.843935 0.397084 0.308754
1678842691351 0.779553 -0.064785 2.581686 -0.165036 0.854513 0.405543 0.279472
1678842691373 0.798553 -0.064929 2.619781 -0.149425 0.860330 0.422054 0.243670
1678842691427 0.821188 -0.064373 2.654925 -0.131669 0.865121 0.434621 0.212918
1678842691446 0.841720 -0.065700 2.689698 -0.111013 0.873430 0.436622 0.184816
1678842691504 0.900617 -0.066650 2.753093 -0.071475 0.882914 0.447511 0.122830
1678842691565 0.933247 -0.068474 2.782655 -0.050499 0.887001 0.448961 0.095466
1678842691574 0.968329 -0.066487 2.823907 -0.033807 0.890733 0.448299 0.066937
1678842691603 1.002407 -0.072090 2.851952 -0.018759 0.890776 0.452346 0.039362
1678842691636 1.036512 -0.078511 2.878465 -0.005872 0.889518 0.456651 0.013886
1678842691692 1.067141 -0.088038 2.895221 -0.003285 -0.889269 -0.457308 0.007641
1678842691736 1.130367 -0.096415 2.936897 -0.014138 -0.890219 -0.453637 0.039031
1678842691791 1.159219 -0.105350 2.962712 -0.012432 -0.886440 -0.458208 0.064143
1678842691809 1.191861 -0.108392 2.982795 -0.020246 -0.878603 -0.469230 0.086430
1678842691875 1.255347 -0.105182 3.008717 -0.037968 -0.874763 -0.469971 0.111693
1678842691911 1.285444 -0.106159 3.023488 -0.035870 -0.869504 -0.472781 0.138396
1678842691945 1.315208 -0.106214 3.036444 -0.044080 -0.861747 -0.480100 0.157965
1678842692005 1.374422 -0.096036 3.053760 -0.067413 -0.859475 -0.467414 0.195656
1678842692041 1.403263 -0.093800 3.060992 -0.083265 -0.853646 -0.464789 0.219832
1678842692071 1.428518 -0.089683 3.061662 -0.100911 -0.846283 -0.461083 0.247030
1678842692120 1.454882 -0.087499 3.063868 -0.116628 -0.839283 -0.453510 0.276280
1678842692165 1.479507 -0.085816 3.063349 -0.131609 -0.831021 -0.445322 0.306222
1678842692206 1.499824 -0.084515 3.056056 -0.148021 -0.820271 -0.439117 0.335293
1678842692250 1.540414 -0.088120 3.048631 -0.178788 -0.790337 -0.432638 0.395255
1678842692312 1.570794 -0.093680 3.042944 -0.204158 -0.759303 -0.427558 0.446064
1678842692349 1.565333 -0.094222 3.028679 -0.212992 -0.744902 -0.423687 0.469303
1678842692405 1.594656 -0.097619 3.044301 -0.228109 -0.718153 -0.417320 0.508003
1678842692442 1.599750 -0.100531 3.053434 -0.231086 -0.708869 -0.413181 0.522863
1678842692470 1.603432 -0.103761 3.066039 -0.232098 -0.699328 -0.409966 0.537586
1678842692526 1.611119 -0.101168 3.081593 -0.233926 -0.692718 -0.405767 0.548429
1678842692553 1.611702 -0.103613 3.101316 -0.236620 -0.691514 -0.399580 0.553313
1678842692612 1.615184 -0.113792 3.152878 -0.256902 -0.678466 -0.406329 0.555502
1678842692650 1.612116 -0.114007 3.181372 -0.263237 -0.681822 -0.405734 0.548822
1678842692689 1.607299 -0.112062 3.211712 -0.262277 -0.688363 -0.402936 0.543149
1678842692711 1.602467 -0.107491 3.239845 -0.260982 -0.694948 -0.408061 0.531434
1678842692753 1.595156 -0.105543 3.274636 -0.256089 -0.705466 -0.416590 0.513019
1678842692805 1.585445 -0.101981 3.313296 -0.241380 -0.720575 -0.420748 0.495458
1678842692867 1.550956 -0.099675 3.412910 -0.203574 -0.760157 -0.447248 0.425075
1678842692896 1.536632 -0.101019 3.444380 -0.186396 -0.773201 -0.458164 0.396866
1678842692937 1.519191 -0.101630 3.474720 -0.165685 -0.787242 -0.468132 0.365583
1678842692962 1.503610 -0.103891 3.503216 -0.146733 -0.798647 -0.478443 0.334253
1678842693003 1.487314 -0.106212 3.528646 -0.129113 -0.808432 -0.487703 0.303171
1678842693039 1.471241 -0.108736 3.554282 -0.109751 -0.818882 -0.495200 0.268636
1678842693089 1.454921 -0.111569 3.578533 -0.088747 -0.827822 -0.501100 0.236078
1678842693112 1.438238 -0.114659 3.599165 -0.068943 -0.835713 -0.506714 0.200178
1678842693142 1.420284 -0.117867 3.620982 -0.047032 -0.841840 -0.512531 0.162499
1678842693196 1.401093 -0.121984 3.642488 -0.018629 -0.848004 -0.514177 0.127139
1678842693227 1.359198 -0.124632 3.673940 0.032324 -0.854571 -0.515323 0.055731
1678842693279 1.336564 -0.124887 3.684257 -0.055236 0.855314 0.514902 -0.016235
1678842693326 1.287699 -0.126581 3.692865 -0.103073 0.852734 0.508362 0.061551
1678842693382 1.261923 -0.128066 3.692142 -0.127462 0.848614 0.504155 0.097139
1678842693406 1.235997 -0.128081 3.685889 -0.148910 0.844355 0.498328 0.128685
1678842693446 1.209934 -0.127609 3.678422 -0.165993 0.838835 0.492368 0.162405
1678842693485 1.183674 -0.126474 3.667492 -0.181439 0.832391 0.486283 0.194254
1678842693530 1.157249 -0.125162 3.652745 -0.197044 0.824542 0.480041 0.225530
1678842693560 1.128014 -0.124821 3.642549 -0.212591 0.814554 0.473470 0.259100
1678842693611 1.077367 -0.124108 3.594286 -0.248410 0.792585 0.453281 0.323479
1678842693645 1.053454 -0.125394 3.566075 -0.267380 0.778987 0.444589 0.352175
1678842693704 1.009159 -0.129177 3.503277 -0.302924 0.750908 0.426461 0.403119
1678842693742 0.984971 -0.128526 3.470092 -0.318101 0.735783 0.418549 0.426909
1678842693777 0.965193 -0.130258 3.434500 -0.331549 0.720567 0.411477 0.448938
1678842693857 0.925797 -0.136202 3.360165 -0.357525 0.691608 0.393657 0.488762
1678842693914 0.892267 -0.138004 3.280173 -0.372804 0.665365 0.372216 0.528925
1678842693970 0.877551 -0.140824 3.239085 -0.382453 0.652904 0.363266 0.543584
1678842693991 0.861684 -0.143328 3.197401 -0.391358 0.636039 0.359591 0.559453
1678842694025 0.831822 -0.147033 3.114104 -0.408645 0.606652 0.351567 0.584280
1678842694073 0.818431 -0.147309 3.071596 -0.416303 0.588762 0.342556 0.602251
1678842694113 0.806900 -0.145880 3.030304 -0.422284 0.573627 0.329882 0.619521
1678842694151 0.794253 -0.141836 2.988158 -0.430768 0.557100 0.319464 0.634051
1678842694189 0.783134 -0.140225 2.950109 -0.439150 0.537821 0.311780 0.648605
1678842694236 0.771955 -0.139051 2.913995 -0.444902 0.519967 0.301804 0.663785
1678842694269 0.761501 -0.137830 2.879814 -0.451331 0.504268 0.288731 0.677236
1678842694338 0.736702 -0.139401 2.818021 -0.463166 0.478243 0.268408 0.696217
1678842694354 0.726172 -0.138785 2.789587 -0.468767 0.465049 0.262371 0.703668
1678842694380 0.711787 -0.141219 2.761267 -0.471786 0.452525 0.254211 0.712752
1678842694440 0.685857 -0.142508 2.706254 -0.475492 0.433728 0.236170 0.728019
1678842694485 0.668630 -0.147828 2.677109 -0.479967 0.419395 0.230345 0.735310
1678842694520 0.650885 -0.153446 2.647039 -0.484715 0.406604 0.222222 0.741850
1678842694565 0.621738 -0.157911 2.590835 -0.492550 0.374901 0.202129 0.758939
1678842694611 0.606847 -0.159261 2.560136 -0.492635 0.356624 0.188503 0.771101
1678842694643 0.593235 -0.164815 2.533288 -0.498604 0.347688 0.169017 0.775848
1678842694688 0.579341 -0.163336 2.503778 -0.502436 0.332337 0.155472 0.782904
1678842694738 0.567385 -0.160823 2.475906 -0.503372 0.310042 0.146203 0.793168
1678842694761 0.559420 -0.154864 2.445968 -0.510208 0.295276 0.131267 0.797037
1678842694801 0.543189 -0.152726 2.391054 -0.528939 0.263134 0.110887 0.799179
1678842694844 0.534437 -0.153698 2.359540 -0.533078 0.248823 0.098102 0.802677
1678842694877 0.529282 -0.152395 2.333623 -0.533673 0.235026 0.086133 0.807798
1678842694933 0.524899 -0.152564 2.307472 -0.533545 0.220573 0.076457 0.812915
1678842694971 0.517121 -0.155905 2.250605 -0.536626 0.202335 0.054946 0.817358
1678842695003 0.514733 -0.160836 2.221745 -0.540752 0.196401 0.046468 0.816612
1678842695047 0.518191 -0.162113 2.201807 -0.543201 0.190612 0.041044 0.816649
1678842695072 0.517005 -0.165784 2.172088 -0.543103 0.185120 0.037789 0.818133
1678842695145 0.516735 -0.173603 2.108078 -0.544839 0.178586 0.030305 0.818743
1678842695180 0.515161 -0.176168 2.072073 -0.546881 0.174867 0.029478 0.818213
1678842695215 0.516173 -0.177575 2.036574 -0.545640 0.171067 0.029088 0.819858
1678842695273 0.521038 -0.180846 1.963957 -0.539180 0.163280 0.024182 0.825857
1678842695336 0.529908 -0.177592 1.888274 -0.545296 0.155482 0.025117 0.823314
1678842695360 0.537196 -0.170103 1.854053 -0.544405 0.147833 0.025865 0.825287
1678842695407 0.542559 -0.165150 1.820079 -0.545789 0.140610 0.026196 0.825625
1678842695430 0.546647 -0.159942 1.789538 -0.550405 0.131827 0.028757 0.823923
1678842695474 0.549124 -0.154234 1.758902 -0.549668 0.125859 0.030889 0.825270
1678842695527 0.550405 -0.147890 1.728171 -0.543638 0.125688 0.030498 0.829295
1678842695562 0.550595 -0.142350 1.672253 -0.541006 0.121416 0.038408 0.831322
1678842695607 0.548985 -0.142723 1.644594 -0.540946 0.120337 0.042420 0.831322
1678842695645 0.545249 -0.147055 1.603975 -0.541270 0.119654 0.045010 0.831074
1678842695677 0.541988 -0.150465 1.575506 -0.540431 0.117632 0.046822 0.831808
1678842695727 0.537696 -0.154349 1.546476 -0.538168 0.116933 0.047095 0.833357
1678842695767 0.525797 -0.163506 1.499931 -0.537114 0.116090 0.047551 0.834129
1678842695812 0.517392 -0.167305 1.468836 -0.534231 0.117412 0.047732 0.835783
1678842695850 0.507481 -0.167038 1.429591 -0.531259 0.121216 0.046517 0.837202
1678842695877 0.496996 -0.169275 1.396736 -0.527349 0.123051 0.046345 0.839413
1678842695975 0.464712 -0.172508 1.292616 -0.532523 0.128235 0.053751 0.834917
1678842695986 0.453717 -0.170382 1.260366 -0.529601 0.124721 0.058589 0.836980
1678842696023 0.443780 -0.169685 1.228554 -0.528787 0.126052 0.057591 0.837364
1678842696070 0.433323 -0.168081 1.195759 -0.533768 0.128690 0.056109 0.833896
1678842696107 0.423155 -0.165635 1.165972 -0.535582 0.130473 0.055133 0.832520
1678842696151 0.413572 -0.160577 1.138108 -0.533185 0.134299 0.050975 0.833714
1678842696202 0.391626 -0.154590 1.085280 -0.532619 0.141336 0.054863 0.832665
1678842696271 0.380000 -0.154189 1.056118 -0.533216 0.145571 0.058522 0.831303
1678842696285 0.368071 -0.155585 1.029873 -0.534304 0.151800 0.060840 0.829322
1678842696335 0.342781 -0.160067 0.976681 -0.533969 0.166276 0.066433 0.826327
1678842696372 0.329972 -0.163005 0.947356 -0.531783 0.175734 0.067739 0.825673
1678842696407 0.317014 -0.166306 0.919805 -0.530083 0.186455 0.070339 0.824196
1678842696441 0.304598 -0.171275 0.893033 -0.528103 0.198502 0.074136 0.822319
1678842696481 0.291391 -0.173380 0.865815 -0.524496 0.211470 0.077217 0.821110
1678842696538 0.264533 -0.176712 0.810932 -0.519774 0.237530 0.084218 0.816285
1678842696572 0.251163 -0.175615 0.794132 -0.521059 0.252896 0.090278 0.810180
1678842696610 0.238113 -0.172170 0.769733 -0.519090 0.260830 0.099648 0.807827
1678842696660 0.223190 -0.168989 0.745398 -0.520407 0.267715 0.107348 0.803730
1678842696707 0.210364 -0.167730 0.721723 -0.524443 0.274896 0.113578 0.797804
1678842696731 0.187419 -0.161734 0.677943 -0.519955 0.277370 0.115437 0.799617
1678842696771 0.174600 -0.160351 0.659979 -0.518046 0.278998 0.114912 0.800365
1678842696813 0.163219 -0.159097 0.639434 -0.518197 0.275959 0.116850 0.801039
1678842696847 0.152814 -0.158222 0.618579 -0.518947 0.273303 0.117275 0.801402
1678842696905 0.129628 -0.160774 0.578801 -0.526175 0.262788 0.119761 0.799837
1678842696949 0.118575 -0.162550 0.559532 -0.529226 0.253903 0.117017 0.801099
1678842696977 0.105341 -0.165731 0.534851 -0.528540 0.245139 0.109653 0.805313
1678842697021 0.094413 -0.167068 0.516742 -0.529085 0.235465 0.101172 0.808944
1678842697051 0.082481 -0.171676 0.499215 -0.533475 0.227701 0.092615 0.809308
