# Created at Tue Mar 14 18:11:16 MST 2023
1678842677273 -0.020259 -0.005111 -0.038425 0.557254 -0.018231 0.023290 -0.829815
1678842677332 -0.025077 -0.005587 -0.043928 0.557213 -0.018149 0.025580 -0.829777
1678842677359 -0.030146 -0.006038 -0.050413 0.557031 -0.017485 0.027875 -0.829839
1678842677392 -0.039385 -0.007267 -0.065405 0.553168 -0.017362 0.033099 -0.832231
1678842677419 -0.043959 -0.009165 -0.075065 0.556415 -0.020789 0.033401 -0.829973
1678842677469 -0.050304 -0.012082 -0.083999 0.560127 -0.023227 0.032091 -0.827459
1678842677523 -0.056593 -0.014349 -0.105576 0.565360 -0.025761 0.030216 -0.823888
1678842677559 -0.058982 -0.015553 -0.116836 0.566481 -0.025516 0.030988 -0.823096
1678842677603 -0.060841 -0.016845 -0.128898 0.566646 -0.025057 0.031827 -0.822965
1678842677630 -0.064658 -0.020247 -0.157612 0.568790 -0.028172 0.036392 -0.821194
1678842677732 -0.063400 -0.025718 -0.189874 0.570539 -0.032044 0.039342 -0.819701
1678842677754 -0.061982 -0.028660 -0.207728 0.571365 -0.034101 0.040387 -0.818992
1678842677773 -0.060140 -0.031896 -0.226657 0.573090 -0.035130 0.040311 -0.817746
1678842677811 -0.058622 -0.035673 -0.247659 0.573513 -0.036607 0.041117 -0.817345
1678842677875 -0.055710 -0.039482 -0.268787 0.573627 -0.038583 0.042638 -0.817096
1678842677947 -0.048790 -0.047461 -0.314012 0.575602 -0.041583 0.046147 -0.815367
1678842677954 -0.044150 -0.049367 -0.337766 0.576182 -0.043871 0.045931 -0.814849
1678842677989 -0.039795 -0.049924 -0.362100 0.579854 -0.050080 0.043487 -0.812016
1678842678026 -0.035633 -0.050096 -0.385774 0.583107 -0.050550 0.037544 -0.809951
1678842678050 -0.031304 -0.046696 -0.408456 0.581350 -0.048534 0.031247 -0.811603
1678842678110 -0.025239 -0.042139 -0.452722 0.579658 -0.052101 0.021557 -0.812907
1678842678135 -0.023960 -0.041913 -0.476057 0.582054 -0.055332 0.015843 -0.811111
1678842678211 -0.027085 -0.043143 -0.520263 0.586541 -0.069824 0.004895 -0.806889
1678842678230 -0.029029 -0.042619 -0.542423 0.589226 -0.073973 0.000520 -0.804575
1678842678277 -0.031845 -0.040111 -0.563637 0.586324 -0.074545 -0.004884 -0.806625
1678842678305 -0.035200 -0.037965 -0.589371 0.582136 -0.077400 -0.008956 -0.809350
1678842678339 -0.040248 -0.036692 -0.611923 0.580223 -0.078668 -0.014520 -0.810519
1678842678401 -0.046405 -0.036586 -0.635669 0.577004 -0.080082 -0.019977 -0.812560
1678842678417 -0.052707 -0.037435 -0.664919 0.574275 -0.084433 -0.024388 -0.813931
1678842678477 -0.069936 -0.043692 -0.720463 0.571068 -0.090776 -0.031713 -0.815251
1678842678509 -0.079524 -0.047022 -0.750242 0.568353 -0.092942 -0.032668 -0.816866
1678842678548 -0.090396 -0.050194 -0.784988 0.567006 -0.094356 -0.033305 -0.817613
1678842678610 -0.101682 -0.052535 -0.817708 0.567369 -0.093728 -0.033317 -0.817434
1678842678635 -0.124235 -0.048744 -0.884488 0.560684 -0.088960 -0.033331 -0.822562
1678842678687 -0.135401 -0.045753 -0.918842 0.562718 -0.088829 -0.031796 -0.821247
1678842678722 -0.146388 -0.041901 -0.952502 0.565451 -0.087705 -0.027964 -0.819628
1678842678771 -0.156596 -0.036738 -0.984824 0.565008 -0.084943 -0.022060 -0.820404
1678842678819 -0.165853 -0.032867 -1.015140 0.561441 -0.080568 -0.015539 -0.823439
1678842678869 -0.189342 -0.024563 -1.110134 0.560052 -0.077564 0.015971 -0.824664
1678842678907 -0.197171 -0.022914 -1.144970 0.557858 -0.076188 0.022220 -0.826133
1678842678935 -0.203549 -0.023143 -1.177137 0.556657 -0.073908 0.027122 -0.827004
1678842678991 -0.209272 -0.025375 -1.209985 0.556278 -0.072904 0.031249 -0.827202
1678842679028 -0.213549 -0.027944 -1.241453 0.557041 -0.073388 0.035589 -0.826470
1678842679075 -0.222125 -0.036182 -1.310556 0.554541 -0.073651 0.040329 -0.827909
1678842679111 -0.226687 -0.039367 -1.347230 0.552870 -0.073890 0.039991 -0.829021
1678842679141 -0.230293 -0.042830 -1.383909 0.550762 -0.075339 0.039258 -0.830327
1678842679203 -0.233485 -0.046182 -1.421540 0.551361 -0.079398 0.038639 -0.829580
1678842679216 -0.235693 -0.050524 -1.455956 0.553080 -0.082573 0.037677 -0.828169
1678842679266 -0.240815 -0.049594 -1.532431 0.550091 -0.090321 0.034953 -0.829470
1678842679308 -0.244383 -0.048002 -1.571495 0.557792 -0.100049 0.032070 -0.823304
1678842679340 -0.249980 -0.042843 -1.607968 0.556001 -0.099572 0.025582 -0.824799
1678842679384 -0.253991 -0.035464 -1.643615 0.545754 -0.102047 0.022712 -0.831398
1678842679429 -0.259010 -0.029990 -1.678298 0.544987 -0.107506 0.018531 -0.831317
1678842679471 -0.270014 -0.021864 -1.748740 0.546546 -0.110234 0.003411 -0.830135
1678842679509 -0.274098 -0.017888 -1.781848 0.540381 -0.112837 0.000783 -0.833820
1678842679548 -0.278665 -0.018170 -1.816466 0.539263 -0.113181 -0.002575 -0.834493
1678842679595 -0.283043 -0.020594 -1.851609 0.540172 -0.112284 -0.005569 -0.834011
1678842679618 -0.286359 -0.023362 -1.889193 0.537691 -0.110182 -0.006065 -0.835889
1678842679686 -0.292881 -0.033863 -1.962059 0.535225 -0.101007 -0.003633 -0.838641
1678842679712 -0.297868 -0.041861 -2.002112 0.537179 -0.095333 -0.002344 -0.838060
1678842679755 -0.301235 -0.048123 -2.040875 0.539630 -0.090559 0.000513 -0.837017
1678842679809 -0.305833 -0.056428 -2.117041 0.537700 -0.070323 0.007870 -0.840162
1678842679843 -0.307470 -0.058991 -2.157208 0.542795 -0.069673 0.017373 -0.836790
1678842679878 -0.308604 -0.059325 -2.196473 0.550020 -0.068974 0.028734 -0.831802
1678842679945 -0.309036 -0.056292 -2.265407 0.539921 -0.043802 0.043740 -0.839436
1678842679990 -0.306798 -0.055934 -2.301696 0.547394 -0.041162 0.059510 -0.833741
1678842680011 -0.305267 -0.052735 -2.337635 0.551460 -0.032203 0.070163 -0.830622
1678842680072 -0.301781 -0.049723 -2.371059 0.545758 -0.022675 0.079455 -0.833859
1678842680085 -0.297182 -0.048366 -2.404236 0.540749 -0.014909 0.090531 -0.836165
1678842680132 -0.283983 -0.050817 -2.461448 0.536300 0.002984 0.105913 -0.837350
1678842680180 -0.276309 -0.055454 -2.496136 0.534850 0.006893 0.113458 -0.837266
1678842680222 -0.267598 -0.059437 -2.528855 0.533358 0.012334 0.119032 -0.837382
1678842680269 -0.246567 -0.068788 -2.599947 0.528534 0.017515 0.127722 -0.839066
1678842680313 -0.234321 -0.072642 -2.635857 0.527407 0.018867 0.130840 -0.839266
1678842680359 -0.223118 -0.075442 -2.668414 0.528914 0.022767 0.130632 -0.838252
1678842680393 -0.208797 -0.077484 -2.704473 0.537536 0.014726 0.134027 -0.832391
1678842680432 -0.178201 -0.067993 -2.765306 0.534422 0.031344 0.135213 -0.833743
1678842680500 -0.141572 -0.057849 -2.822625 0.520490 0.044915 0.151706 -0.839082
1678842680534 -0.122397 -0.055878 -2.852967 0.528510 0.055817 0.156358 -0.832534
1678842680571 -0.101863 -0.050822 -2.878684 0.523046 0.073703 0.158450 -0.834197
1678842680613 -0.081049 -0.050690 -2.901797 0.512287 0.087194 0.166060 -0.838083
1678842680639 -0.058738 -0.049104 -2.926344 0.507908 0.101061 0.172192 -0.837954
1678842680709 -0.036512 -0.050195 -2.952736 0.506561 0.117518 0.175248 -0.835986
1678842680721 -0.013418 -0.051227 -2.977111 0.502966 0.131717 0.180090 -0.835011
1678842680754 0.009963 -0.052970 -3.001110 0.498024 0.146911 0.185084 -0.834346
1678842680791 0.033462 -0.055500 -3.025170 0.494059 0.162806 0.189880 -0.832674
1678842680843 0.081537 -0.061406 -3.071882 0.488122 0.193182 0.201917 -0.826829
1678842680900 0.130606 -0.067542 -3.111663 0.475370 0.229132 0.217800 -0.821027
1678842680939 0.156288 -0.071096 -3.134664 0.473627 0.243981 0.229980 -0.814408
1678842680966 0.182741 -0.074427 -3.157316 0.481172 0.250453 0.246650 -0.803063
1678842681019 0.216468 -0.057646 -3.184117 0.478244 0.270641 0.257734 -0.794738
1678842681049 0.241115 -0.052396 -3.200268 0.462480 0.298046 0.262849 -0.792585
1678842681107 0.293686 -0.050686 -3.230820 0.454860 0.318669 0.297018 -0.776745
1678842681142 0.320610 -0.054541 -3.251800 0.449948 0.332007 0.308935 -0.769336
1678842681159 0.345501 -0.051516 -3.262668 0.435791 0.346060 0.316631 -0.768163
1678842681227 0.371177 -0.052437 -3.273265 0.425415 0.360318 0.324224 -0.764246
1678842681253 0.396999 -0.052712 -3.282539 0.421739 0.373645 0.328817 -0.757895
1678842681309 0.450800 -0.062725 -3.297235 0.416942 0.389685 0.340702 -0.747146
1678842681339 0.478639 -0.067861 -3.302303 0.413177 0.398195 0.347367 -0.741661
1678842681370 0.506876 -0.073113 -3.305906 0.408064 0.405412 0.353538 -0.737655
1678842681404 0.535497 -0.077932 -3.308018 0.402306 0.412979 0.359166 -0.733893
1678842681440 0.562921 -0.078646 -3.305020 0.398369 0.419742 0.363274 -0.730172
1678842681481 0.593013 -0.081946 -3.305533 0.397466 0.424405 0.366131 -0.726533
1678842681518 0.625755 -0.089262 -3.309714 0.396662 0.429312 0.369429 -0.722408
1678842681574 0.656906 -0.089898 -3.307869 0.392017 0.438868 0.370300 -0.718746
1678842681616 0.722848 -0.089928 -3.303701 0.395593 0.445570 0.373527 -0.710951
1678842681643 0.752945 -0.086092 -3.298121 0.397807 0.455231 0.372743 -0.703972
1678842681703 0.784427 -0.083191 -3.292763 0.390211 0.466484 0.371773 -0.701364
1678842681716 0.818308 -0.080120 -3.283914 0.386291 0.472415 0.376034 -0.697282
1678842681756 0.849981 -0.079649 -3.278028 0.387273 0.475908 0.384279 -0.689826
1678842681814 0.903206 -0.073906 -3.262025 0.373644 0.497724 0.388513 -0.679498
1678842681870 0.959300 -0.070050 -3.245253 0.359867 0.519112 0.395661 -0.666687
1678842681919 0.981753 -0.072955 -3.237849 0.352415 0.531549 0.397347 -0.659829
1678842681965 1.010309 -0.074449 -3.228875 0.344675 0.540472 0.402022 -0.653810
1678842682005 1.068177 -0.079039 -3.210891 0.333082 0.561115 0.410327 -0.637054
1678842682040 1.098174 -0.082136 -3.202042 0.324758 0.571296 0.414142 -0.629793
1678842682076 1.128935 -0.085545 -3.193317 0.318095 0.581997 0.418432 -0.620491
1678842682110 1.150483 -0.087647 -3.183487 0.311797 0.590302 0.423086 -0.612637
1678842682138 1.182067 -0.090228 -3.174828 0.305203 0.596519 0.429776 -0.605235
1678842682197 1.212727 -0.090319 -3.165927 0.297682 0.609365 0.432037 -0.594478
1678842682230 1.276160 -0.086582 -3.146655 0.275434 0.628044 0.439936 -0.579788
1678842682281 1.306070 -0.085762 -3.135465 0.267466 0.635035 0.449468 -0.568481
1678842682312 1.334419 -0.083247 -3.124092 0.263248 0.646689 0.454602 -0.553020
1678842682352 1.362271 -0.077859 -3.110224 0.250718 0.656562 0.461271 -0.541568
1678842682389 1.387422 -0.076713 -3.095135 0.234558 0.664308 0.471732 -0.530233
1678842682456 1.445457 -0.070549 -3.063188 0.210157 0.683041 0.485910 -0.503170
1678842682479 1.467251 -0.070108 -3.045504 0.197537 0.694429 0.489184 -0.489333
1678842682512 1.488822 -0.071650 -3.026858 0.187843 0.704603 0.492799 -0.474762
1678842682568 1.497910 -0.073709 -3.006994 0.179959 0.711891 0.497843 -0.461496
1678842682606 1.539638 -0.085023 -2.963947 0.168613 0.720983 0.512092 -0.435332
1678842682634 1.584123 -0.088237 -2.938769 0.162524 0.724627 0.517536 -0.425039
1678842682687 1.605200 -0.091751 -2.915270 0.156290 0.730725 0.518434 -0.415741
1678842682713 1.637105 -0.091900 -2.890560 0.149643 0.735100 0.518878 -0.409879
1678842682766 1.659228 -0.093486 -2.865735 0.145268 0.735273 0.521774 -0.407459
1678842682790 1.680975 -0.092809 -2.840786 0.145943 0.736546 0.524066 -0.401940
1678842682841 1.721868 -0.085196 -2.791457 0.147962 0.739437 0.526945 -0.392006
1678842682876 1.742274 -0.079800 -2.767603 0.145542 0.747728 0.523433 -0.381757
1678842682922 1.760102 -0.073698 -2.743679 0.141885 0.757225 0.517813 -0.371953
1678842682972 1.772907 -0.070068 -2.719739 0.138674 0.758945 0.518666 -0.368453
1678842683016 1.809208 -0.064129 -2.670662 0.140261 0.763504 0.522011 -0.353403
1678842683044 1.825555 -0.060920 -2.646329 0.134997 0.770037 0.518012 -0.347105
1678842683090 1.844081 -0.061573 -2.621039 0.130112 0.775716 0.515035 -0.340698
1678842683152 1.877132 -0.062433 -2.569777 0.123921 0.786031 0.511987 -0.323524
1678842683182 1.901990 -0.065671 -2.537858 0.119319 0.789967 0.512250 -0.315142
1678842683226 1.918463 -0.069056 -2.510092 0.113790 0.794540 0.512866 -0.304511
1678842683280 1.956033 -0.077768 -2.448044 0.097297 0.804142 0.513508 -0.283192
1678842683324 1.971981 -0.080531 -2.418487 0.088748 0.807950 0.515976 -0.270388
1678842683353 1.985192 -0.083444 -2.390152 0.081037 0.814583 0.515168 -0.253947
1678842683437 2.005921 -0.084449 -2.334764 0.056513 0.823519 0.514404 -0.232402
1678842683482 2.027655 -0.076779 -2.274224 0.035989 0.833391 0.514205 -0.199391
1678842683524 2.036595 -0.073829 -2.243005 0.024826 0.835751 0.516242 -0.185466
1678842683574 2.045839 -0.072703 -2.182682 -0.002880 0.835376 0.526076 -0.159322
1678842683613 2.048586 -0.070768 -2.152580 -0.016060 0.841466 0.520993 -0.142280
1678842683660 2.056387 -0.067923 -2.115919 -0.029191 0.845631 0.517361 -0.128038
1678842683712 2.056795 -0.074234 -2.051618 -0.049911 0.849213 0.515261 -0.104173
1678842683743 2.055065 -0.079633 -2.018915 -0.058404 0.850503 0.514226 -0.093839
1678842683786 2.053016 -0.084359 -1.984367 -0.066696 0.850439 0.515080 -0.083651
1678842683839 2.043194 -0.096422 -1.917872 0.077235 -0.850275 -0.516124 0.068435
1678842683867 2.040854 -0.099361 -1.875863 0.080499 -0.849135 -0.518321 0.061901
1678842683904 2.033480 -0.102408 -1.842894 0.082521 -0.847939 -0.520841 0.053986
1678842683955 2.025897 -0.106721 -1.810361 0.086587 -0.846311 -0.523399 0.048109
1678842684009 2.006849 -0.104608 -1.745877 0.090204 -0.841838 -0.531310 0.029692
1678842684044 1.993599 -0.103677 -1.720137 0.094849 -0.844487 -0.526850 0.016583
1678842684072 1.982469 -0.101647 -1.688766 0.101652 -0.845699 -0.523836 0.007515
1678842684116 1.971710 -0.100452 -1.656318 0.106163 -0.843953 -0.525796 0.003480
1678842684154 1.961024 -0.098232 -1.624418 0.106726 -0.842731 -0.527640 -0.003096
1678842684209 1.950942 -0.095090 -1.596967 0.106861 -0.845035 -0.523744 -0.013738
1678842684233 1.927184 -0.090101 -1.538171 0.109891 -0.850803 -0.512561 -0.036594
1678842684281 1.913888 -0.089749 -1.513304 0.111516 -0.852582 -0.508416 -0.046703
1678842684343 1.901883 -0.091706 -1.482354 0.114044 -0.853941 -0.504689 -0.055388
1678842684352 1.889593 -0.095077 -1.450673 0.117563 -0.854317 -0.502252 -0.063745
1678842684403 1.875211 -0.097851 -1.421164 0.121195 -0.853948 -0.500737 -0.073125
1678842684432 1.848699 -0.104994 -1.356645 0.132812 -0.853450 -0.494768 -0.095853
1678842684483 1.835066 -0.107567 -1.323937 0.141326 -0.852946 -0.491443 -0.104855
1678842684505 1.820980 -0.107218 -1.291904 0.145770 -0.853195 -0.485461 -0.123028
1678842684548 1.806248 -0.107301 -1.259550 0.153750 -0.852766 -0.480085 -0.136637
1678842684578 1.790206 -0.108052 -1.226774 0.165780 -0.847853 -0.482729 -0.143647
1678842684645 1.755268 -0.104419 -1.168588 0.182877 -0.841812 -0.476364 -0.176029
1678842684666 1.735223 -0.104118 -1.139343 0.198708 -0.837385 -0.476494 -0.179595
1678842684705 1.716828 -0.101426 -1.109246 0.207762 -0.830955 -0.479802 -0.190103
1678842684738 1.695836 -0.097877 -1.083816 0.211324 -0.830567 -0.472706 -0.205059
1678842684781 1.673557 -0.097102 -1.060862 0.219013 -0.832109 -0.461447 -0.216088
1678842684854 1.624648 -0.102674 -1.012494 0.235138 -0.826137 -0.454691 -0.235508
1678842684878 1.598098 -0.107915 -0.988791 0.241514 -0.823350 -0.452286 -0.243316
1678842684914 1.568451 -0.110821 -0.960745 0.247903 -0.820989 -0.448397 -0.251915
1678842684971 1.539086 -0.116583 -0.938470 0.253994 -0.819349 -0.444508 -0.258006
1678842684988 1.508196 -0.122536 -0.922737 0.258485 -0.818836 -0.440805 -0.261502
1678842685030 1.447136 -0.122847 -0.880902 0.253947 -0.817947 -0.433671 -0.280005
1678842685088 1.416213 -0.122026 -0.866489 0.252131 -0.817289 -0.434184 -0.282759
1678842685119 1.382793 -0.120075 -0.844426 0.252674 -0.812205 -0.445513 -0.279279
1678842685151 1.351741 -0.114118 -0.825694 0.247785 -0.808350 -0.448701 -0.289553
1678842685194 1.323251 -0.107201 -0.812915 0.242744 -0.811551 -0.436779 -0.302794
1678842685235 1.263197 -0.098864 -0.779036 0.249806 -0.807413 -0.436819 -0.308011
1678842685300 1.208533 -0.095162 -0.749435 0.247292 -0.803196 -0.436244 -0.321581
1678842685331 1.181796 -0.092925 -0.733792 0.247331 -0.802634 -0.433314 -0.326870
1678842685365 1.155023 -0.092500 -0.717446 0.246980 -0.800595 -0.433310 -0.332099
1678842685411 1.129054 -0.094736 -0.699861 0.245444 -0.799573 -0.432384 -0.336875
1678842685457 1.101707 -0.096880 -0.682507 0.245532 -0.798996 -0.430034 -0.341159
1678842685507 1.074415 -0.099982 -0.665036 0.245215 -0.798243 -0.427003 -0.346908
1678842685530 1.017933 -0.105995 -0.625965 0.242270 -0.797495 -0.420703 -0.358213
1678842685595 0.987983 -0.107847 -0.603725 0.240953 -0.796362 -0.419368 -0.363151
1678842685620 0.958271 -0.110074 -0.581549 0.240790 -0.795590 -0.418436 -0.366017
1678842685671 0.929093 -0.113668 -0.560606 0.237037 -0.793296 -0.416782 -0.375216
1678842685696 0.865892 -0.115448 -0.516478 0.251324 -0.788709 -0.419549 -0.372495
1678842685741 0.836397 -0.112439 -0.495143 0.255734 -0.785686 -0.420304 -0.375023
1678842685779 0.806993 -0.106764 -0.469767 0.249129 -0.781738 -0.412719 -0.395580
1678842685827 0.778867 -0.104442 -0.451850 0.257829 -0.779804 -0.404321 -0.402437
1678842685863 0.749071 -0.105751 -0.433872 0.277960 -0.776135 -0.404301 -0.396098
1678842685902 0.693786 -0.100429 -0.396593 0.286669 -0.769278 -0.399493 -0.407967
1678842685948 0.667076 -0.100504 -0.378923 0.292255 -0.770717 -0.392429 -0.408145
1678842685983 0.639526 -0.101819 -0.361607 0.293890 -0.767893 -0.392127 -0.412559
1678842686020 0.612342 -0.104355 -0.343783 0.293929 -0.766370 -0.390456 -0.416924
1678842686071 0.555921 -0.113604 -0.309743 0.302318 -0.765192 -0.385714 -0.417504
1678842686115 0.536055 -0.110888 -0.300468 0.301466 -0.764055 -0.382967 -0.422698
1678842686165 0.508601 -0.113319 -0.284122 0.298976 -0.764092 -0.379651 -0.427367
1678842686190 0.480133 -0.116439 -0.267773 0.299971 -0.762830 -0.380243 -0.428395
1678842686210 0.453073 -0.117356 -0.252471 0.302672 -0.762243 -0.379758 -0.427971
1678842686282 0.398479 -0.113456 -0.219210 0.311970 -0.763160 -0.380700 -0.418723
1678842686324 0.372696 -0.110901 -0.204578 0.313531 -0.757747 -0.386499 -0.422062
1678842686352 0.349028 -0.105884 -0.192341 0.310744 -0.756459 -0.378773 -0.433288
1678842686417 0.295577 -0.102722 -0.164597 0.314295 -0.753196 -0.375767 -0.438991
1678842686445 0.270062 -0.102381 -0.151576 0.313390 -0.745656 -0.386690 -0.443006
1678842686475 0.247369 -0.102379 -0.140357 0.312064 -0.740713 -0.392883 -0.446770
1678842686527 0.222448 -0.103753 -0.128978 0.313399 -0.738700 -0.394563 -0.447687
1678842686551 0.198200 -0.105481 -0.117973 0.314237 -0.734782 -0.396394 -0.451910
1678842686602 0.150824 -0.109859 -0.095430 0.315303 -0.726284 -0.397670 -0.463631
1678842686643 0.133746 -0.113211 -0.088449 0.317205 -0.724423 -0.392190 -0.469871
1678842686671 0.109955 -0.116218 -0.076270 0.318686 -0.722965 -0.384927 -0.477065
1678842686702 0.078388 -0.120011 -0.059974 0.320927 -0.719797 -0.381466 -0.483096
1678842686752 0.051832 -0.123832 -0.044506 0.323153 -0.716026 -0.380722 -0.487781
1678842686790 0.023155 -0.129720 -0.028680 0.323893 -0.714833 -0.378121 -0.491051
1678842686845 -0.032271 -0.134279 0.009977 0.320465 -0.708817 -0.380704 -0.499945
1678842686902 -0.057703 -0.137798 0.027558 0.318659 -0.706281 -0.378228 -0.506525
1678842686916 -0.084997 -0.140859 0.047988 0.323279 -0.705194 -0.372005 -0.509710
1678842686976 -0.136520 -0.144911 0.093377 0.339191 -0.700887 -0.379479 -0.499702
1678842687016 -0.159982 -0.143022 0.118067 0.333153 -0.701060 -0.375976 -0.506129
1678842687053 -0.182100 -0.143023 0.141766 0.339482 -0.708835 -0.375291 -0.491387
1678842687118 -0.221851 -0.137836 0.193116 0.329555 -0.711553 -0.394715 -0.478838
1678842687178 -0.233709 -0.135591 0.214846 0.320067 -0.721505 -0.393768 -0.471099
1678842687187 -0.248923 -0.135234 0.239051 0.313718 -0.727353 -0.402721 -0.458644
1678842687239 -0.275537 -0.139589 0.285737 0.300944 -0.741460 -0.418446 -0.429619
1678842687299 -0.286229 -0.141291 0.307660 0.294724 -0.753522 -0.421130 -0.409869
1678842687323 -0.294221 -0.143262 0.329817 0.284775 -0.763128 -0.427936 -0.391676
1678842687351 -0.299798 -0.144145 0.351348 0.272647 -0.774364 -0.431672 -0.373742
1678842687405 -0.304401 -0.144501 0.396077 0.248290 -0.796031 -0.448176 -0.322219
1678842687464 -0.300708 -0.138777 0.438048 0.209274 -0.806759 -0.474446 -0.283275
1678842687505 -0.296572 -0.135372 0.455055 0.194844 -0.816715 -0.473883 -0.265421
1678842687533 -0.292103 -0.133844 0.471369 0.185888 -0.820923 -0.480584 -0.246109
1678842687571 -0.285906 -0.131960 0.488026 0.173000 -0.824409 -0.486479 -0.231859
1678842687630 -0.278535 -0.129595 0.502794 0.160657 -0.830742 -0.486678 -0.217257
1678842687674 -0.261315 -0.127673 0.533397 0.138037 -0.841184 -0.489890 -0.182654
1678842687701 -0.249637 -0.128762 0.548200 0.127070 -0.844330 -0.494348 -0.163032
1678842687753 -0.235947 -0.130668 0.562822 0.116571 -0.846206 -0.500069 -0.142396
1678842687773 -0.219751 -0.133752 0.576494 0.104957 -0.848204 -0.504460 -0.122694
1678842687851 -0.182182 -0.138914 0.604469 0.082836 -0.851112 -0.512245 -0.079697
1678842687874 -0.166413 -0.139054 0.630458 0.070644 -0.851270 -0.516628 -0.058687
1678842687906 -0.144080 -0.142167 0.644990 0.058345 -0.852086 -0.518674 -0.039017
1678842687943 -0.121150 -0.146103 0.659730 0.047874 -0.851317 -0.522130 -0.018654
1678842687998 -0.074853 -0.148601 0.692957 0.024779 -0.849381 -0.526916 0.017225
1678842688044 -0.051343 -0.150941 0.707119 -0.015572 0.848934 0.527190 -0.033757
1678842688073 -0.028212 -0.151679 0.720308 -0.008794 0.851264 0.522465 -0.047981
1678842688115 -0.003215 -0.145266 0.733202 -0.002297 0.854252 0.516088 -0.062464
1678842688159 0.020864 -0.145278 0.746916 0.005528 0.852713 0.516408 -0.078571
1678842688204 0.070566 -0.142661 0.773585 0.024937 0.850392 0.515166 -0.103997
1678842688249 0.094793 -0.140609 0.787334 0.029773 0.850289 0.510964 -0.122629
1678842688280 0.117449 -0.139528 0.801713 0.039117 0.845662 0.513575 -0.139880
1678842688334 0.166348 -0.135207 0.830282 0.060030 0.843655 0.505811 -0.169698
1678842688391 0.190032 -0.140677 0.847224 0.070220 0.840244 0.503567 -0.188360
1678842688409 0.214213 -0.142439 0.863640 0.081073 0.834566 0.504128 -0.206836
1678842688466 0.262497 -0.143196 0.895883 0.098198 0.827044 0.497016 -0.243580
1678842688495 0.285947 -0.144745 0.911672 0.105059 0.823499 0.491612 -0.262925
1678842688537 0.309935 -0.146957 0.928019 0.112328 0.817540 0.488008 -0.284357
1678842688579 0.338399 -0.148022 0.947175 0.119496 0.811151 0.483675 -0.306289
1678842688645 0.363674 -0.149243 0.963282 0.127983 0.804032 0.478154 -0.329425
1678842688665 0.390031 -0.149787 0.979157 0.141300 0.794811 0.472974 -0.352995
1678842688694 0.446903 -0.149158 1.011581 0.179858 0.765768 0.468568 -0.402111
1678842688737 0.474156 -0.148888 1.025562 0.205315 0.744596 0.472194 -0.424801
1678842688797 0.495542 -0.145400 1.036563 0.224892 0.734582 0.463602 -0.441459
1678842688819 0.517182 -0.139640 1.046058 0.236615 0.728130 0.450579 -0.459151
1678842688864 0.538839 -0.136209 1.055260 0.248967 0.715082 0.447921 -0.475437
1678842688885 0.564882 -0.135627 1.062527 0.260294 0.703934 0.446329 -0.487355
1678842688942 0.607034 -0.130179 1.075509 0.268694 0.690170 0.430763 -0.515667
1678842688982 0.607512 -0.132964 1.071581 0.277281 0.679704 0.427014 -0.527993
1678842689010 0.630193 -0.134725 1.075540 0.288437 0.671532 0.420586 -0.537546
1678842689077 0.678267 -0.143547 1.082161 0.302789 0.650438 0.410736 -0.562623
1678842689130 0.710435 -0.149976 1.088617 0.311125 0.642139 0.404647 -0.571943
1678842689184 0.763016 -0.160892 1.091334 0.324364 0.623711 0.394193 -0.591933
1678842689216 0.790082 -0.163901 1.092682 0.333535 0.617894 0.386501 -0.597979
1678842689249 0.817176 -0.165338 1.094259 0.341867 0.614063 0.377767 -0.602781
1678842689332 0.873454 -0.162149 1.095298 0.347295 0.588021 0.376267 -0.626132
1678842689349 0.898364 -0.158331 1.096274 0.346857 0.590224 0.365853 -0.630458
1678842689381 0.924092 -0.156475 1.096838 0.350022 0.585954 0.361792 -0.635019
1678842689435 0.948497 -0.153850 1.100214 0.357579 0.570664 0.370407 -0.639749
1678842689451 0.973318 -0.152471 1.099798 0.364858 0.559547 0.374038 -0.643337
1678842689489 0.995301 -0.147335 1.097892 0.364412 0.554595 0.366201 -0.652322
1678842689602 1.036438 -0.139075 1.090433 0.366064 0.539504 0.353322 -0.670892
1678842689651 1.087597 -0.136260 1.084690 0.372981 0.511375 0.340748 -0.695177
1678842689682 1.130188 -0.135585 1.073792 0.386355 0.476383 0.321632 -0.721348
1678842689721 1.149316 -0.134742 1.067704 0.392378 0.457163 0.307041 -0.736727
1678842689765 1.171699 -0.135542 1.058905 0.400903 0.431721 0.293131 -0.752972
1678842689800 1.204055 -0.136612 1.044505 0.417489 0.375276 0.260518 -0.785494
1678842689867 1.216128 -0.136213 1.037336 0.422657 0.343499 0.243483 -0.802550
1678842689897 1.226817 -0.136881 1.030150 0.435341 0.307468 0.224082 -0.815922
1678842689917 1.233777 -0.136889 1.023719 0.452846 0.269949 0.201541 -0.825493
1678842689965 1.233943 -0.129969 1.016056 0.468682 0.195181 0.154708 -0.847530
1678842690027 1.227539 -0.125239 1.016596 0.483308 0.160958 0.127731 -0.850994
1678842690044 1.221480 -0.119987 1.021227 0.492485 0.134623 0.104051 -0.853527
1678842690083 1.210344 -0.114459 1.029941 0.489245 0.107292 0.088778 -0.860957
1678842690128 1.197279 -0.110572 1.039418 0.486572 0.075461 0.077980 -0.866875
1678842690158 1.182413 -0.107631 1.050305 0.488708 0.044387 0.064795 -0.868905
1678842690211 1.145809 -0.101126 1.079157 0.483789 -0.017343 0.033205 -0.874383
1678842690250 1.125433 -0.097587 1.098202 0.481897 -0.047624 0.015568 -0.874794
1678842690309 1.081930 -0.090018 1.147125 0.470545 -0.107301 -0.017625 -0.875650
1678842690352 1.058600 -0.086944 1.176536 0.465668 -0.138431 -0.034799 -0.873372
1678842690370 1.034383 -0.084559 1.209413 0.461388 -0.170580 -0.052579 -0.869056
1678842690432 0.985251 -0.082875 1.286516 0.448175 -0.236188 -0.085193 -0.857961
1678842690478 0.961319 -0.082171 1.330274 0.441319 -0.267378 -0.102724 -0.850408
1678842690529 0.914747 -0.085134 1.425853 0.428461 -0.332092 -0.134012 -0.829564
1678842690571 0.894882 -0.085251 1.478179 0.421448 -0.363905 -0.149023 -0.817158
1678842690616 0.877595 -0.083905 1.532643 0.410961 -0.393172 -0.160517 -0.806698
1678842690661 0.842661 -0.082929 1.640871 0.402522 -0.464726 -0.188039 -0.765929
1678842690699 0.825113 -0.081148 1.695785 0.399301 -0.494223 -0.217168 -0.741040
1678842690738 0.810072 -0.075273 1.751813 0.393681 -0.522729 -0.241960 -0.716397
1678842690785 0.797217 -0.072959 1.805294 0.386866 -0.551519 -0.260989 -0.691409
1678842690830 0.776389 -0.068171 1.907351 0.367468 -0.601180 -0.288568 -0.648289
1678842690865 0.767687 -0.067272 1.955586 0.354904 -0.627344 -0.296444 -0.626580
1678842690906 0.759243 -0.067580 2.002671 0.342773 -0.651045 -0.307282 -0.603510
1678842690952 0.751380 -0.068489 2.049296 0.329106 -0.671918 -0.321857 -0.580192
1678842691005 0.738624 -0.071278 2.140191 0.301876 -0.708651 -0.351145 -0.532336
1678842691051 0.733941 -0.072596 2.183742 0.289993 -0.724122 -0.361946 -0.510438
1678842691068 0.729987 -0.072686 2.226997 0.279349 -0.740525 -0.369080 -0.487203
1678842691129 0.726448 -0.072294 2.313064 0.259743 -0.773099 -0.376149 -0.439730
1678842691172 0.726384 -0.069649 2.356557 0.250453 -0.790808 -0.374791 -0.414039
1678842691238 0.735232 -0.074537 2.400639 0.238340 -0.807174 -0.371938 -0.391568
1678842691262 0.738195 -0.072807 2.445132 0.227407 -0.822171 -0.376847 -0.360980
1678842691296 0.754936 -0.068156 2.531357 0.193417 -0.841197 -0.403288 -0.303868
1678842691351 0.774523 -0.073730 2.570033 0.171782 -0.851607 -0.412025 -0.274759
1678842691373 0.792657 -0.073691 2.608398 0.155932 -0.857133 -0.428755 -0.239119
1678842691427 0.814461 -0.072945 2.643861 0.137962 -0.861700 -0.441531 -0.208543
1678842691446 0.834122 -0.074207 2.679161 0.117074 -0.869905 -0.443781 -0.180601
1678842691504 0.891424 -0.074932 2.743710 0.077034 -0.879084 -0.455108 -0.118971
1678842691565 0.923330 -0.076632 2.773924 0.055820 -0.883076 -0.456767 -0.091789
1678842691574 0.957820 -0.074635 2.815887 0.038867 -0.886716 -0.456294 -0.063399
1678842691603 0.991401 -0.080165 2.844550 0.023582 -0.886625 -0.460484 -0.035976
1678842691636 1.025103 -0.086528 2.871632 0.010475 -0.885235 -0.464905 -0.010640
1678842691692 1.055452 -0.096084 2.888916 -0.001118 0.884898 0.465658 -0.010798
1678842691736 1.118368 -0.104617 2.931432 0.010044 0.885757 0.462128 -0.042098
1678842691791 1.147203 -0.113792 2.957664 0.008560 0.881808 0.466718 -0.067195
1678842691809 1.179656 -0.116765 2.978099 0.016549 0.873779 0.477760 -0.089341
1678842691875 1.242810 -0.113448 3.004761 0.034513 0.869853 0.478616 -0.114415
1678842691911 1.272971 -0.114725 3.020000 0.032666 0.864433 0.481434 -0.141104
1678842691945 1.302606 -0.114738 3.033336 0.041043 0.856532 0.488769 -0.160539
1678842692005 1.361600 -0.104615 3.051991 0.064795 0.854255 0.476271 -0.198028
1678842692041 1.390322 -0.102325 3.060000 0.080901 0.848372 0.473730 -0.222033
1678842692071 1.415503 -0.098152 3.061559 0.098837 0.840957 0.470110 -0.249037
1678842692120 1.441916 -0.096000 3.064731 0.114883 0.833925 0.462622 -0.278123
1678842692165 1.466675 -0.094366 3.065185 0.130204 0.825631 0.454505 -0.307903
1678842692206 1.487153 -0.093053 3.058826 0.146945 0.814840 0.448353 -0.336781
1678842692250 1.528260 -0.096675 3.053127 0.178380 0.784753 0.441896 -0.396322
1678842692312 1.559280 -0.102285 3.048819 0.204328 0.753585 0.436777 -0.446751
1678842692349 1.554207 -0.102922 3.035133 0.213435 0.739129 0.432873 -0.469845
1678842692405 1.584253 -0.106478 3.051678 0.229013 0.712291 0.426426 -0.508286
1678842692442 1.589684 -0.109515 3.061122 0.232173 0.702981 0.422253 -0.523083
1678842692470 1.593714 -0.112912 3.073972 0.233362 0.693402 0.418990 -0.537757
1678842692526 1.601679 -0.110414 3.089748 0.235329 0.686783 0.414766 -0.548560
1678842692553 1.602430 -0.112852 3.109671 0.238102 0.685620 0.408593 -0.553429
1678842692612 1.605810 -0.122645 3.161532 0.258403 0.672550 0.415324 -0.555346
1678842692650 1.602576 -0.122627 3.190079 0.264669 0.675960 0.414774 -0.548626
1678842692689 1.597664 -0.120617 3.220378 0.263653 0.682552 0.412019 -0.543000
1678842692711 1.592518 -0.115925 3.248272 0.262207 0.689143 0.417170 -0.531318
1678842692753 1.584738 -0.113848 3.282611 0.257074 0.699658 0.425727 -0.512980
1678842692805 1.574685 -0.110382 3.320698 0.242142 0.714776 0.429910 -0.495621
1678842692867 1.538923 -0.107994 3.418121 0.203449 0.754355 0.456417 -0.425723
1678842692896 1.524225 -0.109338 3.448622 0.185921 0.767391 0.467300 -0.397713
1678842692937 1.506485 -0.109985 3.477868 0.164833 0.781437 0.477219 -0.366670
1678842692962 1.490672 -0.112227 3.505277 0.145510 0.792850 0.487466 -0.335549
1678842693003 1.474219 -0.114496 3.529652 0.127530 0.802655 0.496652 -0.304658
1678842693039 1.458074 -0.116967 3.554159 0.107782 0.813153 0.504065 -0.270339
1678842693089 1.441816 -0.119809 3.577314 0.086422 0.822144 0.509864 -0.238009
1678842693112 1.425246 -0.122834 3.596813 0.066236 0.830107 0.515365 -0.202321
1678842693142 1.407529 -0.125981 3.617433 0.043928 0.836308 0.521036 -0.164866
1678842693196 1.388808 -0.130234 3.637781 0.015172 0.842557 0.522513 -0.129800
1678842693227 1.348035 -0.133002 3.667126 -0.036470 0.849333 0.523292 -0.058903
1678842693279 1.326057 -0.133215 3.676422 0.059751 -0.850215 -0.522666 0.019629
1678842693326 1.278815 -0.134916 3.683236 0.108276 -0.847955 -0.515673 -0.057699
1678842693382 1.253957 -0.136436 3.681768 0.132967 -0.843987 -0.511218 -0.093066
1678842693406 1.228895 -0.136503 3.674945 0.154671 -0.839883 -0.505168 -0.124416
1678842693446 1.203658 -0.135988 3.666953 0.172026 -0.834542 -0.498987 -0.157985
1678842693485 1.178205 -0.134802 3.655582 0.187724 -0.828271 -0.492686 -0.189704
1678842693530 1.152626 -0.133439 3.640447 0.203571 -0.820594 -0.486217 -0.220854
1678842693560 1.124310 -0.133013 3.629887 0.219375 -0.810793 -0.479391 -0.254308
1678842693611 1.075681 -0.132332 3.581223 0.255641 -0.789238 -0.458661 -0.318403
1678842693645 1.052806 -0.133617 3.552919 0.274803 -0.775816 -0.449676 -0.346964
1678842693704 1.010461 -0.137410 3.490176 0.310663 -0.748067 -0.430985 -0.397663
1678842693742 0.987174 -0.136708 3.457079 0.325985 -0.733096 -0.422797 -0.421364
1678842693777 0.968229 -0.138364 3.421608 0.339566 -0.718020 -0.415461 -0.443321
1678842693857 0.930378 -0.144262 3.347708 0.365755 -0.689359 -0.397143 -0.482996
1678842693914 0.898071 -0.146072 3.268241 0.381238 -0.663476 -0.375282 -0.523088
1678842693970 0.883917 -0.148904 3.227453 0.390949 -0.651147 -0.366131 -0.537693
1678842693991 0.868679 -0.151233 3.186012 0.399942 -0.634372 -0.362215 -0.553551
1678842694025 0.839883 -0.154679 3.103256 0.417348 -0.605140 -0.353769 -0.578337
1678842694073 0.827089 -0.154870 3.061156 0.425084 -0.587404 -0.344507 -0.596301
1678842694113 0.816045 -0.153480 3.020318 0.431127 -0.572458 -0.331619 -0.613555
1678842694151 0.803910 -0.149418 2.978651 0.439655 -0.556079 -0.320969 -0.628059
1678842694189 0.793331 -0.147686 2.941083 0.448087 -0.536923 -0.313027 -0.642609
1678842694236 0.782603 -0.146463 2.905462 0.453887 -0.519224 -0.302818 -0.657795
1678842694269 0.772529 -0.145300 2.871832 0.460338 -0.503697 -0.289533 -0.671229
1678842694338 0.748305 -0.146938 2.810973 0.472186 -0.477927 -0.268861 -0.690174
1678842694354 0.738048 -0.146258 2.782937 0.477793 -0.464813 -0.262655 -0.697620
1678842694380 0.723878 -0.148692 2.755015 0.480826 -0.452404 -0.254340 -0.706717
1678842694440 0.698205 -0.150119 2.700711 0.484539 -0.433842 -0.236068 -0.721994
1678842694485 0.681207 -0.155358 2.671985 0.489018 -0.419589 -0.230068 -0.729298
1678842694520 0.663640 -0.160967 2.642361 0.493756 -0.406895 -0.221786 -0.735835
1678842694565 0.634838 -0.165425 2.587223 0.501572 -0.375445 -0.201315 -0.752953
1678842694611 0.620057 -0.166844 2.557117 0.501658 -0.357357 -0.187487 -0.765169
1678842694643 0.606405 -0.172686 2.530896 0.507554 -0.348612 -0.167878 -0.769854
1678842694688 0.592559 -0.171285 2.501985 0.511347 -0.333413 -0.154153 -0.776914
1678842694738 0.580721 -0.168688 2.474719 0.512278 -0.311255 -0.144645 -0.787254
1678842694761 0.572748 -0.162815 2.445447 0.519040 -0.296632 -0.129528 -0.791094
1678842694801 0.556593 -0.160528 2.391825 0.537610 -0.264645 -0.108752 -0.793166
1678842694844 0.547768 -0.161546 2.360886 0.541682 -0.250462 -0.095804 -0.796662
1678842694877 0.542512 -0.160314 2.335458 0.542232 -0.236801 -0.083690 -0.801814
1678842694933 0.538046 -0.160506 2.309754 0.542069 -0.222466 -0.073867 -0.806978
1678842694971 0.530002 -0.164021 2.253659 0.545040 -0.204444 -0.052160 -0.811427
1678842695003 0.527507 -0.168993 2.225127 0.549102 -0.198576 -0.043609 -0.810649
1678842695047 0.530897 -0.170271 2.205433 0.551510 -0.192832 -0.038119 -0.810678
1678842695072 0.529667 -0.173939 2.175870 0.551396 -0.187378 -0.034808 -0.812182
1678842695145 0.529284 -0.181798 2.112139 0.553085 -0.180914 -0.027254 -0.812788
1678842695180 0.527710 -0.184304 2.076254 0.555109 -0.177196 -0.026384 -0.812256
1678842695215 0.528716 -0.185689 2.040813 0.553871 -0.173410 -0.025960 -0.813929
1678842695273 0.533479 -0.189055 1.968312 0.547425 -0.165715 -0.020998 -0.820014
1678842695336 0.542396 -0.185596 1.892870 0.553502 -0.157881 -0.021836 -0.817455
1678842695360 0.549699 -0.178012 1.858770 0.552614 -0.150237 -0.022511 -0.819476
1678842695407 0.555076 -0.172942 1.824954 0.553983 -0.143010 -0.022767 -0.819837
1678842695430 0.559222 -0.167501 1.794620 0.558574 -0.134183 -0.025227 -0.818140
1678842695474 0.561733 -0.161689 1.764056 0.557845 -0.128204 -0.027303 -0.819528
1678842695527 0.562991 -0.155446 1.733234 0.551851 -0.128072 -0.026929 -0.823609
1678842695562 0.563314 -0.149736 1.677236 0.549265 -0.123742 -0.034808 -0.825702
1678842695607 0.561774 -0.150014 1.649535 0.549223 -0.122625 -0.038810 -0.825719
1678842695645 0.558084 -0.154280 1.608895 0.549556 -0.121917 -0.041392 -0.825477
1678842695677 0.554851 -0.157641 1.580426 0.548727 -0.119883 -0.043187 -0.826234
1678842695727 0.550557 -0.161544 1.551369 0.546478 -0.119195 -0.043460 -0.827808
1678842695767 0.538663 -0.170698 1.504816 0.545431 -0.118354 -0.043912 -0.828594
1678842695812 0.530255 -0.174553 1.473645 0.542568 -0.119689 -0.044115 -0.830270
1678842695850 0.520317 -0.174403 1.434293 0.539613 -0.123520 -0.042946 -0.831695
1678842695877 0.509820 -0.176724 1.401339 0.535728 -0.125377 -0.042806 -0.833933
1678842695975 0.477678 -0.179790 1.297087 0.540909 -0.130456 -0.050245 -0.829382
1678842695986 0.466757 -0.177562 1.264786 0.538021 -0.126914 -0.055060 -0.831501
1678842696023 0.456801 -0.176915 1.232949 0.537210 -0.128259 -0.054077 -0.831884
1678842696070 0.446332 -0.175302 1.200205 0.542157 -0.130881 -0.052604 -0.828353
1678842696107 0.436152 -0.172871 1.170426 0.543957 -0.132662 -0.051640 -0.826949
1678842696151 0.426491 -0.167983 1.142511 0.541562 -0.136538 -0.047526 -0.828136
1678842696202 0.404607 -0.162010 1.089472 0.541023 -0.143534 -0.051486 -0.827068
1678842696271 0.393041 -0.161577 1.060177 0.541635 -0.147727 -0.055185 -0.825689
1678842696285 0.381149 -0.162986 1.033788 0.542731 -0.153922 -0.057561 -0.823673
1678842696335 0.355929 -0.167536 0.980210 0.542432 -0.168330 -0.063298 -0.820625
1678842696372 0.343116 -0.170594 0.950638 0.540271 -0.177777 -0.064705 -0.819949
1678842696407 0.330167 -0.173995 0.922804 0.538597 -0.188471 -0.067418 -0.818442
1678842696441 0.317768 -0.179059 0.895696 0.536647 -0.200477 -0.071342 -0.816535
1678842696481 0.304546 -0.181304 0.868111 0.533077 -0.213419 -0.074565 -0.815304
1678842696538 0.277654 -0.184864 0.812519 0.528411 -0.239399 -0.081845 -0.810414
1678842696572 0.264295 -0.183814 0.795339 0.529706 -0.254675 -0.088058 -0.804237
1678842696610 0.251321 -0.180290 0.770588 0.527781 -0.262514 -0.097518 -0.801888
1678842696660 0.236469 -0.177016 0.746005 0.529115 -0.269303 -0.105286 -0.797764
1678842696707 0.223701 -0.175672 0.722146 0.533143 -0.276386 -0.111577 -0.791782
1678842696731 0.200738 -0.169713 0.678212 0.528688 -0.278863 -0.113477 -0.793629
1678842696771 0.187889 -0.168381 0.660195 0.526788 -0.280504 -0.112975 -0.794386
1678842696813 0.176558 -0.167045 0.639675 0.526947 -0.277451 -0.114882 -0.795079
1678842696847 0.166180 -0.166119 0.618876 0.527696 -0.274790 -0.115277 -0.795449
1678842696905 0.143138 -0.168409 0.579374 0.534894 -0.264227 -0.117634 -0.793873
1678842696949 0.132119 -0.170098 0.560377 0.537921 -0.255366 -0.114788 -0.795143
1678842696977 0.118832 -0.173335 0.535988 0.537217 -0.246694 -0.107335 -0.799387
1678842697021 0.107839 -0.174727 0.518228 0.537729 -0.237117 -0.098752 -0.803039
1678842697051 0.095842 -0.179368 0.501075 0.542061 -0.229424 -0.090100 -0.803378
