# Created at Tue Mar 14 18:11:16 MST 2023
1678842677218 0.098349 -0.109956 0.087965
1678842677223 0.131947 -0.073304 0.027489
1678842677226 -0.023213 0.000000 -0.092241
1678842677230 -0.060476 -0.064752 -0.074526
1678842677233 -0.005498 -0.054367 -0.028711
1678842677237 -0.025045 -0.022602 0.020159
1678842677253 -0.072082 -0.081856 0.021380
1678842677263 -0.159436 -0.013439 -0.030543
1678842677267 -0.130114 0.058643 -0.102014
1678842677274 -0.018937 0.004276 -0.021991
1678842677278 0.003665 -0.039095 0.051313
1678842677310 -0.047647 -0.129503 0.069639
1678842677313 -0.058643 -0.117286 0.076969
1678842677317 -0.037263 -0.039706 0.065363
1678842677323 -0.035430 0.033598 0.018326
1678842677333 -0.025656 0.023213 -0.044593
1678842677338 0.020159 -0.026878 -0.124617
1678842677341 0.067195 0.078191 -0.164934
1678842677345 0.028100 0.082467 -0.135001
1678842677348 -0.042761 0.064752 -0.108734
1678842677352 0.045204 0.028711 -0.154549
1678842677362 0.218690 0.014050 -0.186925
1678842677367 0.158214 0.120951 -0.132558
1678842677372 -0.131947 0.189979 0.039095
1678842677378 -0.316428 0.172875 0.119730
1678842677384 -0.282831 0.090408 0.125227
1678842677389 -0.221744 -0.074526 0.128893
1678842677415 -0.193644 0.077580 0.087965
1678842677426 -0.137445 0.102014 -0.015272
1678842677461 -0.069639 -0.011606 -0.062308
1678842677499 -0.010996 0.000611 -0.056200
1678842677507 0.010385 0.064141 -0.081856
1678842677529 -0.068417 0.188757 -0.074526
1678842677555 -0.175929 0.213803 -0.032376
1678842677580 -0.130725 0.098960 -0.012828
1678842677607 -0.017715 0.153327 -0.010996
1678842677633 -0.029322 0.196699 -0.007330
1678842677656 -0.104458 0.079412 0.033598
1678842677682 -0.144775 0.043982 0.033598
1678842677715 -0.039706 0.111788 0.011606
1678842677742 0.024435 0.155160 -0.009163
1678842677763 -0.071471 0.144164 -0.010996
1678842677785 -0.105069 0.180205 -0.024435
1678842677812 -0.078191 0.137445 -0.085521
1678842677842 -0.006720 0.025045 0.009774
1678842677863 -0.161268 0.244957 0.220522
1678842677896 -0.372017 0.191201 0.353080
1678842677931 -0.290772 -0.183870 0.307876
1678842677943 0.052534 -0.337198 0.248622
1678842677964 0.287107 -0.254731 0.268170
1678842677990 0.128893 -0.067806 0.324980
1678842678024 -0.147219 0.025045 0.304822
1678842678042 -0.237016 -0.034208 0.356745
1678842678067 -0.117286 -0.015882 0.490525
1678842678094 -0.175929 0.182649 0.538172
1678842678117 -0.320093 0.354302 0.489914
1678842678143 -0.284663 0.097128 0.348193
1678842678178 0.054978 -0.196088 0.291994
1678842678196 0.361632 -0.091019 0.305433
1678842678220 0.266337 0.006109 0.323148
1678842678245 0.081245 -0.141110 0.325591
1678842678284 0.171653 -0.186314 0.323148
1678842678296 0.275500 0.000611 0.343917
1678842678326 0.138056 0.076969 0.423940
1678842678351 0.019548 0.059865 0.383013
1678842678375 0.113621 0.018937 0.221744
1678842678403 0.198531 -0.021991 0.139888
1678842678429 0.184481 0.139888 0.119119
1678842678452 0.111788 0.100182 0.036041
1678842678476 -0.044593 -0.010385 -0.023213
1678842678503 0.089186 -0.128893 -0.053756
1678842678530 0.414167 -0.390343 -0.081856
1678842678553 0.154549 0.185703 -0.058643
1678842678581 -0.164934 0.039095 -0.087354
1678842678613 -0.257785 -0.005498 -0.189368
1678842678641 -0.122173 0.141110 -0.323759
1678842678656 0.203418 -0.019548 -0.423330
1678842678681 0.334754 -0.066584 -0.461814
1678842678707 0.154549 0.323148 -0.610254
1678842678734 -0.025656 0.461203 -0.711047
1678842678761 0.018326 0.259007 -0.558331
1678842678783 0.172875 0.127060 -0.377515
1678842678809 0.194255 0.175929 -0.357356
1678842678838 0.138056 0.067806 -0.345750
1678842678861 0.073304 0.018937 -0.279776
1678842678894 0.032987 0.113621 -0.224188
1678842678912 -0.054367 0.178984 -0.218079
1678842678937 -0.012217 0.109345 -0.189368
1678842678964 0.133169 0.084299 -0.113010
1678842679018 0.152716 0.061697 -0.017104
1678842679035 0.133779 0.010385 0.034208
1678842679043 0.166766 0.007330 0.073304
1678842679068 0.045815 0.170431 0.149051
1678842679092 -0.175318 0.188147 0.165544
1678842679117 -0.155160 0.138056 0.122173
1678842679142 0.234572 -0.048258 0.095906
1678842679168 0.216246 0.142332 0.207083
1678842679199 -0.447764 0.547946 0.392175
1678842679219 -0.695165 0.328645 0.401949
1678842679244 0.111788 -0.293826 0.321926
1678842679270 0.810618 -0.112399 0.273668
1678842679303 0.488081 0.184481 0.319483
1678842679324 -0.293826 0.085521 0.447764
1678842679349 -0.434936 -0.160658 0.500910
1678842679372 0.075747 -0.254120 0.391565
1678842679412 0.442877 -0.034819 0.269392
1678842679434 0.335976 0.003665 0.230907
1678842679453 -0.019548 -0.113621 0.174707
1678842679479 -0.131947 -0.136834 0.138666
1678842679510 0.094073 -0.119730 0.014050
1678842679528 0.272446 -0.169821 -0.088575
1678842679553 0.188757 -0.189979 -0.187536
1678842679579 -0.004276 -0.208916 -0.250455
1678842679604 -0.088575 -0.256563 -0.250455
1678842679629 -0.131336 -0.156992 -0.270002
1678842679656 -0.152105 -0.140499 -0.337198
1678842679681 0.008552 -0.257174 -0.466701
1678842679708 0.284052 -0.670730 -0.554666
1678842679732 0.065973 -0.119119 -0.569937
1678842679757 -0.683558 0.621861 -0.512516
1678842679783 -0.433103 0.272446 -0.673784
1678842679809 0.532674 -0.733649 -0.745866
1678842679834 0.676228 -0.459982 -0.760527
1678842679859 -0.094684 0.265726 -0.849103
1678842679884 -0.670730 0.359189 -0.954782
1678842679915 -0.337198 -0.092852 -0.875981
1678842679937 0.387899 -0.299324 -0.759305
1678842679962 0.524122 0.029932 -0.767247
1678842679988 0.292604 -0.066584 -0.824668
1678842680013 0.191812 -0.334143 -0.755640
1678842680039 0.177151 -0.191201 -0.618196
1678842680065 0.097738 0.067195 -0.520457
1678842680095 0.086743 0.009774 -0.510683
1678842680116 0.126449 -0.093462 -0.454484
1678842680141 0.125227 0.027489 -0.346361
1678842680169 0.192423 0.046426 -0.282220
1678842680193 0.164934 -0.000611 -0.246790
1678842680219 0.034208 0.061087 -0.186314
1678842680244 -0.011606 -0.164323 -0.155771
1678842680271 -0.487470 0.158825 -0.026878
1678842680298 -0.986547 0.747088 0.164934
1678842680322 -0.383623 -0.149662 -0.178373
1678842680351 1.078788 -1.103834 -0.609033
1678842680378 1.378112 -0.447153 -0.683558
1678842680400 0.423330 0.288328 -0.615752
1678842680425 -0.602924 -0.031154 -0.603535
1678842680448 -0.487470 -0.573602 -0.584598
1678842680474 0.381180 -0.873537 -0.636522
1678842680500 0.890642 -0.431271 -0.795957
1678842680527 0.647517 -0.254731 -0.814894
1678842680551 0.223577 -0.559553 -0.740369
1678842680583 0.145386 -0.762360 -0.674395
1678842680603 0.219911 -0.590096 -0.697608
1678842680629 0.324980 -0.494190 -0.728762
1678842680654 0.359189 -0.612087 -0.773355
1678842680684 0.274889 -0.621250 -0.774577
1678842680705 0.200364 -0.644463 -0.714712
1678842680731 0.135612 -0.586431 -0.800233
1678842680757 0.133779 -0.453873 -0.968221
1678842680783 0.278555 -0.425773 -1.036027
1678842680807 0.359189 -0.702495 -1.055575
1678842680835 0.241903 -0.805120 -1.105666
1678842680859 -0.499688 -0.139888 -1.127046
1678842680885 -1.006095 -0.109956 -1.016480
1678842680910 -0.236405 -0.821003 -1.262048
1678842680938 1.031141 -1.191798 -1.334741
1678842680968 0.930348 -0.528398 -1.307863
1678842680987 -0.161268 0.084910 -1.291369
1678842681016 -0.726319 -0.163712 -1.324356
1678842681040 -0.142332 -0.420886 -1.177748
1678842681070 0.643852 -0.269392 -1.051299
1678842681090 0.752586 -0.210138 -1.060462
1678842681115 0.491136 -0.394008 -1.000597
1678842681141 0.188757 -0.588874 -0.790460
1678842681168 0.036041 -0.462425 -0.593761
1678842681193 0.001222 -0.213192 -0.582765
1678842681218 0.010385 -0.246179 -0.715323
1678842681244 0.032376 -0.296881 -0.724486
1678842681288 0.097738 -0.191812 -0.667065
1678842681304 0.176540 -0.137445 -0.666454
1678842681321 0.174097 -0.191201 -0.654848
1678842681347 0.081856 -0.225409 -0.539394
1678842681379 -0.001222 -0.222966 -0.356745
1678842681413 -0.058032 -0.188147 -0.307876
1678842681433 0.067806 -0.238237 -0.426384
1678842681448 0.371406 -0.447764 -0.486860
1678842681474 0.256563 -0.257174 -0.345750
1678842681500 -0.285274 -0.123395 -0.088575
1678842681531 -0.494190 -0.444710 -0.105069
1678842681560 0.123395 -0.707993 -0.354302
1678842681580 0.593761 -0.404393 -0.516181
1678842681608 0.378736 -0.236405 -0.496633
1678842681629 -0.272446 -0.172264 -0.532064
1678842681684 -0.408058 -0.219911 -0.583376
1678842681706 0.135612 -0.564439 -0.594983
1678842681712 0.593761 -0.348193 -0.704938
1678842681733 0.511294 -0.132558 -0.779464
1678842681756 0.236405 -0.345750 -0.743423
1678842681783 0.203418 -0.600481 -0.717156
1678842681807 0.367741 -0.520457 -0.747088
1678842681837 0.358578 -0.291383 -0.769079
1678842681867 0.116675 -0.279165 -0.774577
1678842681885 0.045815 -0.464868 -0.773966
1678842681910 0.265726 -0.524733 -0.762360
1678842681935 0.322537 -0.334754 -0.791681
1678842681967 0.240070 -0.422719 -0.838718
1678842681986 0.161879 -0.507018 -0.828944
1678842682012 0.092852 -0.304211 -0.757473
1678842682038 -0.004276 -0.173486 -0.762971
1678842682070 0.098960 -0.297491 -0.850935
1678842682094 0.485027 -0.901637 -0.862542
1678842682115 0.535118 -0.478307 -0.896750
1678842682140 0.232740 0.035430 -0.896139
1678842682167 -0.057421 -0.036652 -1.078788
1678842682196 -0.116675 -0.627359 -0.993878
1678842682218 0.038485 -0.842994 -0.919352
1678842682243 0.251066 -0.400728 -1.137431
1678842682268 0.202807 -0.049480 -1.423316
1678842682294 0.058032 -0.229685 -1.400103
1678842682337 0.064141 -0.457538 -1.221730
1678842682346 0.255342 -0.443488 -1.169807
1678842682382 0.411112 -0.486860 -1.189355
1678842682402 0.353691 -0.593150 -1.114218
1678842682427 0.185092 -0.584598 -1.023199
1678842682456 0.017715 -0.485027 -0.949895
1678842682473 -0.116064 -0.461814 -0.924239
1678842682498 -0.196088 -0.475864 -0.880257
1678842682534 -0.185092 -0.366519 -0.803899
1678842682554 -0.017715 -0.299935 -0.727540
1678842682584 0.199753 -0.376904 -0.657902
1678842682603 0.308487 -0.309709 -0.570548
1678842682629 0.126449 0.040928 -0.445321
1678842682652 -0.111788 0.052534 -0.308487
1678842682679 -0.117286 -0.351248 -0.205251
1678842682711 -0.166766 -0.175929 -0.112399
1678842682733 -0.138056 -0.272446 -0.103847
1678842682757 0.069028 -0.361021 -0.288939
1678842682782 0.428827 -0.634078 -0.437380
1678842682806 0.622472 -0.706160 -0.435547
1678842682837 0.309098 -0.266337 -0.368352
1678842682859 -0.181427 0.039095 -0.221744
1678842682883 -0.287718 -0.224798 -0.194866
1678842682910 0.038485 -0.677450 -0.282831
1678842682934 0.386678 -0.480751 -0.398895
1678842682968 0.487470 -0.123395 -0.416610
1678842682993 0.309709 -0.379958 -0.412945
1678842683019 0.222966 -0.557720 -0.423940
1678842683040 0.226020 -0.367741 -0.416610
1678842683066 0.179594 -0.270613 -0.430049
1678842683090 0.111788 -0.405615 -0.546114
1678842683115 0.128893 -0.425162 -0.640798
1678842683141 0.207694 -0.353080 -0.707993
1678842683170 0.244957 -0.366519 -0.773355
1678842683195 0.149051 -0.319483 -0.814894
1678842683217 0.027489 -0.437380 -0.891252
1678842683246 0.210749 -0.635300 -0.923628
1678842683268 0.504575 -0.764192 -0.913244
1678842683296 0.354302 -0.217468 -0.942565
1678842683321 -0.024435 0.167988 -1.022588
1678842683348 0.001833 -0.133169 -1.100779
1678842683370 0.454484 -0.963945 -0.990823
1678842683403 0.357356 -0.808786 -0.984104
1678842683446 -0.135001 -0.105069 -1.049466
1678842683449 -0.368352 0.002443 -1.163087
1678842683474 -0.070250 -0.348193 -1.206459
1678842683499 0.480751 -0.609033 -1.172250
1678842683524 0.610254 -0.419664 -1.132544
1678842683550 0.412945 -0.339030 -1.077566
1678842683575 0.216246 -0.345139 -1.005484
1678842683602 0.175929 -0.295048 -0.852157
1678842683628 0.205251 -0.257174 -0.744034
1678842683658 0.150884 -0.301157 -0.760527
1678842683678 0.020769 -0.275500 -0.756862
1678842683709 0.000611 -0.230907 -0.614530
1678842683730 0.049480 -0.239459 -0.487470
1678842683757 0.010385 -0.218079 -0.423330
1678842683783 -0.160658 -0.246179 -0.341474
1678842683806 -0.171653 -0.288328 -0.330478
1678842683832 -0.030543 -0.397673 -0.421497
1678842683860 -0.268170 -0.026878 -0.397062
1678842683884 -0.423940 -0.396452 -0.317039
1678842683914 -0.138056 -0.543670 -0.442877
1678842683938 0.329256 -0.535729 -0.598037
1678842683977 0.431271 -0.437380 -0.678060
1678842684000 0.152105 -0.138666 -0.601091
1678842684016 -0.153938 -0.052534 -0.363465
1678842684039 -0.191812 -0.230907 -0.229685
1678842684064 0.130114 -0.502131 -0.270002
1678842684089 0.463036 -0.490525 -0.392786
1678842684115 0.524122 -0.433714 -0.444099
1678842684140 0.402560 -0.551611 -0.409280
1678842684167 0.337808 -0.510683 -0.395841
1678842684193 0.314596 -0.368963 -0.403782
1678842684217 0.280998 -0.340252 -0.392786
1678842684243 0.184481 -0.299324 -0.440434
1678842684273 0.125227 -0.334143 -0.463036
1678842684296 0.120340 -0.411723 -0.498466
1678842684325 0.193644 -0.464258 -0.634689
1678842684353 0.246790 -0.361632 -0.728762
1678842684371 0.143553 -0.124617 -0.734260
1678842684401 0.261450 -0.389121 -0.746477
1678842684433 0.558942 -0.987158 -0.826501
1678842684453 0.312763 -0.334143 -0.870483
1678842684473 -0.276722 0.032987 -0.810618
1678842684499 -0.398284 -0.518625 -0.945009
1678842684526 0.272446 -0.959058 -0.968221
1678842684550 0.408669 -0.213803 -0.979828
1678842684576 -0.229074 0.304211 -0.977995
1678842684602 -0.568105 -0.184481 -0.863153
1678842684627 0.051924 -0.655458 -0.698219
1678842684657 0.675006 -0.521068 -0.704328
1678842684678 0.672563 -0.135612 -0.846048
1678842684704 0.379958 -0.125838 -0.893696
1678842684730 0.013439 -0.345139 -0.750753
1678842684759 -0.069028 -0.323148 -0.607811
1678842684785 0.075747 -0.191201 -0.603535
1678842684807 0.166766 -0.243735 -0.654237
1678842684834 0.156992 -0.185703 -0.601702
1678842684862 0.127060 -0.033598 -0.501520
1678842684884 0.153938 0.009163 -0.351858
1678842684909 0.226631 -0.230296 -0.268170
1678842684935 0.384234 -0.572381 -0.160047
1678842684961 0.489303 -0.748310 -0.086132
1678842684986 -0.229074 0.118508 0.056200
1678842685011 -0.830777 -0.028711 0.227242
1678842685041 -0.432493 -0.697608 0.036041
1678842685068 0.725097 -0.748310 -0.163101
1678842685093 1.029308 -0.410501 -0.340252
1678842685114 0.321926 -0.029932 -0.332311
1678842685142 -0.577268 -0.012217 -0.241903
1678842685180 -0.489303 -0.213192 -0.113010
1678842685195 0.148440 -0.529009 -0.133779
1678842685218 0.378126 -0.335976 -0.205251
1678842685242 0.231518 -0.193033 -0.207694
1678842685268 0.031765 -0.273668 -0.179594
1678842685300 0.046426 -0.301157 -0.102625
1678842685319 0.139888 -0.250455 -0.072693
1678842685346 0.160658 -0.167988 -0.176540
1678842685371 0.180205 -0.216246 -0.235794
1678842685396 0.279776 -0.306043 -0.151495
1678842685423 0.270613 -0.221744 -0.138056
1678842685449 0.228464 -0.287107 -0.156992
1678842685480 0.169210 -0.306043 -0.097128
1678842685500 0.049480 -0.177762 -0.105680
1678842685526 0.097128 -0.123395 -0.087354
1678842685556 0.284663 -0.719599 -0.122784
1678842685592 0.205251 -0.559553 -0.196088
1678842685604 -0.540005 0.574213 -0.361021
1678842685626 -0.853379 0.808786 -0.411723
1678842685652 0.120951 -0.506407 -0.260839
1678842685677 0.797790 -1.246776 -0.395841
1678842685703 0.517403 -0.445321 -0.761138
1678842685731 -0.373239 0.698219 -0.934013
1678842685758 -0.839329 0.591318 -0.794125
1678842685783 -0.311541 -0.361632 -0.481362
1678842685806 0.356134 -0.395230 -0.408058
1678842685835 0.453873 0.314596 -0.440434
1678842685862 0.023213 0.193644 -0.400117
1678842685883 -0.023824 -0.357356 -0.180816
1678842685908 0.139277 -0.294437 -0.156382
1678842685942 0.066584 0.147219 -0.249844
1678842685959 -0.031154 0.210138 -0.292604
1678842685985 -0.047647 -0.042761 -0.274278
1678842686016 0.198531 -0.248622 -0.176540
1678842686036 0.377515 -0.222355 -0.078802
1678842686067 0.127671 -0.167377 -0.072693
1678842686089 -0.167988 0.000000 -0.079412
1678842686113 -0.096517 0.128893 -0.146608
1678842686140 0.218079 0.076358 -0.167988
1678842686167 -0.254120 0.529009 -0.112399
1678842686191 -0.752586 0.226631 0.015272
1678842686216 -0.301157 -0.481973 -0.118508
1678842686242 0.587652 -0.574824 -0.334754
1678842686268 0.768468 -0.122173 -0.472199
1678842686302 0.103236 0.044593 -0.256563
1678842686320 -0.623693 -0.273668 0.040928
1678842686343 -0.598648 -0.615752 0.127060
1678842686370 -0.351858 -0.580933 0.074526
1678842686416 -0.196699 -0.171042 -0.000611
1678842686433 -0.110567 -0.067195 -0.112399
1678842686446 -0.120340 -0.332311 -0.168599
1678842686472 -0.133779 -0.463036 -0.163101
1678842686499 -0.034208 -0.390343 -0.204640
1678842686527 0.094684 -0.202196 -0.337198
1678842686559 0.284052 -0.172264 -0.437990
1678842686574 0.406225 -0.190590 -0.484416
1678842686607 0.268170 -0.198531 -0.437990
1678842686635 -0.028100 -0.288939 -0.343306
1678842686651 -0.023213 -0.221744 -0.280387
1678842686681 0.142942 -0.106291 -0.224798
1678842686703 0.090408 -0.129503 -0.056810
1678842686739 -0.069028 -0.374460 -0.012828
1678842686754 0.055589 -0.478307 -0.073915
1678842686781 0.249844 -0.323148 -0.204029
1678842686807 0.297491 -0.191201 -0.432493
1678842686837 -0.273057 0.725708 -0.574213
1678842686871 -1.010371 0.892474 -0.128893
1678842686892 -0.237016 -0.871094 0.040317
1678842686910 0.558331 -0.596815 0.003054
1678842686933 0.181427 0.884533 0.048869
1678842686962 -0.845438 0.961502 0.349415
1678842686989 -0.837496 -0.042150 0.660345
1678842687011 0.147219 -0.357356 0.792292
1678842687038 0.569326 0.287718 0.739758
1678842687063 0.048258 0.620639 0.797179
1678842687089 -0.481973 0.232129 1.016480
1678842687114 -0.439823 0.225409 1.023199
1678842687154 -0.141721 0.726319 0.937678
1678842687178 0.048258 1.062906 0.971276
1678842687192 -0.087965 0.907135 1.128879
1678842687215 -0.150273 0.643852 1.271821
1678842687242 0.057421 0.722654 1.307252
1678842687268 0.337808 0.761749 1.243111
1678842687296 -0.094684 1.145372 1.486846
1678842687322 -0.919352 1.139264 1.965764
1678842687348 -1.007928 0.450208 2.003638
1678842687370 -0.127060 0.135001 1.745853
1678842687395 0.493579 0.404393 1.430036
1678842687429 0.223577 0.797790 1.251663
1678842687446 -0.389732 0.702495 1.119716
1678842687472 -0.255342 0.370184 1.158811
1678842687498 0.141110 0.310320 1.134377
1678842687529 0.245568 0.604146 1.079399
1678842687560 0.139888 0.660956 1.099557
1678842687577 -0.020159 0.534507 1.174083
1678842687612 -0.127671 0.631635 1.207070
1678842687644 -0.230296 0.759305 1.204015
1678842687665 -0.301767 0.704938 1.215622
1678842687677 -0.202807 0.629191 1.232726
1678842687704 -0.089797 0.769690 1.233337
1678842687734 -0.199142 0.780075 1.243722
1678842687760 -0.328645 0.744645 1.268767
1678842687783 -0.215635 0.720210 1.278541
1678842687822 -0.096517 0.638965 1.260215
1678842687837 -0.175318 0.667676 1.194242
1678842687862 -0.287107 0.746477 1.154535
1678842687883 -0.204029 0.570548 1.163698
1678842687908 -0.120951 0.503964 1.159422
1678842687938 -0.142942 0.605367 1.050688
1678842687969 0.094684 0.499077 0.894307
1678842687991 0.370795 0.547946 0.765414
1678842688010 0.444710 0.555277 0.783740
1678842688037 0.087965 0.566272 0.856433
1678842688075 -0.448375 0.643241 0.961502
1678842688093 -0.274278 0.301767 0.927904
1678842688114 0.399506 0.233351 0.824668
1678842688151 0.350026 0.816116 0.808175
1678842688168 -0.217468 0.817949 0.930959
1678842688200 -0.394008 0.470366 1.064738
1678842688218 0.034208 0.332922 1.036638
1678842688245 0.346971 0.505796 0.981050
1678842688267 0.146608 0.669508 1.097114
1678842688293 -0.204029 0.667065 1.132544
1678842688319 -0.243735 0.698219 1.114218
1678842688345 -0.040928 0.706160 1.097114
1678842688372 0.119730 0.722654 1.009149
1678842688403 0.202807 0.693332 0.967000
1678842688427 0.160658 0.855211 1.042136
1678842688446 0.008552 0.933402 1.080010
1678842688472 0.017715 0.977384 1.078177
1678842688499 0.117286 0.970665 1.139264
1678842688526 0.021380 1.013425 1.321302
1678842688549 -0.119730 0.898583 1.525941
1678842688575 -0.078191 0.719599 1.664608
1678842688602 -0.557720 1.052521 1.805718
1678842688631 -1.187522 1.208902 1.981036
1678842688652 -1.109942 0.795957 1.940108
1678842688678 -0.171653 0.301767 1.709201
1678842688703 0.462425 0.386678 1.478905
1678842688729 0.042150 0.662789 1.346958
1678842688758 -0.568716 0.742201 1.160033
1678842688787 -0.386067 0.503964 0.994489
1678842688805 0.273668 0.412945 0.912022
1678842688832 0.397673 0.610865 0.855822
1678842688859 -0.001222 0.750143 0.889420
1678842688896 -0.281609 0.458149 1.017091
1678842688908 -0.155771 0.255953 1.058019
1678842688934 -0.011606 0.342695 0.994489
1678842688967 -0.050702 0.692110 0.928515
1678842688989 -0.164934 0.687223 0.927293
1678842689011 -0.058643 0.324980 0.908967
1678842689036 0.087965 0.293215 0.888198
1678842689064 -0.057421 0.571770 0.840551
1678842689093 -0.175318 0.501520 0.839329
1678842689113 -0.039706 0.027489 0.888809
1678842689140 0.074526 -0.155160 0.833831
1678842689172 -0.087354 0.417832 0.735482
1678842689192 -0.361021 1.274265 0.657902
1678842689217 0.083078 0.668897 0.597426
1678842689251 0.601702 -0.200975 0.412334
1678842689268 0.310320 -0.042150 0.450819
1678842689307 -0.403171 0.524733 0.438601
1678842689319 -0.982882 0.825890 0.324980
1678842689346 -0.668897 0.474642 0.412334
1678842689370 0.283441 0.290161 0.590096
1678842689400 0.546114 0.405615 0.596815
1678842689421 0.268170 0.433103 0.601091
1678842689446 0.037874 0.513738 0.693943
1678842689472 0.056200 0.597426 0.796568
1678842689512 0.113010 0.786794 0.930959
1678842689542 -0.065973 0.936456 1.064738
1678842689551 -0.146608 0.831998 1.185689
1678842689580 0.002443 0.740369 1.335351
1678842689608 0.184481 0.749532 1.478294
1678842689640 0.095295 0.956615 1.623680
1678842689658 -0.139277 1.174083 1.777007
1678842689678 -0.234572 1.155757 1.859474
1678842689708 0.037874 1.117272 1.969429
1678842689732 0.215025 1.354288 1.949271
1678842689758 -0.014050 1.434312 2.007914
1678842689787 -0.427606 1.379334 2.337170
1678842689806 -0.735482 1.218676 2.572354
1678842689832 -0.514959 1.260826 2.455067
1678842689860 0.037874 1.392773 2.360994
1678842689885 -0.124006 1.338406 2.527760
1678842689908 -0.659734 0.976774 2.602897
1678842689934 -0.635911 0.665843 2.320677
1678842689959 0.003054 0.690889 1.842370
1678842689999 0.497244 1.194242 1.512502
1678842690018 0.241292 1.433701 1.482570
1678842690045 -0.139277 1.292591 1.560150
1678842690084 -0.083689 1.206459 1.676825
1678842690088 0.216246 1.221730 1.738523
1678842690124 0.188757 1.139264 1.726305
1678842690148 0.032376 1.102612 1.786781
1678842690169 0.095295 1.097725 1.825876
1678842690209 0.290772 1.103223 1.739133
1678842690216 0.308487 1.128268 1.695151
1678842690244 0.142332 1.186300 1.791668
1678842690270 0.029322 1.204015 1.882076
1678842690303 0.066584 1.297478 1.837483
1678842690318 0.172875 1.329243 1.780672
1678842690347 0.146608 1.318858 1.884519
1678842690378 0.061697 1.231504 1.898569
1678842690402 0.111177 1.248609 1.814270
1678842690422 0.037874 1.356732 1.771509
1678842690450 -0.050702 1.491733 1.851533
1678842690477 -0.055589 1.458135 1.829541
1678842690499 0.177151 1.267545 1.676825
1678842690527 0.341474 1.372003 1.577254
1678842690548 0.026267 1.988977 1.623069
1678842690574 -0.609644 1.986534 1.941941
1678842690602 -0.950506 1.471574 2.381153
1678842690627 -0.878424 1.232726 2.444683
1678842690651 -0.621250 1.428203 2.207667
1678842690679 -0.456316 1.539380 2.075109
1678842690704 -0.406836 1.353677 1.943162
1678842690734 -0.177151 1.244333 1.785559
1678842690770 0.156382 1.298089 1.674382
1678842690783 0.211970 1.459968 1.701871
1678842690811 0.027489 1.358564 1.750129
1678842690837 -0.124006 1.215622 1.842370
1678842690866 -0.187536 1.097114 1.982258
1678842690881 -0.197309 1.107499 1.983479
1678842690911 -0.246790 1.078177 1.805107
1678842690936 -0.218690 0.995099 1.625512
1678842690968 -0.041539 1.030530 1.539991
1678842690991 -0.021380 1.238835 1.433090
1678842691023 -0.007941 1.266324 1.356732
1678842691048 0.150273 1.220509 1.305419
1678842691067 0.277333 1.392773 1.268767
1678842691099 0.348193 1.524720 1.201572
1678842691113 0.503964 1.190576 1.230283
1678842691138 0.141721 1.384832 1.444696
1678842691167 -0.679893 1.856419 1.749518
1678842691200 -0.700052 1.071458 1.901623
1678842691244 -0.072082 0.573602 1.983479
1678842691248 0.003665 1.014036 2.068390
1678842691268 -0.670730 1.437977 2.070833
1678842691313 -0.949285 1.278541 1.969429
1678842691349 -0.393397 1.000597 1.924836
1678842691353 0.216857 0.963945 1.921171
1678842691380 0.092852 1.233948 1.916895
1678842691400 -0.286496 1.209513 1.965153
1678842691427 -0.276111 0.864374 1.974316
1678842691447 0.116675 0.887587 1.893682
1678842691473 0.229685 1.094060 1.704314
1678842691500 -0.072693 1.089173 1.596802
1678842691542 -0.335365 1.030530 1.554652
1678842691560 -0.260839 0.999986 1.370782
1678842691584 -0.072082 0.899805 1.114218
1678842691601 0.052534 0.784962 0.911411
1678842691632 0.135001 0.558331 0.731817
1678842691650 0.131336 0.756862 0.566883
1678842691678 -0.279165 1.417207 0.536951
1678842691701 -0.829555 1.362229 0.876592
1678842691734 -0.801455 0.390343 1.176526
1678842691754 -0.166766 0.064141 0.960891
1678842691779 0.274889 0.784351 0.563218
1678842691804 -0.046426 1.533883 0.552833
1678842691831 -0.703717 1.235170 0.806953
1678842691859 -0.538172 0.587041 1.043969
1678842691885 0.318872 0.428827 1.182635
1678842691913 0.405615 0.786184 1.243722
1678842691936 0.000611 0.886976 1.448362
1678842691965 -0.240070 0.835664 1.676214
1678842691984 -0.053756 1.010982 1.784337
1678842692009 0.147829 1.098947 1.779450
1678842692043 0.159436 1.171029 1.758070
1678842692065 0.081245 1.175916 1.805107
1678842692088 -0.145997 1.131322 1.807550
1678842692111 -0.240070 1.282817 1.811215
1678842692140 -0.306043 1.417207 1.745242
1678842692166 -0.423940 1.337184 1.634675
1678842692189 -0.394008 1.212568 1.530828
1678842692214 -0.193033 1.130101 1.412320
1678842692241 -0.160658 1.142318 1.298089
1678842692267 -0.254120 1.196685 1.233948
1678842692293 -0.191201 1.036638 1.129490
1678842692318 -0.078191 0.822836 0.968221
1678842692346 0.054978 0.774577 0.757473
1678842692368 0.083689 0.839940 0.662789
1678842692394 0.061087 0.802677 0.618196
1678842692421 0.125227 0.467312 0.551000
1678842692446 0.268781 0.013439 0.425162
1678842692471 -0.214414 0.116675 0.411723
1678842692509 -0.827722 0.222355 0.514959
1678842692541 -0.842994 -0.193033 0.312763
1678842692551 -0.105680 -0.613920 0.026267
1678842692586 0.293826 -0.459371 -0.138666
1678842692604 -0.004887 -0.446543 -0.444099
1678842692633 -0.368963 -0.729984 -0.803899
1678842692651 -0.189979 -0.849714 -1.191187
1678842692676 0.399506 -0.809396 -1.448972
1678842692706 0.601091 -0.636522 -1.481348
1678842692732 0.207694 -0.824668 -1.486846
1678842692759 -0.284663 -1.141096 -1.607797
1678842692784 -0.369573 -1.171640 -1.773342
1678842692810 -0.105069 -1.036027 -1.938886
1678842692867 0.095906 -0.995099 -2.177124
1678842692885 0.041539 -1.164920 -2.274862
1678842692892 -0.072693 -1.066571 -2.111150
1678842692906 -0.092241 -1.042136 -2.004249
1678842692933 -0.000611 -1.248609 -2.157576
1678842692967 0.063530 -1.155757 -2.208889
1678842692986 0.130114 -1.039693 -2.163685
1678842693009 0.072082 -1.248609 -2.211943
1678842693034 -0.040928 -1.350012 -2.298075
1678842693069 0.116064 -1.091005 -2.493552
1678842693094 0.371406 -0.888198 -2.621834
1678842693112 0.345750 -0.924239 -2.489887
1678842693138 0.166766 -1.122770 -2.356107
1678842693166 0.120340 -1.289536 -2.390927
1678842693190 0.281609 -1.306641 -2.435520
1678842693214 0.337808 -1.251663 -2.445904
1678842693239 0.254120 -1.202183 -2.455067
1678842693270 0.216246 -1.132544 -2.474004
1678842693302 0.241292 -0.935846 -2.293799
1678842693317 0.306043 -0.930348 -2.083661
1678842693345 0.321926 -1.198518 -1.998751
1678842693369 0.296881 -1.177137 -1.880854
1678842693400 0.272446 -1.069014 -1.832596
1678842693435 0.242514 -1.169807 -1.889406
1678842693449 0.241903 -1.269989 -1.957212
1678842693471 0.337198 -1.167974 -2.060448
1678842693496 0.363465 -1.078177 -2.149635
1678842693523 0.233961 -1.024421 -2.135585
1678842693547 0.080634 -0.968221 -2.061059
1678842693573 0.030543 -0.817338 -1.990810
1678842693600 0.127060 -0.876592 -1.940108
1678842693625 0.114843 -0.867429 -1.864972
1678842693650 0.026878 -0.902248 -1.739744
1678842693676 0.002443 -0.885755 -1.622458
1678842693702 0.041539 -0.789238 -1.614517
1678842693728 0.072693 -0.704938 -1.610241
1678842693754 0.134390 -0.772745 -1.565037
1678842693778 0.337808 -0.964556 -1.456914
1678842693804 0.418443 -0.728762 -1.356732
1678842693832 0.265726 -0.529620 -1.316415
1678842693860 -0.014661 -0.612698 -1.267545
1678842693881 -0.184481 -0.939511 -1.215011
1678842693907 -0.131947 -0.783129 -1.028697
1678842693940 -0.216857 -0.508851 -1.034195
1678842693961 -0.108734 -0.773355 -1.288315
1678842693992 0.223577 -0.935235 -1.472185
1678842694009 0.395230 -0.690889 -1.414153
1678842694035 0.199753 -0.643241 -1.385442
1678842694064 -0.076358 -0.732427 -1.401936
1678842694086 -0.021380 -0.916909 -1.338406
1678842694113 0.196088 -0.779464 -1.342071
1678842694139 0.250455 -0.593761 -1.408044
1678842694166 0.202196 -0.507629 -1.353067
1678842694190 0.177151 -0.492357 -1.156979
1678842694217 -0.027489 -0.327424 -0.956615
1678842694240 -0.112399 -0.481362 -0.905302
1678842694266 0.045204 -0.596204 -0.927904
1678842694299 0.305433 -0.373239 -0.931570
1678842694317 0.321315 -0.247400 -0.852157
1678842694342 0.164323 -0.310320 -0.764803
1678842694368 -0.032376 -0.606589 -0.872926
1678842694394 -0.036652 -0.518625 -0.931570
1678842694420 0.035430 -0.382402 -0.958448
1678842694445 0.031154 -0.426995 -1.034806
1678842694477 0.112399 -0.609644 -1.208902
1678842694504 0.379347 -0.877813 -1.275487
1678842694523 0.470977 -0.422719 -1.381777
1678842694548 0.092852 0.290161 -1.362229
1678842694573 0.132558 -0.319483 -1.249830
1678842694605 0.307265 -1.017091 -1.234559
1678842694629 0.166766 -0.795347 -1.256550
1678842694650 -0.155160 -0.039706 -1.355510
1678842694678 -0.398895 -0.134390 -1.227228
1678842694701 -0.408669 -0.625526 -1.098336
1678842694729 -0.178373 -0.540616 -1.130712
1678842694753 0.143553 -0.170431 -1.167364
1678842694778 0.251066 -0.389121 -1.051910
1678842694810 0.236405 -0.513127 -0.981660
1678842694833 0.223577 -0.314596 -0.925461
1678842694855 0.138666 -0.125838 -0.886365
1678842694882 -0.009774 0.006109 -0.795957
1678842694908 -0.155771 0.017104 -0.676228
1678842694934 -0.135001 -0.053145 -0.552833
1678842694960 -0.001222 -0.152105 -0.417832
1678842694984 0.103847 -0.188757 -0.320704
1678842695009 0.097128 -0.153938 -0.317650
1678842695035 -0.042761 0.061697 -0.313374
1678842695060 -0.152716 -0.014050 -0.240070
1678842695089 -0.083078 -0.204029 -0.153327
1678842695114 0.139888 -0.180205 -0.124617
1678842695138 0.330478 -0.145997 -0.227242
1678842695164 0.401949 -0.250455 -0.237016
1678842695197 -0.009774 0.029322 -0.201586
1678842695214 -0.308487 -0.117897 -0.081245
1678842695240 -0.199753 -0.253509 -0.158825
1678842695266 0.051313 -0.464868 -0.194866
1678842695301 0.131336 -0.368963 -0.233351
1678842695318 -0.168599 -0.359800 -0.241292
1678842695345 -0.356134 -0.498466 -0.199753
1678842695368 -0.106291 -0.501520 -0.125838
1678842695398 0.384845 -0.101404 -0.026878
1678842695426 0.431882 -0.019548 0.032376
1678842695444 0.136223 -0.182038 0.106901
1678842695471 -0.048869 -0.335976 0.174707
1678842695497 -0.028100 -0.243735 0.183870
1678842695530 -0.034819 -0.124617 0.144164
1678842695550 -0.045815 -0.120340 0.098960
1678842695573 0.032987 -0.181427 0.026878
1678842695599 0.158825 -0.100182 -0.005498
1678842695629 0.142942 -0.001222 0.004276
1678842695656 -0.000611 -0.002443 -0.007330
1678842695676 0.009774 -0.062919 -0.007941
1678842695702 0.177762 0.002443 0.047647
1678842695730 0.238848 0.152716 0.090408
1678842695754 0.207083 0.233351 0.065973
1678842695778 0.281609 0.067195 0.066584
1678842695809 0.334754 -0.246790 0.119119
1678842695831 0.036041 -0.019548 0.132558
1678842695857 -0.549168 0.449597 0.202807
1678842695881 -0.444099 -0.081856 0.232129
1678842695917 0.199142 -0.437380 0.166155
1678842695938 0.245568 -0.054367 0.035430
1678842695959 -0.222355 0.262061 -0.058643
1678842695986 -0.373239 0.186925 0.016493
1678842696010 -0.152105 0.107512 0.014050
1678842696035 0.205251 0.290772 -0.109345
1678842696062 0.193033 0.332922 -0.006720
1678842696089 0.001222 0.169821 0.197309
1678842696113 -0.120951 -0.045204 0.324369
1678842696137 -0.074526 0.080634 0.335365
1678842696163 -0.120340 0.225409 0.288328
1678842696191 -0.115454 0.282831 0.342695
1678842696216 -0.095906 0.285274 0.397673
1678842696255 0.001833 0.265116 0.375682
1678842696265 0.098960 0.388510 0.380569
1678842696292 0.107512 0.467923 0.428217
1678842696320 0.023213 0.437990 0.530842
1678842696343 0.032987 0.479529 0.604757
1678842696369 0.140499 0.546724 0.635300
1678842696402 0.205251 0.492357 0.574824
1678842696422 0.152105 0.456316 0.596204
1678842696445 -0.098960 0.678671 0.667065
1678842696470 -0.318872 0.737314 0.799012
1678842696502 -0.156382 0.339030 0.771523
1678842696525 -0.053756 -0.053145 0.717156
1678842696552 -0.348804 0.263283 0.567494
1678842696574 -0.476475 0.322537 0.522290
1678842696611 -0.265116 -0.000611 0.331700
1678842696627 0.194866 -0.058032 0.061087
1678842696651 0.405615 0.086132 -0.014661
1678842696676 0.116064 0.110567 0.046426
1678842696707 -0.073915 -0.202196 0.007330
1678842696733 0.003665 -0.197920 -0.052534
1678842696754 -0.087354 -0.119730 -0.102014
1678842696778 -0.200975 -0.181427 -0.113621
1678842696804 -0.338419 -0.324980 -0.175929
1678842696830 -0.252287 -0.354302 -0.361632
1678842696862 0.024435 -0.293826 -0.584598
1678842696897 0.288328 -0.232740 -0.670119
1678842696912 0.167988 -0.237016 -0.772134
1678842696934 -0.036041 -0.214414 -0.747699
1678842696970 -0.205862 -0.012217 -0.782518
1678842696985 0.094073 -0.287107 -0.707993
1678842697050 0.111177 -0.295048 -0.661567
1678842697055 -0.047647 -0.230296 -0.698830
