# Created at Tue Mar 14 18:11:16 MST 2023
1678842677220 0.202216 0.052639 0.070072 0.975412
1678842677227 0.203995 0.050750 0.069637 0.975172
1678842677234 0.203258 0.049877 0.067949 0.975490
1678842677255 0.206135 0.054130 0.066954 0.974728
1678842677270 0.207006 0.057558 0.065143 0.974470
1678842677308 0.210025 0.066577 0.063568 0.973353
1678842677318 0.211812 0.067455 0.064276 0.972859
1678842677335 0.213511 0.064605 0.065503 0.972599
1678842677342 0.216714 0.059455 0.063594 0.972346
1678842677350 0.220252 0.058687 0.061627 0.971724
1678842677365 0.225660 0.054309 0.058562 0.970927
1678842677376 0.230631 0.056956 0.059926 0.969523
1678842677389 0.226105 0.054005 0.065088 0.970425
1678842677428 0.219999 0.045455 0.069686 0.971946
1678842677501 0.218042 0.039960 0.069631 0.972632
1678842677559 0.222538 0.038505 0.070057 0.971641
1678842677618 0.224740 0.039123 0.071744 0.970986
1678842677675 0.224491 0.042112 0.073084 0.970819
1678842677730 0.223579 0.044287 0.074116 0.970854
1678842677776 0.223268 0.047852 0.074712 0.970711
1678842677843 0.220519 0.050921 0.074433 0.971204
1678842677887 0.216921 0.054716 0.078749 0.971468
1678842677939 0.210064 0.050474 0.087368 0.972467
1678842677990 0.216445 0.042882 0.092959 0.970913
1678842678051 0.201982 0.057013 0.099208 0.972682
1678842678122 0.184575 0.079357 0.113157 0.973052
1678842678180 0.179198 0.078430 0.122626 0.972985
1678842678211 0.184769 0.076690 0.126612 0.971570
1678842678250 0.184998 0.083821 0.130400 0.970436
1678842678304 0.192878 0.086126 0.136968 0.967791
1678842678359 0.196791 0.086337 0.147652 0.965411
1678842678414 0.209908 0.088136 0.152290 0.961758
1678842678470 0.224414 0.090255 0.155203 0.957812
1678842678528 0.227957 0.086489 0.152687 0.957727
1678842678582 0.231534 0.087153 0.150849 0.957100
1678842678635 0.224063 0.085504 0.147579 0.959534
1678842678684 0.225832 0.088042 0.136624 0.960511
1678842678737 0.220783 0.088919 0.124157 0.963293
1678842678801 0.210871 0.086771 0.113851 0.966976
1678842678840 0.211596 0.088669 0.106707 0.967460
1678842678896 0.212510 0.092009 0.099742 0.967691
1678842678962 0.211702 0.095778 0.095117 0.967968
1678842679039 0.219772 0.092391 0.095787 0.966431
1678842679076 0.226919 0.090103 0.099889 0.964579
1678842679131 0.223921 0.091819 0.105391 0.964532
1678842679190 0.228686 0.094334 0.110167 0.962636
1678842679249 0.216070 0.098434 0.124687 0.963368
1678842679328 0.226607 0.103878 0.134012 0.959114
1678842679408 0.212198 0.097802 0.144217 0.961566
1678842679438 0.221918 0.097245 0.149100 0.958679
1678842679503 0.222032 0.092555 0.153006 0.958501
1678842679562 0.228804 0.089213 0.148700 0.957903
1678842679619 0.229197 0.084198 0.139767 0.959607
1678842679675 0.230713 0.080611 0.130977 0.960790
1678842679747 0.235743 0.073294 0.109949 0.962790
1678842679809 0.222793 0.082637 0.093081 0.966887
1678842679848 0.234431 0.077266 0.075285 0.966129
1678842679915 0.219208 0.090261 0.050577 0.970177
1678842679952 0.221681 0.088614 0.034095 0.970486
1678842680008 0.227725 0.089460 0.011991 0.969533
1678842680061 0.230753 0.088186 -0.007088 0.968982
1678842680125 0.232701 0.090313 -0.022197 0.968091
1678842680172 0.237889 0.080442 -0.026779 0.967585
1678842680235 0.241168 0.068832 -0.030061 0.967573
1678842680306 0.224061 0.076166 -0.026939 0.971221
1678842680376 0.237121 0.061082 -0.044964 0.968515
1678842680432 0.245433 0.066619 -0.064390 0.964976
1678842680507 0.245198 0.049140 -0.092293 0.963818
1678842680551 0.257342 0.045160 -0.113169 0.958608
1678842680605 0.258837 0.031318 -0.136438 0.955724
1678842680660 0.263317 0.021291 -0.160193 0.951078
1678842680724 0.264976 0.009397 -0.188810 0.945542
1678842680779 0.262494 0.003740 -0.217022 0.940204
1678842680843 0.260370 -0.007478 -0.255420 0.931081
1678842680914 0.238090 -0.001862 -0.294401 0.925547
1678842680976 0.253210 -0.024675 -0.338698 0.905847
1678842681041 0.240618 -0.013508 -0.376531 0.894508
1678842681100 0.250809 -0.019255 -0.404495 0.879265
1678842681150 0.244989 -0.030856 -0.429979 0.868416
1678842681191 0.242327 -0.035673 -0.442284 0.862781
1678842681279 0.238580 -0.039070 -0.465227 0.851538
1678842681308 0.228940 -0.051245 -0.477627 0.846660
1678842681368 0.224374 -0.062070 -0.490769 0.839613
1678842681418 0.223924 -0.064984 -0.496759 0.835982
1678842681435 0.223041 -0.067242 -0.502673 0.832497
1678842681495 0.226774 -0.076512 -0.513306 0.824158
1678842681536 0.219644 -0.076858 -0.517149 0.823654
1678842681583 0.218664 -0.089600 -0.527493 0.816032
1678842681675 0.217204 -0.090562 -0.542551 0.806387
1678842681711 0.212737 -0.096723 -0.558328 0.796026
1678842681758 0.217123 -0.098240 -0.576432 0.781622
1678842681813 0.213725 -0.102880 -0.596123 0.767056
1678842681874 0.216095 -0.109751 -0.615867 0.749644
1678842681937 0.220261 -0.117349 -0.636487 0.729794
1678842681979 0.226115 -0.121739 -0.649402 0.715771
1678842682032 0.236866 -0.125947 -0.665847 0.696189
1678842682081 0.237380 -0.126023 -0.677860 0.684306
1678842682135 0.237312 -0.141915 -0.698785 0.659729
1678842682183 0.234584 -0.139565 -0.714293 0.644420
1678842682237 0.222330 -0.145221 -0.736043 0.622673
1678842682294 0.201235 -0.146643 -0.760224 0.600050
1678842682348 0.179414 -0.144748 -0.784494 0.575697
1678842682404 0.172647 -0.152804 -0.804389 0.547543
1678842682467 0.165816 -0.158978 -0.823386 0.518909
1678842682538 0.157504 -0.158483 -0.840077 0.494313
1678842682586 0.161575 -0.163648 -0.849706 0.474460
1678842682633 0.166638 -0.169148 -0.855015 0.461053
1678842682680 0.167226 -0.167123 -0.858765 0.454564
1678842682742 0.159194 -0.166041 -0.862567 0.450629
1678842682799 0.151906 -0.177435 -0.867929 0.438339
1678842682845 0.149964 -0.189218 -0.871754 0.426325
1678842682902 0.145210 -0.185004 -0.875925 0.421240
1678842682956 0.139056 -0.184450 -0.883256 0.408045
1678842683020 0.136446 -0.194222 -0.888641 0.392399
1678842683073 0.132494 -0.201383 -0.893300 0.379348
1678842683123 0.128082 -0.206188 -0.898942 0.364671
1678842683176 0.128173 -0.216383 -0.905040 0.343006
1678842683247 0.123860 -0.222927 -0.915693 0.310594
1678842683311 0.118892 -0.236017 -0.923136 0.279251
1678842683366 0.121840 -0.234918 -0.930985 0.251468
1678842683403 0.112972 -0.243550 -0.934810 0.232491
1678842683448 0.111822 -0.240982 -0.941254 0.208480
1678842683502 0.103606 -0.234203 -0.950331 0.176876
1678842683555 0.101972 -0.247083 -0.952946 0.142987
1678842683596 0.101019 -0.250460 -0.955070 0.122089
1678842683650 0.099859 -0.254145 -0.956877 0.099117
1678842683715 0.095216 -0.253851 -0.959546 0.075926
1678842683769 0.086252 -0.251346 -0.961959 0.063411
1678842683824 0.080442 -0.246237 -0.964432 0.052608
1678842683870 0.078182 -0.241941 -0.966201 0.042526
1678842683925 0.067977 -0.235362 -0.969084 0.029320
1678842683984 0.061629 -0.242103 -0.968184 0.014410
1678842684021 -0.069265 0.244206 0.967243 0.002583
1678842684075 -0.063555 0.239353 0.968772 0.012309
1678842684135 -0.056195 0.243197 0.967929 0.028482
1678842684186 -0.046295 0.250455 0.966034 0.043678
1678842684258 -0.038283 0.257700 0.963525 0.061192
1678842684314 -0.032898 0.261797 0.961444 0.077494
1678842684367 -0.029208 0.269393 0.957490 0.098935
1678842684435 -0.019287 0.277016 0.952245 0.126965
1678842684489 -0.016674 0.279598 0.948211 0.149811
1678842684541 -0.006166 0.275408 0.944328 0.179880
1678842684604 -0.009819 0.271054 0.940201 0.206046
1678842684659 0.000047 0.271739 0.934753 0.228901
1678842684715 0.001388 0.284784 0.924888 0.251951
1678842684786 0.004225 0.282375 0.918519 0.276712
1678842684841 0.011100 0.282960 0.913211 0.293013
1678842684912 0.019612 0.284960 0.908734 0.304330
1678842684961 0.033206 0.289362 0.904523 0.311457
1678842685000 0.036763 0.288202 0.904499 0.312200
1678842685073 0.049539 0.274836 0.906896 0.315517
1678842685117 0.060711 0.290526 0.898481 0.323481
1678842685174 0.057748 0.285889 0.898658 0.327637
1678842685216 0.056552 0.272228 0.899851 0.336097
1678842685274 0.065490 0.276239 0.894692 0.344861
1678842685338 0.073417 0.276048 0.892173 0.349906
1678842685402 0.076576 0.282757 0.886595 0.357959
1678842685459 0.075599 0.297193 0.878931 0.365295
1678842685499 0.074338 0.308854 0.872962 0.370164
1678842685582 0.081937 0.312343 0.868418 0.376270
1678842685601 0.090999 0.312206 0.865321 0.381400
1678842685637 0.069818 0.305494 0.868189 0.384769
1678842685700 0.093322 0.308898 0.856963 0.401855
1678842685759 0.072938 0.309698 0.850253 0.419328
1678842685810 0.070519 0.300487 0.846356 0.434070
1678842685873 0.066059 0.309556 0.838854 0.442870
1678842685913 0.070810 0.306923 0.836798 0.447831
1678842685974 0.066491 0.309837 0.833520 0.452575
1678842686028 0.070402 0.298651 0.833707 0.459112
1678842686089 0.079876 0.299217 0.831323 0.461510
1678842686149 0.077597 0.300076 0.829806 0.464063
1678842686201 0.064512 0.296232 0.832863 0.463059
1678842686260 0.075788 0.293624 0.827407 0.472693
1678842686316 0.077478 0.298576 0.821735 0.479168
1678842686389 0.084475 0.273009 0.827370 0.483518
1678842686431 0.084976 0.268146 0.828192 0.484742
1678842686474 0.086434 0.256497 0.827660 0.491648
1678842686537 0.090772 0.251020 0.822928 0.501537
1678842686593 0.094309 0.261513 0.812342 0.512658
1678842686646 0.096874 0.277905 0.800713 0.521769
1678842686703 0.096345 0.295018 0.791212 0.526939
1678842686764 0.096959 0.294324 0.786990 0.533497
1678842686830 0.098070 0.292021 0.780133 0.544517
1678842686880 0.074538 0.290533 0.782791 0.545227
1678842686930 0.087796 0.286365 0.780774 0.548342
1678842686991 0.064035 0.282312 0.792830 0.536302
1678842687046 0.074054 0.281233 0.802871 0.520406
1678842687104 0.069198 0.281491 0.819581 0.494228
1678842687173 0.059639 0.279601 0.836123 0.468150
1678842687215 0.032789 0.255037 0.859270 0.442195
1678842687286 0.016636 0.254625 0.881009 0.398387
1678842687347 -0.004988 0.248187 0.904518 0.346737
1678842687398 -0.001457 0.245456 0.921445 0.301144
1678842687469 -0.008653 0.246956 0.932175 0.264553
1678842687499 -0.011616 0.236769 0.942038 0.237423
1678842687570 -0.021275 0.236474 0.950241 0.201667
1678842687650 -0.036766 0.235942 0.958339 0.156736
1678842687691 -0.058846 0.228342 0.964044 0.122544
1678842687753 -0.083352 0.226049 0.967158 0.080989
1678842687813 -0.093659 0.224874 0.968414 0.053237
1678842687855 -0.101653 0.226802 0.968574 0.009587
1678842687917 0.096370 -0.227849 -0.968299 0.034563
1678842687976 0.094117 -0.227715 -0.966857 0.066899
1678842688037 0.100949 -0.239066 -0.961068 0.094896
1678842688085 0.104534 -0.235530 -0.958565 0.121457
1678842688166 0.111783 -0.243339 -0.951845 0.149270
1678842688209 0.116263 -0.241769 -0.945125 0.186467
1678842688264 0.120230 -0.247695 -0.936770 0.215994
1678842688322 0.128917 -0.243994 -0.928103 0.249945
1678842688390 0.130238 -0.238620 -0.916324 0.294022
1678842688463 0.146598 -0.237822 -0.899862 0.334960
1678842688516 0.164926 -0.234565 -0.884311 0.368473
1678842688572 0.183068 -0.228458 -0.864665 0.408225
1678842688632 0.190668 -0.212590 -0.841116 0.459319
1678842688693 0.185325 -0.194214 -0.813303 0.516212
1678842688745 0.190983 -0.194930 -0.789669 0.549501
1678842688794 0.190699 -0.181430 -0.775368 0.574040
1678842688848 0.201534 -0.180937 -0.757640 0.593824
1678842688900 0.206014 -0.175434 -0.744336 0.610529
1678842688961 0.206110 -0.172907 -0.722682 0.636673
1678842689006 0.212585 -0.164510 -0.702934 0.658504
1678842689059 0.223357 -0.162098 -0.687438 0.671762
1678842689108 0.230370 -0.156786 -0.668721 0.689319
1678842689180 0.228266 -0.161556 -0.647171 0.709200
1678842689248 0.239267 -0.148658 -0.630162 0.723567
1678842689294 0.243453 -0.157621 -0.620186 0.728873
1678842689366 0.236667 -0.129718 -0.608186 0.746506
1678842689410 0.247342 -0.132726 -0.594340 0.753635
1678842689479 0.254692 -0.116915 -0.574050 0.769370
1678842689549 0.265216 -0.105473 -0.547412 0.786687
1678842689592 0.262871 -0.080368 -0.519263 0.809200
1678842689659 0.267118 -0.058521 -0.473989 0.836993
1678842689716 0.263641 -0.028807 -0.418267 0.868744
1678842689771 0.258980 0.001995 -0.364590 0.894427
1678842689818 0.248571 0.030525 -0.307254 0.918083
1678842689874 0.255415 0.049801 -0.236088 0.936240
1678842689930 0.255041 0.061421 -0.171386 0.949636
1678842689952 0.250854 0.063803 -0.134334 0.956533
1678842690017 0.265357 0.079705 -0.084757 0.957105
1678842690048 0.254236 0.096520 -0.050276 0.961000
1678842690116 0.234829 0.116840 -0.000049 0.964989
1678842690149 0.219073 0.126670 0.036112 0.966777
1678842690211 0.205266 0.140697 0.095877 0.963783
1678842690266 0.185400 0.152564 0.146944 0.959562
1678842690315 0.166182 0.162282 0.193436 0.953221
1678842690377 0.150716 0.174644 0.255408 0.938909
1678842690419 0.143271 0.177010 0.302375 0.925586
1678842690478 0.137949 0.183185 0.358867 0.904781
1678842690537 0.138260 0.209286 0.411847 0.876051
1678842690602 0.134984 0.238644 0.478301 0.834300
1678842690663 0.126375 0.237418 0.555423 0.786872
1678842690714 0.139292 0.218794 0.610696 0.748183
1678842690785 0.163733 0.199737 0.675759 0.690396
1678842690837 0.157245 0.212521 0.715719 0.646417
1678842690883 0.149886 0.218084 0.750106 0.606065
1678842690960 0.141215 0.217418 0.790598 0.554746
1678842691005 0.126363 0.229075 0.816570 0.514558
1678842691049 0.112543 0.239891 0.832219 0.487030
1678842691080 0.096874 0.255061 0.845409 0.459176
1678842691134 0.078706 0.277863 0.860486 0.419716
1678842691206 0.045863 0.278403 0.892471 0.351971
1678842691314 0.016763 0.269274 0.929421 0.251769
1678842691383 -0.003275 0.274918 0.946452 0.169227
1678842691451 -0.039913 0.257772 0.960193 0.099950
1678842691506 -0.056518 0.263633 0.961760 0.048184
1678842691581 -0.069732 0.257715 0.963701 0.000697
1678842691603 0.060446 -0.248112 -0.966422 0.028535
1678842691655 0.061833 -0.248528 -0.965107 0.054581
1678842691710 0.087042 -0.238558 -0.963604 0.083558
1678842691752 0.087845 -0.226779 -0.963957 0.107892
1678842691806 0.104272 -0.228936 -0.959087 0.129874
1678842691861 0.126214 -0.212613 -0.955567 0.160492
1678842691925 0.137670 -0.221549 -0.944472 0.199841
1678842691971 0.138140 -0.215201 -0.935978 0.241975
1678842692047 0.138795 -0.189155 -0.920924 0.311216
1678842692089 0.143701 -0.175068 -0.906147 0.357209
1678842692149 0.162114 -0.162290 -0.883134 0.409213
1678842692215 0.148274 -0.160304 -0.851719 0.476332
1678842692263 0.129759 -0.181577 -0.826925 0.516127
1678842692334 0.116493 -0.203445 -0.793656 0.561382
1678842692389 0.114165 -0.219525 -0.772860 0.584347
1678842692452 0.115854 -0.230262 -0.756640 0.600877
1678842692511 0.110713 -0.229702 -0.750287 0.609958
1678842692550 0.095108 -0.221166 -0.750229 0.615789
1678842692600 0.089528 -0.231501 -0.752262 0.610322
1678842692651 0.077796 -0.236735 -0.768106 0.589845
1678842692707 0.076706 -0.251920 -0.790015 0.553650
1678842692782 0.070367 -0.260320 -0.819327 0.505950
1678842692811 0.063065 -0.257393 -0.841885 0.470108
1678842692884 0.069751 -0.241829 -0.873035 0.417687
1678842692909 0.082075 -0.224893 -0.904464 0.353031
1678842692969 0.088735 -0.206571 -0.931669 0.285391
1678842693012 0.088108 -0.196073 -0.949638 0.227991
1678842693086 0.065531 -0.183834 -0.969589 0.147678
1678842693130 0.053862 -0.183107 -0.978809 0.074186
1678842693185 0.032732 -0.182191 -0.982714 0.003019
1678842693240 -0.008627 0.168754 0.983147 0.069786
1678842693302 0.011883 0.144833 0.979347 0.140574
1678842693346 0.027354 0.144665 0.970236 0.192264
1678842693408 0.054426 0.145591 0.954514 0.254447
1678842693463 0.077102 0.137592 0.937716 0.309536
1678842693509 0.087781 0.122486 0.920840 0.359647
1678842693564 0.092311 0.111853 0.897314 0.416887
1678842693621 0.089431 0.110436 0.871318 0.469693
1678842693676 0.089198 0.115570 0.843785 0.516445
1678842693742 0.094734 0.122138 0.811978 0.562849
1678842693811 0.110184 0.126244 0.775763 0.608369
1678842693867 0.116174 0.135619 0.748928 0.638137
1678842693921 0.118288 0.142285 0.722340 0.666325
1678842693970 0.118934 0.138038 0.701632 0.688849
1678842694037 0.131700 0.137124 0.659964 0.726843
1678842694102 0.121184 0.144158 0.620015 0.761652
1678842694158 0.110586 0.160676 0.582228 0.789281
1678842694212 0.109106 0.174138 0.549985 0.809499
1678842694275 0.113310 0.176468 0.522652 0.826350
1678842694329 0.127421 0.184147 0.498585 0.837417
1678842694384 0.133626 0.178016 0.477381 0.850036
1678842694440 0.154239 0.167862 0.455626 0.860487
1678842694483 0.165254 0.155174 0.436713 0.870571
1678842694542 0.176313 0.152515 0.395124 0.888555
1678842694605 0.176941 0.154070 0.361755 0.902268
1678842694653 0.179476 0.134296 0.328098 0.917663
1678842694708 0.164957 0.125606 0.298027 0.931768
1678842694764 0.157586 0.105573 0.269259 0.944204
1678842694831 0.164591 0.092576 0.237503 0.952855
1678842694896 0.166250 0.094231 0.210570 0.958719
1678842694930 0.164077 0.095532 0.198479 0.961540
1678842694969 0.176567 0.093109 0.190474 0.961184
1678842695032 0.200244 0.088164 0.182651 0.958524
1678842695072 0.214050 0.088338 0.177809 0.956432
1678842695134 0.220221 0.084471 0.171994 0.956444
1678842695203 0.233982 0.081383 0.164839 0.954703
1678842695227 0.230665 0.080232 0.163132 0.955900
1678842695292 0.228824 0.072242 0.156932 0.958015
1678842695340 0.215089 0.072338 0.144428 0.963143
1678842695406 0.205991 0.070863 0.136220 0.966432
1678842695463 0.205097 0.077176 0.134527 0.966376
1678842695513 0.205561 0.068740 0.137715 0.966465
1678842695576 0.205508 0.063803 0.139874 0.966505
1678842695631 0.210740 0.066124 0.138423 0.965430
1678842695671 0.216063 0.075483 0.136192 0.963883
1678842695730 0.231131 0.093505 0.133343 0.959195
1678842695781 0.240751 0.103492 0.134826 0.955589
1678842695838 0.249232 0.100002 0.136439 0.953555
1678842695911 0.238396 0.099425 0.144976 0.955125
1678842695963 0.240782 0.095158 0.145914 0.954818
1678842696018 0.232662 0.098572 0.147862 0.956184
1678842696073 0.231767 0.106417 0.147849 0.955563
1678842696134 0.210935 0.103816 0.154569 0.959603
1678842696184 0.208302 0.106287 0.164208 0.958305
1678842696255 0.206090 0.110536 0.176183 0.956174
1678842696289 0.208195 0.113760 0.187296 0.953223
1678842696343 0.210709 0.118877 0.204366 0.948527
1678842696406 0.209985 0.124812 0.223962 0.943488
1678842696452 0.210798 0.132601 0.243429 0.937403
1678842696509 0.203816 0.141026 0.267586 0.931111
1678842696563 0.197552 0.137958 0.285660 0.927545
1678842696629 0.186604 0.134376 0.297976 0.926462
1678842696666 0.191586 0.136804 0.297323 0.925299
1678842696734 0.189666 0.133135 0.296990 0.926336
1678842696783 0.186350 0.128721 0.294152 0.928536
1678842696847 0.180068 0.119291 0.287557 0.933090
1678842696904 0.176355 0.113021 0.270117 0.939767
1678842696952 0.175621 0.113559 0.248912 0.945677
1678842697021 0.172492 0.112690 0.228806 0.951418
1678842697058 0.165119 0.107264 0.212375 0.957146
