# Created at Tue Mar 14 18:14:31 MST 2023
1678842872213 0.077419 -0.026231 -0.090922 0.388518 0.395371 0.630156 -0.543728
1678842872250 0.078414 -0.025763 -0.100006 0.390470 0.394604 0.624835 -0.549001
1678842872271 0.079031 -0.025338 -0.110136 0.393815 0.391739 0.620762 -0.553268
1678842872307 0.081121 -0.024593 -0.121635 0.396446 0.389356 0.617111 -0.557142
1678842872367 0.081256 -0.024822 -0.134101 0.398366 0.388265 0.613510 -0.560501
1678842872387 0.081291 -0.025642 -0.147753 0.399632 0.385651 0.612936 -0.562029
1678842872447 0.079913 -0.027033 -0.162518 0.400711 0.381129 0.614916 -0.562184
1678842872508 0.076786 -0.029642 -0.197201 0.402975 0.378308 0.613118 -0.564429
1678842872543 0.071814 -0.033294 -0.235173 0.402223 0.384867 0.609480 -0.564472
1678842872618 0.066011 -0.033647 -0.274388 0.390294 0.394573 0.612493 -0.562881
1678842872649 0.063024 -0.034001 -0.296554 0.395389 0.396737 0.614625 -0.555430
1678842872700 0.059164 -0.030612 -0.317956 0.391469 0.401661 0.614272 -0.555059
1678842872733 0.050131 -0.016586 -0.356739 0.366099 0.397250 0.625413 -0.563047
1678842872780 0.046272 -0.011452 -0.375161 0.350896 0.398150 0.631507 -0.565285
1678842872833 0.043875 -0.009013 -0.395061 0.344358 0.400049 0.635962 -0.562967
1678842872881 0.036336 -0.009401 -0.436463 0.353370 0.398691 0.637316 -0.556780
1678842872941 0.033644 -0.008699 -0.456075 0.353172 0.400462 0.635808 -0.557358
1678842872995 0.027213 -0.005884 -0.492940 0.345500 0.400107 0.636094 -0.562076
1678842873046 0.022677 -0.010508 -0.529634 0.350015 0.400857 0.636480 -0.558297
1678842873077 0.020435 -0.015104 -0.551583 0.355637 0.401237 0.635823 -0.555212
1678842873136 0.018685 -0.019434 -0.573488 0.361196 0.401795 0.635042 -0.552105
1678842873179 0.015464 -0.029224 -0.620408 0.371065 0.400163 0.634506 -0.547341
1678842873247 0.013890 -0.039418 -0.672096 0.377602 0.397548 0.633493 -0.545948
1678842873289 0.013533 -0.043979 -0.698856 0.378922 0.395939 0.633454 -0.546247
1678842873331 0.014427 -0.048507 -0.721739 0.380676 0.395003 0.632344 -0.546991
1678842873388 0.015295 -0.058071 -0.780453 0.391651 0.394792 0.626252 -0.546404
1678842873449 0.016071 -0.065506 -0.839364 0.409033 0.396352 0.613979 -0.546467
1678842873492 0.015462 -0.064201 -0.869694 0.421234 0.393169 0.606817 -0.547497
1678842873536 0.014201 -0.061509 -0.898001 0.425684 0.388669 0.602680 -0.551821
1678842873595 0.006144 -0.046720 -0.954507 0.419214 0.371357 0.601704 -0.569479
1678842873643 -0.012582 -0.038430 -1.007611 0.440123 0.354018 0.582560 -0.584454
1678842873699 -0.025515 -0.036837 -1.037889 0.451504 0.344042 0.569811 -0.594217
1678842873749 -0.038736 -0.036189 -1.070686 0.460832 0.328874 0.561280 -0.603690
1678842873811 -0.069177 -0.037309 -1.135230 0.471980 0.302833 0.546636 -0.621865
1678842873839 -0.103630 -0.041466 -1.196756 0.483856 0.276245 0.536605 -0.633741
1678842873888 -0.122031 -0.043443 -1.227760 0.487432 0.264903 0.532008 -0.639691
1678842873930 -0.140578 -0.045292 -1.258420 0.489026 0.257405 0.527658 -0.645115
1678842873988 -0.177458 -0.049023 -1.321082 0.492943 0.248537 0.522801 -0.649550
1678842874040 -0.214956 -0.048133 -1.382403 0.509311 0.249499 0.512903 -0.644424
1678842874081 -0.232307 -0.043901 -1.412572 0.511565 0.249021 0.512782 -0.642919
1678842874134 -0.249779 -0.037117 -1.444513 0.507542 0.248702 0.514919 -0.644521
1678842874195 -0.277863 -0.031789 -1.505602 0.511467 0.252460 0.525073 -0.631635
1678842874247 -0.302379 -0.027980 -1.563055 0.514676 0.254108 0.536308 -0.618798
1678842874291 -0.314663 -0.026283 -1.591353 0.513179 0.253092 0.540002 -0.617243
1678842874339 -0.342888 -0.025039 -1.653425 0.511788 0.249303 0.541490 -0.618635
1678842874384 -0.356734 -0.028758 -1.684374 0.515337 0.247090 0.538614 -0.619088
1678842874442 -0.371856 -0.035165 -1.718928 0.517753 0.244986 0.534940 -0.621090
1678842874479 -0.401374 -0.045462 -1.784741 0.523597 0.233995 0.533076 -0.622031
1678842874537 -0.419166 -0.049603 -1.822322 0.528257 0.227583 0.529982 -0.623112
1678842874609 -0.468334 -0.053397 -1.923477 0.544075 0.208831 0.516623 -0.627273
1678842874635 -0.487467 -0.053078 -1.957046 0.563592 0.200209 0.499936 -0.626374
1678842874671 -0.505968 -0.048751 -1.987957 0.571957 0.195514 0.484424 -0.632434
1678842874730 -0.523337 -0.043569 -2.015805 0.570793 0.186192 0.477927 -0.641181
1678842874777 -0.559718 -0.035149 -2.070559 0.586389 0.171862 0.459756 -0.644388
1678842874845 -0.597588 -0.033694 -2.124522 0.592311 0.157956 0.445955 -0.652183
1678842874882 -0.617184 -0.034545 -2.150244 0.594846 0.151190 0.439067 -0.656140
1678842874924 -0.634599 -0.036116 -2.175514 0.594096 0.145021 0.432678 -0.662426
1678842875002 -0.698595 -0.054101 -2.259454 0.594389 0.135731 0.419229 -0.672701
1678842875055 -0.719014 -0.062370 -2.285946 0.593363 0.136468 0.416096 -0.675397
1678842875109 -0.742269 -0.069923 -2.316481 0.595155 0.138934 0.413699 -0.674790
1678842875150 -0.790071 -0.077843 -2.377618 0.589576 0.149903 0.412063 -0.678331
1678842875214 -0.811374 -0.081204 -2.401296 0.591274 0.154610 0.410025 -0.677030
1678842875246 -0.858537 -0.075048 -2.463424 0.592488 0.166029 0.409871 -0.673348
1678842875303 -0.898380 -0.066377 -2.521425 0.588800 0.172917 0.429651 -0.662430
1678842875351 -0.917980 -0.064606 -2.552696 0.591990 0.180067 0.437101 -0.652737
1678842875392 -0.937821 -0.061752 -2.582458 0.588857 0.181842 0.445209 -0.649591
1678842875447 -0.979569 -0.060195 -2.642459 0.584197 0.178651 0.462309 -0.642703
1678842875515 -1.023150 -0.063737 -2.703604 0.582306 0.174580 0.467562 -0.641737
1678842875549 -1.044866 -0.068582 -2.734440 0.582563 0.172753 0.467288 -0.642198
1678842875603 -1.066449 -0.074143 -2.765816 0.584267 0.170449 0.467333 -0.641233
1678842875657 -1.109968 -0.081814 -2.829309 0.590609 0.164860 0.463389 -0.639744
1678842875699 -1.130851 -0.083329 -2.860002 0.590916 0.161533 0.461687 -0.641538
1678842875748 -1.177656 -0.084723 -2.922791 0.607069 0.156030 0.445078 -0.639552
1678842875809 -1.200613 -0.080753 -2.951231 0.611140 0.154387 0.433168 -0.644234
1678842875853 -1.220666 -0.074644 -2.977512 0.607900 0.147991 0.428621 -0.651798
1678842875903 -1.266155 -0.067772 -3.031111 0.615135 0.140470 0.416434 -0.654568
1678842875953 -1.308406 -0.064137 -3.082861 0.617347 0.132162 0.406855 -0.660215
1678842875993 -1.331122 -0.064597 -3.109439 0.616801 0.128022 0.404570 -0.662940
1678842876053 -1.377097 -0.069921 -3.162838 0.611824 0.120208 0.401341 -0.670930
1678842876089 -1.402468 -0.075364 -3.192001 0.612215 0.115451 0.401874 -0.671090
1678842876140 -1.425063 -0.080703 -3.220305 0.611935 0.112986 0.401557 -0.671953
1678842876189 -1.477924 -0.091962 -3.281891 0.606850 0.119458 0.400056 -0.676327
1678842876236 -1.500528 -0.094006 -3.311569 0.603827 0.123656 0.406931 -0.674173
1678842876278 -1.548092 -0.096305 -3.377778 0.601715 0.140671 0.419946 -0.664678
1678842876347 -1.587029 -0.092151 -3.432245 0.592018 0.159005 0.433709 -0.660401
1678842876387 -1.606865 -0.089572 -3.465747 0.591595 0.168543 0.440652 -0.653785
1678842876438 -1.627412 -0.087805 -3.499291 0.593688 0.179991 0.443804 -0.646665
1678842876490 -1.662555 -0.081928 -3.563201 0.582679 0.189695 0.461862 -0.641236
1678842876545 -1.692739 -0.083391 -3.620099 0.574707 0.193569 0.478446 -0.635084
1678842876583 -1.709902 -0.087218 -3.653262 0.572744 0.195614 0.481555 -0.633880
1678842876628 -1.732209 -0.091161 -3.693316 0.570924 0.196385 0.484813 -0.632799
1678842876703 -1.765590 -0.100875 -3.761514 0.567956 0.193325 0.490059 -0.632371
1678842876742 -1.796412 -0.107320 -3.823418 0.570680 0.188775 0.485913 -0.634490
1678842876795 -1.813178 -0.108721 -3.856239 0.574053 0.187410 0.482186 -0.634695
1678842876828 -1.830037 -0.106638 -3.888931 0.585823 0.186883 0.472200 -0.631596
1678842876903 -1.881225 -0.089157 -3.977398 0.585909 0.180980 0.457169 -0.644169
1678842876943 -1.898020 -0.084796 -4.005656 0.589828 0.178947 0.452818 -0.644234
1678842876979 -1.916529 -0.082066 -4.033238 0.593109 0.177603 0.443252 -0.648233
1678842877047 -1.952526 -0.075467 -4.092198 0.597520 0.167154 0.432290 -0.654335
1678842877080 -1.970133 -0.076010 -4.118020 0.596271 0.162915 0.430665 -0.657608
1678842877117 -1.982800 -0.077611 -4.137840 0.594462 0.160292 0.429549 -0.660612
1678842877186 -2.020271 -0.088324 -4.192407 0.596154 0.156062 0.432098 -0.658435
1678842877240 -2.038612 -0.092918 -4.217501 0.596057 0.156120 0.432178 -0.658456
1678842877277 -2.081059 -0.103083 -4.275134 0.595013 0.161079 0.432887 -0.657740
1678842877315 -2.102844 -0.104786 -4.303612 0.589891 0.164637 0.434096 -0.660669
1678842877370 -2.121315 -0.107281 -4.325521 0.585324 0.168290 0.434440 -0.663578
1678842877418 -2.164021 -0.104786 -4.383279 0.589172 0.178630 0.437184 -0.655620
1678842877467 -2.204951 -0.100569 -4.436403 0.574104 0.182452 0.453679 -0.656728
1678842877548 -2.243095 -0.101175 -4.491754 0.586094 0.196742 0.460092 -0.637262
1678842877582 -2.258385 -0.098292 -4.512650 0.581497 0.192340 0.468875 -0.636415
1678842877632 -2.295153 -0.097142 -4.559704 0.578620 0.185427 0.481888 -0.631347
1678842877690 -2.315302 -0.099215 -4.583374 0.577705 0.184446 0.480510 -0.633519
1678842877742 -2.361200 -0.109671 -4.628357 0.582110 0.180603 0.472362 -0.636714
1678842877790 -2.382338 -0.114562 -4.652201 0.582846 0.177692 0.468857 -0.639445
1678842877842 -2.423663 -0.124963 -4.700696 0.588990 0.172532 0.463665 -0.639014
1678842877895 -2.442055 -0.126074 -4.726429 0.589134 0.170183 0.463010 -0.639985
1678842877984 -2.503694 -0.124381 -4.801818 0.613341 0.168257 0.436696 -0.636238
1678842878017 -2.522970 -0.118108 -4.823447 0.604767 0.164918 0.437239 -0.644888
1678842878070 -2.547600 -0.116435 -4.849187 0.605448 0.161361 0.437535 -0.644948
1678842878113 -2.591935 -0.115355 -4.894332 0.617524 0.160904 0.421604 -0.644223
1678842878169 -2.641458 -0.110469 -4.937288 0.618626 0.148419 0.411135 -0.652872
1678842878224 -2.666480 -0.110376 -4.958004 0.616616 0.142203 0.407841 -0.658201
1678842878276 -2.722145 -0.116817 -5.007516 0.617043 0.131880 0.405238 -0.661549
1678842878336 -2.750336 -0.120912 -5.029025 0.617244 0.126823 0.403622 -0.663336
1678842878433 -2.837180 -0.128021 -5.102797 0.612978 0.123748 0.405352 -0.666809
1678842878447 -2.866096 -0.126743 -5.130035 0.622556 0.125438 0.404076 -0.658340
1678842878481 -2.893661 -0.124903 -5.151933 0.627742 0.129445 0.400048 -0.655092
1678842878546 -2.939963 -0.112031 -5.187486 0.609081 0.131453 0.413919 -0.663635
1678842878592 -2.962950 -0.109101 -5.208529 0.607978 0.135217 0.419875 -0.660140
1678842878647 -3.011682 -0.108509 -5.254343 0.620297 0.147853 0.423767 -0.643267
1678842878679 -3.033806 -0.105914 -5.274179 0.617846 0.148119 0.424118 -0.645330
1678842878737 -3.080399 -0.103044 -5.312993 0.609087 0.142303 0.429224 -0.651559
1678842878770 -3.103355 -0.106333 -5.332672 0.610001 0.139413 0.425261 -0.653923
1678842878817 -3.126669 -0.112417 -5.352809 0.612063 0.138559 0.419375 -0.655976
1678842878865 -3.184675 -0.125524 -5.403413 0.614316 0.126214 0.415645 -0.658731
1678842878943 -3.209465 -0.134796 -5.423868 0.615497 0.117460 0.413448 -0.660626
1678842878958 -3.238693 -0.145783 -5.447891 0.619456 0.108410 0.409456 -0.660959
1678842879030 -3.290666 -0.161717 -5.489330 0.635504 0.095604 0.386092 -0.661760
1678842879066 -3.332568 -0.159279 -5.514075 0.638042 0.068670 0.375689 -0.668614
1678842879103 -3.356846 -0.152973 -5.527840 0.629946 0.061556 0.374417 -0.677636
1678842879163 -3.375776 -0.145645 -5.533089 0.635267 0.058330 0.371771 -0.674403
1678842879208 -3.429394 -0.140497 -5.554898 0.643375 0.047579 0.361710 -0.673031
1678842879265 -3.449562 -0.138507 -5.555423 0.645098 0.041012 0.353794 -0.676015
1678842879309 -3.505405 -0.141137 -5.568620 0.643892 0.032813 0.341906 -0.683686
1678842879370 -3.536276 -0.147011 -5.580307 0.644687 0.027423 0.341510 -0.683372
1678842879410 -3.598355 -0.161282 -5.594174 0.647369 0.021730 0.336510 -0.683522
1678842879470 -3.668499 -0.177538 -5.611295 0.650343 0.016190 0.326689 -0.685613
1678842879517 -3.702747 -0.181510 -5.618620 0.646712 0.014533 0.325336 -0.689717
1678842879550 -3.737104 -0.184040 -5.626347 0.652384 0.010457 0.323586 -0.685257
1678842879616 -3.804270 -0.184505 -5.644066 0.656460 0.003995 0.330666 -0.678015
1678842879660 -3.834450 -0.180978 -5.654154 0.660891 0.008056 0.334649 -0.671691
1678842879731 -3.889640 -0.177818 -5.673687 0.665613 0.019444 0.342384 -0.662838
1678842879744 -3.917323 -0.176556 -5.682648 0.664610 0.021639 0.346635 -0.661565
1678842879780 -3.952617 -0.174414 -5.694118 0.666246 0.022779 0.349127 -0.658565
1678842879869 -4.021487 -0.175919 -5.716653 0.667853 0.020370 0.341255 -0.661137
1678842879883 -4.052299 -0.177875 -5.726255 0.667324 0.017318 0.337880 -0.663488
1678842879943 -4.082935 -0.180210 -5.736396 0.668864 0.012193 0.335519 -0.663249
1678842879981 -4.142704 -0.185796 -5.759323 0.667866 0.007074 0.335710 -0.664232
1678842880044 -4.205639 -0.192065 -5.783677 0.675374 0.005356 0.334054 -0.657456
1678842880078 -4.234985 -0.192547 -5.795775 0.678526 0.004987 0.334800 -0.653824
1678842880115 -4.264390 -0.192708 -5.808062 0.683379 0.006184 0.332603 -0.649869
1678842880172 -4.329866 -0.190689 -5.834927 0.698475 0.017678 0.317295 -0.641206
1678842880232 -4.356702 -0.185578 -5.847323 0.694302 0.015093 0.323821 -0.642539
1678842880270 -4.383710 -0.181775 -5.860806 0.693442 0.012945 0.328181 -0.641302
1678842880310 -4.437232 -0.177035 -5.892702 0.693112 0.020763 0.321962 -0.644597
1678842880355 -4.470080 -0.177001 -5.910841 0.689975 0.019828 0.324166 -0.646883
1678842880419 -4.519188 -0.175911 -5.946297 0.682800 0.022606 0.331383 -0.650737
1678842880444 -4.543088 -0.176650 -5.965651 0.677811 0.025794 0.338766 -0.652031
1678842880494 -4.568430 -0.179396 -5.987036 0.676184 0.027936 0.347792 -0.648873
1678842880556 -4.610729 -0.184902 -6.028038 0.666762 0.041439 0.366739 -0.647468
1678842880591 -4.634540 -0.187673 -6.050974 0.660418 0.051765 0.376647 -0.647538
1678842880636 -4.680332 -0.191766 -6.098619 0.643675 0.072872 0.403697 -0.646066
1678842880690 -4.699729 -0.193069 -6.121972 0.629417 0.087385 0.419220 -0.648423
1678842880743 -4.735819 -0.196800 -6.170774 0.618896 0.120968 0.440128 -0.639235
1678842880785 -4.760053 -0.198156 -6.204683 0.601353 0.144562 0.455382 -0.640393
1678842880840 -4.773244 -0.196245 -6.231525 0.587412 0.159729 0.473957 -0.636237
1678842880870 -4.793285 -0.198823 -6.283582 0.577018 0.196532 0.498607 -0.616292
1678842880935 -4.800151 -0.196801 -6.310316 0.566076 0.211146 0.511918 -0.610668
1678842880967 -4.802382 -0.189571 -6.360174 0.538575 0.232663 0.547262 -0.596917
1678842881032 -4.804859 -0.189711 -6.386634 0.525206 0.245157 0.557951 -0.593925
1678842881078 -4.807627 -0.195788 -6.441048 0.502986 0.264621 0.578908 -0.584676
1678842881147 -4.801778 -0.203131 -6.496108 0.490011 0.276727 0.593964 -0.574907
1678842881166 -4.800959 -0.207296 -6.524595 0.486260 0.282504 0.597864 -0.571229
1678842881202 -4.799037 -0.209874 -6.552507 0.481521 0.288190 0.601507 -0.568571
1678842881262 -4.798902 -0.209939 -6.583388 0.476518 0.293719 0.604778 -0.566483
1678842881306 -4.790396 -0.207584 -6.637011 0.468503 0.315265 0.602320 -0.564202
1678842881372 -4.786130 -0.213055 -6.657861 0.453248 0.321391 0.609935 -0.565024
1678842881412 -4.771533 -0.212329 -6.708072 0.438815 0.336232 0.623694 -0.552626
1678842881469 -4.755647 -0.201330 -6.761688 0.421954 0.352135 0.633626 -0.544493
1678842881509 -4.745763 -0.196271 -6.783175 0.406213 0.360791 0.639645 -0.543760
1678842881544 -4.736407 -0.191857 -6.804774 0.387817 0.370493 0.645787 -0.543408
1678842881607 -4.724749 -0.189360 -6.825285 0.371567 0.381474 0.651498 -0.540339
1678842881648 -4.697274 -0.189707 -6.866444 0.347196 0.403864 0.662666 -0.526520
1678842881692 -4.683239 -0.191864 -6.887071 0.333518 0.415532 0.668184 -0.519258
1678842881734 -4.668537 -0.194362 -6.906746 0.318363 0.426617 0.674944 -0.510973
1678842881837 -4.637330 -0.195596 -6.944246 0.281817 0.451187 0.689690 -0.491261
1678842881860 -4.606963 -0.196947 -6.977302 0.247065 0.476036 0.700859 -0.470261
1678842881897 -4.575801 -0.195363 -7.004748 0.220503 0.495728 0.716978 -0.437692
1678842881947 -4.562036 -0.191378 -7.016898 0.196711 0.500693 0.724463 -0.431005
1678842881995 -4.547356 -0.188165 -7.028519 0.180571 0.507343 0.730776 -0.419481
1678842882047 -4.532522 -0.186278 -7.038836 0.165814 0.519359 0.733924 -0.405125
1678842882090 -4.503563 -0.182723 -7.053649 0.128608 0.528626 0.743664 -0.388559
1678842882144 -4.474433 -0.185633 -7.070618 0.112290 0.541937 0.744011 -0.374356
1678842882186 -4.463278 -0.190946 -7.071005 0.107020 0.547897 0.741485 -0.372231
1678842882223 -4.448123 -0.193479 -7.078224 0.103505 0.554486 0.738812 -0.368767
1678842882271 -4.416013 -0.201915 -7.088359 0.100286 0.565171 0.735626 -0.359693
1678842882330 -4.398236 -0.205392 -7.094530 0.099916 0.568973 0.734685 -0.355702
1678842882378 -4.382707 -0.208110 -7.100617 0.098500 0.571714 0.734632 -0.351791
1678842882401 -4.342515 -0.212974 -7.111220 0.089616 0.572723 0.737306 -0.346896
1678842882474 -4.300032 -0.215564 -7.119606 0.083181 0.570683 0.741912 -0.342007
1678842882520 -4.275390 -0.217327 -7.124888 0.078196 0.569735 0.743216 -0.341932
1678842882573 -4.250998 -0.220463 -7.131257 0.081150 0.572779 0.741203 -0.340526
1678842882612 -4.197008 -0.222602 -7.141459 0.095787 0.583365 0.732714 -0.337105
1678842882677 -4.171406 -0.221502 -7.148895 0.090715 0.587911 0.728982 -0.338698
1678842882707 -4.118737 -0.219732 -7.152242 0.088014 0.594634 0.726659 -0.332613
1678842882758 -4.093900 -0.217660 -7.153869 0.084280 0.593228 0.729631 -0.329569
1678842882802 -4.049811 -0.208047 -7.156738 0.078821 0.590957 0.731638 -0.330549
1678842882874 -4.012197 -0.194793 -7.158261 0.057704 0.591278 0.733220 -0.330831
1678842882908 -3.994140 -0.192998 -7.160719 0.053822 0.590367 0.736052 -0.326798
1678842882967 -3.973363 -0.192891 -7.167788 0.053900 0.590447 0.738594 -0.320852
1678842883015 -3.936461 -0.194861 -7.178224 0.049154 0.589954 0.742046 -0.314493
1678842883058 -3.916365 -0.195753 -7.183839 0.046222 0.590083 0.743530 -0.311173
1678842883089 -3.897131 -0.198193 -7.191206 0.043967 0.590685 0.744323 -0.308449
1678842883146 -3.852597 -0.202272 -7.210198 0.038143 0.591365 0.745210 -0.305768
1678842883182 -3.831192 -0.206787 -7.221324 0.037622 0.592621 0.744877 -0.304211
1678842883242 -3.785918 -0.217072 -7.246480 0.033343 0.597697 0.742642 -0.300215
1678842883287 -3.758488 -0.221341 -7.261764 0.029392 0.599755 0.742122 -0.297800
1678842883324 -3.733146 -0.226645 -7.276167 0.025885 0.603670 0.740672 -0.293798
1678842883368 -3.677852 -0.235015 -7.308847 0.014517 0.611632 0.736728 -0.287972
1678842883411 -3.651095 -0.237914 -7.324309 0.005077 0.613230 0.736866 -0.284519
1678842883466 -3.593087 -0.241351 -7.360746 0.007135 0.609669 0.748367 -0.261151
1678842883536 -3.569498 -0.235611 -7.376041 -0.001625 0.610177 0.748710 -0.259065
1678842883570 -3.525445 -0.223738 -7.401347 -0.019850 0.607220 0.753868 -0.250147
1678842883611 -3.504021 -0.219771 -7.411435 -0.025422 0.607687 0.756944 -0.238970
1678842883660 -3.484398 -0.215310 -7.418777 -0.032987 0.606509 0.759139 -0.234022
1678842883734 -3.447013 -0.207080 -7.431964 -0.048171 0.606441 0.761615 -0.223274
1678842883758 -3.429723 -0.203333 -7.437819 -0.055272 0.609825 0.759711 -0.218854
1678842883817 -3.396306 -0.202337 -7.443552 -0.062477 0.612250 0.760290 -0.207860
1678842883872 -3.379405 -0.202393 -7.445899 -0.066004 0.615218 0.758641 -0.203996
1678842883912 -3.347730 -0.202626 -7.447614 -0.072910 0.620812 0.754884 -0.198563
1678842883943 -3.331095 -0.203883 -7.447350 -0.074728 0.622154 0.754511 -0.195076
1678842884000 -3.315114 -0.206727 -7.444389 -0.078327 0.623354 0.753985 -0.191838
1678842884083 -3.279956 -0.209402 -7.438468 -0.087668 0.625864 0.752187 -0.186610
1678842884104 -3.259870 -0.211645 -7.434481 -0.091003 0.627274 0.751495 -0.183032
1678842884155 -3.216318 -0.216013 -7.422381 -0.097952 0.628387 0.751413 -0.175823
1678842884206 -3.167181 -0.222284 -7.407612 -0.106031 0.629899 0.750214 -0.170771
1678842884244 -3.140566 -0.224739 -7.398579 -0.107908 0.630571 0.749450 -0.170474
1678842884291 -3.112851 -0.227269 -7.389369 -0.106461 0.633747 0.746954 -0.170560
1678842884336 -3.055462 -0.231728 -7.368457 -0.101856 0.652068 0.732582 -0.166600
1678842884391 -3.025270 -0.234948 -7.357733 -0.095103 0.651344 0.733896 -0.167640
1678842884439 -2.995533 -0.237545 -7.346832 -0.091012 0.648758 0.736905 -0.166734
1678842884486 -2.941246 -0.238336 -7.327426 -0.088084 0.652025 0.735485 -0.161760
1678842884549 -2.895178 -0.230176 -7.311599 -0.098966 0.644221 0.740057 -0.165831
1678842884573 -2.874691 -0.224273 -7.306275 -0.102758 0.642691 0.739517 -0.171765
1678842884639 -2.837692 -0.217349 -7.299988 -0.101800 0.641928 0.739134 -0.176767
1678842884687 -2.820002 -0.214276 -7.297133 -0.105000 0.640627 0.739517 -0.178005
1678842884738 -2.802807 -0.212579 -7.294527 -0.108210 0.636216 0.742967 -0.177537
1678842884777 -2.767026 -0.212555 -7.291879 -0.111520 0.629437 0.750013 -0.169860
1678842884836 -2.749230 -0.211703 -7.292132 -0.115520 0.628303 0.750762 -0.168069
1678842884874 -2.712688 -0.211036 -7.296834 -0.123424 0.628650 0.749705 -0.165857
1678842884916 -2.691841 -0.212788 -7.300254 -0.124713 0.629459 0.749237 -0.163928
1678842884973 -2.668798 -0.214338 -7.304183 -0.125191 0.632405 0.747259 -0.161231
1678842885008 -2.621618 -0.219101 -7.315873 -0.132854 0.635278 0.743617 -0.160637
1678842885075 -2.567130 -0.224404 -7.330398 -0.145762 0.637603 0.739795 -0.157858
1678842885117 -2.539869 -0.227429 -7.339363 -0.152683 0.635155 0.740841 -0.156268
1678842885166 -2.512542 -0.229029 -7.348416 -0.161522 0.637370 0.737925 -0.152111
1678842885213 -2.460503 -0.233750 -7.363725 -0.173938 0.628402 0.746871 -0.130537
1678842885251 -2.437843 -0.231044 -7.371336 -0.182674 0.624528 0.749778 -0.120118
1678842885314 -2.396609 -0.221361 -7.385216 -0.203649 0.626024 0.745209 -0.106231
1678842885356 -2.377258 -0.219926 -7.389107 -0.208600 0.621484 0.748902 -0.096897
1678842885411 -2.337388 -0.211711 -7.393864 -0.220312 0.626423 0.742575 -0.087405
1678842885457 -2.316314 -0.207845 -7.394079 -0.225389 0.627369 0.740827 -0.082353
1678842885538 -2.259313 -0.202811 -7.379304 -0.239586 0.637645 0.728980 -0.067795
1678842885567 -2.241619 -0.202621 -7.368922 -0.249862 0.639736 0.724357 -0.060115
1678842885601 -2.224032 -0.203543 -7.356360 -0.260337 0.640126 0.720967 -0.051674
1678842885640 -2.206555 -0.205519 -7.341779 -0.271919 0.639437 0.717916 -0.042157
1678842885706 -2.175007 -0.214609 -7.305375 -0.294027 0.636601 0.712613 -0.021680
1678842885746 -2.157810 -0.219775 -7.285213 -0.306752 0.632801 0.710890 -0.010061
1678842885802 -2.140263 -0.225633 -7.261948 -0.319517 0.627862 0.709717 0.000161
1678842885848 -2.104847 -0.233457 -7.211297 -0.341726 0.619749 0.706154 0.021937
1678842885886 -2.088169 -0.234753 -7.181947 -0.353251 0.616466 0.702946 0.032403
1678842885940 -2.055523 -0.235570 -7.117999 -0.364353 0.615036 0.696735 0.059482
1678842885982 -2.043684 -0.231223 -7.084394 -0.376106 0.616416 0.687893 0.073346
1678842886016 -2.035300 -0.225703 -7.050073 -0.397787 0.615754 0.674768 0.085445
1678842886076 -2.024777 -0.218375 -6.981747 -0.441180 0.605673 0.652270 0.114299
1678842886128 -2.020587 -0.215273 -6.949131 -0.456932 0.601147 0.642956 0.128230
1678842886160 -2.018306 -0.212053 -6.918552 -0.472721 0.599697 0.630817 0.137727
1678842886215 -2.015305 -0.205436 -6.859282 -0.499376 0.600214 0.603562 0.161490
1678842886267 -2.011611 -0.206833 -6.799717 -0.526242 0.594171 0.578800 0.187137
1678842886308 -2.011011 -0.208424 -6.770305 -0.538629 0.591484 0.565525 0.200517
1678842886350 -2.012699 -0.211252 -6.740167 -0.549656 0.588011 0.553645 0.213539
1678842886426 -2.012800 -0.214189 -6.678811 -0.576266 0.579607 0.524143 0.239263
1678842886477 -2.019252 -0.216575 -6.619229 -0.611568 0.566999 0.485596 0.262095
1678842886515 -2.025304 -0.217436 -6.590375 -0.630217 0.560051 0.460657 0.277426
1678842886567 -2.029363 -0.221936 -6.559982 -0.644983 0.545469 0.446230 0.295534
1678842886618 -2.044954 -0.218884 -6.506719 0.668193 -0.529217 -0.402368 -0.333987
1678842886674 -2.064874 -0.218742 -6.456897 0.694686 -0.499934 -0.370810 -0.360523
1678842886728 -2.074333 -0.217691 -6.432694 0.696992 -0.492485 -0.361050 -0.375904
1678842886745 -2.084409 -0.214621 -6.411356 0.704234 -0.488220 -0.342539 -0.385178
1678842886820 -2.105048 -0.211052 -6.370622 0.717143 -0.480955 -0.309167 -0.398501
1678842886852 -2.115767 -0.212460 -6.349441 0.719048 -0.477569 -0.299473 -0.406465
1678842886937 -2.158392 -0.221874 -6.298014 0.726747 -0.466408 -0.277075 -0.421346
1678842886959 -2.172603 -0.225948 -6.276117 0.728055 -0.463497 -0.272975 -0.424960
1678842887012 -2.187720 -0.229193 -6.254174 0.729340 -0.460943 -0.269199 -0.427933
1678842887086 -2.215816 -0.234858 -6.195887 0.729986 -0.457841 -0.264578 -0.433013
1678842887115 -2.232712 -0.234610 -6.172957 0.729713 -0.457658 -0.259268 -0.436862
1678842887155 -2.257300 -0.231897 -6.157058 0.732524 -0.455657 -0.256229 -0.436041
1678842887219 -2.293032 -0.230457 -6.109743 0.729603 -0.451743 -0.260044 -0.442701
1678842887273 -2.331811 -0.217207 -6.060037 0.726728 -0.455764 -0.255201 -0.446113
1678842887319 -2.349477 -0.214857 -6.037889 0.727159 -0.456589 -0.253164 -0.445730
1678842887347 -2.361512 -0.211336 -6.025872 0.725153 -0.456746 -0.256274 -0.447057
1678842887404 -2.392757 -0.205997 -5.982355 0.722136 -0.463499 -0.256065 -0.445105
1678842887467 -2.398124 -0.200584 -5.980673 0.722252 -0.468942 -0.251459 -0.441830
1678842887507 -2.411898 -0.198609 -5.959338 0.721816 -0.473012 -0.249065 -0.439553
1678842887533 -2.439126 -0.198289 -5.915196 0.721362 -0.477187 -0.245333 -0.437883
1678842887584 -2.453207 -0.200761 -5.891166 0.722283 -0.478457 -0.242515 -0.436547
1678842887620 -2.466368 -0.201537 -5.868593 0.723083 -0.479132 -0.238741 -0.436561
1678842887676 -2.490933 -0.198510 -5.826731 0.726519 -0.483795 -0.222410 -0.434335
1678842887735 -2.503119 -0.198262 -5.802969 0.729213 -0.482156 -0.225616 -0.429966
1678842887783 -2.528255 -0.188010 -5.751684 0.719915 -0.486436 -0.229363 -0.438743
1678842887829 -2.549625 -0.181741 -5.709874 0.720799 -0.491978 -0.217009 -0.437394
1678842887877 -2.562605 -0.187086 -5.688709 0.725663 -0.481030 -0.225703 -0.437129
1678842887920 -2.574440 -0.189289 -5.668030 0.727411 -0.475334 -0.233874 -0.436159
1678842887972 -2.592986 -0.188185 -5.631151 0.723596 -0.484965 -0.227968 -0.435026
1678842888020 -2.602444 -0.188317 -5.611310 0.719891 -0.489768 -0.233636 -0.432779
1678842888067 -2.613445 -0.187837 -5.587151 0.713986 -0.494978 -0.238978 -0.433717
1678842888096 -2.632646 -0.192278 -5.544945 0.707773 -0.505849 -0.251187 -0.424358
1678842888169 -2.639534 -0.193405 -5.528780 0.703464 -0.511200 -0.261569 -0.418802
1678842888204 -2.661919 -0.200120 -5.482944 0.695404 -0.521981 -0.278828 -0.407680
1678842888247 -2.675251 -0.203460 -5.459739 0.693718 -0.525292 -0.286952 -0.400602
1678842888300 -2.686047 -0.208817 -5.441754 0.691281 -0.529347 -0.293548 -0.394655
1678842888349 -2.719470 -0.208252 -5.386466 0.681684 -0.539083 -0.314252 -0.382024
1678842888383 -2.735270 -0.210059 -5.362035 0.672923 -0.538061 -0.334745 -0.381590
1678842888451 -2.767783 -0.204167 -5.315070 0.656308 -0.548290 -0.348366 -0.383771
1678842888480 -2.783742 -0.199897 -5.296259 0.655011 -0.548597 -0.350841 -0.383292
1678842888516 -2.799483 -0.195594 -5.278088 0.655539 -0.547427 -0.351697 -0.383278
1678842888573 -2.828640 -0.189629 -5.243425 0.657043 -0.549618 -0.346973 -0.381870
1678842888629 -2.842416 -0.189283 -5.225346 0.657316 -0.546173 -0.349965 -0.383609
1678842888670 -2.873381 -0.190646 -5.185255 0.653737 -0.540672 -0.350044 -0.397204
1678842888720 -2.885897 -0.193230 -5.168316 0.653533 -0.535286 -0.353050 -0.402144
1678842888752 -2.897417 -0.195116 -5.152059 0.651447 -0.532097 -0.353101 -0.409645
1678842888803 -2.917885 -0.197131 -5.118104 0.648271 -0.527630 -0.352125 -0.421141
1678842888853 -2.925303 -0.197625 -5.101274 0.649128 -0.526251 -0.350067 -0.423256
1678842888894 -2.930058 -0.198361 -5.084754 0.650355 -0.524448 -0.347937 -0.425362
1678842888936 -2.936920 -0.202470 -5.043849 0.650953 -0.520358 -0.347445 -0.429848
1678842888987 -2.938576 -0.204455 -5.020113 0.651342 -0.516545 -0.349955 -0.431817
1678842889066 -2.933866 -0.202340 -4.972379 0.654708 -0.516311 -0.346370 -0.429894
1678842889084 -2.934232 -0.199381 -4.938253 0.656765 -0.519866 -0.341345 -0.426476
1678842889143 -2.920550 -0.189989 -4.878386 0.646429 -0.524479 -0.352376 -0.427647
1678842889187 -2.909731 -0.183701 -4.852252 0.636543 -0.527929 -0.359896 -0.431947
1678842889248 -2.898083 -0.175575 -4.828150 0.632233 -0.532032 -0.364196 -0.429633
1678842889276 -2.875874 -0.159255 -4.781222 0.630328 -0.539427 -0.365424 -0.422103
1678842889324 -2.863044 -0.153479 -4.760861 0.631101 -0.540134 -0.371407 -0.414758
1678842889379 -2.831768 -0.142944 -4.727901 0.622722 -0.549409 -0.388178 -0.399604
1678842889421 -2.814793 -0.137405 -4.710423 0.615500 -0.557421 -0.397169 -0.390767
1678842889464 -2.778147 -0.129085 -4.680350 -0.601483 0.572280 0.415807 0.371238
1678842889534 -2.759354 -0.126044 -4.665386 -0.594341 0.579075 0.425707 0.360839
1678842889574 -2.718419 -0.124634 -4.638562 -0.582428 0.589841 0.444860 0.339063
1678842889606 -2.697589 -0.124283 -4.625545 -0.577170 0.594669 0.454641 0.326414
1678842889647 -2.677061 -0.124807 -4.612155 -0.571692 0.596756 0.466627 0.315134
1678842889699 -2.635717 -0.126735 -4.587704 -0.561061 0.603032 0.486632 0.291122
1678842889748 -2.615092 -0.128055 -4.576204 -0.553859 0.605922 0.497358 0.280595
1678842889784 -2.594743 -0.128872 -4.565593 -0.545566 0.607915 0.508820 0.271845
1678842889843 -2.574502 -0.130832 -4.554986 -0.535895 0.610605 0.519849 0.264073
1678842889883 -2.532961 -0.137726 -4.535861 -0.509237 0.609597 0.552174 0.253325
1678842889939 -2.492321 -0.136727 -4.522142 -0.499454 0.615002 0.564062 0.232706
1678842889985 -2.470923 -0.137807 -4.516647 -0.493388 0.616548 0.572376 0.220956
1678842890020 -2.447872 -0.139075 -4.509905 -0.480683 0.621005 0.581368 0.212858
1678842890082 -2.398382 -0.141852 -4.498361 -0.450866 0.632907 0.597738 0.197124
1678842890169 -2.350638 -0.144671 -4.489819 -0.435746 0.642522 0.603131 0.183094
1678842890190 -2.325960 -0.148206 -4.484859 -0.432544 0.643267 0.606750 0.175974
1678842890250 -2.272451 -0.157303 -4.474814 -0.424009 0.644350 0.614377 0.166043
1678842890307 -2.243938 -0.159942 -4.469840 -0.421294 0.647103 0.614148 0.163069
1678842890343 -2.184243 -0.166815 -4.461087 -0.420695 0.645064 0.618315 0.156825
1678842890408 -2.120955 -0.170252 -4.452253 -0.420650 0.645396 0.618749 0.153845
1678842890446 -2.088223 -0.170879 -4.447820 -0.419263 0.640783 0.624443 0.153905
1678842890489 -2.056831 -0.168909 -4.443902 -0.420677 0.641303 0.621823 0.158422
1678842890545 -2.000217 -0.163696 -4.435514 -0.437945 0.633494 0.618166 0.157356
1678842890595 -1.971196 -0.161068 -4.430782 -0.442581 0.628532 0.619967 0.157195
1678842890651 -1.914754 -0.154372 -4.420272 -0.438614 0.634957 0.617034 0.153999
1678842890699 -1.886407 -0.151456 -4.416009 -0.437397 0.638064 0.615633 0.150177
1678842890740 -1.830648 -0.150189 -4.402309 -0.433613 0.644521 0.613489 0.142141
1678842890788 -1.800523 -0.149894 -4.394908 -0.430633 0.646334 0.614419 0.138908
1678842890819 -1.771749 -0.150549 -4.388057 -0.427529 0.648242 0.615568 0.134451
1678842890881 -1.714673 -0.150314 -4.376341 -0.424529 0.650419 0.617625 0.123573
1678842890931 -1.687859 -0.149831 -4.373464 -0.424822 0.651683 0.617317 0.117282
1678842890968 -1.627044 -0.149512 -4.366065 -0.424845 0.647748 0.624148 0.101827
1678842891029 -1.594322 -0.149793 -4.364729 -0.414606 0.643413 0.636273 0.096326
1678842891071 -1.531902 -0.142928 -4.366573 -0.397765 0.652112 0.640436 0.079839
1678842891135 -1.502589 -0.139742 -4.368687 -0.389686 0.650739 0.647592 0.072862
1678842891170 -1.475508 -0.137581 -4.373090 -0.381121 0.652835 0.651135 0.067647
1678842891249 -1.399669 -0.124111 -4.391448 -0.369497 0.662955 0.649676 0.043401
1678842891274 -1.373320 -0.122484 -4.399360 -0.363878 0.666513 0.649659 0.036006
1678842891331 -1.347261 -0.122107 -4.408157 -0.360214 0.668103 0.650406 0.029255
1678842891368 -1.293641 -0.121313 -4.429267 -0.355093 0.672063 0.649507 0.019519
1678842891431 -1.268429 -0.121629 -4.441658 -0.356899 0.672855 0.647771 0.016801
1678842891478 -1.212379 -0.119163 -4.470855 -0.363042 0.673203 0.644040 0.014549
1678842891524 -1.185092 -0.120287 -4.487478 -0.367256 0.673235 0.641582 0.015853
1678842891574 -1.133877 -0.122810 -4.522605 -0.385339 0.666636 0.637713 0.020811
1678842891612 -1.108516 -0.125460 -4.539985 -0.391426 0.659206 0.641470 0.027382
1678842891665 -1.084825 -0.132181 -4.557625 -0.395272 0.652871 0.645297 0.033334
1678842891706 -1.039661 -0.131999 -4.591125 -0.398491 0.645134 0.650605 0.041476
1678842891757 -1.016326 -0.132185 -4.606455 -0.393467 0.641995 0.656678 0.042423
1678842891824 -0.977919 -0.127198 -4.634016 -0.377377 0.651456 0.656777 0.042844
1678842891866 -0.960984 -0.124397 -4.645852 -0.373894 0.652704 0.657860 0.037417
1678842891892 -0.928278 -0.122862 -4.664970 -0.359749 0.660507 0.658256 0.031788
1678842891952 -0.914320 -0.124156 -4.672431 -0.356630 0.664251 0.656387 0.027245
1678842892012 -0.885375 -0.126909 -4.684174 -0.348381 0.662630 0.662706 0.019282
1678842892037 -0.872534 -0.127720 -4.689094 -0.348276 0.662342 0.663195 0.013374
1678842892100 -0.848234 -0.131752 -4.696228 -0.330561 0.647467 0.686582 0.010975
1678842892144 -0.839307 -0.127991 -4.701081 -0.331699 0.653097 0.680724 0.007370
1678842892210 -0.825864 -0.122126 -4.707794 -0.347176 0.646441 0.679309 -0.011046
1678842892255 -0.811995 -0.121981 -4.711068 -0.342034 0.648258 0.680240 -0.006873
1678842892282 -0.802761 -0.120637 -4.712923 -0.333794 0.653358 0.679484 -0.002428
1678842892316 -0.794872 -0.118016 -4.714536 -0.328007 0.659927 0.675948 0.001179
1678842892372 -0.784477 -0.111716 -4.715901 -0.338358 0.670014 0.660582 0.015044
1678842892411 -0.782597 -0.109008 -4.714360 -0.353737 0.670850 0.651441 0.021329
1678842892469 -0.780692 -0.107011 -4.706917 -0.379785 0.670191 0.636105 0.044471
1678842892504 -0.780182 -0.106146 -4.702839 -0.394267 0.671595 0.624663 0.057527
1678842892551 -0.780745 -0.106320 -4.698907 -0.406087 0.671028 0.616348 0.070213
1678842892612 -0.783429 -0.105282 -4.689943 -0.432709 0.670369 0.594882 0.097380
1678842892666 -0.789356 -0.102820 -4.686019 -0.444916 0.668702 0.585411 0.110370
1678842892698 -0.796259 -0.105400 -4.674241 -0.460929 0.662484 0.573913 0.138862
1678842892741 -0.801212 -0.104364 -4.664647 -0.467910 0.658932 0.568875 0.152482
1678842892806 -0.806643 -0.104426 -4.658134 -0.474577 0.657478 0.561577 0.164714
1678842892853 -0.820544 -0.102900 -4.644060 -0.487007 0.655699 0.545102 0.189066
1678842892915 -0.833985 -0.103559 -4.626733 -0.500538 0.650330 0.532842 0.206427
1678842892941 -0.841084 -0.104418 -4.617188 -0.506343 0.646726 0.528517 0.214549
1678842893009 -0.857421 -0.106986 -4.598526 -0.516951 0.641789 0.518435 0.228241
1678842893032 -0.857421 -0.106986 -4.598526 -0.516951 0.641789 0.518435 0.228241
1678842893092 -0.877764 -0.108888 -4.576734 -0.527363 0.636695 0.506370 0.245146
1678842893154 -0.903664 -0.111147 -4.550859 -0.542401 0.628618 0.494363 0.257383
1678842893185 -0.918759 -0.112930 -4.535932 -0.549645 0.623169 0.490035 0.263468
1678842893249 -0.952717 -0.116406 -4.503518 -0.563841 0.613193 0.480673 0.273920
1678842893292 -0.972194 -0.117670 -4.486372 -0.569407 0.609624 0.475682 0.279037
1678842893347 -1.014939 -0.120050 -4.446929 -0.578978 0.605159 0.465131 0.286743
1678842893394 -1.063386 -0.118951 -4.402840 -0.586293 0.605427 0.452309 0.291778
1678842893446 -1.089360 -0.118543 -4.379616 -0.584716 0.603013 0.451951 0.300371
1678842893478 -1.116238 -0.116227 -4.356297 -0.582385 0.602591 0.448345 0.310965
1678842893543 -1.169094 -0.107104 -4.313910 -0.590219 0.602839 0.430937 0.320189
1678842893584 -1.195331 -0.102803 -4.293542 -0.595741 0.600519 0.422592 0.325402
1678842893640 -1.242655 -0.095151 -4.252251 -0.605508 0.593899 0.409381 0.336230
1678842893697 -1.282951 -0.087349 -4.211431 -0.610407 0.592444 0.395526 0.346371
1678842893737 -1.300152 -0.082633 -4.190934 -0.612662 0.595052 0.385867 0.348805
1678842893779 -1.316492 -0.078943 -4.168289 -0.618027 0.595502 0.378180 0.346987
1678842893839 -1.342626 -0.071931 -4.121527 0.625728 -0.596000 -0.366991 -0.344334
1678842893884 -1.357342 -0.068750 -4.095068 0.628289 -0.597234 -0.362422 -0.342368
1678842893963 -1.378551 -0.063140 -4.043497 0.630931 -0.603432 -0.353272 -0.336146
1678842893994 -1.398118 -0.065110 -4.010402 0.630751 -0.607697 -0.347834 -0.334469
1678842894031 -1.408933 -0.066302 -3.982537 0.628720 -0.608977 -0.350252 -0.333439
1678842894097 -1.433110 -0.070674 -3.926051 -0.611332 0.613717 0.357177 0.349355
1678842894121 -1.442391 -0.074980 -3.898970 -0.603450 0.615206 0.362604 0.354807
1678842894173 -1.459358 -0.084997 -3.847692 -0.596047 0.612928 0.380156 0.352886
1678842894218 -1.474496 -0.089377 -3.817118 -0.583933 0.611463 0.394896 0.359434
1678842894282 -1.481150 -0.096447 -3.793950 -0.569697 0.606866 0.415129 0.367188
1678842894336 -1.487720 -0.115691 -3.740327 -0.546449 0.600339 0.456594 0.364017
1678842894395 -1.490939 -0.115555 -3.720008 -0.540630 0.601228 0.464787 0.360856
1678842894431 -1.493455 -0.119045 -3.697975 -0.535286 0.603876 0.471759 0.355312
1678842894476 -1.500083 -0.126122 -3.650674 -0.527940 0.605245 0.493071 0.334422
1678842894519 -1.509729 -0.127259 -3.619157 -0.524273 0.606324 0.499632 0.328446
1678842894571 -1.522933 -0.133051 -3.562134 -0.528226 0.608230 0.503778 0.311835
1678842894637 -1.530650 -0.134681 -3.531394 -0.530078 0.609336 0.504177 0.305832
1678842894697 -1.549959 -0.135974 -3.468130 -0.528913 0.616793 0.497710 0.303483
1678842894736 -1.570080 -0.132243 -3.400004 -0.532298 0.610724 0.505586 0.296746
1678842894781 -1.578953 -0.126571 -3.367234 -0.533539 0.612074 0.503708 0.294924
1678842894811 -1.587397 -0.122385 -3.333187 -0.533462 0.615389 0.501304 0.292247
1678842894881 -1.597445 -0.112017 -3.271838 -0.529611 0.618648 0.501102 0.292718
1678842894941 -1.597361 -0.111426 -3.242865 -0.532957 0.618111 0.501495 0.287052
1678842894988 -1.596862 -0.107719 -3.182587 -0.536924 0.618102 0.504896 0.273391
1678842895022 -1.593985 -0.108393 -3.154756 -0.534620 0.620208 0.506457 0.270231
1678842895046 -1.589601 -0.109736 -3.123849 -0.533041 0.622534 0.507351 0.266295
1678842895105 -1.579212 -0.116612 -3.052973 -0.534891 0.626355 0.505536 0.256912
1678842895156 -1.572379 -0.120426 -3.019090 -0.537075 0.627730 0.502603 0.254748
1678842895198 -1.565106 -0.122420 -2.985064 -0.540200 0.627333 0.499899 0.254438
1678842895247 -1.552156 -0.126251 -2.911834 -0.549556 0.625387 0.488243 0.261722
1678842895314 -1.544591 -0.127092 -2.874870 -0.558190 0.620180 0.483652 0.264353
1678842895343 -1.535864 -0.122123 -2.801059 -0.580727 0.605362 0.475531 0.264885
1678842895400 -1.531987 -0.119952 -2.768950 -0.585861 0.602334 0.467659 0.274328
1678842895442 -1.527126 -0.117403 -2.700607 -0.594774 0.586936 0.462416 0.296513
1678842895501 -1.523348 -0.111962 -2.635987 -0.609014 0.574436 0.451271 0.308997
1678842895553 -1.521871 -0.111454 -2.604911 -0.615422 0.569215 0.446384 0.313036
1678842895582 -1.520197 -0.110893 -2.575325 -0.619840 0.567294 0.439690 0.317252
1678842895644 -1.515778 -0.117127 -2.510130 -0.626670 0.562529 0.434144 0.319944
1678842895708 -1.510402 -0.123417 -2.440882 -0.628130 0.557613 0.436436 0.322558
1678842895752 -1.508253 -0.126393 -2.405770 -0.630565 0.557084 0.434861 0.320844
1678842895784 -1.505123 -0.127890 -2.370831 -0.633921 0.556390 0.433374 0.317428
1678842895844 -1.501405 -0.129532 -2.297340 -0.638489 0.558115 0.427829 0.312732
1678842895902 -1.501127 -0.126342 -2.224784 -0.632252 0.555027 0.440264 0.313641
1678842895945 -1.500494 -0.121062 -2.190733 -0.629665 0.560050 0.438154 0.312870
1678842895992 -1.499264 -0.116563 -2.156809 -0.628141 0.561105 0.440311 0.311009
1678842896048 -1.493949 -0.112275 -2.089713 -0.626074 0.562473 0.441105 0.311578
1678842896100 -1.491856 -0.109217 -2.055657 -0.627826 0.566375 0.434999 0.309565
1678842896144 -1.491696 -0.104366 -1.992602 -0.628931 0.572463 0.425686 0.309070
1678842896210 -1.492666 -0.107295 -1.925989 -0.631282 0.573862 0.416229 0.314515
1678842896270 -1.495790 -0.113797 -1.856714 -0.638076 0.572562 0.401819 0.321828
1678842896332 -1.497255 -0.120296 -1.813748 0.642319 -0.570196 -0.394486 -0.326626
1678842896363 -1.501572 -0.123436 -1.778711 0.647933 -0.566295 -0.385235 -0.333296
1678842896405 -1.513713 -0.131106 -1.708686 0.666911 -0.551503 -0.363354 -0.345035
1678842896448 -1.523571 -0.133539 -1.675042 0.675563 -0.538052 -0.354910 -0.357986
1678842896486 -1.533855 -0.134706 -1.645406 0.681943 -0.530309 -0.338257 -0.373242
1678842896549 -1.565468 -0.132534 -1.591435 0.693748 -0.509046 -0.309923 -0.404393
1678842896610 -1.603577 -0.129864 -1.550447 0.706354 -0.480674 -0.281506 -0.436775
1678842896643 -1.626047 -0.128525 -1.533427 0.715903 -0.467362 -0.262763 -0.447226
1678842896683 -1.648678 -0.127608 -1.521109 0.723545 -0.454938 -0.242686 -0.458930
1678842896752 -1.700980 -0.130960 -1.495480 0.737666 -0.431398 -0.205443 -0.477009
1678842896806 -1.761030 -0.139409 -1.486132 0.750557 -0.405764 -0.178618 -0.490015
1678842896851 -1.791293 -0.142965 -1.477533 0.756626 -0.394658 -0.167590 -0.493635
1678842896889 -1.822032 -0.144214 -1.476018 0.760945 -0.385446 -0.157446 -0.497598
1678842896963 -1.886626 -0.146399 -1.461915 0.763541 -0.372658 -0.137153 -0.509234
1678842897016 -1.959375 -0.145036 -1.449839 0.765947 -0.362289 -0.120949 -0.517149
1678842897083 -2.035747 -0.143878 -1.441706 0.764231 -0.349028 -0.106082 -0.531862
1678842897112 -2.073151 -0.140895 -1.440318 0.763727 -0.343300 -0.093710 -0.538595
1678842897174 -2.147650 -0.137121 -1.439582 0.767301 -0.322091 -0.076674 -0.549206
1678842897211 -2.185386 -0.137077 -1.438613 0.768437 -0.313000 -0.064326 -0.554434
1678842897254 -2.220553 -0.135680 -1.439546 0.767970 -0.306791 -0.047979 -0.560177
1678842897313 -2.288549 -0.134039 -1.442140 0.765064 -0.293238 -0.017312 -0.573052
1678842897396 -2.360341 -0.138817 -1.442276 0.760509 -0.279221 0.006423 -0.586192
1678842897439 -2.434060 -0.147780 -1.442259 0.754554 -0.265774 0.031449 -0.599185
1678842897510 -2.509425 -0.158546 -1.442530 0.749204 -0.250256 0.058138 -0.610480
1678842897552 -2.548218 -0.163182 -1.443200 0.749411 -0.242623 0.072909 -0.611719
1678842897601 -2.620211 -0.170864 -1.446375 0.747215 -0.215753 0.098205 -0.620868
1678842897662 -2.657327 -0.170901 -1.449492 0.747668 -0.198862 0.108411 -0.624254
1678842897707 -2.732427 -0.168941 -1.456469 0.738128 -0.170725 0.137817 -0.637986
1678842897761 -2.800231 -0.166650 -1.464864 0.739796 -0.136399 0.161959 -0.638644
1678842897804 -2.838936 -0.160000 -1.471368 0.737192 -0.124572 0.179967 -0.639251
1678842897861 -2.870311 -0.157038 -1.476616 0.737445 -0.115963 0.197780 -0.635303
1678842897902 -2.941972 -0.147402 -1.493224 0.733992 -0.098912 0.224280 -0.633380
1678842897939 -2.975082 -0.149885 -1.500067 0.732625 -0.092904 0.234174 -0.632291
1678842898005 -3.046294 -0.157503 -1.515757 0.731842 -0.083235 0.246863 -0.629712
1678842898044 -3.081708 -0.162625 -1.523289 0.733442 -0.079679 0.248682 -0.627592
1678842898084 -3.112336 -0.167605 -1.530982 0.734530 -0.076858 0.247996 -0.626943
1678842898143 -3.184453 -0.176487 -1.544117 0.734417 -0.071986 0.242769 -0.629692
1678842898187 -3.220552 -0.173477 -1.550802 0.736093 -0.068126 0.234375 -0.631344
1678842898237 -3.292843 -0.173280 -1.561857 0.733056 -0.060582 0.214715 -0.642539
1678842898301 -3.358570 -0.172305 -1.562664 0.735502 -0.069200 0.205251 -0.641966
1678842898354 -3.393101 -0.167690 -1.566374 0.735971 -0.072110 0.199606 -0.642888
1678842898386 -3.427165 -0.162001 -1.569664 0.734009 -0.081129 0.200100 -0.643901
1678842898435 -3.482104 -0.158584 -1.567456 0.731053 -0.097759 0.202456 -0.644218
1678842898499 -3.518281 -0.157074 -1.570688 0.726205 -0.102925 0.202777 -0.648779
1678842898538 -3.581524 -0.160927 -1.572886 0.719241 -0.117252 0.206540 -0.652905
1678842898579 -3.620286 -0.162603 -1.577661 0.714835 -0.120653 0.207061 -0.656947
1678842898616 -3.666931 -0.165023 -1.585402 0.711209 -0.121649 0.210859 -0.659486
1678842898679 -3.744130 -0.170309 -1.601466 0.710285 -0.113507 0.220514 -0.658776
1678842898727 -3.780467 -0.173892 -1.609464 0.706671 -0.103670 0.229521 -0.661202
1678842898777 -3.852407 -0.170793 -1.630026 0.708620 -0.085951 0.248070 -0.654928
1678842898815 -3.884858 -0.171645 -1.638826 0.704935 -0.076545 0.260132 -0.655393
1678842898866 -3.951247 -0.171241 -1.662672 0.709068 -0.048921 0.274202 -0.647798
1678842898930 -3.983598 -0.170330 -1.674606 0.709438 -0.034040 0.279251 -0.646187
1678842898972 -4.045309 -0.169818 -1.699159 0.709464 -0.016979 0.293928 -0.640296
1678842899013 -4.068481 -0.170100 -1.712749 0.708607 -0.009329 0.302850 -0.637237
1678842899066 -4.129704 -0.175843 -1.741795 0.708340 0.001670 0.317338 -0.630514
1678842899115 -4.168640 -0.174066 -1.760522 0.707832 0.006519 0.322671 -0.628343
1678842899151 -4.199739 -0.178097 -1.776839 0.708491 0.010236 0.325858 -0.625901
1678842899215 -4.261035 -0.183595 -1.811641 0.708766 0.012445 0.330614 -0.623049
1678842899255 -4.314892 -0.175393 -1.834672 0.710152 0.011833 0.329843 -0.621890
1678842899325 -4.380514 -0.180530 -1.870035 0.714218 0.014707 0.314935 -0.624894
1678842899352 -4.411694 -0.175027 -1.887646 0.709253 0.014805 0.308527 -0.633681
1678842899399 -4.441247 -0.169284 -1.906008 0.705751 0.012558 0.311377 -0.636240
1678842899442 -4.504126 -0.168268 -1.945275 0.709055 0.011504 0.315073 -0.630744
1678842899511 -4.564968 -0.165827 -1.982557 0.709252 0.006060 0.308970 -0.633610
1678842899548 -4.593062 -0.162671 -2.001460 0.704777 0.002406 0.312063 -0.637103
1678842899599 -4.651857 -0.162687 -2.040441 0.698949 -0.003983 0.316329 -0.641398
1678842899643 -4.681578 -0.164796 -2.060629 0.696893 -0.005480 0.318979 -0.642310
1678842899679 -4.711788 -0.167630 -2.081896 0.694907 -0.006606 0.323832 -0.642023
1678842899734 -4.776615 -0.179319 -2.128499 0.689138 -0.005682 0.338016 -0.640938
1678842899791 -4.807732 -0.180018 -2.152540 0.684856 -0.005853 0.347106 -0.640668
1678842899838 -4.879600 -0.182694 -2.202851 0.673407 -0.011356 0.371736 -0.638910
1678842899886 -4.911548 -0.181640 -2.229504 0.670867 -0.004639 0.375023 -0.639745
1678842899937 -4.971750 -0.185432 -2.282842 0.662422 0.018372 0.391321 -0.638536
1678842899989 -4.996848 -0.183925 -2.311447 0.654228 0.029585 0.406304 -0.637203
1678842900043 -5.031488 -0.187439 -2.367795 0.656095 0.066174 0.427701 -0.618249
1678842900108 -5.069686 -0.189493 -2.426210 0.641223 0.088638 0.455314 -0.611282
1678842900147 -5.083442 -0.190443 -2.455446 0.635503 0.098390 0.466555 -0.607274
1678842900195 -5.103117 -0.195814 -2.486223 0.632446 0.107552 0.471599 -0.605012
1678842900241 -5.116551 -0.202776 -2.536453 0.625393 0.118779 0.482700 -0.601478
1678842900297 -5.134065 -0.207383 -2.569481 0.621440 0.120870 0.487031 -0.601668
1678842900324 -5.136930 -0.202654 -2.598073 0.616430 0.122302 0.491001 -0.603302
1678842900380 -5.164469 -0.206116 -2.667244 0.604677 0.124382 0.503356 -0.604589
1678842900431 -5.177698 -0.206906 -2.730947 0.603466 0.131464 0.502912 -0.604670
1678842900495 -5.187317 -0.201974 -2.765395 0.592786 0.134469 0.507110 -0.611034
1678842900513 -5.186267 -0.195697 -2.795372 0.585513 0.135692 0.515479 -0.610773
1678842900574 -5.196621 -0.188074 -2.863980 0.571741 0.159184 0.524604 -0.610379
1678842900618 -5.189104 -0.175438 -2.896318 0.560588 0.168904 0.537672 -0.606730
1678842900652 -5.189305 -0.170742 -2.928396 0.548218 0.177566 0.551829 -0.602837
1678842900730 -5.193843 -0.165227 -2.995912 0.517879 0.201292 0.572537 -0.602897
1678842900795 -5.192489 -0.166429 -3.060416 0.491653 0.226486 0.593851 -0.595250
1678842900816 -5.202978 -0.169399 -3.108838 0.476073 0.241023 0.604409 -0.591567
1678842900862 -5.199984 -0.170986 -3.140627 0.457575 0.256251 0.616907 -0.586845
1678842900915 -5.196070 -0.174441 -3.169905 0.439587 0.271770 0.630035 -0.579621
1678842900967 -5.183087 -0.178494 -3.227663 0.397726 0.298500 0.663602 -0.558877
1678842901033 -5.173060 -0.183985 -3.287981 0.341888 0.330667 0.703425 -0.528172
1678842901063 -5.161862 -0.186211 -3.307695 0.317925 0.350506 0.720311 -0.507170
1678842901117 -5.138161 -0.190031 -3.331367 0.261280 0.384520 0.753135 -0.465472
1678842901150 -5.123747 -0.189774 -3.337817 0.238901 0.400789 0.764886 -0.444121
1678842901205 -5.087089 -0.186091 -3.326010 0.183847 0.439764 0.779413 -0.406600
1678842901240 -5.069755 -0.184403 -3.317127 0.153907 0.458649 0.784104 -0.388761
1678842901291 -5.051868 -0.183951 -3.303375 0.121127 0.476329 0.789053 -0.368558
1678842901326 -5.037873 -0.182055 -3.301928 0.087828 0.492055 0.793000 -0.348310
1678842901378 -5.003525 -0.185625 -3.258977 0.031783 0.522614 0.794434 -0.307799
1678842901445 -4.990509 -0.191279 -3.236824 0.007917 0.534958 0.794371 -0.287632
1678842901485 -4.964778 -0.191685 -3.178356 -0.035319 0.560313 0.788341 -0.251636
1678842901524 -4.959249 -0.192920 -3.139493 -0.062038 0.570827 0.784423 -0.234496
1678842901565 -4.951320 -0.192459 -3.104959 -0.087723 0.576834 0.782468 -0.217510
1678842901642 -4.934494 -0.192007 -3.032588 -0.130104 0.585372 0.778531 -0.185209
1678842901677 -4.920333 -0.193217 -2.960351 -0.160451 0.593674 0.771207 -0.164459
1678842901719 -4.910794 -0.195616 -2.926004 -0.170483 0.603120 0.763324 -0.156585
1678842901770 -4.894300 -0.197577 -2.853840 -0.170149 0.630141 0.745529 -0.134751
1678842901827 -4.884355 -0.201146 -2.816705 -0.182458 0.635320 0.740234 -0.123010
1678842901910 -4.862849 -0.205696 -2.704308 -0.209506 0.637918 0.735953 -0.086838
1678842901937 -4.855480 -0.203528 -2.667523 -0.224840 0.638817 0.731506 -0.079119
1678842901971 -4.847893 -0.201552 -2.631310 -0.242574 0.634872 0.729809 -0.073988
1678842902041 -4.832086 -0.197487 -2.561114 -0.265445 0.637528 0.720759 -0.060022
1678842902080 -4.820913 -0.198351 -2.528421 -0.273626 0.637495 0.718009 -0.056497
1678842902123 -4.811138 -0.199483 -2.490064 -0.278506 0.640322 0.714048 -0.050566
1678842902199 -4.783554 -0.205479 -2.426425 -0.289487 0.644566 0.706544 -0.039074
1678842902242 -4.744658 -0.212736 -2.373216 -0.298583 0.651998 0.696306 -0.030076
1678842902291 -4.724920 -0.215784 -2.342651 -0.304456 0.653562 0.692414 -0.026932
1678842902338 -4.676387 -0.220742 -2.302456 -0.317392 0.661116 0.679594 -0.018442
1678842902378 -4.652322 -0.221937 -2.272716 -0.316597 0.665372 0.675914 -0.013638
1678842902433 -4.603614 -0.217961 -2.213959 -0.310830 0.679406 0.664671 -0.002045
1678842902470 -4.582805 -0.214133 -2.187172 -0.323479 0.678984 0.659031 -0.004509
1678842902530 -4.563931 -0.212396 -2.164226 -0.330590 0.671950 0.662712 0.002516
1678842902581 -4.523332 -0.207485 -2.116610 -0.343854 0.669239 0.658461 0.017710
1678842902626 -4.501452 -0.205247 -2.096067 -0.346993 0.668670 0.657338 0.019574
1678842902668 -4.455216 -0.202136 -2.056839 -0.347877 0.669019 0.656488 0.020450
1678842902713 -4.433076 -0.202065 -2.044024 -0.348275 0.667888 0.657492 0.018273
1678842902767 -4.380399 -0.204813 -2.008828 -0.341907 0.670381 0.658464 0.010685
1678842902809 -4.352978 -0.209049 -1.994867 -0.339938 0.669766 0.660164 0.006283
1678842902842 -4.325950 -0.212845 -1.977048 -0.339633 0.667769 0.662365 0.002460
1678842902926 -4.270767 -0.222986 -1.942006 -0.341897 0.660688 0.668176 -0.011754
1678842902977 -4.240693 -0.226300 -1.925506 -0.332580 0.661429 0.671981 -0.018575
1678842903011 -4.178420 -0.233017 -1.894418 -0.289587 0.668198 0.685192 -0.012738
1678842903067 -4.147110 -0.232105 -1.873212 -0.289270 0.672515 0.681046 -0.014921
1678842903111 -4.091079 -0.230227 -1.842746 -0.288809 0.664194 0.689269 -0.018546
1678842903170 -4.031942 -0.230547 -1.819952 -0.274911 0.669028 0.690163 -0.022365
1678842903254 -3.975993 -0.228553 -1.803679 -0.266463 0.670875 0.691253 -0.033052
1678842903271 -3.943795 -0.231653 -1.795212 -0.262859 0.671866 0.691327 -0.039598
1678842903307 -3.909877 -0.236101 -1.787474 -0.257996 0.672899 0.691744 -0.046207
1678842903372 -3.838910 -0.245654 -1.775542 -0.245058 0.678847 0.689822 -0.057087
1678842903407 -3.803363 -0.249932 -1.768760 -0.244930 0.679871 0.688399 -0.062374
1678842903452 -3.770866 -0.248500 -1.762867 -0.248952 0.679864 0.686285 -0.069434
1678842903509 -3.698126 -0.255057 -1.749878 -0.244137 0.681316 0.686451 -0.070645
1678842903573 -3.624641 -0.257361 -1.737357 -0.228574 0.684924 0.688737 -0.065384
1678842903617 -3.590964 -0.256513 -1.732183 -0.226540 0.683956 0.690468 -0.064325
1678842903650 -3.557369 -0.255033 -1.725567 -0.221882 0.679289 0.696982 -0.059592
1678842903717 -3.494883 -0.250036 -1.716865 -0.222870 0.675243 0.700287 -0.063036
1678842903780 -3.431530 -0.249454 -1.708637 -0.219761 0.671773 0.703868 -0.070680
1678842903812 -3.399059 -0.251619 -1.704439 -0.214908 0.670703 0.705853 -0.075788
1678842903850 -3.363062 -0.254947 -1.698308 -0.210040 0.667416 0.709424 -0.084595
1678842903941 -3.269318 -0.270252 -1.689268 -0.180171 0.669800 0.711669 -0.111505
1678842903970 -3.235739 -0.276077 -1.684209 -0.171089 0.668394 0.713975 -0.119236
1678842904024 -3.206070 -0.281765 -1.679992 -0.163749 0.663785 0.718589 -0.127301
1678842904081 -3.139191 -0.289283 -1.667846 -0.152937 0.658787 0.723394 -0.138962
1678842904112 -3.100526 -0.292289 -1.661584 -0.135030 0.652165 0.732625 -0.140385
1678842904160 -3.066560 -0.291255 -1.657291 -0.118709 0.652885 0.734513 -0.141917
1678842904207 -3.002990 -0.280310 -1.649636 -0.106100 0.659883 0.728191 -0.151772
1678842904263 -2.975074 -0.272472 -1.648500 -0.099309 0.656008 0.731624 -0.156582
1678842904314 -2.913511 -0.262486 -1.647378 -0.093387 0.650170 0.733676 -0.174002
1678842904346 -2.884264 -0.261552 -1.648173 -0.088748 0.645702 0.736230 -0.182093
1678842904396 -2.815805 -0.261101 -1.652116 -0.082375 0.644085 0.734418 -0.197482
1678842904442 -2.782069 -0.263707 -1.654704 -0.080935 0.641337 0.735468 -0.203036
1678842904505 -2.711464 -0.271133 -1.661924 -0.073382 0.641473 0.734045 -0.210487
1678842904539 -2.670780 -0.276004 -1.664240 -0.072433 0.642209 0.732999 -0.212212
1678842904578 -2.634642 -0.278837 -1.667527 -0.074667 0.642516 0.732511 -0.212193
1678842904633 -2.594571 -0.281524 -1.669225 -0.079159 0.643079 0.732108 -0.210240
1678842904677 -2.519641 -0.283116 -1.677482 -0.071394 0.637290 0.741115 -0.198781
1678842904725 -2.494375 -0.282303 -1.686097 -0.076385 0.640648 0.738075 -0.197438
1678842904782 -2.424577 -0.277998 -1.692123 -0.082590 0.635593 0.745192 -0.184088
1678842904838 -2.358498 -0.273805 -1.700531 -0.091118 0.631085 0.750623 -0.173189
1678842904878 -2.325149 -0.271978 -1.702772 -0.097291 0.629728 0.751411 -0.171343
1678842904918 -2.294040 -0.272190 -1.705506 -0.102091 0.628031 0.752683 -0.169184
1678842904986 -2.224399 -0.280791 -1.708594 -0.103391 0.624656 0.756713 -0.162792
1678842905042 -2.156077 -0.289207 -1.710571 -0.101775 0.621347 0.759889 -0.161674
1678842905076 -2.120852 -0.293835 -1.711139 -0.100912 0.621141 0.760047 -0.162262
1678842905138 -2.093827 -0.296549 -1.710710 -0.100348 0.619247 0.761573 -0.162697
1678842905182 -2.024302 -0.304384 -1.710936 -0.090336 0.613983 0.767180 -0.162170
1678842905240 -1.959121 -0.306294 -1.713004 -0.065266 0.611389 0.771785 -0.162147
1678842905288 -1.926123 -0.303725 -1.713917 -0.058262 0.616513 0.768144 -0.162702
1678842905326 -1.857771 -0.298097 -1.714856 -0.052245 0.612465 0.771857 -0.162462
1678842905383 -1.825358 -0.297564 -1.715897 -0.043365 0.613128 0.772546 -0.159269
1678842905431 -1.760502 -0.299742 -1.719048 -0.036325 0.618300 0.768553 -0.160347
1678842905477 -1.728813 -0.299471 -1.719584 -0.035656 0.618957 0.767512 -0.162930
1678842905529 -1.661855 -0.301511 -1.722092 -0.034242 0.624303 0.761381 -0.171384
1678842905611 -1.627790 -0.304023 -1.723806 -0.032734 0.625523 0.759740 -0.174484
1678842905648 -1.555338 -0.310790 -1.727382 -0.039898 0.631478 0.753747 -0.177511
1678842905702 -1.484029 -0.312700 -1.729506 -0.056746 0.628975 0.754793 -0.177361
1678842905737 -1.447209 -0.311242 -1.732751 -0.063271 0.635601 0.748473 -0.178319
1678842905795 -1.408600 -0.311227 -1.737161 -0.057231 0.637721 0.748373 -0.173132
1678842905835 -1.339388 -0.304025 -1.748113 -0.056402 0.649972 0.739444 -0.166065
1678842905893 -1.303766 -0.298286 -1.751549 -0.068842 0.649719 0.738620 -0.166030
1678842905936 -1.238084 -0.294168 -1.760282 -0.076883 0.638591 0.750735 -0.150623
1678842905998 -1.168733 -0.285583 -1.770841 -0.092243 0.636492 0.750158 -0.153728
1678842906032 -1.140567 -0.282266 -1.775785 -0.095688 0.634804 0.750855 -0.155193
1678842906062 -1.104417 -0.282215 -1.782085 -0.097065 0.634436 0.750464 -0.157712
1678842906131 -1.031324 -0.284285 -1.793382 -0.098452 0.628877 0.753530 -0.164357
1678842906181 -0.994202 -0.285902 -1.799112 -0.098999 0.627330 0.753771 -0.168776
1678842906212 -0.964422 -0.286327 -1.800481 -0.098261 0.624526 0.755029 -0.173905
1678842906268 -0.890599 -0.287655 -1.810779 -0.090920 0.618290 0.758935 -0.182944
1678842906328 -0.854971 -0.289808 -1.816792 -0.083681 0.613932 0.762687 -0.185453
1678842906372 -0.784066 -0.282472 -1.826619 -0.072830 0.615299 0.760948 -0.192514
1678842906415 -0.746444 -0.272518 -1.831716 -0.077655 0.613547 0.760106 -0.199420
1678842906463 -0.676805 -0.267163 -1.840343 -0.069308 0.609687 0.763568 -0.201104
1678842906518 -0.641338 -0.262282 -1.843727 -0.069412 0.611579 0.761336 -0.203766
1678842906552 -0.607849 -0.260513 -1.846296 -0.073513 0.609008 0.762330 -0.206296
1678842906627 -0.539346 -0.263371 -1.850942 -0.079238 0.609603 0.761802 -0.204360
1678842906675 -0.462266 -0.270409 -1.857009 -0.086715 0.609144 0.762415 -0.200368
1678842906738 -0.378822 -0.279683 -1.862120 -0.092536 0.613853 0.759663 -0.193736
1678842906771 -0.339933 -0.284289 -1.864067 -0.098051 0.615620 0.758638 -0.189385
1678842906812 -0.300938 -0.287389 -1.865223 -0.105343 0.619547 0.755886 -0.183576
1678842906868 -0.227050 -0.291090 -1.866725 -0.116623 0.615409 0.759959 -0.173589
1678842906935 -0.189378 -0.288584 -1.865794 -0.126390 0.616592 0.758749 -0.167747
1678842906981 -0.118519 -0.289562 -1.866821 -0.130901 0.622076 0.757678 -0.147685
1678842907009 -0.082386 -0.287752 -1.862477 -0.136498 0.622249 0.758982 -0.134618
1678842907066 -0.021095 -0.281029 -1.848578 -0.156905 0.621810 0.757271 -0.123587
1678842907114 0.013349 -0.281112 -1.842051 -0.163636 0.623121 0.756233 -0.114261
1678842907169 0.046645 -0.279934 -1.835128 -0.172003 0.624674 0.754249 -0.106331
1678842907218 0.115403 -0.285579 -1.816688 -0.187948 0.620319 0.755508 -0.095328
1678842907273 0.182307 -0.291025 -1.794805 -0.199901 0.620205 0.753437 -0.087857
1678842907315 0.222468 -0.294690 -1.783847 -0.203494 0.618178 0.754272 -0.086723
1678842907369 0.295847 -0.296570 -1.757882 -0.203240 0.618213 0.754729 -0.083010
1678842907418 0.329512 -0.296533 -1.743018 -0.200039 0.616325 0.757490 -0.079599
1678842907458 0.360432 -0.292803 -1.728968 -0.192914 0.620083 0.756560 -0.076801
1678842907504 0.422733 -0.283285 -1.697014 -0.205573 0.619774 0.753330 -0.078191
1678842907571 0.482378 -0.281603 -1.663672 -0.212499 0.616060 0.754586 -0.076899
1678842907611 0.513363 -0.279847 -1.648510 -0.208466 0.623026 0.750314 -0.073556
1678842907655 0.542981 -0.277892 -1.632456 -0.212001 0.628268 0.745098 -0.071859
1678842907716 0.608178 -0.280026 -1.599684 -0.216744 0.635757 0.737310 -0.072175
1678842907776 0.644749 -0.280540 -1.585078 -0.217395 0.641873 0.731781 -0.072352
1678842907806 0.676267 -0.281741 -1.568709 -0.222169 0.645685 0.726892 -0.073215
1678842907872 0.779060 -0.290177 -1.516415 -0.238092 0.652836 0.715596 -0.070993
1678842907938 0.813431 -0.291738 -1.499500 -0.242350 0.654785 0.712616 -0.068562
1678842907971 0.887327 -0.294154 -1.465613 -0.247587 0.661219 0.705331 -0.063226
1678842908034 0.923266 -0.294071 -1.449039 -0.243906 0.662105 0.706354 -0.056493
1678842908072 0.990345 -0.293625 -1.417008 -0.255734 0.666218 0.699053 -0.045590
1678842908130 1.023695 -0.294571 -1.397945 -0.260887 0.657564 0.705854 -0.036286
1678842908159 1.048985 -0.293792 -1.383401 -0.267152 0.651418 0.709606 -0.027283
1678842908219 1.110275 -0.290559 -1.347541 -0.287655 0.646519 0.706270 -0.021212
1678842908269 1.158940 -0.294956 -1.319576 -0.299499 0.642443 0.705138 -0.018663
1678842908328 1.190515 -0.298342 -1.301231 -0.303537 0.641002 0.704726 -0.018531
1678842908370 1.214835 -0.292823 -1.276504 -0.306768 0.640815 0.703480 -0.019128
1678842908438 1.308491 -0.302050 -1.217606 -0.307699 0.643172 0.700703 -0.025836
1678842908480 1.329842 -0.297797 -1.192899 -0.305396 0.645967 0.699089 -0.027099
1678842908545 1.359692 -0.299610 -1.172589 -0.301265 0.644758 0.701952 -0.028117
1678842908581 1.405933 -0.302214 -1.136319 -0.282258 0.647410 0.707469 -0.026056
1678842908635 1.460560 -0.292861 -1.101841 -0.281253 0.651870 0.703461 -0.033234
1678842908685 1.482876 -0.288366 -1.083229 -0.274899 0.654509 0.703456 -0.034608
1678842908737 1.537248 -0.282939 -1.054827 -0.266993 0.658058 0.702816 -0.041526
1678842908809 1.600071 -0.280900 -1.023619 -0.262781 0.662071 0.700030 -0.050663
1678842908939 1.699068 -0.288619 -0.985193 -0.256608 0.668938 0.694920 -0.061326
1678842908949 1.731542 -0.294606 -0.973814 -0.254286 0.670386 0.694258 -0.062668
1678842908987 1.770112 -0.300512 -0.960111 -0.252891 0.670561 0.694589 -0.062767
1678842909044 1.846251 -0.307503 -0.933592 -0.251783 0.672665 0.693112 -0.061013
1678842909090 1.917566 -0.308072 -0.913655 -0.237085 0.675648 0.695591 -0.058682
1678842909182 1.989857 -0.301025 -0.887626 -0.233909 0.679848 0.692818 -0.055648
1678842909214 2.023594 -0.300535 -0.874922 -0.234831 0.672097 0.700437 -0.050291
1678842909280 2.096912 -0.294537 -0.848820 -0.246017 0.665363 0.703232 -0.047248
1678842909332 2.161905 -0.291469 -0.826413 -0.251690 0.660594 0.705638 -0.048397
1678842909372 2.193255 -0.291849 -0.813875 -0.253669 0.659769 0.705544 -0.050641
1678842909429 2.226538 -0.293060 -0.802746 -0.253999 0.657995 0.706831 -0.054005
1678842909471 2.296284 -0.295796 -0.784810 -0.251019 0.655483 0.709080 -0.067362
1678842909563 2.392445 -0.301132 -0.754288 -0.236835 0.656924 0.709894 -0.091706
1678842909595 2.425133 -0.303407 -0.745161 -0.223335 0.654370 0.715764 -0.097998
1678842909638 2.457755 -0.305007 -0.737636 -0.201183 0.651758 0.724218 -0.101217
1678842909690 2.489019 -0.301411 -0.734394 -0.187760 0.655259 0.723528 -0.109038
1678842909744 2.544546 -0.290712 -0.725149 -0.174930 0.657833 0.721623 -0.126159
1678842909779 2.572997 -0.286739 -0.722810 -0.164783 0.659002 0.721855 -0.132240
1678842909836 2.628944 -0.281665 -0.721600 -0.152091 0.656520 0.723638 -0.148991
1678842909877 2.668310 -0.282959 -0.719589 -0.145499 0.655817 0.724005 -0.156688
1678842909919 2.697532 -0.284746 -0.722045 -0.139188 0.655495 0.723501 -0.165830
1678842909980 2.777515 -0.295705 -0.725399 -0.124140 0.654545 0.723818 -0.179575
1678842910028 2.808887 -0.301077 -0.730600 -0.119735 0.655230 0.722285 -0.186123
1678842910091 2.845714 -0.304675 -0.728535 -0.115006 0.655855 0.721349 -0.190481
1678842910142 2.945414 -0.317283 -0.752650 -0.101836 0.651671 0.723731 -0.202898
1678842910193 2.978047 -0.315407 -0.772026 -0.084488 0.649557 0.727289 -0.204908
1678842910238 3.040456 -0.308042 -0.794923 -0.069966 0.659624 0.717678 -0.211989
1678842910279 3.072911 -0.305410 -0.809529 -0.072598 0.657550 0.717608 -0.217708
1678842910333 3.133735 -0.301522 -0.833547 -0.060636 0.643062 0.731670 -0.217835
1678842910382 3.162765 -0.301626 -0.835905 -0.055834 0.642105 0.731271 -0.223218
1678842910435 3.218704 -0.295066 -0.866885 -0.046182 0.635097 0.732368 -0.241155
1678842910492 3.244735 -0.295558 -0.879656 -0.041567 0.628707 0.734916 -0.250796
1678842910528 3.273068 -0.297805 -0.896871 -0.031398 0.622853 0.737801 -0.258297
1678842910579 3.332302 -0.300947 -0.938819 -0.008173 0.611898 0.740333 -0.278246
1678842910633 3.384195 -0.307762 -0.977123 0.016702 0.602383 0.739494 -0.300006
1678842910681 3.412819 -0.310471 -0.999687 0.032172 0.597472 0.738238 -0.311444
1678842910767 3.477736 -0.319411 -1.062262 0.092801 0.580517 0.734607 -0.338734
1678842910803 3.497039 -0.320156 -1.085178 0.117801 0.581061 0.726046 -0.348350
1678842910839 3.514327 -0.318769 -1.106932 0.132814 0.581658 0.716728 -0.361020
1678842910926 3.563107 -0.313889 -1.170985 0.173471 0.563015 0.711268 -0.383431
1678842910958 3.578672 -0.317282 -1.194188 0.184527 0.556105 0.709202 -0.392084
1678842911007 3.592296 -0.319060 -1.219167 0.196269 0.550503 0.704717 -0.402243
1678842911063 3.606422 -0.323518 -1.243621 0.207860 0.545080 0.699358 -0.413014
1678842911106 3.632099 -0.331527 -1.299397 0.226372 0.534983 0.690531 -0.430948
1678842911164 3.651583 -0.341044 -1.356611 0.239728 0.525990 0.683924 -0.445098
1678842911212 3.663105 -0.344513 -1.387262 0.245369 0.522878 0.681582 -0.449265
1678842911279 3.671333 -0.347589 -1.419623 0.245439 0.521399 0.679605 -0.453915
1678842911314 3.692630 -0.350339 -1.487675 0.265597 0.515145 0.677194 -0.453312
1678842911360 3.699592 -0.352443 -1.523451 0.275383 0.514944 0.671512 -0.456145
1678842911429 3.717148 -0.342426 -1.589164 0.277008 0.513717 0.666540 -0.463774
1678842911450 3.729493 -0.339691 -1.618910 0.282562 0.504128 0.674623 -0.459237
1678842911506 3.745806 -0.329419 -1.683089 0.285698 0.490812 0.678949 -0.465304
1678842911546 3.750378 -0.325557 -1.713485 0.288595 0.483730 0.679666 -0.469865
1678842911600 3.764722 -0.323126 -1.777912 0.294095 0.470712 0.679792 -0.479396
1678842911653 3.770284 -0.323937 -1.811144 0.299774 0.463725 0.680571 -0.481579
1678842911706 3.784445 -0.331183 -1.878610 0.313281 0.448216 0.678839 -0.490035
1678842911748 3.793066 -0.335106 -1.915849 0.319606 0.441290 0.676062 -0.496040
1678842911807 3.805950 -0.340516 -1.983278 0.332860 0.421690 0.672564 -0.508959
1678842911847 3.812087 -0.343407 -2.018864 0.342333 0.410623 0.669257 -0.516035
1678842911918 3.816961 -0.344488 -2.054015 0.362776 0.396737 0.664005 -0.519702
1678842911971 3.822597 -0.334601 -2.115528 0.378593 0.388222 0.639662 -0.544778
1678842912008 3.825908 -0.325365 -2.175266 0.394318 0.372614 0.628504 -0.557365
1678842912060 3.827271 -0.319163 -2.207877 0.402290 0.371468 0.617839 -0.564314
1678842912093 3.825027 -0.316337 -2.236577 0.408424 0.368680 0.607951 -0.572416
1678842912159 3.822130 -0.314502 -2.264652 0.411386 0.361144 0.604318 -0.578910
1678842912200 3.809415 -0.316462 -2.358377 0.425873 0.343000 0.587499 -0.596513
1678842912258 3.802436 -0.318464 -2.391057 0.430345 0.335593 0.584587 -0.600365
1678842912301 3.785306 -0.329043 -2.454979 0.438273 0.328165 0.576350 -0.606667
1678842912347 3.775892 -0.333522 -2.487359 0.440850 0.324487 0.576264 -0.606860
1678842912396 3.761511 -0.334689 -2.518054 0.440334 0.321930 0.576009 -0.608835
1678842912455 3.736168 -0.335593 -2.583700 0.455312 0.308542 0.575445 -0.605273
1678842912508 3.707446 -0.331270 -2.638754 0.457448 0.305788 0.573509 -0.606896
1678842912549 3.689684 -0.329190 -2.659168 0.463906 0.298706 0.577792 -0.601433
1678842912590 3.676568 -0.324666 -2.686031 0.471349 0.292231 0.577843 -0.598773
1678842912645 3.649382 -0.311985 -2.733723 0.474810 0.273575 0.575595 -0.606961
1678842912695 3.633970 -0.309976 -2.751112 0.478699 0.262786 0.576323 -0.607982
1678842912764 3.608888 -0.310452 -2.791124 0.493035 0.250583 0.561853 -0.615180
1678842912800 3.585507 -0.310845 -2.831286 0.504413 0.233654 0.549131 -0.624041
1678842912820 3.585507 -0.310845 -2.831286 0.504413 0.233654 0.549131 -0.624041
1678842912876 3.564193 -0.313200 -2.867850 0.518573 0.212404 0.536176 -0.631254
1678842912940 3.542756 -0.316495 -2.907868 0.542219 0.187148 0.515927 -0.636234
1678842912978 3.534051 -0.317398 -2.925528 0.550967 0.173680 0.508944 -0.638159
1678842913035 3.520692 -0.316729 -2.955772 0.573216 0.143407 0.496524 -0.635863
1678842913071 3.514488 -0.312667 -2.972551 0.577998 0.130224 0.488196 -0.640800
1678842913115 3.510675 -0.306512 -2.988698 0.576885 0.119251 0.483990 -0.647099
1678842913170 3.511301 -0.292836 -3.025180 0.578456 0.113396 0.479458 -0.650115
1678842913220 3.513973 -0.282477 -3.042626 0.571145 0.120025 0.483821 -0.652154
1678842913280 3.532495 -0.265422 -3.074909 0.543368 0.136693 0.523798 -0.641640
1678842913324 3.545945 -0.257923 -3.090511 0.521350 0.154587 0.547811 -0.635768
1678842913396 3.578975 -0.245065 -3.133360 0.460883 0.200208 0.601828 -0.620731
1678842913440 3.617139 -0.241522 -3.156313 0.397338 0.258036 0.645918 -0.598607
1678842913475 3.639483 -0.241629 -3.162259 0.357038 0.291157 0.664361 -0.588537
1678842913535 3.685054 -0.248562 -3.166127 0.288672 0.355619 0.693374 -0.556270
1678842913580 3.710199 -0.253686 -3.164781 0.255280 0.387507 0.704320 -0.537219
1678842913635 3.764049 -0.265310 -3.155834 0.197366 0.444301 0.722892 -0.490989
1678842913680 3.791655 -0.269282 -3.148325 0.170646 0.467045 0.729376 -0.469850
1678842913723 3.818871 -0.271375 -3.136989 0.135084 0.494209 0.731735 -0.449525
1678842913779 3.872527 -0.276330 -3.107906 0.073975 0.531979 0.742937 -0.399463
1678842913834 3.925312 -0.279221 -3.071371 0.007282 0.573606 0.740641 -0.349819
1678842913869 3.950772 -0.281857 -3.054836 -0.012980 0.582633 0.743361 -0.328306
1678842913927 3.975774 -0.283247 -3.036973 -0.037139 0.591739 0.743660 -0.308925
1678842913978 4.025155 -0.284486 -2.998024 -0.081863 0.611011 0.738788 -0.272317
1678842914044 4.071995 -0.283491 -2.953219 -0.132636 0.623411 0.732239 -0.239985
1678842914086 4.095187 -0.283024 -2.929681 -0.153765 0.629916 0.727654 -0.223788
1678842914131 4.115464 -0.282897 -2.908448 -0.167382 0.636035 0.724016 -0.207950
1678842914181 4.156947 -0.282716 -2.860496 -0.207119 0.650977 0.711121 -0.166247
1678842914238 4.189750 -0.280186 -2.805741 -0.253442 0.656953 0.698743 -0.126246
1678842914298 4.201451 -0.278471 -2.776530 -0.277952 0.660671 0.689731 -0.102605
1678842914338 4.216087 -0.275979 -2.716753 -0.326913 0.660206 0.673981 -0.054825
1678842914411 4.215777 -0.272842 -2.658092 -0.381978 0.660963 0.645926 -0.001079
1678842914434 4.211445 -0.273771 -2.630432 -0.407190 0.659681 0.631158 0.025626
1678842914486 4.206036 -0.274551 -2.602932 -0.430859 0.656940 0.616390 0.053418
1678842914537 4.188428 -0.277566 -2.550784 -0.478109 0.648355 0.582275 0.109561
1678842914581 4.176430 -0.278493 -2.527647 -0.499382 0.646300 0.560318 0.137688
1678842914627 4.160414 -0.278183 -2.509097 -0.522361 0.644208 0.533841 0.164770
1678842914699 4.122879 -0.287792 -2.450725 -0.563679 0.621872 0.492905 0.229315
1678842914736 4.112225 -0.290373 -2.433126 -0.572842 0.614462 0.484523 0.243979
1678842914775 4.103652 -0.292524 -2.415849 -0.575255 0.612890 0.476506 0.257661
1678842914816 4.094643 -0.296421 -2.396088 -0.579196 0.608970 0.469561 0.270554
1678842914876 4.100418 -0.336775 -2.332122 -0.590936 0.594781 0.467853 0.279543
1678842914927 4.082032 -0.348088 -2.277137 -0.598437 0.585031 0.466754 0.285926
1678842914972 4.072909 -0.354442 -2.249951 -0.601835 0.580874 0.466190 0.288178
1678842915012 4.061800 -0.360463 -2.220798 -0.606587 0.574787 0.466889 0.289285
1678842915075 4.031776 -0.364264 -2.158565 -0.609660 0.568700 0.463959 0.299393
1678842915129 4.009503 -0.358045 -2.123388 -0.609475 0.567690 0.459951 0.307756
1678842915172 3.974990 -0.356638 -2.058537 -0.613035 0.561461 0.456020 0.317798
1678842915234 3.957366 -0.353648 -2.026190 -0.615072 0.559977 0.450562 0.324200
1678842915276 3.947009 -0.343106 -2.013008 -0.619033 0.559871 0.444005 0.325887
1678842915332 3.921159 -0.326943 -1.956704 -0.626107 0.560093 0.430889 0.329575
1678842915371 3.898659 -0.311988 -1.896339 -0.633301 0.565439 0.417704 0.323623
1678842915435 3.903075 -0.296384 -1.887918 -0.637662 0.568185 0.410296 0.319703
1678842915469 3.890374 -0.289276 -1.828453 -0.650795 0.567139 0.399151 0.309028
1678842915536 3.888433 -0.286525 -1.801049 -0.653914 0.567810 0.394296 0.307441
1678842915561 3.885270 -0.286801 -1.770075 0.655381 -0.568868 -0.391112 -0.306427
1678842915641 3.879798 -0.293900 -1.670801 0.652474 -0.572133 -0.386385 -0.312487
1678842915691 3.880873 -0.290266 -1.645545 0.653735 -0.570669 -0.383848 -0.315641
1678842915728 3.876510 -0.291622 -1.576746 0.662288 -0.566143 -0.369231 -0.323305
1678842915788 3.870107 -0.292166 -1.537993 0.666974 -0.559522 -0.367600 -0.327036
1678842915857 3.859745 -0.285202 -1.472343 0.673117 -0.552699 -0.348498 -0.346392
1678842915887 3.845801 -0.281941 -1.434883 0.679330 -0.544603 -0.341101 -0.354356
1678842915935 3.829106 -0.274866 -1.372835 0.690284 -0.530293 -0.324630 -0.370017
1678842915991 3.824607 -0.275012 -1.345359 0.697348 -0.524329 -0.316753 -0.372091
1678842916045 3.808499 -0.273826 -1.286860 0.706002 -0.516192 -0.302846 -0.378669
1678842916099 3.792966 -0.281286 -1.230933 0.712260 -0.509618 -0.293370 -0.383288
1678842916143 3.783774 -0.286078 -1.198713 0.714456 -0.506216 -0.290656 -0.385769
1678842916183 3.777279 -0.288349 -1.173110 0.716640 -0.503347 -0.288874 -0.386808
1678842916235 3.756963 -0.293915 -1.109934 0.721042 -0.501251 -0.283818 -0.385088
1678842916302 3.734523 -0.299489 -1.045999 0.723998 -0.498022 -0.281570 -0.385382
1678842916349 3.724293 -0.297096 -1.013635 0.724572 -0.494757 -0.284687 -0.386218
1678842916379 3.712659 -0.295190 -0.983359 0.724981 -0.493423 -0.284039 -0.387632
1678842916436 3.689299 -0.290197 -0.923511 0.724169 -0.492568 -0.281353 -0.392169
1678842916509 3.677087 -0.287859 -0.894294 0.722886 -0.491263 -0.280402 -0.396826
1678842916533 3.652446 -0.281850 -0.838455 0.722586 -0.494261 -0.264872 -0.404250
1678842916588 3.637612 -0.281647 -0.805423 0.723948 -0.491849 -0.258312 -0.408973
1678842916636 3.606800 -0.284213 -0.748142 0.727929 -0.487665 -0.241384 -0.417176
1678842916695 3.591287 -0.286266 -0.726308 0.728270 -0.485991 -0.230638 -0.424549
1678842916726 3.554035 -0.293327 -0.669911 0.730926 -0.476178 -0.207858 -0.442489
1678842916792 3.537096 -0.295226 -0.651945 0.735981 -0.468884 -0.192257 -0.448907
1678842916849 3.495404 -0.300746 -0.603494 0.748236 -0.445775 -0.159641 -0.464695
1678842916899 3.455065 -0.298610 -0.570640 0.751983 -0.420411 -0.122883 -0.492622
1678842916942 3.433029 -0.297275 -0.554783 0.753875 -0.406982 -0.106888 -0.504591
1678842916983 3.408918 -0.295996 -0.537141 0.755852 -0.388252 -0.096866 -0.518232
1678842917044 3.362294 -0.292765 -0.514341 0.755368 -0.358145 -0.064851 -0.544927
1678842917089 3.335828 -0.291823 -0.499755 0.756014 -0.346710 -0.045395 -0.553330
1678842917129 3.283375 -0.295744 -0.485712 0.750559 -0.323098 -0.011580 -0.576312
1678842917195 3.257401 -0.298974 -0.487394 0.750544 -0.311862 0.002282 -0.582599
1678842917237 3.200181 -0.305860 -0.480842 0.755119 -0.290329 0.025703 -0.587234
1678842917306 3.139677 -0.311283 -0.474230 0.754867 -0.273782 0.046409 -0.594193
1678842917350 3.109806 -0.313449 -0.472655 0.753569 -0.266489 0.054074 -0.598493
1678842917383 3.078155 -0.315038 -0.469497 0.750482 -0.259675 0.061272 -0.604641
1678842917464 3.013999 -0.322722 -0.466836 0.745869 -0.244515 0.070589 -0.615556
1678842917506 2.950714 -0.319187 -0.468031 0.739718 -0.229499 0.085623 -0.626751
1678842917556 2.919475 -0.316116 -0.469165 0.735358 -0.227106 0.097928 -0.630937
1678842917597 2.888750 -0.314105 -0.472641 0.733530 -0.222651 0.106045 -0.633336
1678842917646 2.825788 -0.308143 -0.473202 0.728958 -0.213310 0.117285 -0.639815
1678842917694 2.766441 -0.299969 -0.473154 0.718111 -0.212068 0.139264 -0.648035
1678842917744 2.736061 -0.298977 -0.473338 0.713883 -0.208600 0.149376 -0.651571
1678842917800 2.677976 -0.302577 -0.474222 0.708161 -0.198352 0.170414 -0.655838
1678842917861 2.613790 -0.310612 -0.474033 0.700142 -0.184926 0.191638 -0.662478
1678842917898 2.586000 -0.309213 -0.477747 0.693962 -0.177413 0.202656 -0.667736
1678842917939 2.553212 -0.314868 -0.478447 0.690079 -0.168944 0.211962 -0.671059
1678842918004 2.486352 -0.321296 -0.481720 0.681092 -0.138705 0.230085 -0.681129
1678842918071 2.456107 -0.323007 -0.484697 0.679827 -0.123648 0.241284 -0.681417
1678842918107 2.399848 -0.326777 -0.490725 0.679763 -0.095781 0.265276 -0.677035
1678842918149 2.372363 -0.327351 -0.495731 0.679018 -0.079746 0.274969 -0.675994
1678842918243 2.290504 -0.325743 -0.514636 0.668635 -0.044103 0.306453 -0.676068
1678842918292 2.264171 -0.326964 -0.522539 0.662128 -0.035000 0.315401 -0.678884
1678842918327 2.208132 -0.327669 -0.539207 0.650761 -0.018637 0.332587 -0.682311
1678842918369 2.179952 -0.332491 -0.549961 0.647080 -0.009332 0.339114 -0.682790
1678842918412 2.158769 -0.331614 -0.561536 0.643940 0.001599 0.344229 -0.683260
1678842918490 2.096880 -0.340847 -0.582845 0.640066 0.017423 0.354282 -0.681539
1678842918548 2.036234 -0.348156 -0.611421 0.640231 0.029001 0.359885 -0.678046
1678842918595 2.004627 -0.350096 -0.626812 0.645091 0.034605 0.360365 -0.672903
1678842918633 1.942822 -0.345691 -0.654480 0.647449 0.040082 0.365213 -0.667699
1678842918695 1.871271 -0.334905 -0.676218 0.645442 0.035954 0.371152 -0.666602
1678842918735 1.839762 -0.331094 -0.688450 0.645621 0.033746 0.370658 -0.666819
1678842918796 1.799802 -0.328700 -0.703703 0.645103 0.029364 0.370889 -0.667399
1678842918845 1.739871 -0.322409 -0.727505 0.637313 0.022072 0.371120 -0.674992
1678842918898 1.680203 -0.322350 -0.752106 0.629587 0.017005 0.369284 -0.683345
1678842918970 1.649274 -0.323701 -0.765587 0.626941 0.018242 0.368979 -0.685906
1678842918995 1.609634 -0.326469 -0.783134 0.623961 0.022700 0.369310 -0.688308
1678842919060 1.546502 -0.331476 -0.813272 0.617693 0.028901 0.377896 -0.689068
1678842919101 1.515207 -0.333448 -0.831529 0.613102 0.032816 0.383809 -0.689724
1678842919136 1.452668 -0.339513 -0.865055 0.603573 0.050168 0.393563 -0.691586
1678842919201 1.424626 -0.343247 -0.883618 0.604545 0.061577 0.399075 -0.686639
1678842919243 1.372296 -0.344490 -0.921521 0.599607 0.092434 0.409292 -0.681474
1678842919300 1.324584 -0.346987 -0.963614 0.600198 0.116269 0.428800 -0.665112
1678842919356 1.279370 -0.346878 -1.006239 0.589292 0.145084 0.447821 -0.656614
1678842919407 1.257537 -0.348983 -1.028357 0.583303 0.152058 0.458316 -0.653133
1678842919442 1.234240 -0.351033 -1.051714 0.576934 0.156521 0.467005 -0.651578
1678842919500 1.185627 -0.357066 -1.100894 0.568242 0.163526 0.474419 -0.652140
1678842919570 1.135312 -0.366992 -1.153378 0.572266 0.163608 0.477933 -0.646006
1678842919608 1.111649 -0.370396 -1.179088 0.573884 0.160853 0.480358 -0.643459
1678842919669 1.060043 -0.377327 -1.230816 0.581156 0.161531 0.476769 -0.639419
1678842919711 1.036798 -0.379520 -1.253744 0.591106 0.162649 0.467574 -0.636799
1678842919770 0.986554 -0.376505 -1.299594 0.595886 0.161821 0.454701 -0.641858
1678842919817 0.961944 -0.371932 -1.320362 0.596520 0.162016 0.446938 -0.646654
1678842919871 0.909992 -0.364211 -1.363663 0.591298 0.160546 0.433516 -0.660799
1678842919936 0.859529 -0.358946 -1.405605 0.584266 0.154394 0.425854 -0.673382
1678842919974 0.833127 -0.358352 -1.426928 0.578601 0.153332 0.423210 -0.680150
1678842920027 0.769568 -0.358634 -1.472441 0.570503 0.147236 0.420990 -0.689649
1678842920072 0.740581 -0.362091 -1.495013 0.565051 0.147326 0.420777 -0.694233
1678842920125 0.704250 -0.367190 -1.521758 0.560938 0.146920 0.422400 -0.696664
1678842920178 0.644055 -0.376843 -1.569615 0.558501 0.152222 0.427749 -0.694216
1678842920216 0.615773 -0.382309 -1.596581 0.557143 0.157367 0.430473 -0.692474
1678842920270 0.557857 -0.386579 -1.645499 0.560480 0.173410 0.437521 -0.681445
1678842920331 0.508277 -0.382719 -1.688702 0.557100 0.193290 0.447361 -0.672418
1678842920371 0.489093 -0.381898 -1.708855 0.558011 0.200400 0.453825 -0.665211
1678842920409 0.465544 -0.379645 -1.732596 0.558483 0.207040 0.460810 -0.657940
1678842920473 0.423175 -0.378522 -1.778013 0.550970 0.220083 0.473612 -0.650912
1678842920527 0.401623 -0.379699 -1.802882 0.547705 0.223035 0.479323 -0.648479
1678842920569 0.357921 -0.385415 -1.855583 0.542217 0.225462 0.487077 -0.646470
1678842920624 0.349213 -0.387359 -1.877777 0.542163 0.226150 0.489253 -0.644630
1678842920668 0.303868 -0.395089 -1.935008 0.543826 0.222924 0.493689 -0.640960
1678842920727 0.266946 -0.399339 -1.990499 0.540021 0.218401 0.502569 -0.638829
1678842920780 0.237754 -0.400277 -2.022260 0.540462 0.217843 0.503235 -0.638122
1678842920824 0.192801 -0.395358 -2.080888 0.545838 0.216174 0.495171 -0.640418
1678842920887 0.172183 -0.389646 -2.108733 0.544297 0.213552 0.489886 -0.646644
1678842920946 0.149422 -0.385546 -2.135929 0.547444 0.211242 0.481077 -0.651343
1678842920977 0.103214 -0.374596 -2.186812 0.544444 0.205943 0.467711 -0.665142
1678842921054 0.052375 -0.369607 -2.242069 0.539037 0.197076 0.465148 -0.673971
1678842921093 0.003737 -0.369965 -2.294265 0.538331 0.190480 0.464438 -0.676916
1678842921136 -0.025628 -0.372198 -2.324532 0.538955 0.188297 0.465203 -0.676504
1678842921184 -0.050986 -0.375753 -2.351443 0.538849 0.186006 0.468948 -0.674634
1678842921229 -0.105082 -0.384526 -2.408600 0.538433 0.179585 0.485299 -0.665074
1678842921281 -0.126424 -0.388836 -2.436045 0.538993 0.181794 0.493050 -0.658285
1678842921332 -0.173616 -0.395458 -2.493058 0.535180 0.195937 0.503020 -0.649740
1678842921394 -0.193170 -0.399132 -2.511428 0.536078 0.203470 0.507211 -0.643395
1678842921436 -0.232683 -0.395129 -2.564360 0.524591 0.225012 0.516850 -0.637996
1678842921502 -0.253589 -0.396143 -2.589964 0.526136 0.232569 0.522405 -0.629433
1678842921562 -0.288437 -0.393043 -2.643000 0.520764 0.248138 0.532452 -0.619458
1678842921618 -0.319163 -0.395486 -2.695373 0.515924 0.258218 0.545122 -0.608266
1678842921674 -0.339387 -0.399027 -2.746892 0.511075 0.261036 0.554744 -0.602430
1678842921707 -0.355016 -0.403258 -2.778100 0.510837 0.261125 0.557763 -0.599800
1678842921749 -0.370207 -0.407122 -2.810070 0.511693 0.259437 0.560761 -0.597001
1678842921819 -0.378058 -0.409927 -2.837441 0.511919 0.256126 0.564122 -0.595067
1678842921872 -0.405669 -0.412724 -2.901814 0.508926 0.253398 0.567425 -0.595661
1678842921910 -0.437193 -0.411831 -2.970082 0.519357 0.254729 0.562982 -0.590282
1678842921956 -0.448954 -0.408235 -3.000760 0.517462 0.255850 0.561373 -0.592987
1678842922012 -0.462391 -0.403775 -3.032745 0.517645 0.254955 0.561506 -0.593087
1678842922069 -0.484032 -0.394620 -3.090756 0.517222 0.255564 0.561334 -0.593357
1678842922104 -0.503092 -0.384184 -3.147780 0.508520 0.256606 0.565129 -0.596817
1678842922173 -0.520642 -0.380859 -3.200748 0.496999 0.261886 0.570976 -0.598660
1678842922205 -0.532305 -0.382884 -3.230391 0.490903 0.263890 0.575649 -0.598335
1678842922255 -0.540816 -0.384687 -3.256755 0.484988 0.267058 0.580381 -0.597180
1678842922301 -0.560864 -0.390089 -3.313154 0.470849 0.277661 0.587640 -0.596561
1678842922346 -0.568225 -0.392881 -3.339196 0.462700 0.283603 0.592808 -0.595027
1678842922400 -0.575986 -0.398810 -3.385212 0.443894 0.299283 0.605918 -0.588431
1678842922459 -0.583196 -0.404611 -3.430727 0.431339 0.320473 0.618679 -0.573132
1678842922502 -0.583679 -0.406294 -3.446989 0.422481 0.329821 0.624771 -0.567793
1678842922556 -0.584493 -0.407354 -3.465547 0.419141 0.340316 0.629351 -0.558949
1678842922595 -0.581659 -0.404910 -3.495391 0.412034 0.363250 0.631373 -0.547398
1678842922636 -0.580172 -0.403326 -3.509200 0.406507 0.370900 0.634641 -0.542601
1678842922703 -0.573729 -0.403538 -3.527071 0.396542 0.382865 0.638343 -0.537296
1678842922747 -0.571160 -0.402848 -3.537510 0.393428 0.384815 0.640769 -0.535301
1678842922796 -0.562555 -0.401794 -3.539963 0.391223 0.385680 0.642464 -0.534262
1678842922845 -0.558363 -0.400289 -3.555506 0.388660 0.385178 0.643325 -0.535458
1678842922879 -0.552606 -0.399460 -3.558812 0.389082 0.385895 0.642673 -0.535417
1678842922959 -0.549608 -0.399018 -3.563424 0.389886 0.389007 0.639727 -0.536108
1678842922970 -0.541785 -0.399059 -3.570297 0.391879 0.392675 0.639676 -0.532026
1678842923029 -0.533830 -0.397139 -3.579348 0.389444 0.393366 0.643624 -0.528531
1678842923065 -0.528637 -0.397860 -3.583043 0.388220 0.393250 0.645829 -0.526825
1678842923122 -0.525363 -0.396876 -3.585052 0.387588 0.393779 0.647027 -0.525423
1678842923161 -0.520520 -0.397446 -3.589599 0.387658 0.395868 0.647106 -0.523701
1678842923242 -0.516569 -0.398034 -3.591353 0.387019 0.396977 0.647493 -0.522856
1678842923266 -0.515069 -0.398688 -3.591972 0.387309 0.396873 0.647892 -0.522225
1678842923298 -0.515167 -0.400454 -3.590122 0.388281 0.397769 0.647663 -0.521105
1678842923356 -0.514211 -0.401367 -3.590172 0.389860 0.397918 0.648181 -0.519165
1678842923391 -0.512185 -0.402512 -3.589981 0.389960 0.397783 0.649818 -0.517144
1678842923447 -0.510728 -0.402936 -3.589671 0.390012 0.397894 0.650551 -0.516095
1678842923495 -0.510092 -0.403021 -3.589856 0.389985 0.396538 0.651473 -0.515997
1678842923525 -0.509835 -0.402700 -3.590051 0.389402 0.395986 0.651577 -0.516729
1678842923575 -0.510338 -0.402141 -3.592429 0.388643 0.395178 0.651769 -0.517675
1678842923615 -0.509993 -0.401635 -3.592499 0.388251 0.394293 0.652118 -0.518204
1678842923671 -0.509319 -0.401055 -3.593285 0.387267 0.393244 0.652161 -0.519683
1678842923709 -0.509099 -0.401237 -3.593120 0.387384 0.393292 0.651859 -0.519937
1678842923760 -0.509893 -0.401376 -3.593488 0.387134 0.393274 0.651445 -0.520656
1678842923832 -0.509988 -0.401770 -3.593422 0.387288 0.392934 0.651500 -0.520729
1678842923857 -0.509236 -0.401731 -3.593732 0.387857 0.393187 0.651081 -0.520639
1678842923907 -0.509540 -0.401789 -3.594007 0.387877 0.393028 0.650787 -0.521111
1678842923948 -0.509873 -0.401944 -3.594271 0.387835 0.393034 0.650372 -0.521656
1678842924008 -0.509796 -0.401607 -3.594551 0.387561 0.393033 0.650066 -0.522240
1678842924048 -0.510548 -0.401845 -3.595206 0.387759 0.393477 0.648708 -0.523447
1678842924093 -0.510134 -0.401102 -3.595860 0.387846 0.393589 0.648153 -0.523985
1678842924137 -0.511090 -0.401394 -3.596896 0.388507 0.393631 0.647033 -0.524848
1678842924180 -0.512699 -0.400967 -3.597599 0.391225 0.394478 0.646232 -0.523176
1678842924232 -0.513097 -0.401665 -3.598069 0.392260 0.395025 0.645400 -0.523016
