# Created at Tue Mar 14 18:19:40 MST 2023
1678843181345 -0.284361 -0.042207 -0.204038 0.495130 0.326799 0.595085 -0.542147
1678843181372 -0.280064 -0.045592 -0.217697 0.495874 0.331006 0.594729 -0.539297
1678843181405 -0.274864 -0.049622 -0.232721 0.496582 0.334087 0.595941 -0.535394
1678843181449 -0.269376 -0.053987 -0.247986 0.497278 0.338252 0.597723 -0.530120
1678843181479 -0.262366 -0.058106 -0.265665 0.496760 0.344965 0.598593 -0.525275
1678843181532 -0.255111 -0.061000 -0.284903 0.494751 0.349602 0.599218 -0.523390
1678843181593 -0.240478 -0.064805 -0.326975 0.487965 0.355046 0.600819 -0.524260
1678843181635 -0.231874 -0.066152 -0.351819 0.487023 0.355609 0.601823 -0.523603
1678843181685 -0.212384 -0.066963 -0.404067 0.484152 0.356389 0.602320 -0.525161
1678843181729 -0.202440 -0.066432 -0.432389 0.485058 0.357194 0.600563 -0.525789
1678843181788 -0.183017 -0.064137 -0.492817 0.496979 0.360961 0.587848 -0.526454
1678843181840 -0.172274 -0.060520 -0.522146 0.500786 0.364664 0.581823 -0.526986
1678843181880 -0.148684 -0.049465 -0.578665 0.482966 0.370849 0.583734 -0.537093
1678843181927 -0.137653 -0.045804 -0.606734 0.475067 0.371130 0.587636 -0.539683
1678843181964 -0.127731 -0.044253 -0.631805 0.472982 0.373196 0.587916 -0.539784
1678843182025 -0.112269 -0.044662 -0.689651 0.477234 0.375784 0.584392 -0.538070
1678843182070 -0.107134 -0.046001 -0.718304 0.478866 0.377609 0.577994 -0.542238
1678843182112 -0.095872 -0.045964 -0.776321 0.467618 0.379941 0.572521 -0.556056
1678843182182 -0.091734 -0.049424 -0.803768 0.467435 0.377398 0.571767 -0.558711
1678843182213 -0.083510 -0.058882 -0.869039 0.466431 0.376220 0.569642 -0.562503
1678843182268 -0.081420 -0.062879 -0.905130 0.466543 0.371510 0.572890 -0.562241
1678843182302 -0.078799 -0.068474 -0.940453 0.466565 0.366710 0.576945 -0.561227
1678843182361 -0.076179 -0.078450 -1.011009 0.467966 0.373084 0.581399 -0.551173
1678843182415 -0.070841 -0.082533 -1.083379 0.467021 0.387174 0.590172 -0.532620
1678843182464 -0.068371 -0.081615 -1.119432 0.468699 0.390989 0.595770 -0.522022
1678843182503 -0.065477 -0.076441 -1.153389 0.456176 0.401379 0.599898 -0.520500
1678843182567 -0.065117 -0.073151 -1.180902 0.444126 0.407203 0.608687 -0.516176
1678843182608 -0.057582 -0.068667 -1.249257 0.446399 0.401282 0.631491 -0.490836
1678843182657 -0.052631 -0.058905 -1.315616 0.427064 0.396452 0.646355 -0.492613
1678843182718 -0.049935 -0.059180 -1.383665 0.418582 0.393386 0.655024 -0.490898
1678843182760 -0.050342 -0.062326 -1.423354 0.419421 0.389741 0.656855 -0.490641
1678843182803 -0.048800 -0.066426 -1.461621 0.422481 0.384262 0.657786 -0.491089
1678843182860 -0.045173 -0.075519 -1.539197 0.431150 0.374008 0.655309 -0.494770
1678843182913 -0.042343 -0.080860 -1.578312 0.436602 0.367839 0.656199 -0.493433
1678843182974 -0.033390 -0.086083 -1.653237 0.449299 0.366446 0.645625 -0.497007
1678843183010 -0.026452 -0.084431 -1.726668 0.462845 0.376312 0.616192 -0.514268
1678843183090 -0.014947 -0.077156 -1.786787 0.468084 0.385338 0.595148 -0.527457
1678843183107 -0.009511 -0.074397 -1.819026 0.470232 0.373019 0.600499 -0.528336
1678843183151 -0.005087 -0.075285 -1.851254 0.480322 0.362183 0.604300 -0.522433
1678843183215 0.001574 -0.073645 -1.885355 0.501565 0.349135 0.602148 -0.513766
1678843183261 0.001356 -0.075400 -1.948625 0.525433 0.331030 0.588773 -0.517383
1678843183325 -0.001175 -0.078257 -2.017245 0.527421 0.320988 0.574478 -0.537373
1678843183373 -0.002547 -0.082147 -2.053140 0.528487 0.324355 0.564385 -0.544945
1678843183415 -0.006676 -0.092676 -2.132272 0.534884 0.321069 0.555619 -0.549638
1678843183463 -0.008762 -0.088357 -2.159660 0.533945 0.317171 0.557101 -0.551311
1678843183522 -0.007479 -0.080360 -2.236037 0.503357 0.331805 0.559286 -0.568978
1678843183568 -0.005481 -0.076475 -2.274720 0.488203 0.339525 0.562891 -0.574051
1678843183603 -0.005269 -0.068252 -2.316014 0.483703 0.340061 0.571284 -0.569232
1678843183665 -0.007927 -0.043974 -2.391046 0.443579 0.355888 0.585833 -0.577392
1678843183728 -0.011702 -0.028528 -2.470286 0.433210 0.355443 0.604554 -0.566131
1678843183763 -0.011588 -0.022860 -2.509902 0.427592 0.360843 0.607429 -0.563903
1678843183813 -0.019531 -0.016614 -2.584113 0.416710 0.371874 0.607937 -0.564337
1678843183860 -0.024079 -0.018836 -2.621002 0.417370 0.371943 0.611063 -0.560413
1678843183911 -0.028793 -0.024112 -2.659190 0.419212 0.372658 0.611116 -0.558502
1678843183958 -0.039479 -0.041223 -2.738274 0.436713 0.359142 0.609876 -0.555293
1678843184016 -0.052747 -0.053675 -2.808901 0.458287 0.342911 0.607512 -0.550740
1678843184060 -0.055544 -0.057444 -2.834816 0.470872 0.337543 0.599582 -0.552129
1678843184109 -0.064983 -0.061883 -2.908825 0.485941 0.336433 0.582757 -0.557735
1678843184164 -0.070733 -0.060760 -2.945172 0.499442 0.327062 0.575669 -0.558743
1678843184217 -0.086551 -0.051982 -3.008132 0.506904 0.334614 0.548948 -0.574228
1678843184268 -0.096795 -0.050189 -3.039664 0.507399 0.332751 0.545598 -0.578054
1678843184317 -0.119724 -0.043073 -3.103412 0.521702 0.305222 0.535638 -0.589711
1678843184376 -0.150690 -0.036591 -3.167814 0.544458 0.250949 0.527002 -0.602378
1678843184438 -0.169188 -0.036094 -3.199828 0.554389 0.227723 0.519973 -0.608624
1678843184464 -0.188706 -0.037732 -3.231781 0.560604 0.223034 0.506409 -0.616060
1678843184526 -0.229782 -0.043155 -3.298252 0.566950 0.228435 0.483009 -0.626967
1678843184602 -0.268885 -0.050448 -3.362842 0.561770 0.251174 0.468587 -0.633839
1678843184626 -0.288896 -0.052779 -3.395287 0.555925 0.261869 0.464742 -0.637485
1678843184684 -0.311029 -0.050440 -3.428748 0.554239 0.271126 0.459935 -0.638568
1678843184714 -0.356054 -0.041553 -3.492817 0.555915 0.269497 0.456527 -0.640245
1678843184769 -0.377832 -0.035814 -3.512685 0.545731 0.272589 0.459045 -0.645872
1678843184825 -0.422620 -0.029435 -3.572961 0.553074 0.267496 0.467504 -0.635606
1678843184879 -0.471290 -0.033119 -3.621171 0.556212 0.257242 0.468677 -0.636237
1678843184935 -0.497388 -0.032351 -3.647684 0.559169 0.251343 0.467371 -0.636963
1678843184974 -0.526383 -0.033179 -3.675414 0.566183 0.245081 0.463795 -0.635819
1678843185035 -0.581865 -0.039552 -3.726429 0.578078 0.226253 0.460165 -0.634731
1678843185066 -0.609483 -0.041589 -3.748247 0.584595 0.216025 0.458936 -0.633214
1678843185125 -0.668777 -0.054791 -3.796733 0.598166 0.200579 0.446379 -0.634596
1678843185186 -0.728377 -0.066136 -3.842450 0.616961 0.193227 0.419238 -0.637387
1678843185218 -0.758640 -0.068138 -3.866380 0.628470 0.187742 0.402675 -0.638460
1678843185257 -0.787155 -0.068844 -3.886563 0.645780 0.170046 0.390217 -0.633864
1678843185322 -0.814475 -0.060068 -3.907964 0.650625 0.155622 0.384780 -0.635935
1678843185365 -0.857609 -0.048556 -3.936609 0.635560 0.143349 0.389246 -0.651155
1678843185430 -0.913218 -0.039071 -3.970748 0.644568 0.123869 0.378291 -0.652751
1678843185467 -0.949977 -0.035843 -3.992910 0.644934 0.115455 0.365220 -0.661320
1678843185527 -1.016506 -0.039247 -4.020342 0.649493 0.091085 0.342710 -0.672617
1678843185579 -1.078937 -0.052157 -4.034626 0.655636 0.069375 0.321713 -0.679580
1678843185644 -1.116038 -0.061565 -4.046744 0.661948 0.062019 0.309144 -0.680007
1678843185661 -1.150848 -0.070524 -4.055638 0.666602 0.058971 0.296111 -0.681529
1678843185727 -1.223962 -0.083945 -4.081090 0.672717 0.062364 0.284186 -0.680294
1678843185779 -1.263407 -0.084857 -4.094890 0.677244 0.062383 0.285304 -0.675315
1678843185824 -1.340463 -0.080785 -4.119184 0.687944 0.062904 0.278452 -0.667263
1678843185882 -1.403565 -0.071225 -4.129273 0.678708 0.063600 0.280692 -0.675665
1678843185927 -1.438390 -0.066473 -4.140982 0.678332 0.063454 0.288409 -0.672799
1678843185968 -1.464242 -0.064429 -4.142253 0.686294 0.063891 0.290837 -0.663575
1678843186029 -1.530262 -0.063098 -4.168089 0.683256 0.071909 0.299634 -0.661974
1678843186072 -1.563109 -0.064050 -4.181907 0.686573 0.068619 0.305017 -0.656410
1678843186113 -1.564575 -0.067312 -4.168507 0.693388 0.058753 0.309211 -0.648190
1678843186167 -1.629714 -0.071223 -4.196171 0.696536 0.043872 0.302027 -0.649378
1678843186223 -1.654765 -0.070308 -4.201447 0.700270 0.034080 0.295532 -0.648939
1678843186268 -1.719113 -0.076372 -4.228614 0.704473 0.016608 0.283673 -0.650362
1678843186318 -1.784501 -0.080735 -4.253608 0.702559 0.003051 0.266043 -0.660017
1678843186375 -1.817713 -0.082531 -4.265047 0.705699 -0.001429 0.249254 -0.663219
1678843186395 -1.851373 -0.082554 -4.274375 0.712445 -0.012295 0.227705 -0.663643
1678843186459 -1.910235 -0.081136 -4.282527 0.701799 -0.028249 0.190699 -0.685794
1678843186515 -1.939226 -0.079996 -4.286567 0.704368 -0.036480 0.176898 -0.686470
1678843186547 -1.996047 -0.081715 -4.287652 0.711500 -0.057433 0.156787 -0.682559
1678843186610 -2.024147 -0.083657 -4.285112 0.715131 -0.070299 0.146213 -0.679903
1678843186651 -2.063282 -0.097036 -4.267281 0.720826 -0.098940 0.118407 -0.675722
1678843186701 -2.098221 -0.103486 -4.261001 0.720814 -0.110251 0.100778 -0.676843
1678843186736 -2.129965 -0.111046 -4.252090 0.720234 -0.119536 0.082738 -0.678328
1678843186785 -2.193777 -0.123844 -4.234037 0.716681 -0.132755 0.059912 -0.682023
1678843186864 -2.254972 -0.127643 -4.209315 0.721129 -0.142504 0.062945 -0.675058
1678843186908 -2.290085 -0.128470 -4.196263 0.730431 -0.150563 0.063775 -0.663124
1678843186935 -2.323592 -0.128362 -4.178788 0.734816 -0.157681 0.048112 -0.657926
1678843186989 -2.386846 -0.121359 -4.139363 0.719496 -0.171327 0.015026 -0.672865
1678843187029 -2.415833 -0.119047 -4.121666 0.724305 -0.179721 0.012167 -0.665533
1678843187089 -2.474085 -0.112390 -4.084255 0.745548 -0.195674 -0.003156 -0.637071
1678843187133 -2.500554 -0.105432 -4.064228 0.741276 -0.208508 -0.008242 -0.637939
1678843187189 -2.526698 -0.099961 -4.044342 0.739604 -0.220964 -0.011989 -0.635624
1678843187227 -2.579524 -0.098252 -4.003365 0.744650 -0.242689 -0.030973 -0.620998
1678843187291 -2.630558 -0.102039 -3.961158 0.743783 -0.262520 -0.058276 -0.611943
1678843187323 -2.655434 -0.103422 -3.939152 0.741787 -0.275170 -0.069427 -0.607630
1678843187363 -2.678809 -0.105591 -3.917123 0.739240 -0.286489 -0.082497 -0.603857
1678843187427 -2.721906 -0.110171 -3.871073 0.737034 -0.309008 -0.113168 -0.590329
1678843187489 -2.762245 -0.116044 -3.821707 0.729932 -0.329333 -0.154093 -0.578787
1678843187537 -2.781149 -0.114204 -3.794888 0.733349 -0.336005 -0.189804 -0.559709
1678843187587 -2.797635 -0.110994 -3.769415 0.723660 -0.350451 -0.210371 -0.556098
1678843187623 -2.823365 -0.100477 -3.726183 0.701928 -0.376729 -0.226926 -0.560247
1678843187688 -2.846562 -0.098086 -3.680205 0.695648 -0.400832 -0.250654 -0.540907
1678843187723 -2.856855 -0.097852 -3.654761 0.684965 -0.415541 -0.264515 -0.536825
1678843187779 -2.866508 -0.099563 -3.628662 0.675522 -0.428264 -0.280643 -0.530565
1678843187822 -2.889057 -0.109062 -3.573184 0.658388 -0.450859 -0.302875 -0.521074
1678843187858 -2.898163 -0.113488 -3.545816 0.652935 -0.458756 -0.312660 -0.515231
1678843187917 -2.920227 -0.122580 -3.485953 0.644955 -0.467849 -0.326807 -0.508279
1678843187986 -2.938003 -0.126634 -3.425732 0.644658 -0.473161 -0.331587 -0.500585
1678843188018 -2.944105 -0.132620 -3.393219 0.641243 -0.475447 -0.342850 -0.495188
1678843188066 -2.950713 -0.130302 -3.359347 0.640911 -0.477381 -0.354969 -0.485117
1678843188122 -2.952170 -0.112862 -3.291948 0.637557 -0.497632 -0.348476 -0.473760
1678843188170 -2.957243 -0.107273 -3.257837 0.640526 -0.500122 -0.353266 -0.463475
1678843188235 -2.962209 -0.098779 -3.191279 0.646792 -0.507603 -0.367887 -0.434347
1678843188268 -2.962312 -0.091272 -3.156565 0.646158 -0.515398 -0.375967 -0.418920
1678843188320 -2.957285 -0.078095 -3.090197 0.647259 -0.529916 -0.391479 -0.383391
1678843188359 -2.955256 -0.074248 -3.055664 0.646326 -0.535887 -0.401354 -0.366063
1678843188413 -2.945409 -0.072221 -2.993998 0.638469 -0.548611 -0.420961 -0.337898
1678843188459 -2.942565 -0.072697 -2.960881 -0.630909 0.557155 0.426362 0.331283
1678843188509 -2.942595 -0.073266 -2.922140 -0.624368 0.564384 0.434345 0.320903
1678843188562 -2.936764 -0.078744 -2.856522 -0.608407 0.574207 0.455875 0.303817
1678843188618 -2.930244 -0.081793 -2.792341 -0.583724 0.581178 0.483779 0.295731
1678843188666 -2.926436 -0.081884 -2.761241 -0.570765 0.582716 0.499583 0.291697
1678843188698 -2.923791 -0.075907 -2.729317 -0.561398 0.590122 0.503932 0.287474
1678843188782 -2.914768 -0.070175 -2.673201 -0.545813 0.599129 0.514012 0.280932
1678843188804 -2.905285 -0.071065 -2.657828 -0.537370 0.601433 0.522047 0.277450
1678843188855 -2.889718 -0.072602 -2.603569 -0.522905 0.612342 0.529358 0.267184
1678843188923 -2.873824 -0.076987 -2.599320 -0.514369 0.617528 0.534583 0.261351
1678843188961 -2.849592 -0.086473 -2.543787 -0.496769 0.629747 0.541879 0.251011
1678843189015 -2.834095 -0.089512 -2.511482 -0.487939 0.634274 0.547256 0.245200
1678843189053 -2.802011 -0.099723 -2.453386 -0.474307 0.641444 0.553955 0.238152
1678843189119 -2.764161 -0.105810 -2.403025 -0.469027 0.642631 0.558517 0.234728
1678843189156 -2.743624 -0.106063 -2.373606 -0.463420 0.639760 0.567625 0.231843
1678843189209 -2.699904 -0.103275 -2.324139 -0.459947 0.638625 0.574251 0.225483
1678843189277 -2.679278 -0.098911 -2.298218 -0.459742 0.641911 0.570459 0.226195
1678843189307 -2.658625 -0.097104 -2.271171 -0.461774 0.635312 0.577130 0.223752
1678843189375 -2.615988 -0.092006 -2.219907 -0.469036 0.625228 0.586729 0.211765
1678843189407 -2.595308 -0.089003 -2.204494 -0.469861 0.626048 0.587197 0.206141
1678843189451 -2.573790 -0.087165 -2.180888 -0.469497 0.626679 0.588601 0.200986
1678843189516 -2.507128 -0.094968 -2.112107 -0.463479 0.626088 0.598851 0.185951
1678843189552 -2.483144 -0.100141 -2.088129 -0.457779 0.626032 0.604997 0.180280
1678843189596 -2.458585 -0.105066 -2.064535 -0.452114 0.627562 0.609736 0.173150
1678843189674 -2.403662 -0.112080 -2.011229 -0.434627 0.632692 0.621679 0.155933
1678843189711 -2.375678 -0.116243 -1.988120 -0.422041 0.636656 0.627827 0.149607
1678843189748 -2.348468 -0.119024 -1.966942 -0.405550 0.636736 0.640296 0.141837
1678843189819 -2.271939 -0.109137 -1.914026 -0.366393 0.653735 0.650858 0.121538
1678843189886 -2.218585 -0.104278 -1.882373 -0.352122 0.651387 0.664004 0.103942
1678843189922 -2.193033 -0.104079 -1.869844 -0.341406 0.654489 0.667383 0.098421
1678843189953 -2.164823 -0.103569 -1.855099 -0.335941 0.658321 0.667598 0.089832
1678843190024 -2.109813 -0.107977 -1.831049 -0.324682 0.659987 0.673116 0.076903
1678843190094 -2.054025 -0.115004 -1.795530 -0.323803 0.662343 0.671560 0.073900
1678843190120 -2.025721 -0.118650 -1.774955 -0.330502 0.661302 0.669112 0.075740
1678843190154 -1.999940 -0.120348 -1.754048 -0.343738 0.663369 0.659607 0.081874
1678843190215 -1.946425 -0.122720 -1.706889 -0.361200 0.655859 0.655077 0.101276
1678843190282 -1.898316 -0.112477 -1.662811 -0.381670 0.650301 0.646268 0.117359
1678843190322 -1.870040 -0.105600 -1.628911 -0.394085 0.643504 0.644578 0.122956
1678843190360 -1.847121 -0.098864 -1.606114 -0.402088 0.638485 0.643574 0.128355
1678843190421 -1.805865 -0.088688 -1.561218 -0.424201 0.631697 0.634594 0.135288
1678843190470 -1.785832 -0.088485 -1.535631 -0.434220 0.626363 0.632053 0.140110
1678843190524 -1.746521 -0.095491 -1.478777 -0.444357 0.623231 0.624920 0.153640
1678843190557 -1.728747 -0.101031 -1.448383 -0.448912 0.620856 0.622590 0.159365
1678843190612 -1.696999 -0.110511 -1.384013 -0.463179 0.618369 0.612526 0.167025
1678843190668 -1.676117 -0.111866 -1.341765 -0.470588 0.617557 0.606572 0.171000
1678843190700 -1.646208 -0.113730 -1.291019 -0.474694 0.617411 0.602516 0.174481
1678843190758 -1.616603 -0.114446 -1.219409 -0.484946 0.622151 0.587285 0.181249
1678843190813 -1.579691 -0.114689 -1.137158 -0.477745 0.620910 0.590670 0.193236
1678843190862 -1.565690 -0.109992 -1.101183 -0.478118 0.626707 0.582139 0.199389
1678843190900 -1.549160 -0.106404 -1.061214 -0.484743 0.626076 0.576438 0.201923
1678843190964 -1.525017 -0.094503 -0.992879 -0.493952 0.622964 0.571514 0.203222
1678843191018 -1.498656 -0.083566 -0.928567 -0.501660 0.624898 0.565208 0.195906
1678843191066 -1.483976 -0.080846 -0.895974 -0.497043 0.627782 0.566281 0.195355
1678843191119 -1.450042 -0.079372 -0.826599 -0.495761 0.633983 0.562415 0.189673
1678843191170 -1.434137 -0.081356 -0.793064 -0.499031 0.633576 0.562052 0.183431
1678843191210 -1.397046 -0.082851 -0.720298 -0.498825 0.641207 0.558284 0.168361
1678843191289 -1.352188 -0.091879 -0.647217 -0.483268 0.653002 0.560779 0.159895
1678843191319 -1.328292 -0.096761 -0.610941 -0.475256 0.657462 0.563136 0.157331
1678843191400 -1.282102 -0.103514 -0.541795 -0.464358 0.667270 0.558356 0.165411
1678843191419 -1.257094 -0.104156 -0.507963 -0.456889 0.658532 0.575590 0.162126
1678843191469 -1.232863 -0.098440 -0.478932 -0.453612 0.665257 0.571443 0.158498
1678843191526 -1.189794 -0.096324 -0.432146 -0.447627 0.659759 0.585362 0.147308
1678843191566 -1.165245 -0.093664 -0.409546 -0.436657 0.659977 0.594354 0.143195
1678843191619 -1.114516 -0.091877 -0.367123 -0.427795 0.661222 0.603561 0.124462
1678843191682 -1.065855 -0.090528 -0.335015 -0.406741 0.664666 0.617264 0.108476
1678843191720 -1.043183 -0.094680 -0.318305 -0.396200 0.662178 0.628718 0.096227
1678843191755 -1.019696 -0.094295 -0.303952 -0.385441 0.660281 0.639454 0.081012
1678843191818 -0.968175 -0.091142 -0.266348 -0.360671 0.665103 0.652240 0.046243
1678843191887 -0.921096 -0.092189 -0.240978 -0.336507 0.662746 0.668953 0.005664
1678843191918 -0.902090 -0.091409 -0.232850 -0.322890 0.659400 0.678763 -0.014651
1678843191965 -0.875997 -0.094890 -0.220226 -0.303928 0.656737 0.689369 -0.033091
1678843192012 -0.831107 -0.095912 -0.210298 -0.257227 0.665407 0.697566 -0.066855
1678843192072 -0.806060 -0.096358 -0.197907 -0.235597 0.662768 0.705957 -0.082811
1678843192111 -0.762054 -0.085597 -0.177983 -0.210166 0.678051 0.696159 -0.106958
1678843192214 -0.743445 -0.084414 -0.167701 -0.200462 0.676822 0.698758 -0.116037
1678843192228 -0.714010 -0.081301 -0.157110 -0.166090 0.678518 0.703263 -0.132094
1678843192288 -0.689777 -0.080187 -0.153328 -0.151220 0.669704 0.710548 -0.154115
1678843192325 -0.675188 -0.082161 -0.152317 -0.141846 0.666652 0.713363 -0.162997
1678843192369 -0.659637 -0.085364 -0.152987 -0.129369 0.667599 0.713270 -0.169767
1678843192425 -0.621703 -0.094182 -0.155079 -0.100962 0.661114 0.722384 -0.175773
1678843192463 -0.603604 -0.097799 -0.156822 -0.094374 0.658868 0.724289 -0.179976
1678843192528 -0.561896 -0.106707 -0.161902 -0.084083 0.654653 0.727198 -0.188527
1678843192609 -0.511854 -0.117502 -0.170967 -0.065582 0.656295 0.725749 -0.195609
1678843192620 -0.485997 -0.121352 -0.176837 -0.058765 0.657988 0.724079 -0.198265
1678843192663 -0.459762 -0.123116 -0.182119 -0.057316 0.661690 0.719648 -0.202454
1678843192723 -0.406752 -0.125665 -0.197505 -0.047797 0.643724 0.733562 -0.212654
1678843192777 -0.359665 -0.116559 -0.214640 -0.051142 0.640669 0.731649 -0.227194
1678843192818 -0.337693 -0.115211 -0.226921 -0.040812 0.637189 0.735316 -0.227236
1678843192867 -0.316015 -0.110812 -0.238364 -0.032634 0.635858 0.735466 -0.231753
1678843192910 -0.274547 -0.101082 -0.265141 -0.015736 0.637541 0.729787 -0.246383
1678843192989 -0.237025 -0.095649 -0.294091 0.000659 0.629549 0.730706 -0.264076
1678843193020 -0.218504 -0.094827 -0.309013 0.011383 0.622859 0.733070 -0.272994
1678843193055 -0.199329 -0.095807 -0.325954 0.024872 0.615826 0.735105 -0.282418
1678843193111 -0.176748 -0.097830 -0.343882 0.036307 0.611175 0.733460 -0.295269
1678843193170 -0.122427 -0.106107 -0.401347 0.079654 0.591006 0.729398 -0.335180
1678843193212 -0.105673 -0.108919 -0.420432 0.096255 0.585129 0.725419 -0.349465
1678843193257 -0.089335 -0.112953 -0.441657 0.117978 0.581471 0.719160 -0.361636
1678843193330 -0.058640 -0.119568 -0.485572 0.180054 0.588804 0.689565 -0.381302
1678843193360 -0.047183 -0.119915 -0.507515 0.201150 0.591764 0.673256 -0.395070
1678843193409 -0.037593 -0.121775 -0.529200 0.220494 0.587285 0.663485 -0.407757
1678843193456 -0.022775 -0.125089 -0.574225 0.260786 0.578113 0.643719 -0.428254
1678843193560 -0.014043 -0.129047 -0.621856 0.297491 0.560062 0.625139 -0.455007
1678843193576 -0.013460 -0.131116 -0.646029 0.310758 0.551558 0.616544 -0.468066
1678843193626 -0.016845 -0.138637 -0.697411 0.336732 0.527371 0.605355 -0.491972
1678843193704 -0.016674 -0.143350 -0.725318 0.347824 0.515595 0.599791 -0.503418
1678843193721 -0.023348 -0.153884 -0.784880 0.372511 0.498866 0.583230 -0.521739
1678843193796 -0.034688 -0.160963 -0.846400 0.388841 0.482148 0.574797 -0.534738
1678843193821 -0.040265 -0.162447 -0.876851 0.395202 0.468628 0.579405 -0.537116
1678843193863 -0.046557 -0.163227 -0.907713 0.405319 0.458010 0.580252 -0.537820
1678843193916 -0.062949 -0.160330 -0.968025 0.424849 0.450940 0.566575 -0.543276
1678843193973 -0.069991 -0.156142 -0.995846 0.425339 0.444337 0.567120 -0.547747
1678843194018 -0.081755 -0.152303 -1.052076 0.444389 0.428016 0.570892 -0.541667
1678843194071 -0.088841 -0.147826 -1.078082 0.447656 0.420450 0.569710 -0.546129
1678843194119 -0.102405 -0.139068 -1.128456 0.451403 0.402505 0.572602 -0.553490
1678843194164 -0.110305 -0.139317 -1.155443 0.459719 0.393633 0.570043 -0.555664
1678843194205 -0.118670 -0.141428 -1.184529 0.467265 0.386792 0.564074 -0.560246
1678843194274 -0.134349 -0.146286 -1.242583 0.484521 0.367206 0.557460 -0.565365
1678843194316 -0.147222 -0.156120 -1.305432 0.497495 0.349430 0.551260 -0.571410
1678843194387 -0.153749 -0.159900 -1.337414 0.506990 0.339535 0.548948 -0.571256
1678843194422 -0.167299 -0.162964 -1.400184 0.523941 0.323892 0.534707 -0.578505
1678843194488 -0.181972 -0.161338 -1.462225 0.552913 0.305460 0.509509 -0.584279
1678843194547 -0.193868 -0.150790 -1.521345 0.564369 0.290207 0.491950 -0.596030
1678843194592 -0.198313 -0.143078 -1.547247 0.566213 0.282402 0.488763 -0.600634
1678843194638 -0.204034 -0.139697 -1.575559 0.571998 0.275974 0.482926 -0.602859
1678843194684 -0.216836 -0.135951 -1.631515 0.582315 0.266075 0.465996 -0.610705
1678843194728 -0.223973 -0.134164 -1.662433 0.584255 0.259884 0.461153 -0.615178
1678843194791 -0.237733 -0.134140 -1.719591 0.585340 0.246306 0.457727 -0.622251
1678843194833 -0.245864 -0.137946 -1.752964 0.585264 0.242305 0.454763 -0.626055
1678843194878 -0.254484 -0.141023 -1.783907 0.585415 0.237794 0.453085 -0.628854
1678843194934 -0.272041 -0.148413 -1.849069 0.585621 0.234649 0.449766 -0.632217
1678843194984 -0.292727 -0.154398 -1.914667 0.584665 0.239328 0.442080 -0.636752
1678843195045 -0.303963 -0.157366 -1.945736 0.582149 0.241693 0.443207 -0.637381
1678843195073 -0.315520 -0.157912 -1.980206 0.583509 0.244396 0.439319 -0.637798
1678843195119 -0.337270 -0.155690 -2.049084 0.579120 0.256588 0.429119 -0.643925
1678843195180 -0.352820 -0.154566 -2.117761 0.585117 0.265776 0.434402 -0.631107
1678843195238 -0.359765 -0.149974 -2.150373 0.578460 0.268626 0.439313 -0.632636
1678843195274 -0.366909 -0.146623 -2.182431 0.573604 0.270068 0.445247 -0.632295
1678843195330 -0.383523 -0.144023 -2.246077 0.566808 0.264576 0.452465 -0.635613
1678843195388 -0.404323 -0.145780 -2.311178 0.568641 0.256388 0.447873 -0.640564
1678843195423 -0.414753 -0.148059 -2.344343 0.568510 0.251632 0.444932 -0.644603
1678843195471 -0.425626 -0.150518 -2.377601 0.568223 0.247685 0.439382 -0.650168
1678843195534 -0.450605 -0.154456 -2.443997 0.571619 0.237096 0.425342 -0.660395
1678843195589 -0.474053 -0.158230 -2.507056 0.579184 0.226654 0.410739 -0.666684
1678843195623 -0.488797 -0.159147 -2.540000 0.593992 0.224734 0.389703 -0.666933
1678843195662 -0.501504 -0.155711 -2.568395 0.594320 0.223675 0.375365 -0.675170
1678843195720 -0.521856 -0.146644 -2.614813 0.589292 0.210281 0.386201 -0.677765
1678843195781 -0.550688 -0.142005 -2.664563 0.592240 0.202250 0.379879 -0.681203
1678843195828 -0.567333 -0.139189 -2.689668 0.593776 0.194994 0.373409 -0.685546
1678843195885 -0.608383 -0.142439 -2.736366 0.598075 0.180257 0.357370 -0.694334
1678843195925 -0.631386 -0.143635 -2.761803 0.600278 0.171784 0.349744 -0.698452
1678843195983 -0.654896 -0.148361 -2.785059 0.601374 0.166398 0.344385 -0.701470
1678843196026 -0.706643 -0.155477 -2.841901 0.607285 0.158438 0.338679 -0.700998
1678843196070 -0.731612 -0.160809 -2.866802 0.608099 0.160338 0.339573 -0.699427
1678843196118 -0.780870 -0.169186 -2.909700 0.616152 0.167632 0.333551 -0.693542
1678843196174 -0.807636 -0.168521 -2.934321 0.618716 0.172948 0.328367 -0.692427
1678843196222 -0.855994 -0.159009 -2.973918 0.605171 0.178186 0.333997 -0.700332
1678843196281 -0.880162 -0.154492 -2.997584 0.605083 0.180594 0.341814 -0.696006
1678843196313 -0.929115 -0.145293 -3.045026 0.611762 0.180361 0.352843 -0.684630
1678843196398 -0.978653 -0.136882 -3.082545 0.611454 0.171272 0.360333 -0.683338
1678843196432 -1.005792 -0.135948 -3.103175 0.612953 0.166980 0.362335 -0.681997
1678843196534 -1.062378 -0.141360 -3.146002 0.621045 0.157081 0.365607 -0.675249
1678843196554 -1.118446 -0.151031 -3.186883 0.634177 0.141565 0.371526 -0.663135
1678843196614 -1.149041 -0.157329 -3.209840 0.643119 0.133113 0.372396 -0.655744
1678843196640 -1.215069 -0.167811 -3.253320 0.659991 0.118527 0.359267 -0.649070
1678843196702 -1.245082 -0.171817 -3.270410 0.670263 0.109846 0.351321 -0.644403
1678843196743 -1.276762 -0.174328 -3.289782 0.680404 0.104908 0.335081 -0.643247
1678843196796 -1.338092 -0.169524 -3.323273 0.682557 0.100137 0.294097 -0.661510
1678843196850 -1.394708 -0.159619 -3.352506 0.684876 0.086325 0.272063 -0.670429
1678843196909 -1.422319 -0.155033 -3.366189 0.683622 0.079512 0.263392 -0.675991
1678843196940 -1.478467 -0.151110 -3.391627 0.684282 0.063763 0.251482 -0.681505
1678843196992 -1.507935 -0.154770 -3.404730 0.685239 0.057229 0.244841 -0.683538
1678843197033 -1.538336 -0.157851 -3.417357 0.684925 0.051323 0.239653 -0.686156
1678843197095 -1.602726 -0.170635 -3.442428 0.688299 0.038479 0.238046 -0.684177
1678843197145 -1.670210 -0.179483 -3.468412 0.689380 0.032320 0.238668 -0.683190
1678843197188 -1.704205 -0.180046 -3.482425 0.690180 0.030592 0.241206 -0.681569
1678843197231 -1.739181 -0.180714 -3.494623 0.692661 0.029970 0.240313 -0.679391
1678843197307 -1.839600 -0.168522 -3.523369 0.692732 0.027766 0.230434 -0.682826
1678843197346 -1.870757 -0.163010 -3.535167 0.691849 0.031941 0.233645 -0.682448
1678843197392 -1.900648 -0.159743 -3.548371 0.698413 0.039075 0.241722 -0.672504
1678843197453 -1.954759 -0.149970 -3.564090 0.699100 0.039259 0.256263 -0.666368
1678843197495 -1.985967 -0.147251 -3.573664 0.699710 0.037971 0.254905 -0.666323
1678843197551 -2.053918 -0.148958 -3.591843 0.703411 0.028661 0.253380 -0.663468
1678843197595 -2.088257 -0.155024 -3.600444 0.713551 0.022692 0.248017 -0.654842
1678843197627 -2.126601 -0.160767 -3.609396 0.721630 0.018930 0.236312 -0.650422
1678843197684 -2.193293 -0.172431 -3.620159 0.727432 0.003401 0.215866 -0.651332
1678843197730 -2.227369 -0.176705 -3.626336 0.730415 -0.006416 0.205551 -0.651308
1678843197786 -2.297572 -0.178004 -3.639585 0.731362 -0.025685 0.175866 -0.658423
1678843197822 -2.329545 -0.175029 -3.642941 0.734891 -0.039067 0.154279 -0.659248
1678843197888 -2.384934 -0.159480 -3.647152 0.719181 -0.067194 0.132254 -0.678802
1678843197929 -2.411415 -0.154913 -3.647687 0.720219 -0.077426 0.118395 -0.679170
1678843197987 -2.466522 -0.143883 -3.646208 0.714953 -0.096582 0.089945 -0.686604
1678843198025 -2.491177 -0.142295 -3.641477 0.713782 -0.106939 0.081039 -0.687395
1678843198091 -2.551163 -0.144974 -3.634719 0.713207 -0.124565 0.062965 -0.686917
1678843198128 -2.576479 -0.148224 -3.624648 0.711808 -0.133771 0.054891 -0.687329
1678843198159 -2.602512 -0.153095 -3.612768 0.712087 -0.141835 0.045207 -0.686128
1678843198216 -2.644083 -0.162931 -3.578940 0.713089 -0.156703 0.027328 -0.682790
1678843198262 -2.669046 -0.165371 -3.563658 0.714919 -0.163771 0.025817 -0.679267
1678843198320 -2.715533 -0.171391 -3.528221 0.720555 -0.175772 0.021938 -0.670391
1678843198362 -2.740044 -0.172391 -3.508949 0.725228 -0.177933 0.005433 -0.665097
1678843198423 -2.782451 -0.169715 -3.468749 0.710647 -0.187857 -0.014530 -0.677849
1678843198454 -2.804216 -0.170283 -3.450388 0.719619 -0.187378 -0.030076 -0.667932
1678843198495 -2.825230 -0.168974 -3.429824 0.722995 -0.194205 -0.036789 -0.661974
1678843198576 -2.877383 -0.157026 -3.365819 0.721192 -0.224896 -0.063175 -0.652160
1678843198622 -2.893162 -0.156612 -3.343080 0.719603 -0.236236 -0.074432 -0.648709
1678843198654 -2.908492 -0.155252 -3.319774 0.721493 -0.246976 -0.084401 -0.641347
1678843198715 -2.939938 -0.154913 -3.271299 0.722526 -0.269611 -0.102887 -0.628236
1678843198765 -2.953247 -0.154926 -3.245327 0.722177 -0.283665 -0.113537 -0.620568
1678843198826 -2.974924 -0.157131 -3.190488 0.718570 -0.314367 -0.147902 -0.602458
1678843198879 -2.992914 -0.149768 -3.136457 0.713706 -0.350981 -0.180022 -0.578816
1678843198947 -3.010371 -0.135121 -3.078848 0.708976 -0.388945 -0.229235 -0.541780
1678843199000 -3.014492 -0.124932 -3.052472 0.695215 -0.414412 -0.241633 -0.535306
1678843199050 -3.018258 -0.110986 -3.002579 0.676441 -0.447014 -0.279616 -0.514218
1678843199096 -3.019917 -0.110177 -2.979562 0.670083 -0.459782 -0.296463 -0.501696
1678843199155 -3.015765 -0.109755 -2.931041 0.657622 -0.481436 -0.329409 -0.476699
1678843199197 -3.019640 -0.114103 -2.900354 0.652182 -0.490774 -0.346081 -0.462630
1678843199260 -3.007752 -0.121972 -2.848453 0.633878 -0.512914 -0.371994 -0.443552
1678843199293 -2.999625 -0.128043 -2.823839 0.625457 -0.522015 -0.386300 -0.432523
1678843199351 -2.991257 -0.133091 -2.796169 0.618576 -0.529789 -0.400370 -0.419989
1678843199386 -2.973279 -0.139067 -2.740926 0.604745 -0.545780 -0.411805 -0.408441
1678843199428 -2.965344 -0.137678 -2.710702 0.599224 -0.550794 -0.416901 -0.404660
1678843199476 -2.954747 -0.138626 -2.681095 0.593488 -0.555950 -0.419085 -0.403807
1678843199543 -2.930762 -0.137666 -2.616200 -0.582485 0.558325 0.439564 0.394674
1678843199595 -2.902766 -0.128744 -2.557479 -0.569083 0.569982 0.445518 0.390869
1678843199633 -2.891058 -0.121100 -2.527667 -0.568168 0.575987 0.441737 0.387675
1678843199695 -2.864671 -0.122171 -2.475972 -0.573325 0.564863 0.455215 0.380799
1678843199732 -2.850804 -0.121931 -2.448147 -0.569561 0.565318 0.461739 0.377907
1678843199790 -2.821548 -0.119198 -2.382720 -0.555712 0.577063 0.469386 0.371294
1678843199840 -2.790253 -0.123483 -2.325385 -0.547066 0.586622 0.479529 0.355874
1678843199889 -2.773502 -0.124975 -2.291986 -0.542906 0.588751 0.486730 0.348882
1678843199941 -2.736156 -0.135168 -2.229427 -0.533394 0.596287 0.499499 0.332315
1678843200040 -2.715841 -0.140028 -2.200603 -0.527775 0.600574 0.505092 0.325032
1678843200054 -2.694723 -0.144510 -2.168420 -0.520786 0.604543 0.511171 0.319395
1678843200105 -2.651014 -0.148925 -2.105404 -0.504257 0.614097 0.520399 0.312721
1678843200157 -2.603366 -0.145486 -2.043096 -0.485564 0.616082 0.547175 0.292010
1678843200212 -2.557357 -0.138276 -1.990025 -0.465462 0.626648 0.560911 0.275747
1678843200261 -2.532969 -0.134998 -1.965609 -0.452799 0.632270 0.568395 0.268581
1678843200298 -2.508459 -0.130881 -1.940697 -0.439256 0.640312 0.573616 0.260804
1678843200378 -2.458968 -0.128510 -1.898246 -0.427419 0.649293 0.581302 0.240458
1678843200419 -2.409798 -0.134522 -1.864793 -0.422358 0.647742 0.593250 0.223827
1678843200486 -2.381486 -0.138056 -1.844268 -0.419155 0.650831 0.593203 0.220992
1678843200516 -2.323887 -0.144682 -1.813953 -0.414090 0.653010 0.596894 0.214067
1678843200565 -2.293503 -0.146081 -1.791916 -0.416127 0.654197 0.594869 0.212120
1678843200654 -2.197282 -0.139044 -1.730011 -0.418109 0.642776 0.605464 0.213159
1678843200677 -2.166817 -0.130189 -1.709161 -0.432165 0.642839 0.596281 0.210808
1678843200718 -2.136626 -0.128658 -1.688295 -0.445707 0.633903 0.596828 0.208108
1678843200779 -2.076257 -0.121409 -1.639036 -0.460743 0.616996 0.603909 0.205732
1678843200825 -2.041391 -0.122240 -1.606037 -0.464113 0.617711 0.601705 0.202443
1678843200912 -2.011327 -0.120710 -1.579493 -0.463475 0.618392 0.602776 0.198602
1678843200921 -1.958049 -0.126978 -1.528604 -0.459056 0.622743 0.601671 0.198622
1678843201023 -1.904869 -0.138505 -1.470083 -0.463176 0.618638 0.603450 0.196475
1678843201035 -1.881624 -0.146087 -1.442866 -0.465850 0.616084 0.604842 0.193882
1678843201086 -1.855621 -0.150892 -1.412554 -0.466686 0.616605 0.604304 0.191881
1678843201131 -1.808339 -0.162901 -1.355612 -0.455962 0.616436 0.612898 0.190947
1678843201187 -1.754948 -0.151950 -1.294361 -0.450976 0.624378 0.610189 0.185586
1678843201218 -1.732557 -0.146295 -1.265768 -0.456827 0.623617 0.608256 0.180097
1678843201286 -1.685153 -0.135126 -1.210529 -0.448533 0.628597 0.609608 0.179059
1678843201320 -1.660698 -0.130177 -1.183059 -0.447866 0.634556 0.604838 0.175854
1678843201385 -1.610369 -0.121163 -1.127939 -0.448332 0.639340 0.602342 0.165612
1678843201422 -1.586158 -0.118917 -1.101214 -0.449570 0.644749 0.596186 0.163548
1678843201479 -1.561776 -0.119165 -1.073650 -0.451729 0.646599 0.592838 0.162462
1678843201524 -1.521069 -0.123435 -1.026684 -0.461465 0.649635 0.581347 0.164500
1678843201582 -1.475274 -0.128385 -0.967844 -0.479253 0.646323 0.567961 0.173215
1678843201623 -1.458816 -0.132950 -0.944363 -0.489458 0.644431 0.558945 0.180887
1678843201677 -1.415169 -0.133232 -0.884653 -0.497938 0.634521 0.558515 0.193654
1678843201713 -1.395190 -0.126510 -0.853072 -0.502110 0.637573 0.547906 0.202940
1678843201758 -1.376847 -0.123358 -0.823392 -0.510813 0.629948 0.547501 0.206102
1678843201815 -1.346046 -0.113220 -0.767542 -0.524748 0.620546 0.542898 0.211715
1678843201868 -1.331389 -0.106714 -0.739084 -0.535098 0.619124 0.534641 0.210984
1678843201898 -1.318422 -0.101127 -0.711251 -0.544606 0.616442 0.527864 0.211574
1678843201961 -1.291984 -0.095573 -0.649290 -0.553677 0.611639 0.522246 0.215868
1678843202017 -1.269576 -0.088317 -0.585292 -0.562178 0.608629 0.518263 0.211967
1678843202065 -1.259750 -0.081864 -0.552310 -0.567152 0.609183 0.514974 0.205028
1678843202096 -1.246599 -0.074983 -0.515190 -0.572557 0.612250 0.507894 0.198423
1678843202156 -1.228109 -0.059694 -0.447743 -0.586056 0.613360 0.499836 0.174618
1678843202213 -1.203971 -0.046847 -0.376619 -0.578940 0.623827 0.499854 0.160667
1678843202262 -1.190967 -0.041905 -0.342612 -0.568985 0.630827 0.502419 0.160899
1678843202293 -1.179662 -0.034295 -0.312509 -0.560426 0.640727 0.498555 0.163816
1678843202355 -1.156876 -0.027427 -0.258015 -0.550911 0.647046 0.499620 0.167954
1678843202411 -1.145857 -0.026756 -0.232828 -0.548247 0.647641 0.499837 0.173637
1678843202435 -1.135640 -0.027556 -0.208263 -0.551140 0.643808 0.500988 0.175404
1678843202519 -1.113377 -0.032829 -0.162023 -0.553492 0.636533 0.507563 0.175647
1678843202566 -1.089869 -0.039816 -0.118761 -0.550569 0.636464 0.509097 0.180575
1678843202584 -1.076125 -0.041950 -0.096510 -0.545901 0.635133 0.515403 0.181545
1678843202644 -1.049581 -0.049671 -0.053587 -0.542921 0.632924 0.521688 0.180238
1678843202706 -1.038413 -0.049659 -0.039793 -0.546758 0.631427 0.521502 0.174331
1678843202751 -1.005027 -0.053393 0.000701 -0.545742 0.634456 0.522797 0.162216
1678843202790 -0.989096 -0.056625 0.019530 -0.543052 0.636775 0.524692 0.155918
1678843202838 -0.969264 -0.059841 0.038726 -0.539551 0.638471 0.527616 0.151195
1678843202894 -0.927997 -0.068032 0.075835 -0.527387 0.639262 0.541427 0.141650
1678843202953 -0.888841 -0.071790 0.095083 -0.495887 0.652933 0.553380 0.146784
1678843203013 -0.868531 -0.073753 0.105488 -0.486229 0.661044 0.551118 0.151232
1678843203084 -0.797552 -0.089261 0.145510 -0.436826 0.666499 0.586781 0.143700
1678843203121 -0.775319 -0.090797 0.155266 -0.416867 0.679221 0.587400 0.140864
1678843203172 -0.751617 -0.091076 0.165220 -0.408273 0.681848 0.592160 0.133204
1678843203211 -0.706679 -0.093168 0.186350 -0.395747 0.683864 0.602170 0.114484
1678843203277 -0.651825 -0.092772 0.211640 -0.380951 0.687505 0.611343 0.092049
1678843203314 -0.628006 -0.090679 0.220758 -0.375442 0.691378 0.612250 0.078673
1678843203360 -0.599175 -0.090963 0.234150 -0.367655 0.694226 0.615299 0.065483
1678843203425 -0.540848 -0.095803 0.259573 -0.345030 0.700467 0.623584 0.037987
1678843203478 -0.511864 -0.098077 0.274371 -0.330070 0.705975 0.626013 0.027577
1678843203502 -0.451983 -0.103231 0.307683 -0.306425 0.714153 0.629306 0.007956
1678843203558 -0.424627 -0.105770 0.324195 -0.298826 0.714653 0.632432 0.001793
1678843203613 -0.371855 -0.109819 0.350246 -0.273436 0.705805 0.653426 -0.010321
1678843203652 -0.342961 -0.111033 0.360501 -0.255394 0.708354 0.657919 -0.012277
1678843203698 -0.315533 -0.111893 0.370608 -0.244690 0.707320 0.663074 -0.012549
1678843203757 -0.262569 -0.104231 0.381256 -0.239387 0.698460 0.673299 -0.038918
1678843203819 -0.209939 -0.102114 0.379462 -0.214344 0.697120 0.680960 -0.066133
1678843203892 -0.152795 -0.105879 0.374291 -0.192389 0.691939 0.689533 -0.093548
1678843203918 -0.130366 -0.111210 0.366808 -0.184383 0.687564 0.694587 -0.103958
1678843203974 -0.101381 -0.116157 0.362028 -0.174360 0.683981 0.699203 -0.113507
1678843204020 -0.040194 -0.122957 0.352071 -0.157913 0.680038 0.703231 -0.134454
1678843204117 0.016653 -0.125698 0.335628 -0.157634 0.667923 0.709741 -0.159057
1678843204128 0.046420 -0.129583 0.325359 -0.157776 0.657596 0.716647 -0.170560
1678843204175 0.103280 -0.129758 0.300192 -0.129881 0.652161 0.724257 -0.182398
1678843204244 0.128210 -0.128372 0.280659 -0.118913 0.660405 0.716661 -0.190055
1678843204276 0.152983 -0.128300 0.267439 -0.106603 0.653287 0.723926 -0.194378
1678843204329 0.192182 -0.125994 0.238361 -0.088325 0.638329 0.735223 -0.210195
1678843204388 0.224118 -0.121431 0.203485 -0.060586 0.629373 0.737957 -0.235879
1678843204420 0.240787 -0.120915 0.183747 -0.043645 0.623337 0.739501 -0.250367
1678843204465 0.256903 -0.122105 0.162657 -0.021862 0.616072 0.741792 -0.264049
1678843204525 0.277329 -0.121705 0.119651 0.019626 0.603664 0.740091 -0.295751
1678843204576 0.298123 -0.125700 0.073204 0.063541 0.581257 0.740301 -0.331749
1678843204633 0.306378 -0.126996 0.049810 0.084773 0.568011 0.739357 -0.351467
1678843204664 0.312446 -0.128992 0.025964 0.111031 0.553713 0.738022 -0.369320
1678843204716 0.321158 -0.133483 -0.025029 0.182823 0.527807 0.722910 -0.406690
1678843204762 0.318230 -0.129178 -0.047131 0.201643 0.520277 0.709470 -0.430469
1678843204823 0.307806 -0.128578 -0.090214 0.249478 0.494921 0.695117 -0.457850
1678843204881 0.295983 -0.133042 -0.135055 0.296903 0.474612 0.676274 -0.478795
1678843204916 0.291373 -0.135499 -0.159661 0.316715 0.463514 0.666871 -0.490031
1678843204988 0.279558 -0.139386 -0.207681 0.339286 0.440996 0.655895 -0.510107
1678843205015 0.270435 -0.142863 -0.232309 0.351765 0.429370 0.651834 -0.516734
1678843205097 0.252132 -0.146452 -0.286027 0.372975 0.415077 0.641353 -0.526562
1678843205138 0.241698 -0.151246 -0.314568 0.382161 0.408495 0.639245 -0.527684
1678843205189 0.219915 -0.157763 -0.374510 0.396490 0.399543 0.635534 -0.528449
1678843205241 0.196170 -0.156591 -0.437501 0.408999 0.378482 0.644632 -0.523375
1678843205305 0.186571 -0.156906 -0.469107 0.416834 0.377153 0.641048 -0.522554
1678843205331 0.175778 -0.152954 -0.498639 0.416794 0.379795 0.636271 -0.526495
1678843205410 0.158365 -0.154415 -0.555043 0.427526 0.370627 0.640857 -0.518806
1678843205452 0.146411 -0.148310 -0.615021 0.433844 0.362475 0.639740 -0.520696
1678843205515 0.141060 -0.139880 -0.649184 0.435429 0.351500 0.644852 -0.520591
1678843205550 0.139221 -0.131739 -0.709259 0.430600 0.340346 0.647550 -0.528609
1678843205607 0.143540 -0.130049 -0.772109 0.430525 0.333081 0.650509 -0.529663
1678843205652 0.147420 -0.132432 -0.804778 0.429293 0.335826 0.649650 -0.529984
1678843205705 0.152224 -0.134810 -0.837116 0.431416 0.339561 0.646629 -0.529574
1678843205779 0.163380 -0.142222 -0.906526 0.436717 0.343294 0.643196 -0.526997
1678843205838 0.185713 -0.144412 -1.006246 0.438385 0.340644 0.643801 -0.526592
1678843205872 0.192811 -0.142824 -1.042307 0.447067 0.340778 0.639364 -0.524610
1678843205908 0.202760 -0.142344 -1.069732 0.448070 0.342961 0.634408 -0.528334
1678843205957 0.210719 -0.135507 -1.102816 0.443593 0.338821 0.636972 -0.531688
1678843206018 0.224526 -0.128266 -1.163592 0.443848 0.337179 0.638881 -0.530227
1678843206040 0.228868 -0.123547 -1.195526 0.444776 0.335269 0.637621 -0.532173
1678843206089 0.231565 -0.119280 -1.227157 0.444343 0.332863 0.636385 -0.535514
1678843206181 0.231076 -0.115656 -1.285658 0.443901 0.324259 0.633948 -0.543984
1678843206228 0.225589 -0.116835 -1.355824 0.444499 0.317830 0.630198 -0.551593
1678843206293 0.215731 -0.124509 -1.428889 0.445929 0.311904 0.629436 -0.554683
1678843206351 0.206176 -0.130672 -1.507368 0.443860 0.306473 0.634087 -0.554072
1678843206414 0.202089 -0.131984 -1.546384 0.439080 0.305312 0.637692 -0.554384
1678843206447 0.190624 -0.132459 -1.625405 0.444379 0.303687 0.639540 -0.548899
1678843206519 0.179360 -0.125906 -1.698899 0.442383 0.308918 0.640487 -0.546483
1678843206566 0.176224 -0.123827 -1.735878 0.442940 0.310299 0.644563 -0.540422
1678843206612 0.173737 -0.122389 -1.769269 0.445657 0.314153 0.648440 -0.531247
1678843206675 0.176524 -0.116217 -1.838403 0.432764 0.321454 0.660042 -0.523190
1678843206698 0.178629 -0.114034 -1.875482 0.426506 0.321754 0.666902 -0.519432
1678843206741 0.187570 -0.115643 -1.947500 0.414547 0.328719 0.674276 -0.515215
1678843206795 0.193313 -0.117439 -1.983643 0.408737 0.331297 0.677219 -0.514345
1678843206872 0.206381 -0.124389 -2.060792 0.403045 0.333019 0.680267 -0.513702
1678843206897 0.213726 -0.127114 -2.099002 0.401612 0.334133 0.679692 -0.514861
1678843206946 0.231118 -0.124977 -2.172880 0.394008 0.325826 0.687054 -0.516286
1678843207016 0.249465 -0.118228 -2.242670 0.396710 0.328995 0.680766 -0.520520
1678843207057 0.260056 -0.113199 -2.275640 0.391480 0.332790 0.682482 -0.519819
1678843207088 0.271335 -0.110126 -2.307556 0.388180 0.334419 0.689024 -0.512568
1678843207171 0.289335 -0.108397 -2.373431 0.391331 0.345892 0.691838 -0.498578
1678843207207 0.297650 -0.105834 -2.397641 0.387396 0.351749 0.692661 -0.496405
1678843207251 0.312402 -0.107524 -2.458413 0.379490 0.355345 0.700275 -0.489215
1678843207313 0.324183 -0.117970 -2.525166 0.376239 0.367458 0.703057 -0.478675
1678843207350 0.329669 -0.125670 -2.558998 0.377218 0.377910 0.701448 -0.472081
1678843207406 0.335181 -0.130772 -2.595602 0.377360 0.385742 0.702549 -0.463926
1678843207453 0.345317 -0.140060 -2.662610 0.357499 0.394014 0.716261 -0.451572
1678843207504 0.346982 -0.142882 -2.701127 0.346557 0.395193 0.721321 -0.451017
1678843207555 0.342509 -0.136651 -2.774637 0.331852 0.393916 0.718750 -0.467015
1678843207611 0.339021 -0.136479 -2.812870 0.343513 0.393632 0.710664 -0.471179
1678843207653 0.321988 -0.122032 -2.880291 0.329946 0.403018 0.694548 -0.496302
1678843207705 0.308079 -0.122607 -2.949453 0.329775 0.381666 0.707102 -0.495566
1678843207752 0.299566 -0.128047 -2.986995 0.348044 0.384424 0.697456 -0.494609
1678843207794 0.293040 -0.129220 -3.029175 0.360004 0.388808 0.683106 -0.502585
1678843207863 0.274351 -0.132573 -3.098564 0.370254 0.377610 0.667494 -0.524190
1678843207888 0.265966 -0.137792 -3.132375 0.378913 0.375209 0.658479 -0.531083
1678843207949 0.249846 -0.151872 -3.200648 0.400802 0.365077 0.647248 -0.535860
1678843207985 0.241989 -0.156983 -3.233413 0.408564 0.358537 0.643110 -0.539385
1678843208029 0.233859 -0.158231 -3.260108 0.414206 0.348707 0.640179 -0.544984
1678843208092 0.212804 -0.159122 -3.323254 0.435902 0.324122 0.628401 -0.556818
1678843208148 0.189267 -0.152378 -3.382742 0.458249 0.308871 0.600886 -0.577531
1678843208187 0.178089 -0.147936 -3.410562 0.462446 0.307345 0.586332 -0.589828
1678843208247 0.167511 -0.139128 -3.433075 0.471846 0.310164 0.567556 -0.599199
1678843208311 0.134066 -0.134349 -3.516791 0.500784 0.281302 0.541743 -0.613676
1678843208341 0.121216 -0.134881 -3.545997 0.515729 0.258949 0.539086 -0.613478
1678843208382 0.106922 -0.137990 -3.576329 0.532879 0.238800 0.534744 -0.610790
1678843208455 0.095108 -0.144052 -3.609138 0.548350 0.226537 0.527037 -0.608462
1678843208484 0.079355 -0.151353 -3.641495 0.554741 0.220181 0.515721 -0.614666
1678843208577 0.037123 -0.175227 -3.745682 0.569160 0.226473 0.488687 -0.621250
1678843208591 0.021729 -0.180167 -3.784284 0.571591 0.235159 0.483952 -0.619495
1678843208640 0.006815 -0.178975 -3.821946 0.566007 0.242312 0.484819 -0.621186
1678843208687 -0.024042 -0.172720 -3.891487 0.566108 0.252255 0.485742 -0.616396
1678843208745 -0.051814 -0.153806 -3.958849 0.562711 0.264975 0.493852 -0.607664
1678843208783 -0.064758 -0.141996 -3.988902 0.554831 0.269628 0.502838 -0.605489
1678843208820 -0.079314 -0.140685 -4.009864 0.544239 0.270283 0.514867 -0.604701
1678843208895 -0.108450 -0.134804 -4.057584 0.544249 0.264374 0.523100 -0.600221
1678843208925 -0.123130 -0.135101 -4.085333 0.547222 0.264370 0.521889 -0.598573
1678843208986 -0.150860 -0.142207 -4.140440 0.558586 0.259678 0.518240 -0.593276
1678843209024 -0.161722 -0.144001 -4.160775 0.564850 0.256246 0.514088 -0.592449
1678843209113 -0.185472 -0.151250 -4.212162 0.567175 0.254514 0.503547 -0.599979
1678843209125 -0.198387 -0.155324 -4.239701 0.570474 0.248051 0.502389 -0.600528
1678843209184 -0.224713 -0.161613 -4.295635 0.576513 0.231602 0.506094 -0.598215
1678843209224 -0.240212 -0.162166 -4.327278 0.578611 0.222859 0.502151 -0.602817
1678843209285 -0.274207 -0.162485 -4.381591 0.586528 0.210224 0.481835 -0.616137
1678843209323 -0.291524 -0.165739 -4.404647 0.609203 0.194236 0.471760 -0.607113
1678843209367 -0.308135 -0.168745 -4.428174 0.631224 0.197042 0.447873 -0.601780
1678843209422 -0.332555 -0.161453 -4.464260 0.622913 0.212685 0.435870 -0.613809
1678843209463 -0.344473 -0.158717 -4.482711 0.637534 0.192863 0.446574 -0.597433
1678843209522 -0.374625 -0.146882 -4.513759 0.645032 0.177635 0.426041 -0.608990
1678843209576 -0.404377 -0.135606 -4.544324 0.647765 0.156694 0.414662 -0.619599
1678843209628 -0.421411 -0.134516 -4.556537 0.650931 0.145657 0.411180 -0.621292
1678843209675 -0.439267 -0.134726 -4.571789 0.655711 0.137734 0.403822 -0.622896
1678843209715 -0.475244 -0.139236 -4.595303 0.661702 0.125967 0.395093 -0.624647
1678843209777 -0.513187 -0.140401 -4.625408 0.658963 0.107565 0.399796 -0.627981
1678843209818 -0.534009 -0.140127 -4.645947 0.655337 0.100472 0.402886 -0.630969
1678843209862 -0.556527 -0.141637 -4.660890 0.653454 0.092857 0.401902 -0.634705
1678843209899 -0.581155 -0.141437 -4.677114 0.654403 0.081915 0.396017 -0.638919
1678843209960 -0.635809 -0.145084 -4.702813 0.668307 0.068667 0.360617 -0.646997
1678843210013 -0.689795 -0.133048 -4.722126 0.654418 0.047844 0.336439 -0.675468
1678843210064 -0.711985 -0.130447 -4.729089 0.657875 0.029496 0.340678 -0.671021
1678843210093 -0.744370 -0.132217 -4.742935 0.669453 0.027303 0.326941 -0.666481
1678843210156 -0.794309 -0.131993 -4.749876 0.666110 0.011896 0.290098 -0.687022
1678843210206 -0.819369 -0.129390 -4.754009 0.665357 -0.004466 0.274379 -0.694259
1678843210234 -0.843777 -0.128066 -4.757581 0.663159 -0.015104 0.252309 -0.704508
1678843210291 -0.889344 -0.122506 -4.761604 0.659716 -0.047285 0.208709 -0.720402
1678843210350 -0.938195 -0.118888 -4.760534 0.657382 -0.086979 0.180409 -0.726455
1678843210383 -0.963407 -0.121493 -4.759313 0.663265 -0.102313 0.166738 -0.722364
1678843210448 -1.018881 -0.135521 -4.754708 0.677557 -0.126695 0.129607 -0.712788
1678843210496 -1.049235 -0.142595 -4.749620 0.684704 -0.141065 0.109851 -0.706551
1678843210551 -1.119456 -0.162441 -4.736144 0.695481 -0.175282 0.069999 -0.693313
1678843210588 -1.155962 -0.161807 -4.726109 0.701550 -0.195722 0.054399 -0.683052
1678843210645 -1.230491 -0.170226 -4.711923 0.710320 -0.229590 0.027270 -0.664823
1678843210692 -1.267197 -0.174152 -4.704882 0.712458 -0.238598 0.010761 -0.659817
1678843210727 -1.304443 -0.179885 -4.697873 0.726377 -0.242328 -0.021630 -0.642796
1678843210780 -1.364312 -0.175750 -4.695333 0.728939 -0.219938 -0.047335 -0.646556
1678843210832 -1.388984 -0.168476 -4.697402 0.730864 -0.209499 -0.035239 -0.648619
1678843210884 -1.436889 -0.153918 -4.686219 0.737642 -0.222162 -0.047083 -0.635855
1678843210923 -1.459187 -0.146247 -4.676266 0.735709 -0.234702 -0.060645 -0.632432
1678843210992 -1.512211 -0.124471 -4.650745 0.733229 -0.271934 -0.068406 -0.619474
1678843211014 -1.532124 -0.118272 -4.636240 0.732414 -0.290907 -0.069478 -0.611650
1678843211087 -1.552857 -0.116073 -4.618546 0.733273 -0.307354 -0.079071 -0.601325
1678843211129 -1.599536 -0.119582 -4.574907 0.725780 -0.331739 -0.099312 -0.594415
1678843211175 -1.643466 -0.122213 -4.523329 0.721076 -0.355228 -0.117565 -0.583130
1678843211226 -1.673522 -0.120175 -4.494067 0.715743 -0.366700 -0.120109 -0.582079
1678843211263 -1.694321 -0.116140 -4.465663 0.714280 -0.379872 -0.113259 -0.576778
1678843211343 -1.755687 -0.108088 -4.371230 0.713555 -0.402403 -0.132960 -0.557882
1678843211383 -1.770801 -0.099763 -4.339821 0.712135 -0.417326 -0.130529 -0.549241
1678843211409 -1.786376 -0.094189 -4.307381 0.717208 -0.419451 -0.148152 -0.536399
1678843211497 -1.813344 -0.082761 -4.243705 0.704204 -0.435201 -0.168129 -0.535191
1678843211521 -1.823996 -0.078471 -4.211303 0.706222 -0.444953 -0.179665 -0.520565
1678843211590 -1.841672 -0.074839 -4.145196 0.699936 -0.463135 -0.205148 -0.503497
1678843211627 -1.848391 -0.075671 -4.111934 0.693840 -0.472478 -0.216164 -0.498621
1678843211680 -1.864322 -0.077913 -4.041211 0.688119 -0.493451 -0.238773 -0.475379
1678843211727 -1.868327 -0.079273 -4.006501 0.682561 -0.507024 -0.248707 -0.463877
1678843211782 -1.874359 -0.091808 -3.934901 0.670413 -0.531908 -0.275389 -0.437928
1678843211813 -1.875210 -0.094866 -3.898739 0.662783 -0.543338 -0.290620 -0.425491
1678843211860 -1.874837 -0.097949 -3.862810 0.655273 -0.552614 -0.308407 -0.412456
1678843211919 -1.864053 -0.096502 -3.801702 0.631923 -0.561077 -0.369384 -0.386550
1678843211977 -1.849192 -0.091839 -3.744699 -0.609990 0.579912 0.395744 0.367425
1678843212026 -1.838958 -0.092576 -3.720473 -0.600980 0.582562 0.415106 0.356556
1678843212117 -1.804131 -0.097411 -3.641025 -0.568109 0.603948 0.458172 0.320277
1678843212151 -1.791610 -0.100393 -3.612591 -0.554995 0.613504 0.468726 0.309661
1678843212201 -1.778803 -0.106716 -3.585890 -0.545224 0.620949 0.477510 0.298558
1678843212253 -1.753546 -0.113963 -3.526685 -0.534301 0.632956 0.489230 0.273025
1678843212298 -1.742402 -0.119932 -3.485019 -0.528345 0.637016 0.493267 0.267860
1678843212335 -1.730278 -0.123528 -3.451932 -0.523567 0.639563 0.496663 0.264882
1678843212395 -1.705544 -0.130499 -3.385929 -0.517667 0.640793 0.504765 0.258106
1678843212433 -1.692015 -0.128733 -3.351683 -0.514018 0.638536 0.512580 0.255577
1678843212495 -1.664041 -0.116144 -3.289222 -0.515138 0.647415 0.502698 0.250562
1678843212522 -1.649380 -0.119599 -3.269992 -0.517540 0.644851 0.503711 0.250190
1678843212580 -1.635020 -0.119391 -3.238102 -0.519952 0.636019 0.513075 0.248764
1678843212627 -1.602089 -0.117312 -3.175888 -0.520048 0.629734 0.523002 0.243832
1678843212680 -1.569590 -0.114290 -3.118251 -0.523247 0.630490 0.524158 0.232279
1678843212726 -1.551027 -0.117387 -3.091005 -0.519969 0.629372 0.529532 0.230475
1678843212767 -1.533575 -0.122709 -3.060129 -0.517869 0.626986 0.535934 0.226880
1678843212815 -1.500325 -0.137620 -3.001464 -0.519498 0.621830 0.544646 0.216358
1678843212889 -1.482712 -0.143997 -2.969094 -0.515884 0.623095 0.548183 0.212396
1678843212912 -1.449584 -0.153524 -2.909508 -0.505293 0.625086 0.558191 0.205839
1678843212960 -1.432323 -0.156829 -2.876847 -0.499937 0.627671 0.561440 0.202183
1678843213009 -1.398910 -0.156828 -2.824891 -0.478692 0.627897 0.581798 0.195218
1678843213077 -1.380514 -0.153078 -2.795608 -0.469101 0.634360 0.583692 0.191928
1678843213101 -1.365599 -0.149149 -2.773091 -0.464978 0.639268 0.583730 0.185448
1678843213163 -1.328995 -0.143394 -2.719810 -0.451594 0.642808 0.592596 0.178018
1678843213221 -1.291832 -0.139323 -2.667196 -0.445330 0.649423 0.592677 0.169305
1678843213277 -1.252358 -0.142260 -2.616817 -0.437430 0.657060 0.592303 0.161566
1678843213323 -1.234014 -0.144400 -2.597130 -0.432925 0.662148 0.590996 0.157667
1678843213361 -1.211503 -0.149484 -2.571350 -0.430777 0.663992 0.591319 0.154556
1678843213423 -1.167290 -0.159277 -2.527124 -0.428991 0.665428 0.591699 0.151871
1678843213466 -1.142095 -0.163300 -2.501242 -0.430289 0.665557 0.590779 0.151213
1678843213507 -1.089944 -0.164841 -2.445679 -0.441323 0.661206 0.588054 0.149109
1678843213581 -1.034886 -0.164210 -2.392165 -0.435856 0.656025 0.595698 0.157495
1678843213616 -1.009573 -0.161035 -2.371910 -0.437988 0.659179 0.589589 0.161350
1678843213672 -0.984603 -0.158033 -2.346355 -0.444301 0.656475 0.587410 0.163057
1678843213718 -0.937384 -0.159413 -2.297949 -0.452347 0.638353 0.598308 0.172959
1678843213764 -0.914018 -0.156725 -2.273161 -0.457900 0.637439 0.594414 0.175131
1678843213821 -0.865637 -0.154597 -2.224900 -0.465199 0.634758 0.591758 0.174627
1678843213869 -0.840980 -0.157602 -2.199043 -0.465537 0.634098 0.592141 0.174826
1678843213907 -0.793486 -0.168104 -2.147573 -0.465039 0.631281 0.595703 0.174246
1678843213963 -0.767925 -0.174358 -2.119611 -0.462485 0.631358 0.598184 0.172250
1678843214013 -0.714906 -0.186324 -2.061329 -0.457033 0.634032 0.601443 0.165499
1678843214063 -0.689421 -0.189958 -2.032070 -0.455324 0.634487 0.603695 0.160185
1678843214116 -0.636361 -0.191710 -1.972472 -0.435072 0.631220 0.623734 0.152413
1678843214173 -0.610817 -0.186068 -1.945552 -0.428279 0.635722 0.625054 0.147452
1678843214207 -0.561655 -0.171159 -1.896015 -0.425544 0.644661 0.620565 0.134995
1678843214276 -0.536632 -0.165966 -1.871035 -0.421744 0.645487 0.623139 0.131058
1678843214315 -0.482184 -0.157450 -1.814932 -0.416186 0.651342 0.622917 0.120486
1678843214350 -0.456406 -0.155638 -1.790506 -0.413190 0.655392 0.621796 0.114477
1678843214400 -0.430202 -0.156663 -1.765219 -0.408457 0.658265 0.622473 0.111253
1678843214463 -0.378164 -0.160904 -1.710779 -0.410456 0.658603 0.621388 0.107913
1678843214511 -0.355564 -0.164612 -1.687985 -0.414408 0.658264 0.619320 0.106758
1678843214549 -0.305303 -0.171331 -1.629296 -0.426686 0.657262 0.610857 0.113133
1678843214616 -0.255643 -0.174660 -1.568037 -0.443321 0.650937 0.604086 0.121766
1678843214662 -0.230097 -0.175609 -1.535364 -0.445198 0.645260 0.607003 0.130329
1678843214722 -0.182540 -0.168594 -1.469892 -0.454655 0.644437 0.596046 0.150728
1678843214769 -0.143892 -0.163380 -1.402364 -0.476945 0.625670 0.593751 0.168880
1678843214817 -0.122515 -0.164372 -1.365929 -0.486210 0.620331 0.589062 0.178313
1678843214870 -0.105619 -0.162267 -1.332257 -0.496471 0.616936 0.581790 0.185544
1678843214919 -0.079163 -0.163454 -1.262030 -0.518088 0.608472 0.568226 0.196130
1678843214981 -0.051650 -0.173842 -1.188594 -0.530500 0.600014 0.562127 0.206314
1678843215021 -0.038183 -0.177935 -1.144893 -0.538311 0.595879 0.558205 0.208702
1678843215089 -0.027294 -0.180965 -1.107416 -0.543378 0.594636 0.554451 0.209123
1678843215130 -0.005646 -0.186990 -1.030136 -0.545107 0.598750 0.548058 0.209737
1678843215206 0.010475 -0.187530 -0.951925 -0.539371 0.595037 0.556855 0.211950
1678843215222 0.013971 -0.181998 -0.911975 -0.540772 0.593893 0.556298 0.213049
1678843215274 0.019415 -0.167243 -0.837171 -0.555625 0.594128 0.540271 0.215408
1678843215322 0.022154 -0.162428 -0.800328 -0.556744 0.594463 0.536893 0.219989
1678843215364 0.024481 -0.155385 -0.763810 -0.558432 0.598823 0.527441 0.226650
1678843215422 0.026815 -0.145281 -0.691352 -0.567847 0.602536 0.511823 0.229212
1678843215477 0.029252 -0.142531 -0.655374 -0.573783 0.603633 0.503252 0.230515
1678843215503 0.035015 -0.140202 -0.581334 -0.584502 0.608712 0.483749 0.231978
1678843215560 0.039158 -0.141379 -0.544531 -0.589082 0.609663 0.475835 0.234253
1678843215615 0.046272 -0.144169 -0.467559 -0.605255 0.609072 0.454833 0.236274
1678843215650 0.050348 -0.145415 -0.430299 -0.611305 0.608509 0.446676 0.237705
1678843215708 0.055656 -0.147230 -0.363723 -0.621118 0.609416 0.426106 0.247506
1678843215803 0.062137 -0.153831 -0.290837 -0.620393 0.604227 0.421532 0.268947
1678843215814 0.062106 -0.151464 -0.255995 -0.624116 0.603163 0.409565 0.280945
1678843215863 0.059524 -0.152157 -0.220512 -0.632309 0.590956 0.409307 0.288834
1678843215913 0.055910 -0.151160 -0.191467 -0.638317 0.580172 0.406467 0.301225
1678843215953 0.041949 -0.150927 -0.129231 0.658575 -0.563445 -0.381920 -0.320854
1678843216018 0.021548 -0.147956 -0.066199 0.676784 -0.544224 -0.364356 -0.336197
1678843216078 -0.001259 -0.158368 -0.002293 0.691245 -0.530495 -0.345501 -0.348403
1678843216120 -0.015549 -0.156147 0.038111 0.696804 -0.524703 -0.337911 -0.353507
1678843216143 -0.030355 -0.160426 0.068387 0.703065 -0.520105 -0.327434 -0.357740
1678843216214 -0.062281 -0.162918 0.127587 0.714864 -0.512813 -0.304717 -0.364882
1678843216258 -0.080772 -0.167091 0.156520 0.717656 -0.503285 -0.307651 -0.370169
1678843216295 -0.102395 -0.165485 0.185612 0.718480 -0.495861 -0.306794 -0.379192
1678843216373 -0.145383 -0.159530 0.226624 0.733983 -0.489286 -0.261020 -0.392092
1678843216411 -0.195049 -0.164567 0.264303 0.741337 -0.465125 -0.244163 -0.417688
1678843216455 -0.221270 -0.164238 0.281284 0.747223 -0.455587 -0.225860 -0.427885
1678843216508 -0.251573 -0.162937 0.293387 0.754408 -0.445905 -0.205083 -0.435865
1678843216552 -0.310218 -0.161023 0.318085 0.759878 -0.428744 -0.161592 -0.461142
1678843216616 -0.342233 -0.161904 0.323235 0.764062 -0.416965 -0.138757 -0.472330
1678843216651 -0.403765 -0.164708 0.339721 0.771978 -0.391931 -0.091024 -0.492091
1678843216705 -0.465196 -0.171238 0.352956 0.778061 -0.364170 -0.050317 -0.509381
1678843216768 -0.498331 -0.179718 0.368812 0.779303 -0.351104 -0.028646 -0.518259
1678843216797 -0.528174 -0.181340 0.374327 0.778146 -0.337933 -0.006375 -0.529386
1678843216873 -0.587732 -0.185024 0.378909 0.778327 -0.300706 0.036790 -0.549936
1678843216911 -0.650948 -0.182442 0.382537 0.771622 -0.264755 0.093006 -0.570837
1678843216958 -0.679088 -0.184228 0.377326 0.772888 -0.239061 0.110898 -0.577232
1678843217013 -0.730318 -0.185290 0.365739 0.770456 -0.194610 0.152361 -0.587631
1678843217071 -0.749784 -0.180143 0.348612 0.763484 -0.175839 0.181442 -0.594349
1678843217090 -0.770081 -0.178046 0.332291 0.757623 -0.158684 0.207654 -0.598086
1678843217153 -0.810258 -0.180300 0.295873 0.743127 -0.123826 0.247892 -0.609081
1678843217210 -0.849608 -0.187554 0.253646 0.734278 -0.091738 0.284132 -0.609663
1678843217265 -0.867817 -0.191903 0.230363 0.730944 -0.077770 0.297046 -0.609456
1678843217316 -0.910137 -0.194259 0.182535 0.719227 -0.055514 0.326783 -0.610609
1678843217349 -0.924629 -0.192843 0.155816 0.709784 -0.047018 0.340470 -0.614879
1678843217393 -0.942028 -0.189061 0.127738 0.701413 -0.035737 0.350491 -0.619596
1678843217474 -0.970247 -0.185241 0.068233 0.681389 -0.013239 0.369978 -0.631387
1678843217527 -0.999529 -0.183895 0.005141 0.661250 0.011836 0.394466 -0.637970
1678843217594 -1.016389 -0.180499 -0.056638 0.651027 0.035792 0.425394 -0.627633
1678843217619 -1.022420 -0.176328 -0.084445 0.640605 0.047695 0.440785 -0.626944
1678843217685 -1.031409 -0.167494 -0.135091 0.628978 0.071680 0.464894 -0.618969
1678843217712 -1.036977 -0.165116 -0.158957 0.623080 0.086263 0.473984 -0.616172
1678843217769 -1.042104 -0.163664 -0.182305 0.618131 0.098835 0.485303 -0.610432
1678843217804 -1.043614 -0.162036 -0.201027 0.613405 0.106277 0.500790 -0.601373
1678843217856 -1.054471 -0.163125 -0.246125 0.601083 0.125311 0.520938 -0.592976
1678843217907 -1.070591 -0.168443 -0.295400 0.591593 0.144491 0.531660 -0.588623
1678843217962 -1.080113 -0.172333 -0.318765 0.587333 0.151326 0.537206 -0.586132
1678843218021 -1.098511 -0.180752 -0.362774 0.580475 0.163866 0.549647 -0.578001
1678843218063 -1.109097 -0.185580 -0.388061 0.575045 0.169881 0.559845 -0.571872
1678843218115 -1.135034 -0.195083 -0.439959 0.562791 0.185143 0.581350 -0.557693
1678843218158 -1.143994 -0.196177 -0.466451 0.550781 0.191251 0.596202 -0.551912
1678843218200 -1.160280 -0.198492 -0.524364 0.541232 0.207399 0.613834 -0.535967
1678843218256 -1.165980 -0.197567 -0.553725 0.532590 0.220918 0.621071 -0.530862
1678843218307 -1.173025 -0.196120 -0.612570 0.506033 0.229453 0.645378 -0.524184
1678843218381 -1.171551 -0.202518 -0.669880 0.492519 0.253199 0.647672 -0.523294
1678843218416 -1.168424 -0.205887 -0.698534 0.482462 0.263865 0.654304 -0.519127
1678843218482 -1.156791 -0.215521 -0.751077 0.462849 0.286244 0.666278 -0.509813
1678843218516 -1.149891 -0.218666 -0.776834 0.451717 0.299215 0.669469 -0.508166
1678843218567 -1.142343 -0.220945 -0.801865 0.440112 0.309788 0.673408 -0.506808
1678843218608 -1.122860 -0.225814 -0.843878 0.423665 0.324736 0.677480 -0.506039
1678843218656 -1.114115 -0.228285 -0.871363 0.421346 0.329148 0.679032 -0.503036
1678843218701 -1.094112 -0.229462 -0.931880 0.420817 0.330727 0.683905 -0.495789
1678843218750 -1.081537 -0.225410 -0.962549 0.413172 0.335386 0.684499 -0.498263
1678843218804 -1.068147 -0.217506 -0.997213 0.399335 0.334060 0.691668 -0.500531
1678843218852 -1.037206 -0.206672 -1.062875 0.382682 0.334657 0.695014 -0.508443
1678843218907 -1.021323 -0.201384 -1.098272 0.380507 0.342825 0.687075 -0.515377
1678843218945 -0.984541 -0.191573 -1.159643 0.371154 0.356185 0.682625 -0.519037
1678843218993 -0.964715 -0.182274 -1.184875 0.355929 0.362130 0.684555 -0.523031
1678843219044 -0.926103 -0.172521 -1.235567 0.331959 0.367252 0.690157 -0.527837
1678843219085 -0.907557 -0.172586 -1.263007 0.326445 0.373529 0.687168 -0.530764
1678843219122 -0.889028 -0.173552 -1.289826 0.320194 0.378208 0.684562 -0.534612
1678843219183 -0.850365 -0.180490 -1.336205 0.317412 0.386039 0.680889 -0.535364
1678843219240 -0.832281 -0.187783 -1.363814 0.317839 0.391780 0.677524 -0.535208
1678843219278 -0.794648 -0.205239 -1.418927 0.314740 0.402851 0.679979 -0.525621
1678843219336 -0.773851 -0.209183 -1.453121 0.313030 0.406677 0.685332 -0.516667
1678843219381 -0.733048 -0.219754 -1.517059 0.306301 0.427668 0.684374 -0.504888
1678843219419 -0.710695 -0.222026 -1.548504 0.306523 0.429206 0.688268 -0.498110
1678843219482 -0.687084 -0.221301 -1.577309 0.294735 0.435728 0.692534 -0.493629
1678843219518 -0.635986 -0.224181 -1.639393 0.291215 0.454193 0.696653 -0.472840
1678843219604 -0.607098 -0.223243 -1.668797 0.286090 0.464489 0.700725 -0.459769
1678843219634 -0.553484 -0.221234 -1.722760 0.268174 0.470440 0.711830 -0.447289
1678843219693 -0.499219 -0.223260 -1.780114 0.255551 0.479514 0.716552 -0.437394
1678843219745 -0.444713 -0.231881 -1.840365 0.248761 0.475686 0.723964 -0.433263
1678843219789 -0.417098 -0.233484 -1.868947 0.247625 0.473661 0.724768 -0.434786
1678843219843 -0.389239 -0.235808 -1.900625 0.246762 0.470141 0.724921 -0.438824
1678843219907 -0.309147 -0.239658 -1.992470 0.260080 0.461063 0.716045 -0.455037
1678843219940 -0.283713 -0.238273 -2.024626 0.277315 0.461900 0.706995 -0.458153
1678843219986 -0.261636 -0.234765 -2.051616 0.277373 0.465748 0.698409 -0.467298
1678843220023 -0.238278 -0.226569 -2.078342 0.272461 0.462995 0.697053 -0.474886
1678843220085 -0.193329 -0.218687 -2.136370 0.279162 0.465817 0.687803 -0.481675
1678843220122 -0.174851 -0.214114 -2.163365 0.280087 0.468939 0.681129 -0.487556
1678843220185 -0.154223 -0.208402 -2.198845 0.284765 0.461254 0.677358 -0.497332
1678843220225 -0.139743 -0.209761 -2.227683 0.286696 0.459374 0.672435 -0.504591
1678843220273 -0.126192 -0.213002 -2.257935 0.288997 0.457194 0.667020 -0.512385
1678843220324 -0.101182 -0.218771 -2.318003 0.293440 0.453209 0.658150 -0.524722
1678843220375 -0.078056 -0.227788 -2.385884 0.294231 0.450647 0.651376 -0.534840
1678843220437 -0.065680 -0.229460 -2.424434 0.292700 0.448020 0.650783 -0.538597
1678843220479 -0.048082 -0.232398 -2.500247 0.314269 0.450217 0.639860 -0.537697
1678843220551 -0.028110 -0.225307 -2.579456 0.305369 0.449890 0.639439 -0.543568
1678843220615 -0.015623 -0.223919 -2.650720 0.323527 0.444715 0.647938 -0.527006
1678843220649 -0.011959 -0.220668 -2.685883 0.322800 0.439196 0.651246 -0.528002
1678843220691 -0.009159 -0.218068 -2.720985 0.325130 0.432600 0.653827 -0.528827
1678843220752 -0.005392 -0.215946 -2.786984 0.335094 0.420251 0.655021 -0.531082
1678843220840 -0.001976 -0.219537 -2.857214 0.348824 0.404933 0.653819 -0.535605
1678843220859 -0.000742 -0.223053 -2.892839 0.355440 0.398065 0.652394 -0.538135
1678843220891 0.000443 -0.226780 -2.928144 0.360893 0.390855 0.651594 -0.540754
1678843220956 0.000740 -0.233577 -3.004527 0.379327 0.375790 0.645422 -0.546189
1678843221025 0.002502 -0.241937 -3.077193 0.398474 0.364149 0.637897 -0.549274
1678843221060 0.001548 -0.244945 -3.113596 0.418938 0.357304 0.629536 -0.548187
1678843221103 -0.000279 -0.243719 -3.175564 0.436296 0.346350 0.615257 -0.557806
1678843221168 -0.002906 -0.240473 -3.208590 0.445266 0.340477 0.609597 -0.560540
1678843221208 -0.014178 -0.236871 -3.270394 0.464897 0.328185 0.591652 -0.571063
1678843221273 -0.028849 -0.233453 -3.335624 0.477295 0.304474 0.582836 -0.582912
1678843221321 -0.040370 -0.231549 -3.363603 0.485183 0.293337 0.574101 -0.590727
1678843221359 -0.050542 -0.232987 -3.397553 0.492620 0.283395 0.566260 -0.596961
1678843221412 -0.069027 -0.236745 -3.469531 0.495600 0.267802 0.559618 -0.607857
1678843221481 -0.090927 -0.243282 -3.542478 0.496659 0.263739 0.554287 -0.613626
1678843221515 -0.104018 -0.241587 -3.580201 0.497424 0.259019 0.555300 -0.614102
1678843221557 -0.117561 -0.240625 -3.618122 0.491006 0.255480 0.555153 -0.620845
1678843221616 -0.148521 -0.240264 -3.697141 0.507494 0.253528 0.545963 -0.616521
1678843221675 -0.163598 -0.236194 -3.732101 0.505070 0.252161 0.543267 -0.621434
1678843221701 -0.188018 -0.234381 -3.803677 0.531487 0.246497 0.536777 -0.607151
1678843221759 -0.201676 -0.228886 -3.832306 0.536030 0.251174 0.529407 -0.607710
1678843221819 -0.226883 -0.218665 -3.892758 0.543581 0.250854 0.530227 -0.600376
1678843221872 -0.253602 -0.215951 -3.946376 0.557449 0.242880 0.524840 -0.595653
1678843221910 -0.269791 -0.216002 -3.976905 0.568054 0.233815 0.519412 -0.594017
1678843221957 -0.284296 -0.216128 -4.004582 0.578037 0.221990 0.513013 -0.594484
1678843222023 -0.307735 -0.218580 -4.056954 0.593211 0.202065 0.503842 -0.594486
1678843222058 -0.321006 -0.219080 -4.086285 0.598223 0.192237 0.503456 -0.593049
1678843222092 -0.333385 -0.218398 -4.116025 0.595661 0.184884 0.507234 -0.594743
1678843222155 -0.362153 -0.220121 -4.176708 0.600592 0.165649 0.500512 -0.601113
1678843222211 -0.396874 -0.222353 -4.253991 0.615797 0.166031 0.468685 -0.611197
1678843222257 -0.411163 -0.221931 -4.285244 0.623837 0.158927 0.459233 -0.612107
1678843222293 -0.420335 -0.217573 -4.318475 0.618261 0.159034 0.454360 -0.621304
1678843222345 -0.442642 -0.213148 -4.375148 0.623631 0.157242 0.448894 -0.620366
1678843222387 -0.455538 -0.208601 -4.400351 0.625925 0.159818 0.436714 -0.626064
1678843222438 -0.468308 -0.198742 -4.423543 0.622522 0.158228 0.431484 -0.633444
1678843222485 -0.496414 -0.184372 -4.466298 0.621208 0.138065 0.432985 -0.638406
1678843222525 -0.513101 -0.180531 -4.486090 0.621042 0.129293 0.432165 -0.640955
1678843222591 -0.552752 -0.181129 -4.525082 0.628391 0.114958 0.416534 -0.646846
1678843222617 -0.577170 -0.183781 -4.532500 0.632389 0.109536 0.401797 -0.653181
1678843222673 -0.616926 -0.188023 -4.566127 0.633301 0.099512 0.387130 -0.662690
1678843222722 -0.634102 -0.189310 -4.566372 0.628276 0.087820 0.396389 -0.663651
1678843222780 -0.678935 -0.191563 -4.601445 0.626717 0.071640 0.403417 -0.662834
1678843222842 -0.728816 -0.194360 -4.636926 0.617794 0.062432 0.398704 -0.674884
1678843222881 -0.758688 -0.197368 -4.656447 0.635003 0.058203 0.384795 -0.667320
1678843222918 -0.794915 -0.193732 -4.673946 0.643082 0.054252 0.350887 -0.678513
1678843223011 -0.848990 -0.179377 -4.698264 0.627061 0.020415 0.348013 -0.696609
1678843223049 -0.899002 -0.172649 -4.716664 0.638269 -0.005202 0.348561 -0.686360
1678843223089 -0.926733 -0.170964 -4.723808 0.640214 -0.012758 0.329538 -0.693807
1678843223143 -0.982682 -0.170706 -4.725265 0.643457 -0.035079 0.280229 -0.711480
1678843223192 -1.010510 -0.173402 -4.723583 0.647530 -0.047014 0.254202 -0.716851
1678843223248 -1.067347 -0.183903 -4.718075 0.664747 -0.073341 0.195573 -0.717275
1678843223312 -1.125687 -0.195873 -4.706794 0.683928 -0.110821 0.147621 -0.705812
1678843223358 -1.155401 -0.204635 -4.701562 0.696636 -0.120723 0.133277 -0.694522
1678843223405 -1.188477 -0.218335 -4.698665 0.716859 -0.117779 0.120296 -0.676587
1678843223452 -1.256925 -0.243619 -4.686859 0.742067 -0.125809 0.081880 -0.653302
1678843223508 -1.293554 -0.249100 -4.678136 0.743670 -0.143707 0.065468 -0.649629
1678843223549 -1.376848 -0.260021 -4.665099 0.743973 -0.182682 0.020089 -0.642439
1678843223603 -1.416538 -0.263035 -4.660211 0.758339 -0.188346 -0.004380 -0.624043
1678843223648 -1.477755 -0.251464 -4.652598 0.757890 -0.185265 -0.020451 -0.625190
1678843223694 -1.502702 -0.241165 -4.649646 0.760053 -0.184093 -0.009619 -0.623167
1678843223730 -1.526389 -0.229588 -4.641717 0.767833 -0.194565 -0.006983 -0.610351
1678843223809 -1.594964 -0.205049 -4.607789 0.761811 -0.230096 -0.039301 -0.604280
1678843223847 -1.614727 -0.199518 -4.596457 0.760149 -0.244170 -0.040655 -0.600751
1678843223875 -1.636457 -0.196504 -4.583542 0.758952 -0.257224 -0.043457 -0.596607
1678843223947 -1.680006 -0.199469 -4.550562 0.752735 -0.277741 -0.062795 -0.593554
1678843223991 -1.702995 -0.203681 -4.531017 0.748193 -0.285764 -0.072528 -0.594379
1678843224023 -1.723231 -0.212923 -4.508392 0.743715 -0.291662 -0.082496 -0.595832
1678843224103 -1.779093 -0.224298 -4.456600 0.735378 -0.301359 -0.098454 -0.598923
1678843224128 -1.803388 -0.226998 -4.429445 0.734703 -0.303661 -0.098089 -0.598649
1678843224216 -1.872634 -0.225741 -4.338109 0.736903 -0.307803 -0.098209 -0.593790
1678843224245 -1.886961 -0.234547 -4.306394 0.737575 -0.313061 -0.097846 -0.590256
1678843224280 -1.906132 -0.232939 -4.273871 0.735707 -0.317099 -0.102521 -0.589638
1678843224315 -1.916619 -0.238008 -4.244411 0.736164 -0.316096 -0.118086 -0.586687
1678843224370 -1.950049 -0.237728 -4.183317 0.738566 -0.317491 -0.130050 -0.580350
1678843224433 -1.964507 -0.238826 -4.151516 0.740793 -0.320531 -0.137953 -0.573981
1678843224480 -1.994002 -0.241571 -4.087887 0.735246 -0.334056 -0.151630 -0.569937
1678843224517 -2.007102 -0.245541 -4.058439 0.737261 -0.339314 -0.160194 -0.561827
1678843224576 -2.040151 -0.258231 -3.991599 0.736505 -0.349415 -0.178268 -0.551082
1678843224638 -2.057220 -0.262168 -3.957546 0.736561 -0.355668 -0.188262 -0.543631
1678843224659 -2.074714 -0.267648 -3.922522 0.733314 -0.363176 -0.197457 -0.539782
1678843224740 -2.108784 -0.273855 -3.854228 0.727081 -0.379486 -0.210661 -0.531945
1678843224781 -2.126212 -0.275257 -3.819199 0.720515 -0.388968 -0.219197 -0.530579
1678843224826 -2.154224 -0.274371 -3.750821 0.709704 -0.401925 -0.263940 -0.514891
1678843224878 -2.174709 -0.257020 -3.685779 0.691543 -0.432016 -0.276325 -0.508699
1678843224925 -2.182437 -0.249853 -3.652023 0.683816 -0.444721 -0.287560 -0.501924
1678843224983 -2.190657 -0.240022 -3.582941 0.664442 -0.474129 -0.309113 -0.488024
1678843225014 -2.192088 -0.236154 -3.549894 0.656567 -0.487056 -0.323864 -0.476243
1678843225055 -2.192239 -0.235474 -3.513762 0.646066 -0.502128 -0.335920 -0.466502
1678843225117 -2.192467 -0.235815 -3.435859 0.628517 -0.530349 -0.356438 -0.443450
1678843225180 -2.190090 -0.237937 -3.396756 0.622752 -0.541059 -0.365812 -0.430833
1678843225210 -2.185362 -0.243297 -3.312406 0.608756 -0.556468 -0.385904 -0.413326
1678843225278 -2.185420 -0.243111 -3.267364 0.604254 -0.563378 -0.383087 -0.413190
1678843225314 -2.177649 -0.243774 -3.186763 0.606518 -0.561213 -0.386285 -0.409829
1678843225404 -2.167191 -0.238844 -3.110162 0.608026 -0.547160 -0.402159 -0.411324
1678843225423 -2.160949 -0.231518 -3.073896 0.607223 -0.553279 -0.390571 -0.415472
1678843225470 -2.156744 -0.227750 -3.037439 0.611103 -0.545113 -0.397581 -0.413925
1678843225519 -2.147058 -0.219200 -2.968544 0.618609 -0.539874 -0.398117 -0.409098
1678843225576 -2.133639 -0.213255 -2.901916 0.621907 -0.541485 -0.397845 -0.402175
1678843225619 -2.128193 -0.213843 -2.866765 0.619181 -0.544101 -0.399368 -0.401339
1678843225670 -2.122759 -0.215794 -2.831170 0.615826 -0.547013 -0.403118 -0.398786
1678843225717 -2.110480 -0.217272 -2.756651 0.612554 -0.549308 -0.418508 -0.384563
1678843225776 -2.101776 -0.219845 -2.729898 0.609237 -0.549212 -0.428775 -0.378613
1678843225792 -2.092818 -0.222320 -2.692967 -0.603646 0.552756 0.436008 0.374125
1678843225853 -2.071085 -0.224971 -2.618522 -0.593377 0.564925 0.446470 0.359762
1678843225914 -2.057823 -0.225667 -2.589708 -0.584173 0.567450 0.461621 0.351636
1678843225952 -2.029895 -0.215596 -2.521084 -0.561807 0.582133 0.479033 0.340620
1678843226010 -2.014078 -0.213986 -2.501800 -0.550853 0.588781 0.487354 0.335237
1678843226051 -1.981050 -0.208628 -2.439427 -0.530140 0.599786 0.508798 0.316752
1678843226116 -1.947950 -0.195772 -2.379281 -0.512229 0.616648 0.516321 0.301297
1678843226154 -1.930317 -0.194949 -2.349916 -0.502376 0.623923 0.520582 0.295523
1678843226215 -1.893099 -0.199825 -2.272619 -0.493014 0.638331 0.522958 0.275656
1678843226258 -1.872794 -0.203620 -2.240064 -0.489434 0.642280 0.526697 0.265558
1678843226308 -1.851488 -0.214855 -2.198419 -0.484109 0.645614 0.530391 0.259821
1678843226354 -1.810538 -0.222442 -2.133106 -0.481075 0.647003 0.531756 0.259209
1678843226409 -1.770277 -0.232763 -2.067576 -0.488472 0.641587 0.528626 0.265172
1678843226473 -1.750436 -0.233766 -2.033282 -0.489562 0.634701 0.534096 0.268748
1678843226491 -1.732325 -0.229785 -2.000945 -0.493905 0.634146 0.529170 0.271836
1678843226576 -1.702769 -0.227518 -1.950934 -0.505841 0.628691 0.519500 0.281055
1678843226625 -1.672847 -0.220753 -1.879182 -0.516767 0.620371 0.515952 0.286156
1678843226653 -1.660155 -0.217165 -1.849903 -0.523221 0.618083 0.511478 0.287407
1678843226690 -1.646239 -0.216075 -1.828046 -0.527451 0.617290 0.507850 0.287812
1678843226750 -1.618878 -0.219442 -1.765638 -0.533707 0.616332 0.503129 0.286623
1678843226792 -1.609596 -0.221906 -1.744934 -0.535463 0.615515 0.503151 0.285061
1678843226845 -1.580703 -0.230878 -1.680305 -0.537716 0.612798 0.506535 0.280647
1678843226900 -1.548244 -0.239236 -1.612657 -0.539592 0.613827 0.510355 0.267572
1678843226948 -1.531651 -0.242473 -1.580498 -0.537498 0.612863 0.517299 0.260571
1678843226990 -1.512984 -0.243684 -1.546493 -0.531870 0.612023 0.528014 0.252475
1678843227064 -1.478824 -0.237699 -1.487207 -0.519450 0.619127 0.536856 0.242157
1678843227108 -1.464588 -0.235572 -1.467401 -0.511399 0.622056 0.543606 0.236662
1678843227151 -1.429426 -0.230296 -1.413115 -0.493795 0.633285 0.550324 0.228605
1678843227218 -1.418745 -0.228017 -1.406072 -0.489421 0.637642 0.551190 0.223761
1678843227252 -1.385835 -0.225603 -1.356463 -0.481081 0.645917 0.550935 0.218686
1678843227295 -1.371718 -0.226776 -1.336898 -0.478773 0.648957 0.550107 0.216827
1678843227354 -1.334577 -0.234035 -1.284758 -0.475319 0.652730 0.549470 0.214703
1678843227410 -1.299118 -0.241795 -1.230137 -0.479641 0.652227 0.544469 0.219314
1678843227449 -1.280757 -0.245910 -1.203590 -0.484725 0.649479 0.541901 0.222627
1678843227500 -1.262755 -0.248930 -1.177257 -0.491683 0.646556 0.536547 0.228758
1678843227551 -1.224411 -0.254400 -1.126158 -0.505583 0.634218 0.533303 0.240294
1678843227593 -1.205091 -0.253524 -1.099581 -0.508839 0.628021 0.533068 0.250021
1678843227646 -1.176375 -0.249190 -1.052584 -0.521264 0.621016 0.518137 0.272318
1678843227742 -1.151594 -0.247433 -1.004854 -0.528414 0.607808 0.514672 0.294042
1678843227783 -1.136110 -0.241909 -0.962658 -0.539795 0.599832 0.502090 0.311012
1678843227814 -1.131456 -0.239545 -0.942340 -0.545824 0.597443 0.494420 0.317312
1678843227895 -1.122782 -0.238728 -0.898688 -0.554378 0.592767 0.482359 0.329579
1678843227910 -1.119688 -0.238579 -0.877984 -0.557214 0.591740 0.476920 0.334522
1678843227986 -1.116437 -0.242031 -0.834266 -0.560178 0.590205 0.468882 0.343524
1678843227999 -1.115185 -0.243144 -0.811183 -0.560330 0.591244 0.464452 0.347484
1678843228065 -1.114897 -0.244533 -0.786786 -0.559859 0.591052 0.461229 0.352822
1678843228113 -1.114784 -0.245498 -0.732641 -0.562019 0.593346 0.454939 0.353703
1678843228190 -1.116273 -0.244211 -0.671682 -0.562078 0.600195 0.446801 0.352425
1678843228213 -1.119527 -0.244160 -0.639890 -0.562177 0.601705 0.446172 0.350484
1678843228267 -1.120759 -0.243647 -0.606458 -0.563333 0.602690 0.445926 0.347234
1678843228314 -1.120067 -0.242830 -0.536578 -0.562354 0.603289 0.448775 0.344096
1678843228425 -1.116397 -0.236785 -0.449762 -0.552830 0.617227 0.443496 0.341644
1678843228445 -1.114689 -0.236292 -0.422257 -0.541967 0.618210 0.450632 0.347878
1678843228487 -1.111818 -0.234073 -0.394316 -0.536038 0.620730 0.454922 0.346992
1678843228550 -1.107471 -0.229947 -0.369235 -0.535362 0.624622 0.456566 0.338794
1678843228582 -1.096964 -0.221848 -0.312501 -0.530122 0.631051 0.457885 0.333296
1678843228634 -1.085690 -0.219375 -0.261991 -0.528535 0.639386 0.453349 0.326054
1678843228680 -1.079867 -0.221653 -0.234573 -0.528090 0.641408 0.452793 0.323568
1678843228746 -1.066660 -0.225525 -0.176097 -0.528600 0.644947 0.452435 0.316114
1678843228795 -1.058545 -0.229663 -0.145092 -0.529393 0.647640 0.451251 0.310931
1678843228818 -1.049696 -0.233121 -0.120192 -0.529536 0.650576 0.450058 0.306253
1678843228913 -1.010415 -0.244766 -0.037267 -0.527923 0.663219 0.447317 0.285212
1678843228941 -0.994200 -0.247425 -0.007098 -0.525838 0.663360 0.453493 0.278912
1678843228999 -0.978510 -0.253925 0.018568 -0.520108 0.665045 0.459537 0.275732
1678843229043 -0.943129 -0.261451 0.069506 -0.503996 0.667585 0.477997 0.268024
1678843229112 -0.901686 -0.265519 0.114555 -0.472606 0.672821 0.503807 0.264829
1678843229155 -0.881174 -0.265000 0.132334 -0.463949 0.674675 0.513768 0.256139
1678843229197 -0.857295 -0.261779 0.150052 -0.458332 0.674349 0.524380 0.245379
1678843229244 -0.834818 -0.259805 0.165167 -0.452010 0.676782 0.531968 0.233799
1678843229288 -0.787022 -0.256186 0.194790 -0.439334 0.680036 0.550583 0.203456
1678843229342 -0.733931 -0.255729 0.220090 -0.423274 0.683469 0.569372 0.171826
1678843229403 -0.713714 -0.252508 0.222939 -0.417051 0.683218 0.578222 0.157926
1678843229442 -0.661376 -0.255281 0.256932 -0.403593 0.684369 0.592022 0.135136
1678843229486 -0.636363 -0.257325 0.277331 -0.399907 0.683025 0.599113 0.120894
1678843229563 -0.582722 -0.260533 0.311046 -0.388137 0.683990 0.610413 0.094357
1678843229614 -0.531389 -0.259960 0.337944 -0.351790 0.686901 0.631502 0.074938
1678843229668 -0.505217 -0.254358 0.348474 -0.339326 0.691093 0.635120 0.062213
1678843229710 -0.445242 -0.246353 0.366411 -0.315992 0.683198 0.657336 0.036038
1678843229770 -0.414563 -0.243696 0.370562 -0.303720 0.680401 0.666672 0.018922
1678843229794 -0.382693 -0.238006 0.373848 -0.291440 0.676192 0.676627 -0.001855
1678843229855 -0.320242 -0.236606 0.373140 -0.254885 0.673374 0.692895 -0.038702
1678843229926 -0.252013 -0.242221 0.367662 -0.217580 0.675994 0.700284 -0.072757
1678843229971 -0.186642 -0.247369 0.356612 -0.188920 0.678399 0.702893 -0.100125
1678843230019 -0.151299 -0.250020 0.349191 -0.180498 0.677718 0.703764 -0.113291
1678843230060 -0.119391 -0.249748 0.342218 -0.176862 0.678645 0.701811 -0.124987
1678843230118 -0.056404 -0.255011 0.328140 -0.162244 0.675644 0.704411 -0.144871
1678843230185 -0.001751 -0.254590 0.311097 -0.148994 0.678820 0.699847 -0.164981
1678843230206 0.025867 -0.253663 0.302736 -0.131102 0.675489 0.705636 -0.169129
1678843230244 0.050452 -0.250615 0.293441 -0.116673 0.674370 0.707379 -0.176714
1678843230312 0.097969 -0.245961 0.271470 -0.092019 0.662490 0.715706 -0.201006
1678843230367 0.140132 -0.243272 0.244081 -0.066549 0.649904 0.720291 -0.233188
1678843230413 0.156657 -0.242778 0.231487 -0.050182 0.640546 0.724919 -0.248345
1678843230467 0.192815 -0.244249 0.199882 -0.013666 0.620306 0.730518 -0.285268
1678843230524 0.206973 -0.244732 0.185404 0.008242 0.610041 0.731810 -0.303705
1678843230582 0.233102 -0.249140 0.152389 0.055315 0.586442 0.730519 -0.345496
1678843230618 0.246780 -0.250189 0.136571 0.078382 0.573860 0.729179 -0.364471
1678843230667 0.265592 -0.256873 0.102735 0.143121 0.542103 0.724843 -0.400304
1678843230712 0.265905 -0.252551 0.089919 0.177280 0.533035 0.714547 -0.416975
1678843230750 0.267158 -0.249641 0.077374 0.205183 0.522784 0.703160 -0.436076
1678843230809 0.264338 -0.248869 0.055281 0.255550 0.498633 0.683161 -0.468348
1678843230874 0.256173 -0.245109 0.034255 0.292500 0.466147 0.672198 -0.495279
1678843230904 0.252743 -0.244966 0.021317 0.313165 0.450882 0.664578 -0.506921
1678843230970 0.246004 -0.243991 0.010456 0.332146 0.435378 0.657374 -0.517672
1678843231002 0.240729 -0.242583 -0.002101 0.351669 0.419398 0.650703 -0.526326
1678843231040 0.220554 -0.244866 -0.026590 0.390579 0.389836 0.630906 -0.545374
1678843231114 0.195618 -0.244034 -0.051986 0.419304 0.362881 0.611544 -0.564371
1678843231152 0.182839 -0.244429 -0.065881 0.432455 0.349091 0.603298 -0.571970
1678843231210 0.157133 -0.245969 -0.098642 0.454492 0.326511 0.587346 -0.584682
1678843231264 0.143540 -0.246368 -0.115729 0.461681 0.317130 0.581678 -0.589856
1678843231315 0.120674 -0.248157 -0.153102 0.470995 0.301326 0.571672 -0.600465
1678843231383 0.089879 -0.247885 -0.196710 0.474975 0.289494 0.565611 -0.608832
1678843231422 0.071712 -0.249225 -0.220048 0.475511 0.284411 0.565297 -0.611097
1678843231474 0.042990 -0.248303 -0.270720 0.476664 0.276768 0.567249 -0.611899
1678843231524 0.027811 -0.245301 -0.296140 0.483345 0.271443 0.568780 -0.607607
1678843231580 0.002746 -0.238111 -0.344537 0.480952 0.264086 0.575210 -0.606694
1678843231629 -0.019884 -0.236249 -0.392516 0.484901 0.266544 0.571273 -0.606195
1678843231686 -0.029636 -0.232988 -0.415500 0.483573 0.267561 0.571077 -0.606992
1678843231722 -0.040961 -0.230386 -0.439043 0.482852 0.265299 0.573644 -0.606138
1678843231812 -0.064624 -0.230852 -0.504912 0.483205 0.263884 0.571162 -0.608812
1678843231866 -0.077605 -0.238461 -0.550665 0.490772 0.263326 0.562656 -0.610918
1678843231900 -0.082900 -0.242490 -0.573579 0.493763 0.261447 0.560358 -0.611427
1678843231956 -0.088056 -0.247175 -0.597321 0.494861 0.259174 0.559701 -0.612109
1678843232000 -0.096631 -0.256358 -0.651888 0.500737 0.254196 0.557061 -0.611825
1678843232043 -0.101250 -0.261485 -0.679491 0.504535 0.252230 0.554911 -0.611472
1678843232089 -0.106789 -0.264287 -0.708059 0.507979 0.249253 0.553034 -0.611543
1678843232143 -0.115402 -0.271757 -0.768710 0.521548 0.245925 0.540894 -0.612325
1678843232215 -0.126043 -0.271617 -0.829338 0.536126 0.243880 0.524132 -0.615123
1678843232250 -0.130303 -0.268394 -0.856837 0.538829 0.242439 0.518012 -0.618507
1678843232303 -0.140864 -0.263107 -0.907615 0.545576 0.238612 0.508453 -0.622002
1678843232345 -0.147682 -0.261427 -0.931938 0.549669 0.238452 0.502455 -0.623332
1678843232400 -0.164299 -0.257283 -0.977355 0.551831 0.229723 0.494568 -0.630961
1678843232444 -0.173714 -0.256572 -0.999192 0.552785 0.226408 0.488466 -0.636058
1678843232493 -0.182355 -0.255273 -1.019999 0.554101 0.223753 0.482122 -0.640676
1678843232530 -0.205850 -0.256575 -1.063753 0.557382 0.213586 0.474992 -0.646598
1678843232609 -0.219000 -0.257986 -1.085738 0.557701 0.209798 0.471877 -0.649836
1678843232641 -0.246758 -0.262042 -1.131407 0.557382 0.203823 0.470417 -0.653062
1678843232704 -0.278396 -0.266652 -1.179343 0.554541 0.198732 0.471104 -0.656545
1678843232748 -0.295399 -0.267396 -1.203257 0.552904 0.197686 0.471640 -0.657855
1678843232810 -0.330079 -0.268177 -1.251238 0.548411 0.201144 0.470436 -0.661420
1678843232854 -0.348147 -0.268448 -1.275887 0.550888 0.203521 0.468783 -0.659806
1678843232905 -0.383446 -0.264617 -1.319354 0.546631 0.209797 0.472668 -0.658608
1678843232987 -0.399625 -0.262463 -1.340944 0.546219 0.209480 0.477224 -0.655760
1678843232998 -0.430582 -0.259766 -1.381346 0.551459 0.212335 0.480725 -0.647850
1678843233050 -0.446459 -0.258173 -1.400750 0.553884 0.212197 0.482199 -0.644724
1678843233084 -0.462257 -0.256122 -1.418270 0.554252 0.212185 0.482839 -0.643932
1678843233127 -0.478079 -0.256238 -1.437114 0.554526 0.210761 0.483733 -0.643493
1678843233185 -0.508208 -0.258629 -1.473395 0.558913 0.209264 0.481933 -0.641534
1678843233240 -0.539975 -0.264591 -1.512897 0.565668 0.208532 0.478056 -0.638746
1678843233285 -0.556170 -0.268370 -1.532790 0.568182 0.207790 0.477466 -0.637196
