# Created at Tue Mar 14 18:26:15 MST 2023
1678843575955 -0.347159 4.338294 8.872911
1678843575959 0.079009 4.096479 8.149862
1678843575963 -0.416591 4.510676 8.006210
1678843575967 -0.605733 4.513070 8.336611
1678843575971 -0.263362 4.448427 8.264784
1678843575974 -0.067038 4.041412 7.953538
1678843575977 -0.524330 4.031836 9.358934
1678843575980 -2.152387 5.011064 10.615891
1678843575983 -1.218649 4.587290 9.514558
1678843575986 -0.229843 4.446033 8.839393
1678843575991 -0.567426 4.623203 8.635885
1678843575994 -0.694318 4.838682 7.955932
1678843575996 -0.282516 4.747702 8.106767
1678843575999 -0.390255 4.771644 8.738836
1678843576002 -0.189142 4.742914 8.743625
1678843576005 0.347159 4.577713 8.590396
1678843576008 0.687136 4.374207 9.042900
1678843576011 0.428562 4.443638 9.014170
1678843576014 -0.090980 4.520253 8.803479
1678843576017 -0.924162 4.704607 9.327810
1678843576028 -0.859518 4.438850 9.928755
1678843576031 -0.433351 4.314352 10.134656
1678843576034 -0.438139 3.981557 8.916007
1678843576041 -0.991199 4.012682 9.581595
1678843576064 -0.347159 3.426103 9.854534
1678843576130 -0.390255 3.004723 10.168175
1678843576134 -1.288081 2.468422 10.510546
1678843576141 -1.939303 2.420538 9.461885
1678843576184 -1.905785 2.607286 7.673417
1678843576194 -2.166753 2.772485 7.254431
1678843576238 -2.767697 2.719813 8.540117
1678843576244 -3.320758 2.743755 9.821015
1678843576269 -3.227384 2.736573 10.034100
1678843576295 -2.391808 2.540248 10.077195
1678843576320 -1.443704 2.360683 9.847352
1678843576348 -1.046266 2.695871 8.959103
1678843576381 -1.510741 3.354277 7.606379
1678843576397 -1.800440 3.830723 6.667852
1678843576423 -1.616086 3.986346 7.086837
1678843576455 -1.225831 3.821146 8.736442
1678843576474 -1.362301 3.924097 9.473856
1678843576504 -1.400608 4.043807 9.040505
1678843576534 -1.089362 4.046201 9.033323
1678843576567 -0.821211 4.065354 8.918402
1678843576585 -0.787692 4.204218 8.427590
1678843576603 -0.423774 4.199430 8.650250
1678843576628 -0.263362 4.304775 8.983045
1678843576655 0.045490 4.776433 8.882488
1678843576686 -0.706290 5.173870 8.836999
1678843576707 -1.738190 4.884171 12.706028
1678843576731 -0.646434 3.639187 14.111424
1678843576757 -0.462081 2.935291 12.023681
1678843576786 -0.282516 2.518700 8.499416
1678843576836 0.567426 2.722207 4.965574
1678843576841 2.018312 2.767697 4.958392
1678843576859 1.108515 2.813187 6.624756
1678843576888 -1.060631 3.007117 9.440337
1678843576911 -2.676718 3.490746 9.248801
1678843576952 -1.805228 3.416526 7.096414
1678843576968 -0.794875 2.827552 8.365341
1678843576993 -0.579397 2.717419 9.124303
1678843577017 -0.368707 2.504335 8.748413
1678843577042 -0.062249 2.152387 7.568071
1678843577065 -0.476446 2.434903 6.725313
1678843577091 -0.809240 2.657564 7.773973
1678843577129 -1.331176 2.681506 9.526528
1678843577142 -1.355118 2.715025 11.463438
1678843577180 -1.484405 2.700660 10.311827
1678843577194 -2.243367 3.177106 7.860164
1678843577236 -3.524265 3.679888 7.850587
1678843577249 -3.361459 2.971204 11.068395
1678843577272 -2.521094 2.557007 13.362040
1678843577297 -2.715025 2.197877 11.762712
1678843577327 -1.345541 1.678335 11.808203
1678843577347 -1.199495 1.752556 12.480973
1678843577382 -3.529053 2.810793 12.720393
1678843577400 -3.849876 3.485958 11.010934
1678843577424 -2.415750 2.954445 7.592013
1678843577453 -1.223437 2.487576 6.270414
1678843577484 -2.322376 3.069367 7.450756
1678843577504 -1.987187 2.142811 7.647080
1678843577533 -2.255338 2.494758 10.393229
1678843577554 -2.303222 2.497152 11.999739
1678843577594 0.126893 2.114080 7.908048
1678843577607 1.189918 2.336741 6.478710
1678843577630 -0.071826 2.937685 8.667010
1678843577656 -2.477999 3.904943 9.926360
1678843577681 -2.248155 4.572925 6.270414
1678843577707 -0.648829 4.134786 4.922479
1678843577733 0.876278 3.545813 5.983110
1678843577758 -1.649605 3.883395 7.953538
1678843577787 -0.567426 4.101267 9.244013
1678843577810 -1.515530 3.794810 8.604761
1678843577836 -0.735020 3.761291 7.029376
1678843577861 -1.288081 2.942474 7.086837
1678843577891 -3.579332 4.115633 5.928043
1678843577932 -2.030283 3.478775 9.430760
1678843577939 0.263362 2.339135 12.631808
1678843577999 1.403002 1.007959 11.377247
1678843578015 1.742979 0.888249 8.200141
1678843578028 1.453280 1.082179 6.660669
1678843578041 -0.428562 2.126051 7.924808
1678843578066 -2.032677 2.583344 8.959103
1678843578095 -1.395820 2.355895 7.939173
1678843578119 -1.601721 2.331953 7.644686
1678843578144 -1.582567 2.880225 7.805098
1678843578169 -0.816423 2.858677 8.413225
1678843578195 -0.636858 2.533065 9.076419
1678843578221 -0.964863 2.224213 9.832987
1678843578247 -1.656788 3.114856 9.531317
1678843578276 -0.356736 2.475605 8.935161
1678843578298 0.040701 2.161964 9.622296
1678843578338 -1.479617 2.248155 10.972627
1678843578353 -1.968034 1.987187 11.192893
1678843578376 -1.982399 2.664747 8.746018
1678843578400 -3.732560 1.987187 9.423578
1678843578426 -2.858677 0.414197 10.766725
1678843578452 -0.723049 0.122104 11.082760
1678843578478 0.397437 0.670376 11.209652
1678843578503 0.263362 1.551443 9.770737
1678843578529 -0.811634 1.668759 8.207323
1678843578556 -2.154782 1.180341 6.476315
1678843578589 -3.093309 1.632846 6.928820
1678843578606 -3.667917 1.745373 9.519346
1678843578631 -2.365471 1.213860 9.988609
1678843578678 -2.992752 1.630451 9.229648
1678843578694 -2.595315 1.707066 9.797073
1678843578711 -2.487576 1.936909 10.766725
1678843578734 -2.695871 1.470040 10.711658
1678843578764 -2.449268 1.022324 10.079589
1678843578786 -3.179500 1.489193 10.575189
1678843578825 -1.862689 1.142034 10.407595
1678843578839 -1.276109 0.622492 11.008539
1678843578862 -2.779668 1.587356 10.757148
1678843578888 -3.924097 1.426944 10.163386
1678843578914 -3.277662 0.330400 11.238382
1678843578939 -3.404555 0.828394 12.519280
1678843578965 -4.355053 1.908179 12.808979
1678843578994 -4.491522 2.975993 11.669339
1678843579020 -3.497929 2.913743 10.697293
1678843579055 -2.018312 2.652776 11.777079
1678843579073 -1.072602 2.492364 11.736377
1678843579094 -1.529895 2.303222 9.787497
1678843579121 -1.596933 2.042254 8.485051
1678843579147 -3.268085 2.971204 9.062054
1678843579170 -3.193865 2.511518 9.414001
1678843579196 -2.030283 1.683124 11.702858
1678843579222 -3.655946 2.482787 11.860875
1678843579260 -2.707842 3.157952 9.545682
1678843579274 -2.391808 3.493140 9.691729
1678843579309 -2.633622 3.201048 10.074800
1678843579326 -3.632004 2.518700 10.606314
1678843579350 -3.203442 2.367866 10.515334
1678843579378 -2.054225 2.571373 10.438720
1678843579403 -1.802834 2.980781 9.124303
1678843579427 -1.051055 2.240973 7.972692
1678843579455 -0.548272 2.456451 9.447520
1678843579486 -3.835511 3.521871 10.939108
1678843579504 -4.254497 3.770868 9.358934
1678843579557 -3.011906 3.524265 10.972627
1678843579570 -2.384625 3.900155 11.104307
1678843579583 -1.920150 4.309563 8.362947
1678843579607 -2.140416 4.649539 8.439561
1678843579632 -2.616863 4.824317 9.976639
1678843579658 -2.449268 4.757279 9.885659
1678843579697 -2.252944 5.197812 9.957485
1678843579738 -2.817975 5.779603 8.678981
1678843579764 -2.396596 5.997475 8.008605
1678843579774 -1.417367 5.846641 8.094796
1678843579787 -1.211466 5.272032 7.271191
1678843579813 -1.517924 5.918467 8.856153
1678843579838 -2.312799 6.864176 9.507375
1678843579863 -2.145205 6.883330 9.339781
1678843579902 -3.165135 6.438008 8.813056
1678843579922 -2.487576 6.311116 8.956709
1678843579948 -2.027889 5.530606 10.280702
1678843579967 -0.071826 5.588067 10.711658
1678843580009 -1.185130 5.626374 6.524199
1678843580027 -1.036689 5.379771 4.958392
1678843580046 -0.330400 5.501875 7.041347
1678843580069 0.217872 5.214571 9.363723
1678843580094 -0.253785 5.233725 9.636662
1678843580122 -1.412579 5.714960 8.336611
1678843580154 -0.284910 5.135562 6.318298
1678843580172 -0.186748 5.884948 7.503428
1678843580197 -0.167594 6.459556 6.955156
1678843580223 0.031125 5.516241 6.715736
1678843580249 -0.550666 5.585672 7.460332
1678843580274 -2.252944 6.888118 10.208876
1678843580300 -1.924938 6.452374 8.894460
1678843580329 -1.237802 7.096414 7.072472
1678843580358 -1.975216 7.235278 7.551312
1678843580377 -1.458069 6.706159 8.676587
1678843580426 -0.677559 6.200983 7.781156
1678843580431 -0.328006 5.552154 7.857770
1678843580454 0.548272 6.251261 8.695741
1678843580488 1.204283 6.785168 6.442797
1678843580505 1.549049 6.359000 5.252879
1678843580539 1.192312 6.347029 7.115568
1678843580556 0.289698 6.217742 7.383718
1678843580590 0.234632 5.322310 6.706159
1678843580608 0.138864 6.047753 5.688623
1678843580634 0.945710 6.730101 4.240131
1678843580659 2.248155 6.014235 4.146757
1678843580687 2.561796 5.698200 5.427655
1678843580711 2.645593 6.138733 5.430049
1678843580736 1.711854 6.775591 5.695806
1678843580782 1.932121 6.617573 5.616797
1678843580796 0.991199 7.173028 5.530606
1678843580819 1.673547 8.157045 9.066842
1678843580839 1.606509 7.663840 8.645462
1678843580865 2.401384 8.192958 5.674258
1678843580894 3.184288 8.542512 6.244078
1678843580916 2.073379 8.580819 8.746018
1678843580946 3.610456 7.771579 7.843405
1678843580968 3.071761 7.632715 7.742848
1678843580994 1.687912 7.139510 7.766790
1678843581031 0.344765 6.902483 7.374141
1678843581050 2.063802 6.394913 5.274426
1678843581070 3.914520 6.368577 3.086126
1678843581095 4.496311 6.248867 3.687071
1678843581126 4.707001 5.808333 3.404555
1678843581153 3.720589 6.028600 2.075773
1678843581172 3.189077 5.449203 2.580950
1678843581198 4.232949 5.099649 6.246472
1678843581227 4.264073 5.329493 6.825869
1678843581255 3.988740 5.937620 7.680599
1678843581278 2.717419 6.148310 8.068460
1678843581320 2.370260 6.627151 5.590461
1678843581335 2.813187 6.411672 4.781221
1678843581367 3.330335 6.440403 4.869806
1678843581385 3.076549 6.868965 3.241749
1678843581404 3.622427 6.663064 2.899378
1678843581433 4.716578 6.581660 5.178658
1678843581456 3.928885 6.658275 4.960786
1678843581486 3.509900 7.034164 3.828329
1678843581506 4.153940 7.666234 3.141193
1678843581532 5.111620 7.625533 4.304775
1678843581558 5.511452 6.926425 4.903325
1678843581585 4.007894 7.608773 2.607286
1678843581610 3.406949 8.104373 3.428497
1678843581635 4.005499 8.121132 3.318364
1678843581670 5.470751 7.012617 4.173094
1678843581690 5.262455 6.505046 3.385401
1678843581714 4.568137 6.512228 2.054225
1678843581737 5.281609 6.090849 3.296816
1678843581763 5.286397 5.140351 3.258508
1678843581789 5.863400 5.346252 3.603274
1678843581819 4.309563 6.598420 5.480328
1678843581850 3.330335 7.659051 4.333505
1678843581871 4.213795 7.898471 3.672705
1678843581892 4.915296 7.685388 5.820304
1678843581925 4.335899 7.594408 4.718972
1678843581947 3.043030 8.070854 1.977611
1678843581971 4.477157 7.601591 3.442862
1678843581997 4.848258 7.352593 5.042189
1678843582023 3.543418 7.584831 3.423708
1678843582072 4.053383 7.687782 3.105280
1678843582081 4.522647 8.157045 3.888184
1678843582122 4.058172 8.224083 4.728549
1678843582145 4.082114 8.336611 3.150769
1678843582156 4.764462 7.931990 2.782062
1678843582176 3.569755 7.596802 3.593697
1678843582200 5.015852 7.309498 4.158728
1678843582226 7.450756 5.487510 4.606444
1678843582273 6.768408 5.940014 2.695871
1678843582287 4.496311 7.381324 3.019088
1678843582308 3.588908 7.960721 5.540183
1678843582330 4.302381 6.694188 9.686940
1678843582355 3.904943 5.576096 7.852982
1678843582381 3.603274 5.731719 3.114856
1678843582422 3.725378 6.083666 3.579332
1678843582439 3.737349 6.270414 4.903325
1678843582457 2.612074 6.564901 4.201824
1678843582482 1.484405 6.799533 3.924097
1678843582508 3.184288 6.555324 5.252879
1678843582534 3.215413 6.859388 5.588067
1678843582605 2.485181 6.959944 5.097255
1678843582622 2.602497 7.182605 4.493917
1678843582631 2.233790 7.175423 4.254497
1678843582639 2.937685 7.259220 4.826711
1678843582662 3.287239 7.204153 4.814740
1678843582687 2.063802 8.224083 5.094861
1678843582719 1.745373 8.501810 5.604826
1678843582739 2.387019 8.386889 5.999869
1678843582783 2.722207 8.327033 5.925649
1678843582794 3.098097 8.635885 5.133168
1678843582815 3.754108 7.556100 5.202600
1678843582842 3.339911 7.400477 5.449203
1678843582868 2.937685 7.635109 6.131551
1678843582893 4.058172 7.146692 5.789180
1678843582961 3.478775 7.685388 4.860229
1678843582972 3.107674 7.975086 4.448427
1678843582990 2.870648 7.723695 4.098873
1678843582996 3.208230 6.890512 4.158728
1678843583021 3.457227 6.584054 4.941632
1678843583054 4.070143 6.636727 4.867412
1678843583072 3.706224 6.421249 4.721366
1678843583098 3.610456 6.497863 3.924097
1678843583134 3.339911 7.091625 3.995923
1678843583177 4.161122 6.359000 6.136339
1678843583201 4.302381 6.485892 6.083666
1678843583218 3.275268 6.998251 4.853047
1678843583233 2.559402 6.998251 4.891354
1678843583275 2.820370 6.471527 5.427655
1678843583292 3.287239 6.512228 4.173094
1678843583320 3.311181 6.691794 3.157952
1678843583329 3.416526 6.823475 4.331111
1678843583355 3.035848 7.187394 4.627992
1678843583381 2.789245 6.976704 4.276044
1678843583408 2.856283 6.679823 6.440403
1678843583448 2.612074 6.646304 7.287950
1678843583457 1.800440 6.268020 6.387730
1678843583494 1.094150 5.547365 5.286397
1678843583510 0.363919 5.233725 6.854599
1678843583540 0.466869 4.558560 7.283162
1678843583581 2.149993 4.711789 4.168305
1678843583591 1.537078 5.015852 7.091625
1678843583623 -0.229843 5.461174 8.932767
1678843583661 -1.007959 5.789180 6.557718
1678843583673 0.277727 5.336676 6.550536
1678843583689 1.479617 4.730943 9.399636
1678843583720 0.797269 4.865018 9.976639
1678843583762 -0.553061 5.686229 8.810662
1678843583777 -0.174777 5.305551 8.010999
1678843583799 0.134075 4.762067 9.514558
1678843583841 -0.897826 4.783615 9.928755
1678843583855 -2.327164 5.030218 8.458714
1678843583868 -2.624045 5.861006 8.621520
1678843583904 -2.121263 6.335058 9.449914
1678843583922 -1.584962 6.564901 10.340557
1678843583947 -1.024718 5.918467 10.110714
1678843583990 -1.951274 5.817910 10.043676
1678843584003 -2.868254 6.217742 8.281544
1678843584024 -2.279280 5.892130 7.429208
1678843584049 -2.408567 5.422867 9.797073
1678843584079 -3.684676 5.561730 10.409989
1678843584118 -3.502717 4.438850 7.903260
1678843584133 -2.106898 3.260903 7.314286
1678843584168 -2.279280 4.084508 9.900024
1678843584181 -3.031059 4.517859 10.134656
1678843584202 -3.679888 3.866636 9.464279
1678843584228 -3.778050 3.703830 9.449914
1678843584264 -3.821146 3.608062 9.526528
1678843584281 -3.706224 3.349488 10.283096
1678843584305 -3.198653 3.021482 11.113884
1678843584330 -2.849100 2.846706 10.031705
1678843584358 -3.059790 2.810793 10.515334
1678843584394 -3.500323 2.525883 10.943896
1678843584407 -3.418920 2.645593 10.891224
1678843584441 -3.078943 2.616863 10.477027
1678843584459 -3.232172 2.477999 9.871294
1678843584488 -3.210624 2.425326 9.765948
1678843584525 -3.131616 2.123657 10.156203
1678843584538 -3.272874 1.824382 11.384429
1678843584569 -2.870648 1.671153 11.585542
1678843584587 -3.148375 2.310405 10.546458
1678843584623 -3.335123 2.135628 10.115502
1678843584654 -3.198653 1.211466 11.314998
1678843584667 -3.371036 0.395043 11.022904
1678843584703 -3.576937 0.945710 11.590330
1678843584722 -3.296816 0.883460 11.638214
1678843584746 -2.956839 0.826000 9.751583
1678843584795 -2.159570 0.845153 10.311827
1678843584805 -1.350330 0.083797 12.832921
1678843584819 -1.900996 -0.064643 12.770672
1678843584845 -2.023100 0.464475 10.661380
1678843584870 -1.972822 0.720655 10.618284
1678843584895 -1.343147 0.253785 11.037270
1678843584929 -1.496376 0.373495 10.687716
1678843584960 -1.185130 0.308852 10.443508
1678843585002 -0.907402 0.246603 11.214440
1678843585024 -1.053449 0.684742 10.793061
1678843585035 -0.658405 0.936133 10.678140
1678843585052 -0.409408 0.893037 10.785878
1678843585076 0.038307 0.974440 9.622296
1678843585101 -0.203507 1.491588 9.095572
1678843585136 -0.294487 1.965640 9.957485
1678843585161 -0.014365 1.826776 10.670957
1678843585187 0.126893 1.745373 9.943120
1678843585226 0.138864 1.786075 9.718064
1678843585240 0.150835 2.008735 10.374076
1678843585257 -0.040701 2.511518 9.921572
1678843585285 -0.081403 3.050213 10.486604
1678843585306 -0.620098 3.330335 11.942278
1678843585332 -0.351948 2.971204 9.950302
1678843585366 0.715866 2.837129 8.497022
1678843585385 0.991199 3.050213 9.521740
1678843585409 0.933739 3.488352 10.079589
1678843585434 0.512359 3.265691 9.516952
1678843585460 -0.160412 3.615245 9.799467
1678843585497 -0.277727 3.988740 10.623073
1678843585513 0.780510 2.999935 9.765948
1678843585540 1.671153 2.956839 10.405201
1678843585563 0.818817 3.878607 10.742783
1678843585595 0.210690 4.594473 9.323022
1678843585632 0.878672 4.752491 9.028535
1678843585650 0.457293 5.293580 10.218452
1678843585670 0.366313 5.118803 10.180145
1678843585691 0.881066 4.982334 8.769960
1678843585729 0.756568 5.614403 7.771579
1678843585743 1.218649 5.892130 7.771579
1678843585768 1.903390 5.432444 7.994239
1678843585815 2.217031 5.413290 7.946355
1678843585828 2.528277 5.224148 7.359776
1678843585855 2.513912 5.264850 7.522582
1678843585893 1.814805 4.884171 7.754819
1678843585912 1.912967 5.327099 6.926425
1678843585947 2.659958 5.099649 6.694188
1678843585993 3.617639 4.709395 7.343017
1678843586005 2.966416 4.012682 7.139510
1678843586016 1.831564 4.635174 5.597643
1678843586030 2.001553 5.018247 4.742914
1678843586051 2.750938 4.793192 6.617573
1678843586097 2.511518 4.967968 6.687006
1678843586109 2.585738 5.360618 4.865018
1678843586134 2.662352 5.875371 3.928885
1678843586186 2.262521 6.265626 3.725378
1678843586196 2.331953 6.497863 4.031836
1678843586206 2.777274 6.263232 5.236119
1678843586231 2.240973 6.215348 5.063736
1678843586256 2.669535 6.342240 4.565742
1678843586284 3.172317 6.359000 4.522647
1678843586308 2.966416 6.902483 4.319140
1678843586333 3.076549 7.422025 4.987122
1678843586360 3.524265 7.376535 5.221754
1678843586410 2.851494 7.783550 3.612850
1678843586423 2.746149 8.334216 3.323152
1678843586436 3.699042 7.841011 3.541024
1678843586462 2.999935 7.788338 3.021482
1678843586505 2.595315 8.204929 2.961627
1678843586521 3.327940 8.025364 3.586514
1678843586539 4.256891 7.587225 5.135562
1678843586564 4.690241 7.153875 5.073313
1678843586594 3.974375 7.096414 4.769250
1678843586619 2.753332 7.443573 3.414132
1678843586648 2.743755 7.426814 2.255338
1678843586683 4.065354 7.089231 4.553771
1678843586698 4.299986 6.962338 5.810728
1678843586725 2.930503 7.580042 3.713407
1678843586763 2.748544 7.817069 2.813187
1678843586773 3.864242 7.204153 3.790021
1678843586795 4.443638 7.275979 4.611232
1678843586821 4.223372 7.496245 4.955997
1678843586852 3.275268 7.948750 3.869030
1678843586903 2.928109 8.032547 2.908955
1678843586922 3.809175 7.613562 3.552995
1678843586929 4.417302 7.596802 4.252102
1678843586950 3.873818 8.104373 3.823540
1678843586975 3.933673 8.010999 3.629610
1678843587001 4.187459 8.169016 3.684676
1678843587027 3.189077 8.717288 2.820370
1678843587052 2.643199 9.208099 3.107674
1678843587078 3.722984 8.990228 3.967192
1678843587107 4.137180 8.470686 3.643975
1678843587130 4.644751 7.422025 4.565742
1678843587155 5.379771 6.799533 4.893748
1678843587181 4.501099 7.309498 3.435679
1678843587211 4.534618 7.173028 3.062184
1678843587239 4.965574 6.540959 4.237737
1678843587260 3.871424 6.892907 4.055778
1678843587306 2.801216 7.615956 5.018247
1678843587319 3.026271 8.032547 5.781997
1678843587336 3.548207 7.924808 4.448427
1678843587361 3.940856 7.450756 4.620809
1678843587386 3.960010 7.295133 5.638345
1678843587420 3.368642 7.551312 5.554548
1678843587444 3.337517 7.584831 4.165911
1678843587463 3.813963 7.414843 4.304775
1678843587505 3.919308 7.582437 5.149928
1678843587519 4.000711 7.651869 5.097255
1678843587541 3.945644 7.845799 5.082890
1678843587586 3.423708 8.209718 4.271256
1678843587601 3.627216 8.224083 4.096479
1678843587617 3.634398 8.623915 5.525817
1678843587643 3.062184 9.131485 4.932055
1678843587684 3.248932 8.863335 4.352659
1678843587699 3.423708 8.398860 5.250484
1678843587720 3.612850 7.972692 5.772420
1678843587751 3.450045 7.465121 5.559336
1678843587771 2.609680 8.480263 5.470751
1678843587800 0.691924 8.729259 3.960010
1678843587837 1.927332 8.204929 4.228160
1678843587854 2.269703 7.718906 3.543418
1678843587874 1.963245 7.412448 3.677494
1678843587923 2.197877 6.833052 5.916072
1678843587937 2.415750 6.775591 8.013393
1678843587954 1.764527 6.751649 7.438785
1678843587978 1.017536 7.486669 5.346252
1678843588002 0.802058 8.264784 4.237737
1678843588028 1.300052 7.340622 5.379771
1678843588066 2.061408 6.452374 6.306327
1678843588081 2.109292 6.466739 7.448361
1678843588105 2.650381 6.524199 7.888895
1678843588135 2.683900 6.804321 6.952762
1678843588156 2.442086 6.967127 6.234501
1678843588187 2.741361 7.127539 5.487510
1678843588208 2.750938 7.151481 5.832275
1678843588233 2.530671 7.079654 6.150704
1678843588275 2.698265 6.806715 7.146692
1678843588291 2.918532 6.691794 7.496245
1678843588310 2.638410 6.744466 7.177817
1678843588336 2.501941 6.540959 6.490681
1678843588372 2.667141 6.299145 7.287950
1678843588387 2.987964 6.564901 8.406042
1678843588433 1.714248 6.426037 7.477092
1678843588454 2.923320 5.872977 6.892907
1678843588465 3.055001 6.083666 7.369353
1678843588505 3.004723 5.781997 6.291962
1678843588516 3.055001 5.384560 5.710171
1678843588562 3.248932 5.267244 7.766790
1678843588568 2.820370 5.166687 9.021352
1678843588593 2.401384 5.121197 6.995857
1678843588622 2.585738 5.418078 5.650316
1678843588654 2.640805 5.521029 7.855376
1678843588671 2.300828 5.343858 9.423578
1678843588698 1.841141 5.178658 8.652645
1678843588735 1.546654 5.480328 7.841011
1678843588755 1.474828 5.609614 7.639898
1678843588772 1.039083 5.564125 7.443573
1678843588798 0.790087 5.571307 7.175423
1678843588832 1.180341 5.717354 7.589619
1678843588853 1.206678 5.805939 8.209718
1678843588884 1.292869 5.920861 8.312668
1678843588901 1.280898 5.959168 8.025364
1678843588955 1.393425 6.165070 8.159439
1678843588960 1.221043 6.409278 8.568848
1678843588981 1.084573 6.746861 8.238448
1678843589003 0.981623 6.837840 7.716512
1678843589029 0.972046 6.785168 7.680599
1678843589055 0.900220 7.046135 8.441956
1678843589087 0.725443 6.493075 8.470686
1678843589117 1.091756 6.375759 8.817844
1678843589153 -0.095768 6.021417 8.358158
1678843589171 -0.895431 5.422867 7.745243
1678843589185 -0.102951 5.102044 8.731653
1678843589209 -0.794875 4.917690 10.060435
1678843589235 -1.508347 4.826711 9.165004
1678843589285 -1.278504 5.616797 7.671022
1678843589288 -1.414973 5.465962 6.354211
1678843589318 -1.355118 5.329493 7.072472
1678843589337 -1.381454 5.248090 8.437167
1678843589363 -1.711854 4.711789 8.793902
1678843589399 -1.015141 4.903325 8.674192
1678843589419 -0.667982 5.099649 7.709330
1678843589453 -0.921768 5.214571 6.897695
1678843589473 -0.725443 5.348647 7.105990
1678843589492 -1.070208 5.442020 7.630321
1678843589517 -0.916979 5.604826 7.508216
1678843589555 -0.622492 5.667076 7.326257
1678843589583 -0.634463 5.667076 7.292738
1678843589599 -0.009577 5.580884 6.993463
1678843589638 0.440533 5.434838 7.259220
1678843589656 0.328006 5.372589 8.422802
1678843589671 0.605733 5.456386 8.813056
1678843589698 0.936133 5.434838 8.192958
1678843589734 1.115698 5.128380 8.880095
1678843589752 0.794875 5.573701 8.473080
1678843589775 0.938527 5.193024 8.880095
1678843589800 1.726219 4.793192 8.511387
1678843589825 1.290475 4.809951 8.556877
1678843589851 0.837971 5.736507 9.260772
1678843589878 -0.421380 5.686229 10.433931
1678843589902 -0.720655 4.989516 8.983045
1678843589932 0.677559 4.197036 7.618350
1678843589953 1.137246 3.773262 8.573636
1678843590018 1.101333 3.813963 8.511387
1678843590030 1.204283 3.902549 7.101202
1678843590034 0.840365 3.524265 6.897695
1678843590056 0.196325 3.390190 8.140285
1678843590084 -0.342371 3.675100 7.615956
1678843590112 -0.217872 3.962404 8.070854
1678843590134 -0.074220 3.940856 9.323022
1678843590175 -0.227449 4.283227 8.870518
1678843590184 -0.684742 4.786009 7.132327
1678843590231 -0.550666 5.018247 6.461950
1678843590251 -0.222661 4.797980 7.038953
1678843590266 -0.162806 4.745308 7.280767
1678843590287 -0.241814 4.671088 7.872135
1678843590313 -0.519542 4.800375 8.875306
1678843590339 -0.445322 4.757279 8.779537
1678843590365 -0.751779 5.003881 8.520964
1678843590403 -0.945710 5.056554 8.571242
1678843590417 -1.642422 5.202600 8.300697
1678843590455 -1.003170 4.548983 7.781156
1678843590494 -0.584185 3.888184 8.171411
1678843590509 -1.568202 4.012682 7.460332
1678843590524 -0.660800 3.268085 7.359776
1678843590544 -0.739808 3.217807 9.892841
1678843590570 -2.291251 3.727772 12.129025
1678843590596 -2.109292 3.464410 9.495404
1678843590621 -0.909797 2.760514 7.417237
1678843590653 -1.132457 2.571373 8.765172
1678843590690 -2.753332 3.347094 9.926360
1678843590704 -2.286463 3.433285 9.095572
1678843590736 -0.749385 2.521094 9.981427
1678843590752 -1.960851 2.923320 10.886436
1678843590782 -3.679888 4.187459 9.921572
1678843590803 -1.989582 3.521871 7.989451
1678843590827 -1.448492 3.433285 9.222465
1678843590852 -2.806004 4.005499 9.909601
1678843590883 -2.729390 3.871424 8.695741
1678843590904 -2.559402 3.971981 9.299079
1678843590967 -2.394202 3.464410 9.919178
1678843590988 -2.300828 3.428497 9.229648
1678843591000 -2.497152 3.679888 8.817844
1678843591011 -2.997540 3.876213 9.643845
1678843591036 -3.009511 3.852271 9.203311
1678843591058 -2.856283 3.845088 9.066842
1678843591083 -3.038242 2.863465 9.861717
1678843591124 -2.528277 2.104503 10.390836
1678843591138 -2.650381 1.422156 10.247183
1678843591169 -3.299210 2.042254 9.751583
1678843591228 -3.055001 2.679112 8.542512
1678843591239 -2.408567 2.197877 9.974244
1678843591246 -3.043030 1.905785 12.057199
1678843591263 -3.098097 2.267309 10.366894
1678843591289 -2.968810 3.016694 7.924808
1678843591315 -3.548207 3.026271 9.021352
1678843591343 -3.141193 2.461239 10.934319
1678843591366 -2.365471 1.936909 10.730812
1678843591403 -2.607286 2.114080 9.323022
1678843591442 -2.954445 2.439692 7.568071
1678843591466 -2.964022 2.765303 7.189788
1678843591482 -2.925714 2.568978 8.334216
1678843591499 -3.131616 2.638410 9.358934
1678843591521 -3.406949 2.877831 9.555259
1678843591556 -3.579332 3.014300 9.129091
1678843591571 -3.864242 2.999935 8.781932
1678843591602 -3.617639 2.806004 8.695741
1678843591623 -3.189077 2.698265 8.817844
1678843591653 -3.634398 2.983175 9.021352
1678843591696 -3.749320 3.038242 8.760384
1678843591711 -3.715801 2.870648 9.430760
1678843591725 -4.879383 2.116474 9.897630
1678843591751 -4.441244 2.111686 8.707711
1678843591777 -3.816358 2.360683 8.743625
1678843591802 -3.095703 2.712631 10.350134
1678843591829 -3.043030 2.521094 10.314221
1678843591855 -3.323152 1.795651 8.947132
1678843591893 -3.694253 1.122881 8.118738
1678843591927 -3.842694 1.082179 8.870518
1678843591943 -4.261679 1.582567 10.309433
1678843591959 -3.885789 2.087744 10.721235
1678843591984 -3.378219 2.585738 9.761160
1678843592014 -3.069367 2.726996 8.664616
1678843592035 -3.224990 2.865860 8.683769
1678843592059 -2.650381 2.722207 9.047688
1678843592084 -2.379837 2.559402 9.830592
1678843592111 -2.628834 2.683900 9.212888
1678843592136 -2.588132 2.822764 7.888895
1678843592162 -2.932897 3.181894 7.862558
1678843592190 -3.074155 3.349488 8.145074
1678843592222 -2.990358 3.399766 8.429984
1678843592253 -2.501941 3.361459 9.064447
1678843592264 -2.466028 3.339911 9.212888
1678843592290 -2.992752 3.665523 8.693346
1678843592317 -3.138798 3.770868 8.209718
1678843592346 -2.834735 3.603274 8.683769
1678843592367 -2.161964 3.311181 9.203311
1678843592392 -1.551443 3.134010 9.457097
1678843592419 -1.805228 3.299210 9.708488
1678843592444 -2.154782 3.205836 9.411607
1678843592469 -2.090138 3.354277 8.923190
1678843592504 -2.154782 3.229778 8.597578
1678843592523 -1.374272 2.923320 9.088389
1678843592554 -0.888249 3.124433 9.607931
1678843592573 -0.974440 2.920926 10.752359
1678843592604 -1.165976 2.391808 10.582372
1678843592629 -1.139640 2.284068 8.975863
1678843592652 -1.546654 2.566584 8.401254
1678843592675 -1.977611 2.741361 8.176199
1678843592710 -2.056619 2.849100 9.002198
1678843592726 -1.951274 2.817975 9.627085
1678843592753 -1.742979 2.956839 9.528923
1678843592777 -1.568202 3.023877 8.877700
1678843592804 -1.352724 3.107674 8.446744
1678843592851 -1.271321 3.244143 8.650250
1678843592854 -1.144428 3.294421 8.762778
1678843592883 -1.096544 3.363853 8.475474
1678843592908 -1.142034 3.488352 8.331821
1678843592944 -1.841141 3.799598 8.710106
1678843592958 -2.157176 4.094085 9.033323
1678843592983 -2.068590 4.120421 9.497798
1678843593010 -1.814805 3.940856 9.667787
1678843593034 -1.783680 4.060566 9.710882
1678843593067 -2.810793 3.847482 9.749189
1678843593086 -3.466804 3.837905 9.902418
1678843593122 -3.655946 3.912126 9.308656
1678843593139 -3.823540 4.108450 9.514558
1678843593162 -3.773262 3.818752 10.752359
1678843593188 -3.962404 3.806781 10.963050
1678843593224 -3.813963 3.643975 10.160992
1678843593244 -3.833117 3.289633 10.041282
1678843593265 -3.799598 3.122039 9.222465
1678843593291 -3.330335 2.964022 8.798691
1678843593317 -3.275268 2.930503 9.244013
1678843593351 -3.093309 2.801216 8.382100
1678843593369 -2.961627 2.829947 8.020576
1678843593394 -2.738967 2.813187 7.790732
1678843593421 -2.243367 2.959233 7.366959
1678843593451 -1.692701 3.114856 7.958326
1678843593472 -1.271321 3.145981 8.731653
1678843593496 -1.398214 3.545813 8.719683
1678843593522 -1.414973 3.725378 8.212111
1678843593558 -1.422156 3.916914 8.305486
1678843593596 -1.472434 4.019865 8.645462
1678843593609 -1.704672 4.156334 8.925584
1678843593636 -1.529895 4.125209 8.657434
1678843593656 -1.122881 3.943250 8.616732
1678843593683 -0.952892 3.974375 9.009381
1678843593702 -0.679953 3.998317 9.550470
1678843593732 -0.217872 4.125209 9.361329
1678843593763 -0.248997 4.252102 9.311050
1678843593779 -0.677559 3.974375 8.829816
1678843593805 -1.549049 5.030218 8.358158
1678843593830 -1.788469 5.070919 9.181764
1678843593856 -1.424550 4.206613 10.500969
1678843593887 -0.797269 3.746926 10.630256
1678843593908 0.028730 3.667917 9.038112
1678843593933 -0.521936 3.890578 8.140285
1678843593962 -1.544260 4.055778 8.099585
1678843593984 -1.714248 3.936068 8.451532
1678843594010 -1.261744 3.471592 9.399636
1678843594036 -0.835576 3.315969 10.067618
1678843594062 -0.758962 3.311181 9.818622
1678843594088 -0.404620 3.296816 8.568848
1678843594122 -0.148441 3.251326 8.111555
1678843594142 -0.201113 3.280056 7.898471
1678843594178 -0.744597 3.576937 8.013393
1678843594202 -0.912191 3.813963 8.427590
1678843594219 -0.780510 3.876213 9.085996
1678843594258 -0.521936 3.897760 9.186552
1678843594276 -0.301669 3.921702 9.042900
1678843594293 -0.179565 3.718195 8.937555
1678843594319 -0.241814 3.813963 9.119514
1678843594344 -0.146046 3.871424 9.153033
1678843594371 -0.328006 4.029441 9.607931
1678843594395 -0.399832 4.290410 9.991004
1678843594421 -0.543484 4.271256 9.981427
1678843594447 -1.798046 3.701436 8.494628
1678843594473 -1.972822 3.562572 7.139510
1678843594500 -1.429338 2.911349 9.054871
1678843594523 -1.007959 2.123657 12.873623
1678843594559 -1.029507 2.245761 14.271836
1678843594604 -0.263362 2.473210 11.676521
1678843594617 0.277727 2.803610 8.480263
1678843594626 -0.316035 2.865860 7.424419
1678843594672 -1.233014 3.311181 8.178593
1678843594688 -1.826776 3.488352 9.361329
1678843594703 -1.663970 3.337517 9.816227
1678843594729 -1.403002 3.576937 9.636662
1678843594754 -0.928950 3.569755 8.585608
1678843594780 -0.694318 3.675100 8.010999
1678843594814 -0.670376 3.845088 7.838616
1678843594831 -0.665588 3.928885 8.482656
1678843594857 -0.059855 3.703830 8.935161
1678843594912 0.395043 3.866636 8.968679
1678843594927 0.344765 4.446033 8.925584
1678843594938 0.727837 4.797980 8.283937
1678843594960 0.859518 4.833893 8.243237
1678843594986 0.794875 4.987122 8.729259
1678843595013 0.505177 5.209783 8.882488
1678843595037 0.328006 5.442020 9.064447
1678843595062 0.560243 5.226542 9.382876
1678843595104 0.071826 5.018247 8.810662
1678843595117 -0.019154 5.286397 7.991845
1678843595153 0.514753 4.740520 8.623915
1678843595165 1.484405 3.866636 10.946290
1678843595206 1.994370 3.270479 12.576741
1678843595219 1.798046 3.076549 11.413159
1678843595243 1.549049 3.495534 7.532158
1678843595268 0.897826 3.902549 5.166687
1678843595302 0.399832 3.993528 5.863400
1678843595334 0.014365 4.125209 8.856153
1678843595355 -0.153229 4.127604 11.197681
1678843595371 0.028730 3.885789 11.283873
1678843595396 0.502782 4.034230 9.464279
1678843595422 0.591368 4.448427 7.599196
1678843595448 0.677559 4.491522 6.215348
1678843595524 0.957681 4.498705 6.205771
1678843595536 0.529119 4.673482 7.362170
1678843595552 0.332794 4.941632 7.893683
1678843595557 0.272939 5.195418 7.539341
1678843595578 0.143652 5.391742 7.290344
1678843595601 0.050278 5.432444 7.965509
1678843595627 0.217872 5.221754 8.901642
1678843595658 0.328006 5.078102 9.421184
1678843595682 0.258574 5.161899 9.543288
1678843595709 0.040701 5.066131 9.710882
1678843595730 -0.435745 5.212177 8.748413
1678843595756 -0.967257 5.365406 7.589619
1678843595807 -0.284910 5.039794 8.614338
1678843595819 0.186748 4.498705 11.087548
1678843595843 0.397437 4.242526 12.095507
1678843595886 0.002394 4.043807 10.192117
1678843595899 0.184354 3.940856 6.880936
1678843595917 0.543484 3.737349 5.449203
1678843595935 0.577003 3.529053 6.035782
1678843595984 -0.052672 3.804387 7.939173
1678843595990 -0.519542 4.055778 9.267955
1678843596023 -0.555455 4.098873 9.196129
1678843596039 -0.320823 4.395754 8.087613
1678843596064 0.055067 4.422091 7.800309
1678843596089 0.002394 4.702212 8.216900
1678843596115 -0.718261 5.219360 8.453926
1678843596142 -0.861913 5.444415 8.125920
1678843596168 -0.435745 5.367800 7.402872
1678843596192 -0.418985 5.487510 7.661446
1678843596223 -0.404620 5.439626 9.009381
1678843596255 0.083797 5.171476 9.248801
1678843596269 0.787692 5.075707 8.410830
1678843596299 0.509965 5.312734 8.099585
1678843596348 -0.016759 5.631162 8.537724
1678843596360 0.430956 5.331887 9.131485
1678843596375 0.215478 4.865018 10.508151
1678843596397 -0.134075 4.881777 10.749966
1678843596434 -0.184354 4.247314 9.296685
1678843596476 0.907402 3.742137 8.549694
1678843596493 0.739808 3.931279 9.923966
1678843596502 0.102951 3.773262 10.388441
1678843596526 0.201113 3.531447 8.825027
1678843596551 0.555455 3.222595 7.618350
1678843596583 1.230620 2.774880 7.292738
1678843596603 0.907402 2.971204 8.444349
1678843596629 -0.320823 3.541024 9.514558
1678843596654 -0.450110 3.809175 9.672575
1678843596684 -0.071826 3.703830 10.263943
1678843596722 0.016759 3.801992 10.256760
1678843596738 0.667982 4.019865 8.511387
1678843596757 0.821211 4.192247 8.018182
1678843596783 0.447716 4.352659 8.805874
1678843596808 0.387861 4.369418 8.556877
1678843596834 0.486023 4.491522 8.451532
1678843596866 0.184354 4.592079 8.746018
1678843596892 0.095768 4.577713 8.714894
1678843596916 0.227449 4.520253 8.487445
1678843596958 0.679953 4.374207 8.176199
1678843596965 0.584185 4.460398 8.485051
1678843596988 0.306458 4.534618 8.516175
1678843597016 0.229843 4.616021 8.547300
1678843597056 0.354342 4.510676 9.088389
1678843597067 0.409408 4.316746 9.591172
1678843597091 -0.344765 4.323928 9.200917
1678843597118 -0.854730 4.623203 7.802703
1678843597142 -1.529895 4.668694 7.592013
1678843597168 -1.256956 4.290410 9.658210
1678843597205 -0.708684 3.560178 11.690886
1678843597223 -0.749385 3.488352 12.050017
1678843597259 -0.555455 3.471592 8.777143
1678843597282 -0.435745 3.517082 5.923255
1678843597303 -1.027112 3.675100 7.331046
1678843597322 -1.659182 3.823540 10.170568
1678843597366 -1.723825 4.079720 10.429143
1678843597382 -1.237802 4.074931 8.662222
1678843597399 -0.699107 3.950433 7.400477
1678843597424 -0.608127 3.773262 7.941567
1678843597452 -0.565032 3.782839 8.147469
1678843597476 -0.675165 4.213795 7.920019
1678843597503 -0.902614 4.424485 7.915231
1678843597537 -0.782904 4.517859 8.374918
1678843597555 -0.869095 4.711789 9.050082
1678843597590 -0.780510 4.757279 8.947132
1678843597621 -0.588974 4.893748 8.530540
1678843597637 -0.476446 5.130774 8.109161
1678843597657 -0.553061 5.329493 7.570466
1678843597681 -0.718261 5.427655 7.965509
1678843597712 -0.732626 5.303157 9.028535
1678843597733 -0.667982 5.049371 9.308656
1678843597766 -0.237026 4.989516 9.212888
1678843597802 0.155623 4.790798 9.612720
1678843597811 0.162806 4.721366 9.976639
1678843597835 -0.239420 4.867412 8.975863
1678843597862 -0.246603 4.259285 8.571242
1678843597901 0.677559 3.193865 8.513782
1678843597918 1.663970 2.655170 9.916783
1678843597951 1.221043 2.887407 11.487380
1678843597966 1.290475 3.263297 10.699687
1678843598003 1.055843 3.392584 9.459491
1678843598015 0.181959 4.232949 8.746018
1678843598042 -0.179565 4.577713 7.649475
1678843598066 -0.651223 4.879383 7.419631
1678843598091 -0.677559 4.762067 8.765172
1678843598117 0.141258 4.335899 9.363723
1678843598148 0.723049 4.084508 9.119514
1678843598168 0.773327 4.244920 9.042900
1678843598194 0.924162 4.149151 8.726865
1678843598226 0.893037 4.144363 8.413225
1678843598248 0.620098 4.381389 8.123527
1678843598271 0.368707 4.683059 8.018182
1678843598318 0.169988 4.848258 8.346188
1678843598333 -0.270545 4.994305 8.590396
1678843598349 -0.579397 5.298368 8.291121
1678843598374 -0.588974 5.398925 7.970297
1678843598401 -0.672771 5.386954 7.826645
1678843598425 -1.144428 5.576096 7.867347
1678843598451 -1.151611 5.451597 8.413225
1678843598482 -1.683124 5.128380 9.416395
1678843598504 -2.090138 5.518635 8.614338
1678843598527 -2.013524 5.746084 7.659051
1678843598565 -0.667982 5.190629 9.062054
1678843598586 0.131681 4.812346 11.300632
1678843598612 -0.093374 4.438850 11.286267
1678843598631 -0.687136 4.618415 7.730877
1678843598659 -1.951274 5.492299 5.106832
1678843598687 -2.468422 5.710171 5.221754
1678843598721 -2.068590 5.535394 7.852982
1678843598748 -1.127669 4.972757 10.034100
1678843598762 -0.483629 4.819528 10.632649
1678843598784 -0.246603 4.742914 8.798691
1678843598820 -0.129287 5.193024 6.694188
1678843598836 -0.605733 5.820304 5.796362
1678843598862 -0.687136 6.141128 5.765238
1678843598900 -0.933739 6.488286 6.964733
1678843598943 -1.130063 6.552930 8.379706
1678843598964 -1.182736 6.222530 9.023746
1678843598975 -0.802058 6.030994 8.566454
1678843598990 -0.440533 5.875371 8.439561
1678843599015 -0.514753 5.590461 9.052477
1678843599042 -0.588974 5.600038 8.516175
1678843599067 -0.292093 5.530606 7.699753
1678843599092 -0.584185 4.843470 7.515399
1678843599118 0.150835 4.747702 7.287950
1678843599156 0.234632 4.527435 7.405266
1678843599192 0.849942 4.680665 8.207323
1678843599206 1.134852 4.891354 9.658210
1678843599225 1.410185 4.197036 10.826580
1678843599249 1.127669 3.823540 9.402030
1678843599274 0.462081 4.244920 7.328651
1678843599300 -0.306458 4.723760 6.071695
1678843599323 -0.715866 5.140351 7.508216
1678843599352 -0.454898 4.709395 10.359711
1678843599377 -0.325611 4.254497 12.179304
1678843599400 -0.873884 4.367024 10.165780
1678843599433 -0.988805 5.068525 7.058106
1678843599458 -1.113304 5.154716 6.004658
1678843599487 -0.395043 4.675876 6.466739
1678843599504 -0.160412 4.472369 8.420407
1678843599534 -0.809240 4.855441 10.062830
1678843599572 -1.343147 5.358223 9.679757
1678843599586 -1.776498 5.865794 8.377312
1678843599608 -1.778892 6.038177 7.740454
1678843599632 -1.831564 6.126762 8.056489
1678843599657 -1.611298 6.141128 7.692570
1678843599684 -0.864307 5.911284 7.094019
1678843599723 -0.469264 5.956774 7.587225
1678843599735 -0.735020 6.229713 8.482656
1678843599760 -1.470040 6.121974 7.587225
1678843599786 -0.814029 6.011840 7.223307
1678843599815 -0.969652 5.511452 8.628703
1678843599842 -0.859518 5.781997 9.313444
1678843599866 -0.143652 6.035782 8.504205
1678843599892 -0.538695 5.683835 8.602366
1678843599919 -1.264138 5.286397 8.341399
1678843599971 -1.434127 4.955997 7.783550
1678843599976 -1.616086 4.833893 7.556100
1678843599991 -1.340753 4.733337 7.917625
1678843600024 -0.663194 4.479551 8.736442
1678843600043 -0.581791 4.501099 8.851364
1678843600076 -0.653617 4.891354 7.709330
1678843600121 -0.775721 5.157111 6.500257
1678843600136 -0.883460 5.580884 5.949591
1678843600153 -0.713472 5.583278 6.806715
1678843600181 -0.694318 5.671864 8.348581
1678843600197 -1.034295 5.908890 8.868123
1678843600223 -1.197101 5.949591 8.233660
1678843600252 -1.417367 6.100426 8.025364
1678843600279 -1.201889 6.181829 8.238448
1678843600324 -0.622492 5.777209 8.240842
1678843600337 -0.311246 5.580884 7.994239
1678843600355 -0.773327 5.810728 7.441179
1678843600385 -0.598550 5.932832 7.108385
1678843600403 -0.282516 5.588067 8.025364
1678843600432 -0.430956 5.516241 8.939949
1678843600466 -0.931344 4.963180 8.825027
1678843600490 -0.974440 5.202600 7.316680
1678843600511 -1.187524 5.118803 7.211336
1678843600531 -1.003170 4.953603 8.597578
1678843600556 -0.651223 4.953603 9.576807
1678843600582 -0.339977 4.256891 10.721235
1678843600610 -0.732626 3.627216 10.036493
1678843600634 -0.981623 4.029441 7.807492
1678843600660 -1.596933 4.532224 7.352593
1678843600688 -1.824382 4.570531 9.636662
1678843600725 -1.637634 4.170700 11.465832
1678843600748 -1.647211 4.113238 11.358093
1678843600779 -1.721431 4.386178 9.550470
1678843600787 -1.663970 4.371812 8.001422
1678843600834 -2.075773 4.704607 7.173028
1678843600854 -1.584962 4.707001 6.955156
1678843600869 -1.113304 4.560954 7.953538
1678843600890 -1.616086 5.023035 8.542512
1678843600916 -2.315193 5.700594 8.353370
1678843600949 -2.240973 5.966351 7.924808
1678843600984 -2.018312 5.997475 8.228871
1678843601000 -1.936909 5.999869 9.045294
1678843601019 -1.941698 6.112397 8.954314
1678843601046 -1.924938 6.232107 8.295909
1678843601070 -1.759738 6.074090 8.588001
1678843601128 -1.242591 5.853823 8.590396
1678843601140 -2.030283 5.746084 7.627927
1678843601154 -1.364695 6.253655 6.433220
1678843601173 -1.230620 5.899313 6.825869
1678843601198 -1.264138 5.513846 7.613562
1678843601225 -1.163582 5.856217 7.570466
1678843601250 -1.189918 5.861006 8.111555
1678843601275 -1.300052 5.470751 8.109161
1678843601301 -1.350330 5.238513 7.050924
1678843601327 -1.747767 5.260061 6.835446
1678843601372 -2.003947 5.286397 7.247249
1678843601388 -1.714248 5.312734 8.276755
1678843601404 -1.029507 5.269638 8.901642
1678843601429 -0.529119 5.178658 8.295909
1678843601461 -0.584185 5.209783 7.582437
1678843601490 -0.845153 5.480328 6.856994
1678843601519 -0.861913 5.626374 6.284780
1678843601534 -1.194707 5.846641 6.347029
1678843601558 -1.137246 6.028600 6.576872
1678843601584 -1.098939 6.153099 7.213730
1678843601610 -0.943315 6.133945 7.702147
1678843601635 -0.641646 5.954380 8.116343
1678843601661 -0.414197 5.956774 8.190564
1678843601687 -0.033519 6.045359 7.493851
1678843601718 0.153229 6.315904 6.794744
1678843601741 -0.138864 6.572083 7.184999
1678843601765 -0.495600 6.763620 8.221688
1678843601791 -0.794875 6.938396 8.887277
1678843601815 -0.905008 6.672640 8.825027
1678843601851 -1.199495 6.248867 7.714118
1678843601867 -1.252167 6.035782 7.580042
1678843601892 -0.284910 5.149928 8.159439
1678843601919 0.158017 5.358223 10.029311
1678843601949 -0.009577 4.845864 11.161768
1678843601983 -0.634463 4.163517 9.830592
1678843601994 -0.746991 4.249708 7.603985
1678843602032 -0.797269 4.367024 6.540959
1678843602046 -1.498770 5.082890 8.422802
1678843602076 -1.728614 5.111620 10.177752
1678843602115 -1.285686 4.695030 11.054029
1678843602131 -1.237802 4.790798 10.577583
1678843602154 -1.391031 5.322310 8.544906
1678843602176 -1.149217 5.573701 6.593631
1678843602200 -0.938527 5.638345 6.940791
1678843602228 -1.182736 5.688623 7.955932
1678843602271 -1.498770 5.966351 8.001422
1678843602285 -1.446098 6.519411 7.259220
1678843602317 -1.098939 6.868965 6.816292
1678843602331 -0.931344 7.141904 7.357382
1678843602354 -0.981623 7.436390 7.967903
1678843602382 -1.182736 7.862558 8.085219
1678843602406 -1.134852 7.680599 7.053318
1678843602431 -0.665588 7.204153 6.701371
1678843602469 -0.320823 6.842628 7.548918
1678843602482 -1.537078 6.138733 8.197746
1678843602515 -2.195483 6.169858 6.837840
1678843602533 -1.276109 5.755661 6.023811
1678843602566 -0.014365 5.810728 7.625533
1678843602608 0.392649 6.399701 9.275137
1678843602621 -0.241814 6.452374 10.225636
1678843602640 -2.255338 5.925649 8.676587
1678843602665 -2.738967 6.002264 5.458780
1678843602699 -1.872266 5.796362 3.799598
1678843602736 -0.993594 5.781997 5.518635
1678843602787 -0.622492 6.143522 7.769185
1678843602798 -0.402226 6.373365 7.852982
1678843602809 0.112527 6.339846 7.208941
1678843602821 0.318429 6.531382 6.708553
1678843602843 0.079009 6.856994 5.714960
1678843602870 0.122104 7.074866 4.946421
1678843602893 0.213084 7.213730 4.692636
1678843602918 0.160412 7.259220 5.571307
1678843602980 0.172383 7.175423 6.830657
1678843602994 0.263362 7.103596 7.264008
1678843603001 0.356736 7.153875 6.469133
1678843603021 0.591368 7.345411 6.200983
1678843603047 0.371101 7.563283 6.569689
1678843603075 0.203507 7.539341 6.476315
1678843603098 0.227449 6.643910 6.677429
1678843603153 0.399832 6.497863 6.828263
1678843603167 0.514753 6.591237 6.672640
1678843603183 0.905008 6.452374 7.723695
1678843603201 1.000776 6.359000 8.473080
1678843603226 1.003170 6.303933 7.759608
1678843603253 1.570596 5.597643 7.742848
1678843603314 0.155623 5.489904 7.762002
1678843603324 -1.726219 6.256049 6.557718
1678843603334 -1.541866 6.363788 5.523423
1678843603355 -0.866701 5.753267 7.505822
1678843603392 -0.763750 5.856217 9.349358
1678843603407 -1.407791 6.409278 7.999028
1678843603432 -1.889025 6.722919 5.583278
1678843603461 -1.757344 6.682217 5.209783
1678843603483 -1.462857 6.734890 6.636727
1678843603509 -1.798046 6.782773 8.676587
1678843603545 -2.130840 6.914454 8.975863
1678843603582 -2.030283 7.254431 8.051701
1678843603630 -2.140416 7.158663 7.410054
1678843603646 -2.573767 7.149086 7.223307
1678843603656 -2.454057 7.055712 6.378153
1678843603664 -2.188300 6.988675 6.129156
1678843603688 -1.280898 6.892907 7.005434
1678843603721 0.225055 6.306327 7.216124
1678843603741 1.177947 6.332664 7.460332
1678843603773 1.053449 6.799533 7.936779
1678843603793 -0.296881 7.345411 7.589619
1678843603828 -1.498770 7.606379 6.344635
1678843603847 -1.371878 7.625533 5.284003
1678843603882 -0.847547 7.479486 5.176264
1678843603920 -0.967257 7.400477 6.538565
1678843603938 -0.914585 7.036559 7.407660
1678843603952 -0.931344 6.653487 7.017405
1678843603974 -0.411803 6.579266 6.356606
1678843603996 0.129287 6.904878 6.739678
1678843604022 -0.280122 6.959944 6.663064
1678843604064 -1.010353 6.986280 5.705383
1678843604084 -1.259350 7.153875 5.628768
1678843604099 -0.651223 7.589619 5.774815
1678843604125 0.011971 7.807492 5.796362
1678843604150 0.277727 7.852982 6.066907
1678843604183 -0.028730 7.953538 6.088455
1678843604204 -0.605733 8.135497 5.133168
1678843604229 -0.852336 8.212111 4.778827
1678843604259 -0.435745 7.924808 5.475539
1678843604280 -0.095768 7.620744 6.212954
1678843604310 -0.648829 7.929596 5.655105
1678843604330 -0.457293 7.908048 5.700594
1678843604368 -0.055067 7.582437 6.701371
1678843604383 -0.536301 7.618350 7.232883
1678843604408 -0.732626 7.829040 6.327875
1678843604432 -0.395043 7.754819 5.300763
1678843604461 -0.356736 7.687782 6.528988
1678843604486 -0.119710 7.620744 7.692570
1678843604510 -0.627281 6.976704 7.955932
1678843604555 -0.014365 7.402872 7.678205
1678843604569 0.086191 7.402872 7.603985
1678843604587 -1.350330 8.051701 8.501810
1678843604614 -1.594538 7.903260 7.900866
1678843604639 0.502782 6.277597 7.742848
1678843604666 1.027112 5.149928 8.317456
1678843604697 0.076614 5.310339 7.216124
1678843604728 -1.103727 5.947197 4.848258
1678843604741 -1.086968 6.148310 5.264850
1678843604768 -0.248997 5.753267 7.453150
1678843604796 0.636858 5.748478 8.583213
1678843604819 0.976834 5.995081 7.936779
1678843604848 0.471658 6.452374 6.912060
1678843604869 -0.440533 6.624756 6.823475
1678843604913 -0.696713 6.828263 6.212954
1678843604920 -0.445322 6.682217 6.351817
1678843604951 -0.390255 6.739678 6.643910
1678843604972 -0.924162 7.127539 6.198588
1678843605000 -1.029507 7.108385 5.755661
1678843605023 -0.481235 6.768408 6.265626
1678843605059 -0.306458 6.663064 8.054094
1678843605075 -0.519542 6.823475 8.803479
1678843605102 -0.691924 7.055712 8.147469
1678843605126 -0.474052 7.137115 7.558495
1678843605151 -0.105345 7.520187 8.185776
1678843605177 -0.304064 8.025364 8.360553
1678843605203 -1.795651 8.118738 7.939173
1678843605245 -1.098939 8.030152 7.005434
1678843605259 -0.193930 7.295133 6.687006
1678843605280 1.273715 6.885724 7.546524
1678843605306 2.102109 6.368577 9.102755
1678843605331 1.144428 5.882554 10.378864
1678843605357 -0.462081 5.473145 8.015787
1678843605383 -0.859518 5.832275 4.958392
1678843605408 0.021548 6.069301 4.833893
1678843605441 0.251391 6.251261 7.438785
1678843605460 0.052672 6.378153 8.075643
1678843605485 0.215478 6.461950 7.108385
1678843605514 0.399832 6.581660 5.793968
1678843605542 0.749385 6.526594 5.449203
1678843605564 1.118092 6.251261 6.409278
1678843605595 1.048660 6.356606 7.177817
1678843605614 0.366313 6.883330 6.698977
1678843605643 0.292093 7.144298 5.492299
1678843605683 0.244209 7.287950 4.982334
1678843605691 0.620098 7.558495 5.707777
1678843605725 0.979228 7.474698 7.613562
1678843605747 0.883460 7.445967 8.559271
1678843605767 0.620098 7.726089 8.169016
1678843605813 0.900220 7.433996 7.187394
1678843605824 0.751779 7.144298 6.533776
1678843605844 1.139640 6.835446 6.868965
1678843605871 1.680730 6.248867 7.240066
1678843605897 1.563414 6.399701 8.461109
1678843605922 1.711854 5.901707 8.690952
1678843605949 1.716643 5.379771 8.475474
1678843605992 0.560243 5.451597 7.101202
1678843605998 -0.639252 5.971139 5.446809
1678843606042 -0.090980 6.174646 4.874595
1678843606050 1.199495 5.437232 7.532158
1678843606079 1.819593 4.905719 10.110714
1678843606101 0.940921 5.379771 9.610326
1678843606127 0.138864 6.186617 6.313510
1678843606152 -0.311246 6.538565 5.032612
1678843606188 0.035913 6.538565 5.846641
1678843606206 0.213084 6.658275 7.364564
1678843606245 0.016759 7.103596 8.032547
1678843606263 -0.270545 7.314286 8.180987
1678843606290 -0.785298 7.532158 7.864953
1678843606311 -0.948104 7.659051 7.333440
1678843606332 -0.560243 7.457938 6.445191
1678843606358 0.588974 7.067683 5.825093
1678843606402 1.498770 7.208941 7.347805
1678843606419 1.381454 7.486669 9.476251
1678843606435 -0.778116 7.615956 8.623915
1678843606461 -0.011971 7.666234 5.528212
1678843606486 1.498770 6.493075 6.208165
1678843606514 0.859518 6.222530 9.090784
1678843606539 0.260968 6.682217 8.240842
1678843606564 -0.112527 6.311116 6.936002
1678843606590 -0.897826 6.203377 6.253655
1678843606635 -1.273715 6.272809 5.080496
1678843606649 -0.646434 5.925649 5.609614
1678843606666 0.509965 5.604826 6.766014
1678843606692 0.438139 6.028600 8.044518
1678843606731 -0.713472 6.469133 7.618350
1678843606744 -1.328782 6.761226 6.253655
1678843606769 -1.218649 6.739678 5.923255
1678843606798 -1.546654 6.945579 6.268020
1678843606820 -1.077391 7.034164 5.583278
1678843606846 -0.931344 7.117962 5.106832
1678843606874 -1.139640 7.256825 5.374983
1678843606901 -1.438915 7.584831 6.220136
1678843606929 -1.539472 7.896077 6.153099
1678843606949 -1.563414 7.999028 6.236896
1678843606985 -1.118092 7.967903 6.449979
1678843607002 -1.130063 8.078036 6.634333
1678843607029 -1.034295 8.061277 6.538565
1678843607053 -0.397437 7.809886 6.845023
1678843607081 -0.074220 7.699753 7.323863
1678843607105 0.158017 7.860164 7.819463
1678843607128 -0.545878 7.697359 8.884883
1678843607154 -1.841141 7.831434 8.382100
1678843607181 -1.355118 8.061277 6.373365
1678843607206 0.019154 7.295133 7.496245
1678843607248 0.225055 6.696582 9.414001
1678843607263 0.514753 6.308722 7.608773
1678843607283 0.057461 6.009446 5.580884
1678843607313 -0.768539 6.234501 4.783615
1678843607334 -1.400608 6.665458 5.676652
1678843607359 -1.903390 6.789956 7.201759
1678843607385 -0.804452 6.454768 9.069236
1678843607415 1.127669 6.143522 9.607931
1678843607438 0.869095 6.390124 8.221688
1678843607462 0.057461 6.770802 6.442797
1678843607492 -0.457293 6.998251 4.596867
1678843607514 -0.553061 7.335834 4.410120
1678843607539 -0.433351 7.340622 5.595249
1678843607565 -0.457293 7.433996 5.805939
1678843607599 -0.646434 7.457938 5.161899
1678843607616 -0.349553 6.952762 5.705383
1678843607677 -0.007183 6.639122 6.373365
1678843607691 0.423774 6.761226 6.655881
1678843607710 0.995988 6.667852 7.841011
1678843607721 0.119710 6.749255 10.436325
1678843607745 -0.778116 7.513005 8.686164
1678843607778 -0.320823 7.754819 5.844246
1678843607800 0.696713 7.510611 6.332664
1678843607824 1.374272 6.907272 8.432379
1678843607871 2.061408 5.880159 9.404425
1678843607890 1.819593 5.264850 9.325416
1678843607899 0.921768 5.533000 6.957550
1678843607924 0.670376 5.738902 4.527435
1678843607950 0.897826 5.899313 5.422867
1678843607981 0.981623 5.918467 7.331046
1678843608007 0.263362 6.370971 8.485051
1678843608027 0.299275 6.426037 8.283937
1678843608052 0.366313 6.631939 7.515399
1678843608084 0.241814 6.979098 6.564901
1678843608106 0.545878 6.950367 5.894525
1678843608130 0.670376 6.895301 5.386954
1678843608178 0.320823 6.950367 5.621585
1678843608194 0.919373 6.890512 5.784391
1678843608210 1.671153 6.730101 6.607996
1678843608236 1.359907 7.223307 7.304709
1678843608258 1.168370 7.716512 7.240066
1678843608285 1.024718 8.384495 7.592013
1678843608322 0.495600 8.056489 6.866570
1678843608362 0.641646 8.279149 6.962338
1678843608377 1.230620 7.369353 7.362170
1678843608388 1.683124 6.768408 8.769960
1678843608412 2.975993 5.590461 8.599973
1678843608439 3.009511 4.781221 8.224083
1678843608465 2.149993 4.941632 6.622362
1678843608490 1.474828 5.554548 5.372589
1678843608515 0.677559 5.647922 7.920019
1678843608544 0.536301 5.193024 9.718064
1678843608566 0.835576 5.336676 9.459491
1678843608592 1.386243 5.578490 8.135497
1678843608619 1.355118 5.695806 6.718130
1678843608656 1.027112 5.813122 5.482722
1678843608670 0.706290 6.009446 5.046977
1678843608699 0.794875 6.102820 6.294356
1678843608721 1.256956 5.966351 7.347805
1678843608752 1.321599 6.315904 7.527370
1678843608774 1.333570 6.485892 7.833828
1678843608803 1.036689 6.710948 8.463503
1678843608825 0.943315 7.007828 8.604761
1678843608861 1.845930 7.022193 9.150639
1678843608894 0.691924 7.110779 9.382876
1678843608910 0.418985 8.025364 7.872135
1678843608938 1.070208 7.558495 6.761226
1678843608951 2.154782 6.291962 7.900866
1678843608994 1.630451 5.688623 9.794679
1678843609008 1.027112 5.111620 9.018958
1678843609028 0.672771 5.427655 6.198588
1678843609054 0.933739 5.377377 4.865018
1678843609088 0.888249 5.415684 7.055712
1678843609109 0.222661 5.748478 9.052477
1678843609131 0.117316 6.059724 7.886500
1678843609162 0.849942 5.971139 6.414066
1678843609208 1.328782 5.810728 6.928820
1678843609214 1.388637 5.623980 7.694964
1678843609234 1.240196 5.573701 7.611167
1678843609259 1.460463 5.595249 6.983886
1678843609310 1.525106 5.676652 6.698977
1678843609325 1.340753 5.770026 6.969521
1678843609338 1.077391 5.872977 7.821857
1678843609362 1.060631 5.820304 8.616732
1678843609387 0.761356 5.781997 9.344569
1678843609414 0.476446 5.623980 7.800309
1678843609454 0.031125 6.050148 6.605602
1678843609469 -0.086191 6.045359 7.386112
1678843609490 0.356736 5.094861 8.738836
1678843609516 0.921768 4.733337 9.248801
1678843609542 1.412579 4.414908 8.262390
1678843609567 1.292869 4.429273 7.891289
1678843609600 0.524330 4.833893 8.949526
1678843609619 -0.359130 5.386954 9.962274
1678843609654 -0.577003 5.422867 9.928755
1678843609675 -0.110133 5.528212 8.573636
1678843609698 0.359130 5.420473 7.864953
1678843609721 0.318429 5.444415 7.931990
1678843609751 0.107739 5.523423 7.730877
1678843609791 0.002394 5.645528 7.307104
1678843609801 0.414197 5.683835 7.706935
1678843609824 0.100556 5.707777 8.975863
1678843609850 -0.490811 5.973533 9.425972
1678843609875 -0.715866 6.064513 9.059659
1678843609903 -1.213860 6.117185 8.853758
1678843609930 -1.467646 6.229713 8.281544
1678843609952 -0.665588 5.935226 7.620744
1678843609984 -0.466869 5.633556 7.939173
1678843610004 -0.548272 5.837064 7.742848
1678843610034 -0.711078 6.105214 6.725313
1678843610055 -0.620098 6.442797 6.440403
1678843610089 -0.940921 6.605602 6.160281
1678843610109 -0.677559 6.868965 6.337452
1678843610144 -0.921768 6.607996 7.857770
1678843610160 -2.138022 6.471527 9.885659
1678843610192 -3.059790 6.825869 9.567230
1678843610209 -2.557007 6.469133 8.547300
1678843610238 -1.244985 5.702989 7.802703
1678843610260 -1.297657 5.461174 7.706935
1678843610286 -1.831564 5.535394 6.435614
1678843610334 -2.248155 5.638345 5.942409
1678843610348 -2.274492 5.588067 7.445967
1678843610363 -1.778892 5.509058 8.367735
1678843610389 -1.170765 5.439626 8.453926
1678843610416 -1.108515 5.674258 8.152257
1678843610441 -1.565808 5.932832 7.606379
1678843610466 -1.522712 6.131551 6.912060
1678843610501 -1.283292 6.275203 6.727707
1678843610518 -1.769315 6.466739 7.101202
1678843610543 -1.726219 6.490681 7.524976
1678843610569 -1.448492 6.217742 7.766790
1678843610598 -1.063026 6.081272 7.946355
1678843610620 -1.003170 6.088455 7.642292
1678843610646 -1.400608 6.236896 7.601591
1678843610673 -1.874660 6.464345 6.713342
1678843610712 -1.273715 6.433220 5.664681
1678843610730 -0.763750 6.272809 7.568071
1678843610748 -1.604115 6.373365 8.688558
1678843610780 -0.995988 6.512228 9.715671
1678843610800 0.481235 5.327099 10.718841
1678843610825 0.323217 5.300763 10.175357
1678843610851 1.101333 5.822699 6.902483
1678843610888 2.286463 5.384560 6.605602
1678843610913 1.508347 5.384560 8.990228
1678843610928 2.655170 4.994305 9.368511
1678843610954 3.428497 4.230555 9.284714
1678843610980 2.894590 3.576937 9.014170
1678843611013 1.742979 3.531447 7.041347
1678843611043 1.695095 3.514688 7.721301
1678843611057 0.924162 3.201048 10.026917
1678843611086 0.883460 3.059790 9.284714
1678843611110 0.967257 3.545813 7.613562
1678843611143 0.356736 3.703830 7.438785
1678843611161 0.885855 3.359065 7.017405
1678843611191 1.106121 3.213019 8.250419
1678843611218 0.840365 3.399766 10.326192
1678843611237 0.754174 3.227384 10.204087
1678843611262 1.142034 3.452439 9.646238
1678843611291 0.675165 3.897760 8.853758
1678843611329 1.084573 4.134786 7.316680
1678843611340 0.780510 4.477157 7.019799
1678843611365 -0.418985 5.063736 7.388506
1678843611394 -0.588974 5.102044 9.200917
1678843611416 -0.150835 4.678270 10.364499
1678843611445 0.016759 4.429273 10.115502
1678843611468 0.237026 4.728549 7.941567
1678843611497 0.181959 5.109226 8.010999
1678843611536 -0.457293 5.427655 7.831434
1678843611557 0.294487 5.487510 7.982268
1678843611571 -0.469264 5.351041 9.516952
1678843611604 -0.615310 5.303157 10.165780
1678843611621 0.177171 4.594473 10.364499
1678843611652 0.004788 4.386178 9.399636
1678843611689 -0.354342 4.434062 8.504205
1678843611703 0.002394 4.443638 8.355764
1678843611729 0.210690 4.606444 8.441956
1678843611750 0.052672 4.879383 9.706094
1678843611790 -0.038307 5.003881 9.497798
1678843611807 -0.615310 5.535394 7.759608
1678843611829 -0.342371 5.770026 6.797139
1678843611853 0.399832 5.559336 7.216124
1678843611882 0.689530 5.568913 7.716512
1678843611906 0.682347 5.425261 7.584831
1678843611946 0.876278 5.480328 7.194576
1678843611958 0.778116 5.736507 7.522582
1678843611981 0.112527 6.023811 8.082825
1678843612007 0.179565 5.985504 8.018182
1678843612032 0.689530 6.167464 7.283162
1678843612058 0.083797 6.873753 8.645462
1678843612094 1.304840 5.961562 9.059659
1678843612114 1.094150 5.901707 8.714894
1678843612147 1.228225 5.652710 7.362170
1678843612161 2.003947 4.884171 6.981492
1678843612188 2.157176 4.893748 8.686164
1678843612212 1.338359 4.544195 9.852140
1678843612246 1.122881 4.762067 7.515399
1678843612264 0.234632 5.260061 5.765238
1678843612294 -0.603339 5.714960 6.607996
1678843612330 -0.229843 5.106832 9.062054
1678843612341 0.687136 4.661511 10.163386
1678843612366 0.064643 5.626374 8.214506
1678843612399 -0.794875 6.409278 5.487510
1678843612418 -0.569820 5.774815 5.688623
1678843612445 -0.715866 5.975927 7.649475
1678843612478 0.131681 5.233725 7.862558
1678843612527 0.040701 5.501875 7.316680
1678843612543 -0.426168 6.026206 7.153875
1678843612554 -0.588974 6.131551 7.539341
1678843612572 -1.187524 6.327875 7.841011
1678843612597 -1.525106 6.466739 7.352593
1678843612623 -1.029507 6.852205 7.740454
1678843612649 -1.666364 7.082048 8.063671
1678843612674 -1.790863 7.029376 6.916849
1678843612700 -1.860295 6.552930 6.986280
1678843612725 -0.632069 5.224148 8.458714
1678843612751 0.239420 5.123591 10.196905
1678843612777 -0.979228 5.784391 10.532093
1678843612813 -1.628057 5.827487 8.322245
1678843612838 -0.079009 5.123591 6.172252
1678843612854 -0.282516 4.910508 7.125144
1678843612894 -1.173159 5.164293 8.465898
1678843612906 -1.742979 5.695806 8.374918
1678843612931 -1.410185 5.971139 8.353370
1678843612956 -0.751779 5.774815 8.360553
1678843612982 -0.442927 5.576096 7.292738
1678843613013 -0.241814 5.760449 6.059724
1678843613033 -0.165200 5.956774 5.920861
1678843613059 -0.588974 6.224925 6.653487
1678843613085 -0.375890 6.399701 7.486669
1678843613117 -0.153229 6.203377 8.216900
1678843613140 0.019154 6.177041 7.977480
1678843613161 0.486023 6.155493 7.364564
1678843613200 0.567426 6.289568 8.121132
1678843613222 0.744597 6.155493 9.785102
1678843613239 0.359130 5.760449 8.631097
1678843613264 -0.155623 5.592855 6.196194
1678843613291 1.429338 4.326323 7.618350
1678843613328 2.365471 3.711013 12.509704
1678843613341 -1.472434 5.609614 12.267890
1678843613367 -0.363919 5.082890 7.319075
1678843613393 1.721431 4.091691 5.858612
1678843613418 1.546654 4.062960 6.878541
1678843613444 0.004788 4.580108 10.029311
1678843613470 0.124498 4.577713 10.670957
1678843613495 0.603339 4.381389 9.622296
1678843613521 0.445322 4.714183 9.148245
1678843613549 0.289698 4.695030 8.415619
1678843613573 0.402226 4.683059 6.878541
1678843613630 0.141258 4.994305 6.416461
1678843613651 -0.272939 5.348647 6.342240
1678843613659 -0.708684 5.583278 6.251261
1678843613679 -0.605733 5.540183 7.457938
1678843613701 -0.967257 5.664681 8.801085
1678843613726 -1.189918 5.544971 8.382100
1678843613756 -1.233014 5.480328 7.977480
1678843613778 -1.017536 5.568913 8.432379
1678843613830 -1.702277 6.114791 8.772355
1678843613850 -1.379060 5.549759 8.659827
1678843613862 -1.537078 5.276821 8.389283
1678843613881 -0.660800 4.812346 9.674969
1678843613912 -1.857901 5.343858 11.518504
1678843613932 -1.956063 5.367800 11.080365
1678843613957 -0.948104 4.367024 8.585608
1678843613990 -0.567426 4.153940 7.036559
1678843614030 -1.201889 4.232949 7.809886
1678843614036 -1.532289 4.343082 8.264784
1678843614060 -1.728614 4.589684 8.382100
1678843614091 -1.798046 4.824317 8.523358
1678843614116 -1.237802 4.833893 8.257602
1678843614141 -0.821211 4.709395 7.405266
1678843614162 -0.196325 4.730943 6.766014
1678843614192 -0.227449 5.082890 7.299921
1678843614242 -0.294487 5.226542 7.829040
1678843614254 0.220267 5.214571 8.475474
1678843614266 0.234632 5.125986 8.791509
1678843614291 0.442927 5.149928 8.504205
1678843614317 0.634463 5.099649 8.322245
1678843614345 0.577003 5.042189 8.544906
1678843614369 -0.052672 5.473145 8.554482
1678843614446 0.864307 4.426879 7.855376
1678843614458 1.091756 4.769250 9.603143
1678843614469 -0.158017 5.463568 12.205640
1678843614473 -0.758962 5.238513 10.314221
1678843614522 0.773327 4.639963 7.400477
1678843614525 0.703895 4.690241 6.514623
1678843614548 0.158017 4.465186 7.252037
1678843614587 -0.220267 4.618415 9.172187
1678843614600 -1.175553 4.951209 11.113884
1678843614628 -1.295263 4.836287 10.678140
1678843614651 -0.383072 4.587290 8.358158
1678843614683 0.203507 4.582502 7.445967
1678843614732 -0.138864 4.726154 7.611167
1678843614758 -0.328006 5.020641 6.969521
1678843614766 -0.742203 5.319916 7.757214
1678843614780 -1.458069 5.372589 8.367735
1678843614805 -1.450886 5.224148 7.831434
1678843614831 -1.070208 5.063736 7.520187
1678843614856 -1.077391 4.891354 7.845799
1678843614889 -0.938527 4.656722 7.544129
1678843614927 -0.981623 4.783615 7.635109
1678843614948 -0.768539 5.039794 8.238448
1678843614959 -1.711854 5.396531 7.982268
1678843614987 -0.727837 4.699818 8.540117
1678843615012 -1.345541 4.472369 8.889671
1678843615038 -1.910573 4.537012 10.249578
1678843615062 -2.023100 4.843470 11.585542
1678843615090 -1.441309 4.307169 10.651803
1678843615123 -0.778116 3.636792 8.480263
1678843615139 -1.074997 3.426103 7.639898
1678843615183 -1.204283 3.591303 8.343793
1678843615193 -1.496376 4.036624 9.136273
1678843615218 -1.606509 4.496311 9.289502
1678843615245 -1.204283 4.572925 8.856153
1678843615270 -0.289698 4.414908 7.505822
1678843615295 0.069432 4.594473 6.909666
1678843615333 0.148441 4.874595 7.390901
1678843615354 0.079009 4.941632 7.819463
1678843615370 0.328006 4.845864 8.604761
1678843615395 0.986411 4.831499 8.623915
1678843615421 0.735020 5.128380 8.295909
1678843615447 1.053449 5.051765 8.765172
1678843615494 1.364695 4.903325 9.380483
1678843615510 1.314417 4.874595 9.033323
1678843615532 0.505177 4.946421 8.899248
1678843615550 1.489193 4.422091 8.623915
1678843615578 1.163582 4.288015 9.550470
1678843615602 0.919373 4.651934 10.915166
1678843615634 -0.332794 5.094861 11.274296
1678843615652 -0.095768 4.510676 8.288726
1678843615687 1.280898 3.938462 6.299145
1678843615730 0.773327 3.756502 6.730101
1678843615734 -0.148441 4.084508 9.840169
1678843615755 -1.079785 4.560954 10.029311
1678843615781 -0.912191 4.280833 9.526528
1678843615806 -0.962469 4.369418 9.282320
1678843615834 -0.196325 4.180276 8.487445
1678843615858 0.258574 4.103662 7.158663
1678843615886 0.107739 4.338294 7.105990
1678843615909 -0.268151 4.687847 7.927202
1678843615944 -0.641646 4.797980 7.766790
1678843615982 -0.732626 4.879383 7.814674
1678843615986 -0.644040 4.886566 7.927202
1678843616013 -0.366313 4.663905 7.781156
1678843616037 -0.426168 4.668694 7.515399
1678843616084 -0.404620 4.783615 8.281544
1678843616089 0.119710 4.692636 9.229648
1678843616114 -0.009577 5.118803 10.378864
1678843616143 -1.508347 4.776433 9.279925
1678843616184 -2.537854 4.965574 7.350199
1678843616198 -1.405396 3.869030 8.293514
1678843616217 -0.117316 2.090138 12.935872
1678843616245 0.160412 1.886631 14.741100
1678843616271 -0.541090 2.738967 10.958261
1678843616295 -0.598550 3.105280 6.454768
1678843616325 -1.345541 3.332729 7.400477
1678843616349 -1.793257 3.169923 10.194510
1678843616372 -1.534683 3.088520 10.240001
1678843616397 -0.708684 3.074155 9.145850
1678843616448 -0.378284 3.145981 8.602366
1678843616458 -0.462081 3.315969 8.678981
1678843616478 0.193930 3.313575 8.710106
1678843616499 0.373495 3.624821 8.501810
1678843616525 0.031125 4.220978 8.322245
1678843616554 0.296881 4.369418 8.432379
1678843616577 0.402226 4.383783 8.858546
1678843616608 0.900220 4.340688 9.890448
1678843616629 1.115698 4.369418 10.340557
1678843616654 1.192312 4.532224 10.630256
1678843616679 0.299275 4.927267 8.774749
1678843616705 0.062249 4.711789 7.364564
1678843616731 0.603339 4.805163 7.050924
1678843616757 0.229843 4.656722 10.522516
1678843616798 0.615310 4.161122 12.569559
1678843616838 0.129287 4.297592 8.372523
1678843616848 0.478840 4.378995 7.709330
1678843616864 0.569820 4.352659 8.166622
1678843616904 -0.016759 4.505888 10.419566
1678843616921 -1.058237 4.766856 9.998186
1678843616936 -0.553061 4.022259 8.370130
1678843616962 -0.014365 3.813963 8.116343
1678843616987 0.588974 3.801992 8.315063
1678843617018 0.342371 4.158728 7.714118
1678843617049 -0.112527 4.809951 6.926425
1678843617098 -0.536301 5.317522 6.603208
1678843617121 -0.665588 5.420473 6.423643
1678843617127 -0.557849 5.363012 7.577648
1678843617141 -0.316035 5.051765 7.891289
1678843617167 -0.368707 4.960786 7.709330
1678843617193 -0.663194 5.051765 7.520187
1678843617218 -0.679953 5.169082 7.742848
1678843617253 -0.885855 5.463568 8.911219
1678843617271 -0.957681 5.741296 8.609550
1678843617295 -2.317587 6.517017 7.153875
1678843617321 -2.135628 6.102820 8.236053
1678843617351 -1.209072 5.044583 8.580819
1678843617392 -0.196325 4.520253 10.931925
1678843617398 -2.051831 5.051765 11.425131
1678843617441 -3.150769 4.718972 9.318233
1678843617454 -2.427721 4.297592 7.613562
1678843617478 -2.164358 4.402937 8.106767
1678843617501 -2.408567 4.546589 9.804255
1678843617535 -2.609680 4.517859 9.801862
1678843617552 -1.855506 4.371812 8.899248
1678843617578 -1.063026 4.146757 7.881712
1678843617604 -0.577003 4.077325 7.417237
1678843617629 -0.385466 4.000711 7.809886
1678843617654 -0.521936 4.424485 7.762002
1678843617680 -0.119710 4.522647 6.751649
1678843617711 -1.012747 5.087678 8.257602
1678843617738 -0.888249 5.257667 7.898471
1678843617758 0.328006 4.479551 8.171411
1678843617783 0.407014 4.565742 8.394072
1678843617837 0.519542 4.687847 8.791509
1678843617843 0.210690 5.418078 9.672575
1678843617860 0.603339 5.887342 8.966286
1678843617892 0.816423 5.456386 7.659051
1678843617939 0.227449 5.449203 8.566454
1678843617943 0.418985 5.219360 10.697293
1678843617963 -0.318429 4.367024 12.361263
1678843617993 -0.505177 4.400543 9.107543
1678843618018 -0.577003 4.347870 7.462727
1678843618041 0.148441 4.520253 7.508216
1678843618066 0.189142 4.584896 8.678981
1678843618097 -0.557849 4.848258 9.157822
1678843618117 -1.012747 4.797980 8.427590
1678843618145 -0.758962 4.544195 7.565677
1678843618169 -0.615310 4.726154 7.144298
1678843618198 -0.191536 4.738125 6.619968
1678843618219 -0.349553 4.920084 6.998251
1678843618251 -0.938527 5.121197 7.867347
1678843618271 -1.391031 5.102044 8.025364
1678843618297 -1.764527 5.303157 8.312668
1678843618346 -1.857901 5.284003 8.540117
1678843618357 -1.632846 5.006276 8.262390
1678843618374 -1.874660 5.001487 8.386889
1678843618401 -2.149993 5.094861 8.892065
1678843618425 -2.384625 5.336676 8.276755
1678843618451 -1.920150 5.068525 8.149862
1678843618489 -2.130840 5.468357 9.567230
1678843618506 -2.398990 5.125986 11.147403
1678843618537 -3.260903 5.477933 10.819398
1678843618553 -2.911349 5.233725 8.640674
1678843618579 -1.685518 4.113238 6.804321
1678843618611 -1.733402 3.933673 7.252037
1678843618630 -1.874660 4.108450 8.609550
1678843618656 -2.030283 4.273650 8.985439
1678843618681 -1.465251 4.290410 8.729259
1678843618747 -0.727837 4.419696 7.510611
1678843618758 -0.529119 4.625597 6.615179
1678843618762 -0.351948 4.771644 6.473921
1678843618784 -0.342371 5.140351 6.804321
1678843618810 -0.708684 5.319916 7.125144
1678843618836 -0.696713 5.408502 7.855376
1678843618861 -0.287304 5.291186 8.616732
1678843618887 -0.196325 5.178658 8.451532
1678843618912 -0.064643 5.219360 8.286332
1678843618938 0.162806 5.382165 9.047688
1678843618964 0.107739 5.446809 8.944737
1678843618990 0.093374 4.900931 7.747637
1678843619018 0.090980 4.479551 8.240842
1678843619045 0.112527 4.616021 10.817003
1678843619067 -1.508347 4.477157 12.694057
1678843619096 -2.229002 3.962404 9.727641
1678843619130 -1.848324 3.636792 6.974309
1678843619147 -1.216254 4.108450 6.940791
1678843619182 -1.795651 4.570531 8.504205
1678843619204 -2.595315 4.994305 10.182540
1678843619221 -2.523489 4.740520 9.636662
1678843619264 -2.159570 4.477157 8.051701
1678843619272 -1.750161 4.209007 6.885724
1678843619298 -1.771709 4.062960 6.653487
1678843619323 -2.214637 4.323928 6.955156
1678843619349 -2.808398 4.596867 6.952762
1678843619378 -3.550601 5.137957 8.516175
1678843619412 -3.507505 5.353435 10.764331
1678843619427 -4.340688 5.449203 10.802638
1678843619452 -4.122815 4.821922 9.533711
1678843619478 -3.857059 4.692636 8.935161
1678843619505 -3.189077 3.801992 7.910442
1678843619529 -3.617639 4.144363 8.468291
1678843619555 -3.019088 4.534618 9.210494
1678843619591 -2.025495 4.493917 8.825027
1678843619606 -1.577779 4.479551 7.977480
1678843619631 -1.357512 4.491522 7.371747
1678843619657 -1.613692 4.575319 7.685388
1678843619683 -1.833959 4.630386 7.237672
1678843619710 -2.566584 5.233725 7.096414
1678843619735 -2.612074 5.243302 6.974309
1678843619760 -1.893813 4.764462 6.507440
1678843619798 -1.675941 4.920084 6.868965
1678843619844 -1.395820 5.257667 7.412448
1678843619855 -1.230620 5.695806 7.718906
1678843619866 -1.146823 5.707777 7.716512
1678843619889 -1.103727 5.564125 8.104373
1678843619914 -0.833182 5.535394 8.722076
1678843619944 -1.000776 5.951985 8.322245
1678843619965 -1.520318 5.418078 8.640674
1678843619993 -1.498770 5.434838 9.390059
1678843620016 -1.074997 5.025429 10.292673
1678843620044 -1.450886 4.651934 10.321404
1678843620069 -1.252167 4.659117 9.708488
1678843620095 -1.484405 4.783615 8.588001
1678843620136 -1.086968 4.876989 8.037335
1678843620154 -0.555455 4.876989 8.643068
1678843620170 -0.811634 4.977545 9.392453
1678843620197 -0.902614 4.651934 8.975863
1678843620221 -0.677559 4.493917 7.790732
1678843620248 -0.608127 4.572925 7.402872
1678843620281 -0.555455 4.707001 7.632715
1678843620301 -0.586579 4.826711 7.469909
1678843620328 -0.658405 4.989516 7.012617
1678843620351 -0.878672 5.312734 7.299921
1678843620384 -0.919373 5.255273 8.149862
1678843620420 -1.113304 5.298368 8.805874
1678843620435 -1.517924 5.317522 8.406042
1678843620453 -1.819593 5.188235 8.319851
1678843620478 -2.066196 5.135562 8.394072
1678843620504 -2.382231 5.037400 8.475474
1678843620530 -2.516306 5.310339 8.597578
1678843620565 -2.535460 5.030218 8.118738
1678843620587 -2.250550 5.001487 8.465898
1678843620612 -1.963245 4.400543 8.944737
1678843620632 -2.521094 4.752491 10.412383
1678843620670 -2.748544 5.087678 8.925584
1678843620685 -1.874660 4.359841 6.715736
1678843620710 -1.122881 3.998317 6.988675
1678843620736 -1.795651 4.568137 9.619903
1678843620760 -2.640805 5.197812 11.382035
1678843620786 -2.592921 5.090073 9.813833
1678843620812 -1.984793 4.704607 8.513782
1678843620849 -1.441309 4.745308 8.166622
1678843620871 -0.957681 4.865018 7.752425
1678843620889 -0.708684 4.958392 7.280767
1678843620915 -0.818817 5.183447 6.730101
1678843620940 -1.029507 5.473145 6.737284
1678843620966 -0.828394 5.336676 7.508216
1678843620996 -0.754174 5.250484 8.422802
1678843621018 -0.696713 5.315128 8.631097
1678843621049 -0.885855 5.363012 8.432379
1678843621070 -1.024718 5.114015 8.164227
1678843621097 -1.213860 5.142745 9.136273
1678843621120 -1.175553 4.936844 9.205706
1678843621146 -0.694318 4.714183 8.789114
1678843621178 -1.395820 5.288792 9.021352
1678843621206 -1.886631 5.528212 9.880871
1678843621237 -1.551443 5.389348 10.603919
1678843621256 -0.928950 4.620809 9.054871
1678843621279 -0.189142 4.218584 7.778761
1678843621301 0.040701 4.302381 8.001422
1678843621327 -0.713472 4.917690 9.126697
1678843621351 -0.984017 4.472369 8.604761
1678843621388 -0.871489 4.240131 7.469909
1678843621412 -1.086968 4.515464 7.275979
1678843621431 -0.938527 4.829105 7.275979
1678843621454 -1.211466 5.020641 7.208941
1678843621480 -1.410185 5.049371 7.247249
1678843621518 -1.323994 4.977545 7.472303
1678843621537 -1.489193 5.128380 7.637504
1678843621568 -1.759738 5.336676 7.888895
1678843621583 -1.781286 5.437232 7.848193
1678843621608 -1.841141 5.477933 8.166622
1678843621638 -2.059013 5.468357 8.805874
1678843621659 -1.841141 5.597643 9.255983
1678843621685 -1.905785 5.157111 8.231265
1678843621711 -1.668759 5.547365 8.262390
1678843621737 -1.422156 4.812346 9.052477
1678843621769 -1.314417 4.632780 10.884041
1678843621815 -1.156399 4.867412 10.070012
1678843621838 -1.316811 4.635174 7.891289
1678843621842 -0.888249 4.486734 7.252037
1678843621865 -1.144428 4.876989 8.032547
1678843621891 -1.482011 4.975151 8.762778
1678843621916 -1.817199 5.248090 8.640674
1678843621942 -1.213860 5.154716 8.652645
1678843621969 -0.368707 4.766856 8.157045
1678843622002 -0.239420 4.783615 7.551312
1678843622019 -0.445322 5.214571 7.010222
1678843622059 -0.505177 5.384560 6.490681
1678843622082 -0.727837 5.521029 6.445191
1678843622096 -0.706290 5.552154 7.252037
1678843622121 -0.677559 5.674258 7.623138
1678843622147 -0.806846 5.722142 7.615956
1678843622177 -0.490811 5.406107 7.062895
1678843622198 -0.354342 5.386954 7.079654
1678843622226 -0.565032 5.391742 7.699753
1678843622252 -0.572214 5.367800 8.092402
1678843622281 -0.517148 5.595249 8.480263
1678843622308 -0.490811 5.291186 8.025364
1678843622328 -0.574608 5.518635 9.435549
1678843622359 -0.416591 5.032612 10.077195
1678843622409 -0.653617 4.807557 10.560823
1678843622423 -0.521936 4.807557 10.826580
1678843622436 -0.572214 4.173094 9.311050
1678843622455 -0.622492 4.122815 7.977480
1678843622481 -0.646434 4.082114 7.232883
1678843622507 -1.029507 4.259285 9.284714
1678843622533 -1.156399 4.709395 10.244789
1678843622559 -1.244985 4.374207 9.583989
1678843622595 -1.180341 4.022259 8.429984
1678843622627 -0.557849 3.835511 7.709330
1678843622645 -0.845153 4.129998 7.417237
1678843622661 -2.760514 4.795586 8.736442
1678843622687 -2.097321 5.102044 8.137892
