# Created at Tue Mar 14 18:26:15 MST 2023
1678843575991 -0.605440 -0.027968 0.129592 -0.464660 0.563951 0.331726 0.596664
1678843576021 -0.627392 -0.029062 0.115029 -0.470595 0.561508 0.324186 0.598458
1678843576068 -0.650061 -0.030100 0.099169 -0.475034 0.558946 0.318690 0.600299
1678843576106 -0.673335 -0.029236 0.082034 -0.477423 0.555840 0.314101 0.603696
1678843576157 -0.696488 -0.028857 0.065035 -0.481108 0.553858 0.310993 0.604202
1678843576202 -0.743403 -0.024757 0.024314 -0.487255 0.539277 0.314313 0.610712
1678843576262 -0.790277 -0.019368 -0.017458 -0.483505 0.526799 0.302943 0.630025
1678843576299 -0.812279 -0.018461 -0.037123 -0.484763 0.524943 0.296393 0.633713
1678843576349 -0.857334 -0.019318 -0.070581 -0.489675 0.518681 0.297479 0.634582
1678843576395 -0.878488 -0.017635 -0.085103 -0.489162 0.513659 0.303784 0.636074
1678843576438 -0.900321 -0.014484 -0.099262 -0.486915 0.507870 0.307539 0.640626
1678843576496 -0.941862 -0.013172 -0.126320 -0.482308 0.504577 0.302872 0.648883
1678843576562 -0.964914 -0.015678 -0.138459 -0.483888 0.502003 0.304752 0.648824
1678843576607 -1.013221 -0.020475 -0.164144 -0.483097 0.498529 0.304233 0.652325
1678843576663 -1.063485 -0.024872 -0.190428 -0.478124 0.497934 0.295645 0.660343
1678843576707 -1.090197 -0.027252 -0.204347 -0.476888 0.494829 0.291938 0.665203
1678843576754 -1.147372 -0.031918 -0.236671 -0.480858 0.481066 0.286556 0.674712
1678843576805 -1.176500 -0.032796 -0.253492 -0.489453 0.478859 0.284579 0.670928
1678843576856 -1.231364 -0.023614 -0.286298 -0.483727 0.460802 0.285964 0.686946
1678843576904 -1.257204 -0.017638 -0.303084 -0.475169 0.454949 0.280075 0.699138
1678843576949 -1.280647 -0.018840 -0.320389 -0.476291 0.452223 0.272747 0.703029
1678843576992 -1.330301 -0.024232 -0.361042 -0.496308 0.444468 0.254993 0.700789
1678843577055 -1.357047 -0.027139 -0.378938 -0.502921 0.436269 0.258231 0.700040
1678843577079 -1.382771 -0.032023 -0.397310 -0.511667 0.428782 0.264948 0.695806
1678843577158 -1.462811 -0.053975 -0.454351 -0.527210 0.418484 0.263348 0.691064
1678843577191 -1.487777 -0.065218 -0.473469 -0.537755 0.414210 0.260548 0.686560
1678843577234 -1.513909 -0.073841 -0.491907 -0.545899 0.412308 0.253895 0.683764
1678843577294 -1.563852 -0.092124 -0.528549 -0.546962 0.422747 0.224886 0.686690
1678843577345 -1.593783 -0.097698 -0.547998 -0.554379 0.426920 0.224221 0.678327
1678843577382 -1.647845 -0.108095 -0.579579 -0.560213 0.424554 0.239656 0.669687
1678843577460 -1.695868 -0.104356 -0.605701 -0.562639 0.436548 0.233756 0.661983
1678843577519 -1.720139 -0.098487 -0.619093 -0.555030 0.445325 0.230340 0.663755
1678843577537 -1.745850 -0.090222 -0.632280 -0.544615 0.449511 0.236955 0.667223
1678843577611 -1.798835 -0.085644 -0.657896 -0.534014 0.461869 0.253946 0.661073
1678843577654 -1.827255 -0.085909 -0.671224 -0.528270 0.459007 0.270137 0.661264
1678843577703 -1.878498 -0.080637 -0.694695 -0.501422 0.450856 0.296586 0.676271
1678843577761 -1.933201 -0.081623 -0.724597 -0.487839 0.459424 0.288744 0.683791
1678843577814 -1.961721 -0.083803 -0.736794 -0.478267 0.463997 0.292943 0.685676
1678843577842 -1.992335 -0.089543 -0.751264 -0.476950 0.464357 0.300915 0.682892
1678843577900 -2.055164 -0.104998 -0.779058 -0.472294 0.492084 0.292909 0.670072
1678843577948 -2.124836 -0.125094 -0.811061 -0.477070 0.488956 0.298183 0.666643
1678843578000 -2.159917 -0.138158 -0.823300 -0.483547 0.473901 0.323923 0.660813
1678843578038 -2.194089 -0.150214 -0.833523 -0.481653 0.466143 0.354511 0.651953
1678843578116 -2.259232 -0.170724 -0.856715 -0.463250 0.465583 0.371600 0.656160
1678843578163 -2.319074 -0.201342 -0.885183 -0.473751 0.486413 0.343175 0.648994
1678843578198 -2.350205 -0.217927 -0.895981 -0.480346 0.489853 0.338364 0.644067
1678843578266 -2.410330 -0.255643 -0.911892 -0.494141 0.492247 0.342952 0.629207
1678843578318 -2.442043 -0.275736 -0.920442 -0.498240 0.501702 0.340877 0.619560
1678843578355 -2.511045 -0.318298 -0.941720 -0.500456 0.490493 0.361604 0.614982
1678843578416 -2.588300 -0.353420 -0.965036 -0.503323 0.496209 0.367523 0.604457
1678843578453 -2.620963 -0.370799 -0.972309 -0.500129 0.494548 0.376244 0.603103
1678843578494 -2.654660 -0.388371 -0.977606 -0.499199 0.505157 0.385641 0.588981
1678843578540 -2.694952 -0.400210 -0.983255 -0.496749 0.511233 0.407278 0.570968
1678843578589 -2.758048 -0.429783 -0.987692 -0.492545 0.528866 0.424407 0.545508
1678843578640 -2.786936 -0.440437 -0.988989 -0.489937 0.538978 0.420861 0.540684
1678843578696 -2.851044 -0.478190 -0.990462 -0.489742 0.560485 0.422408 0.517282
1678843578736 -2.885316 -0.497955 -0.988424 -0.486997 0.572804 0.423416 0.505418
1678843578793 -2.917812 -0.517699 -0.984497 -0.485534 0.579996 0.428837 0.493924
1678843578833 -2.986659 -0.556522 -0.975040 -0.475561 0.591763 0.447645 0.472516
1678843578874 -3.019552 -0.573458 -0.968266 -0.468973 0.604912 0.451222 0.458850
1678843578934 -3.083534 -0.602993 -0.952602 -0.452516 0.620250 0.472709 0.432512
1678843578977 -3.115096 -0.616171 -0.944846 -0.447352 0.631761 0.475239 0.418214
1678843579031 -3.184539 -0.642975 -0.928127 -0.441197 0.648656 0.485105 0.386346
1678843579094 -3.242985 -0.651991 -0.904398 -0.443234 0.664364 0.481237 0.361353
1678843579130 -3.275449 -0.653216 -0.893365 -0.440830 0.667518 0.489035 0.347754
1678843579164 -3.307874 -0.651064 -0.880843 -0.436257 0.670164 0.493326 0.342330
1678843579222 -3.380474 -0.645928 -0.859519 -0.427400 0.679038 0.489682 0.341245
1678843579270 -3.417232 -0.643141 -0.847440 -0.421555 0.686172 0.489308 0.334721
1678843579310 -3.453734 -0.638646 -0.835013 -0.415129 0.689180 0.494346 0.329122
1678843579362 -3.530392 -0.623982 -0.810482 -0.399076 0.701468 0.494884 0.322133
1678843579428 -3.633661 -0.614878 -0.783116 -0.380436 0.723541 0.488762 0.304742
1678843579461 -3.675154 -0.603536 -0.769069 -0.367505 0.732570 0.488513 0.299393
1678843579519 -3.765802 -0.583318 -0.742757 -0.339989 0.751065 0.486187 0.289710
1678843579567 -3.809586 -0.572723 -0.731703 -0.334346 0.761791 0.477563 0.282527
1678843579607 -3.852917 -0.560401 -0.720184 -0.326322 0.775116 0.468032 0.271393
1678843579663 -3.937453 -0.528807 -0.696568 -0.293590 0.783856 0.475953 0.269894
1678843579720 -4.023476 -0.494874 -0.673627 -0.272116 0.798175 0.471436 0.258105
1678843579775 -4.067411 -0.475887 -0.661082 -0.257769 0.802542 0.471434 0.259292
1678843579813 -4.111513 -0.455188 -0.647930 -0.244209 0.807855 0.466717 0.264400
1678843579865 -4.201144 -0.411908 -0.616508 -0.218275 0.818324 0.456853 0.272006
1678843579920 -4.293302 -0.368044 -0.580816 -0.210326 0.830373 0.436513 0.275138
1678843579968 -4.339502 -0.343322 -0.561338 -0.201599 0.834968 0.426865 0.282796
1678843580022 -4.427201 -0.288200 -0.520305 -0.184890 0.847644 0.409026 0.282867
1678843580062 -4.469953 -0.258144 -0.500176 -0.174424 0.852038 0.398973 0.290565
1678843580126 -4.555041 -0.200062 -0.460367 -0.164309 0.861090 0.386510 0.286596
1678843580167 -4.597680 -0.172667 -0.441026 -0.163282 0.864857 0.385661 0.276814
1678843580235 -4.680698 -0.115984 -0.408800 -0.158552 0.875997 0.369385 0.266543
1678843580309 -4.763287 -0.061532 -0.380669 -0.150122 0.875096 0.373158 0.269116
1678843580369 -4.836071 -0.005338 -0.373353 -0.146061 0.881233 0.371516 0.253123
1678843580403 -4.875338 0.022793 -0.363117 -0.134260 0.886960 0.362660 0.252494
1678843580450 -4.952460 0.080068 -0.343641 -0.104092 0.893077 0.355476 0.255372
1678843580506 -4.987575 0.110505 -0.333997 -0.084786 0.894538 0.354366 0.258915
1678843580557 -5.040568 0.170606 -0.325194 -0.052394 0.892937 0.353640 0.273599
1678843580599 -5.072522 0.200606 -0.319734 -0.038948 0.888661 0.353661 0.289290
1678843580641 -5.089759 0.228938 -0.326006 -0.032654 0.892092 0.346970 0.287608
1678843580707 -5.148351 0.284499 -0.320554 -0.017571 0.896646 0.332506 0.291815
1678843580743 -5.178348 0.306136 -0.319762 -0.009796 0.895546 0.331827 0.296299
1678843580796 -5.235946 0.349934 -0.315642 -0.001898 0.888483 0.340880 0.307238
1678843580863 -5.277952 0.387092 -0.333924 0.001351 0.893929 0.332635 0.300405
1678843580906 -5.306697 0.405105 -0.334620 0.005523 0.894501 0.331030 0.300427
1678843580969 -5.336545 0.448706 -0.359167 0.027073 0.896316 0.313699 0.312215
1678843580999 -5.361541 0.470832 -0.363887 0.034285 0.892642 0.312728 0.322824
1678843581034 -5.384992 0.495201 -0.370387 0.043840 0.889257 0.306505 0.336682
1678843581092 -5.410488 0.546886 -0.404556 0.056299 0.890601 0.279853 0.354038
1678843581145 -5.425844 0.573117 -0.417443 0.067186 0.887536 0.267512 0.369057
1678843581180 -5.439384 0.607411 -0.454963 0.081493 0.863894 0.268905 0.418014
1678843581243 -5.455253 0.627673 -0.472598 0.079024 0.857950 0.270375 0.429622
1678843581296 -5.489067 0.666401 -0.511345 0.063737 0.851228 0.290405 0.432451
1678843581345 -5.504092 0.680260 -0.535008 0.058532 0.848801 0.292285 0.436670
1678843581370 -5.517094 0.699718 -0.561752 0.058707 0.847167 0.286866 0.443361
1678843581448 -5.532578 0.724813 -0.620749 0.074823 0.826986 0.274061 0.485166
1678843581493 -5.571871 0.766242 -0.675755 0.087826 0.802413 0.271141 0.524311
1678843581538 -5.577529 0.775344 -0.712565 0.090532 0.784221 0.274135 0.549228
1678843581577 -5.589597 0.777824 -0.737364 0.093989 0.769140 0.271954 0.570640
1678843581630 -5.593016 0.788883 -0.804280 0.096312 0.739787 0.277179 0.605484
1678843581687 -5.592252 0.795113 -0.872363 0.091778 0.699822 0.279279 0.651021
1678843581738 -5.590420 0.799316 -0.906483 0.089715 0.685920 0.283567 0.664119
1678843581769 -5.587530 0.805415 -0.941850 0.087977 0.664571 0.288102 0.683815
1678843581851 -5.578231 0.809923 -1.013913 0.077773 0.615386 0.296328 0.726251
1678843581892 -5.562362 0.807403 -1.090818 0.058492 0.583165 0.293482 0.755225
1678843581931 -5.550351 0.804367 -1.129092 0.049299 0.561806 0.289925 0.773232
1678843581983 -5.536820 0.800852 -1.165919 0.038403 0.540279 0.289517 0.789179
1678843582031 -5.502702 0.793880 -1.236093 0.022137 0.485587 0.282932 0.826840
1678843582088 -5.464718 0.784643 -1.302139 -0.001388 0.434056 0.280314 0.856164
1678843582135 -5.443583 0.779178 -1.333501 -0.013403 0.404155 0.277664 0.871425
1678843582173 -5.421695 0.773290 -1.364019 -0.027161 0.376339 0.275617 0.884119
1678843582237 -5.374812 0.762117 -1.421137 -0.045962 0.319553 0.267948 0.907732
1678843582291 -5.324987 0.749625 -1.475294 -0.068560 0.269038 0.267983 0.922553
1678843582340 -5.295506 0.742553 -1.501704 -0.080045 0.236274 0.263977 0.931710
1678843582393 -5.229490 0.726128 -1.554987 -0.116789 0.202416 0.245010 0.940935
1678843586861 -5.371504 0.806975 -1.732819 -0.171516 0.196047 0.261029 0.929522
1678843586933 -5.384506 0.804385 -1.766836 -0.172911 0.176949 0.257219 0.934146
1678843586963 -5.408449 0.815238 -1.843921 -0.167890 0.167948 0.255250 0.937259
1678843587036 -5.425367 0.810869 -1.879952 -0.169409 0.152898 0.247668 0.941585
1678843587086 -5.445378 0.807004 -1.914671 -0.168316 0.150712 0.229247 0.946785
1678843587137 -5.453794 0.804228 -1.934764 -0.171484 0.141262 0.223640 0.949012
1678843587181 -5.462009 0.802403 -1.951679 -0.179491 0.127801 0.223424 0.949490
1678843587228 -5.480809 0.798427 -1.994461 -0.194557 0.107823 0.227973 0.947919
1678843587268 -5.493274 0.794395 -2.024479 -0.199030 0.087689 0.227671 0.949138
1678843587343 -5.503416 0.788406 -2.067357 -0.206585 0.082826 0.216201 0.950642
1678843587378 -5.493992 0.771164 -2.037872 -0.213029 0.082812 0.207150 0.951236
1678843587411 -5.496143 0.766288 -2.057468 -0.223180 0.070108 0.204226 0.950562
1678843587454 -5.493191 0.752020 -2.066940 -0.232610 0.063248 0.198115 0.950075
1678843587494 -5.493546 0.747873 -2.084037 -0.236810 0.061078 0.193977 0.950033
1678843587539 -5.488810 0.742120 -2.085339 -0.239033 0.053854 0.192153 0.950284
1678843587591 -5.486104 0.733069 -2.117847 -0.248974 0.043675 0.189484 0.948789
1678843587647 -5.497600 0.729877 -2.163918 -0.252726 0.039583 0.186488 0.948570
1678843587695 -5.491293 0.721480 -2.198810 -0.258166 0.042693 0.177720 0.948653
1678843587732 -5.487524 0.718221 -2.217064 -0.259592 0.044971 0.171932 0.949225
1678843587796 -5.482861 0.712527 -2.264055 -0.264018 0.050861 0.161601 0.949522
1678843587836 -5.477905 0.711447 -2.284051 -0.264440 0.052586 0.156404 0.950181
1678843587892 -5.457307 0.711430 -2.278695 -0.263213 0.050097 0.144981 0.952465
1678843587953 -5.449478 0.710251 -2.322335 -0.275003 0.059168 0.141586 0.949119
1678843587995 -5.445323 0.708199 -2.344399 -0.291487 0.064262 0.140168 0.944065
1678843588035 -5.440557 0.706275 -2.364742 -0.303466 0.062760 0.137999 0.940705
1678843588091 -5.432410 0.700352 -2.394632 -0.310506 0.040489 0.137995 0.939630
1678843588155 -5.427937 0.694170 -2.434150 -0.331733 0.050254 0.135344 0.932261
1678843588194 -5.422870 0.691116 -2.466455 -0.340933 0.046138 0.134085 0.929331
1678843588260 -5.411328 0.685876 -2.509815 -0.350244 0.029582 0.127138 0.927518
1678843588293 -5.405886 0.682754 -2.527834 -0.355121 0.022703 0.120818 0.926702
1678843588329 -5.399562 0.679438 -2.546600 -0.361562 0.014363 0.113938 0.925248
1678843588381 -5.388416 0.677351 -2.569985 -0.367023 0.002742 0.106353 0.924108
1678843588432 -5.370412 0.672701 -2.606191 -0.371085 -0.030011 0.092065 0.923536
1678843588479 -5.357177 0.671183 -2.634850 -0.374880 -0.045945 0.082667 0.922236
1678843588562 -5.333456 0.668870 -2.666783 -0.370646 -0.077682 0.061662 0.923464
1678843588588 -5.301234 0.667161 -2.693129 -0.371035 -0.123593 0.038035 0.919571
1678843588659 -5.255500 0.660389 -2.737440 -0.378468 -0.150153 0.001852 0.913352
1678843588698 -5.235476 0.656757 -2.744431 -0.377579 -0.165012 -0.015505 0.911024
1678843588740 -5.213737 0.651586 -2.750082 -0.383244 -0.179128 -0.035031 0.905433
1678843588787 -5.166255 0.641374 -2.759440 -0.391099 -0.215019 -0.072467 0.891940
1678843588855 -5.141837 0.636456 -2.757346 -0.390399 -0.235691 -0.088443 0.885560
1678843588891 -5.090836 0.624840 -2.747426 -0.389451 -0.273357 -0.114736 0.872032
1678843588956 -5.064841 0.618487 -2.741006 -0.391132 -0.291607 -0.124949 0.863926
1678843588973 -5.038140 0.608741 -2.719666 -0.392519 -0.310142 -0.133419 0.855535
1678843589027 -4.984249 0.597387 -2.698116 -0.393287 -0.342265 -0.152426 0.839611
1678843589068 -4.957758 0.593285 -2.684388 -0.390574 -0.354615 -0.162206 0.833900
1678843589122 -4.899436 0.586480 -2.655708 -0.383940 -0.376678 -0.181083 0.823354
1678843589181 -4.837155 0.582348 -2.626341 -0.378393 -0.393603 -0.198862 0.813849
1678843589206 -4.837155 0.582348 -2.626341 -0.378393 -0.393603 -0.198862 0.813849
1678843589261 -4.774034 0.581895 -2.589248 -0.368204 -0.402102 -0.220373 0.808811
1678843589311 -4.750679 0.584900 -2.580906 -0.367767 -0.407438 -0.232818 0.802831
1678843589361 -4.694819 0.586818 -2.542901 -0.360318 -0.429106 -0.244818 0.791267
1678843589415 -4.641462 0.585237 -2.501399 -0.354281 -0.437805 -0.257556 0.785160
1678843589481 -4.616437 0.584235 -2.480491 -0.353472 -0.447470 -0.263636 0.778026
1678843589502 -4.594470 0.584172 -2.459877 -0.352396 -0.461455 -0.268736 0.768543
1678843589555 -4.548766 0.580379 -2.415734 -0.349244 -0.486804 -0.282475 0.749172
1678843589605 -4.533416 0.576949 -2.397793 -0.350077 -0.500766 -0.288959 0.737009
1678843589655 -4.510855 0.573356 -2.376125 -0.351397 -0.516323 -0.293131 0.723882
1678843589705 -4.462455 0.564780 -2.329454 -0.358011 -0.548509 -0.299982 0.693524
1678843589762 -4.415838 0.553287 -2.285440 -0.364774 -0.577574 -0.313761 0.659471
1678843589792 -4.391455 0.548020 -2.261420 -0.365929 -0.595943 -0.318733 0.639810
1678843589856 -4.343235 0.538497 -2.210002 -0.356066 -0.626891 -0.330019 0.609354
1678843589898 -4.319254 0.534509 -2.183263 -0.349914 -0.638699 -0.338931 0.595609
1678843589938 -4.295642 0.530643 -2.155166 -0.342249 -0.653693 -0.349459 0.577434
1678843589993 -4.248669 0.526476 -2.097638 -0.309041 -0.675098 -0.366321 0.560843
1678843590054 -4.226422 0.525346 -2.069789 -0.299661 -0.689250 -0.372975 0.544084
1678843590087 -4.186279 0.520041 -2.012080 -0.276478 -0.719215 -0.386006 0.507236
1678843590148 -4.168282 0.515251 -1.981597 -0.257129 -0.725415 -0.393242 0.503009
1678843590224 -4.124365 0.493095 -1.890041 -0.217711 -0.739271 -0.424045 0.475675
1678843590272 -4.120539 0.486453 -1.861239 -0.208973 -0.749083 -0.429637 0.458930
1678843590323 -4.098802 0.465578 -1.799124 -0.200700 -0.759950 -0.443202 0.431008
1678843590372 -4.091419 0.452921 -1.767717 -0.196438 -0.759429 -0.452331 0.424353
1678843590408 -4.080903 0.439367 -1.734918 -0.191740 -0.757676 -0.462186 0.418983
1678843590463 -4.063792 0.412353 -1.668890 -0.183484 -0.758411 -0.477435 0.403983
1678843590514 -4.044552 0.386398 -1.599780 -0.178303 -0.757915 -0.489619 0.392487
1678843590556 -4.034523 0.372660 -1.564495 -0.177795 -0.756375 -0.495777 0.387932
1678843590602 -4.067002 0.366233 -1.567439 -0.178886 -0.753822 -0.502546 0.383666
1678843590656 -4.051726 0.335104 -1.500468 -0.171283 -0.739642 -0.527657 0.381012
1678843590697 -4.054852 0.320809 -1.480740 -0.168249 -0.744478 -0.525810 0.375457
1678843590756 -4.049084 0.306670 -1.449048 -0.166520 -0.745237 -0.529148 0.369992
1678843590806 -4.042567 0.278831 -1.391817 -0.152412 -0.742065 -0.537866 0.369878
1678843590858 -4.036227 0.252500 -1.332765 -0.133164 -0.741771 -0.544649 0.367967
1678843590896 -4.040084 0.242027 -1.314035 -0.125831 -0.743637 -0.545216 0.365938
1678843590971 -4.037469 0.230125 -1.285456 -0.117054 -0.740719 -0.551234 0.365752
1678843590993 -4.035098 0.209772 -1.227089 -0.102873 -0.739022 -0.559586 0.360731
1678843591036 -4.032429 0.199947 -1.197714 -0.093911 -0.739605 -0.560952 0.359859
1678843591070 -4.032831 0.193476 -1.169152 -0.086191 -0.742108 -0.562949 0.353462
1678843591130 -4.029055 0.176471 -1.108545 -0.067200 -0.746233 -0.567321 0.341712
1678843591176 -4.027962 0.166982 -1.077348 -0.059756 -0.747936 -0.570279 0.334370
1678843591216 -4.027381 0.154685 -1.017508 -0.040724 -0.752262 -0.576594 0.316199
1678843591269 -4.029383 0.148426 -0.988864 -0.024793 -0.756170 -0.578805 0.304265
1678843591309 -4.032198 0.143422 -0.961535 -0.011150 -0.754236 -0.585840 0.296304
1678843591362 -4.042927 0.137263 -0.911421 0.010399 -0.756111 -0.597062 0.267778
1678843591422 -4.057259 0.133808 -0.859276 0.038327 -0.755736 -0.602130 0.254625
1678843591473 -4.067613 0.134985 -0.835956 0.042457 -0.758363 -0.604649 0.239755
1678843591508 -4.078454 0.135567 -0.810373 0.050134 -0.764567 -0.602468 0.223509
1678843591583 -4.102568 0.135431 -0.765248 0.066984 -0.769758 -0.601104 0.204107
1678843591617 -4.126834 0.131732 -0.712338 0.085345 -0.773799 -0.597478 0.192279
1678843591660 -4.139521 0.130053 -0.684680 0.093416 -0.777203 -0.593364 0.187476
1678843591723 -4.165635 0.128190 -0.630103 0.103298 -0.781424 -0.588647 0.179447
1678843591756 -4.179347 0.127482 -0.602646 0.108862 -0.783875 -0.585002 0.177375
1678843591789 -4.195751 0.129303 -0.579909 0.112699 -0.785668 -0.582345 0.175779
1678843591860 -4.225050 0.133277 -0.528712 0.114831 -0.789528 -0.578526 0.169609
1678843591891 -4.239289 0.134780 -0.503510 0.115240 -0.788357 -0.580111 0.169367
1678843591953 -4.255059 0.137514 -0.478980 0.111880 -0.789959 -0.580199 0.163757
1678843591987 -4.288606 0.143834 -0.434807 0.110166 -0.792241 -0.580037 0.154188
1678843592029 -4.304983 0.146212 -0.414899 0.116038 -0.790860 -0.580407 0.155572
1678843592082 -4.321425 0.150983 -0.396523 0.116594 -0.791505 -0.581124 0.149069
1678843592128 -4.357140 0.160857 -0.361359 0.114081 -0.794316 -0.581884 0.132130
1678843592185 -4.394964 0.168948 -0.328582 -0.110527 0.797702 0.582538 -0.110025
1678843592243 -4.415506 0.173828 -0.311740 -0.112951 0.802580 0.577620 -0.097278
1678843592279 -4.434977 0.178024 -0.297888 -0.117809 0.806078 0.573254 -0.087972
1678843592326 -4.475699 0.184216 -0.262132 -0.123707 0.810485 0.568274 -0.069817
1678843592371 -4.496623 0.187372 -0.243877 -0.126365 0.813752 0.564381 -0.057565
1678843592423 -4.538403 0.193842 -0.206104 -0.130174 0.820525 0.555540 -0.034189
1678843592485 -4.581449 0.201052 -0.164754 -0.132524 0.824150 0.550525 -0.011702
1678843592531 -4.603692 0.204909 -0.146253 -0.135985 0.825975 0.547056 0.001931
1678843592573 -4.626258 0.208775 -0.128267 -0.140782 0.827552 0.543228 0.015535
1678843592622 -4.671960 0.216424 -0.093484 -0.148319 0.822912 0.546867 0.041875
1678843592666 -4.696003 0.219591 -0.076882 -0.156212 0.820163 0.547822 0.053112
1678843592717 -4.721370 0.224943 -0.062641 -0.162537 0.819646 0.544785 0.070514
1678843592768 -4.773990 0.235598 -0.037135 -0.180338 0.820610 0.532128 0.104488
1678843592833 -4.824903 0.242868 -0.015186 -0.197129 0.817610 0.526214 0.125512
1678843592879 -4.872734 0.249077 -0.001316 -0.202387 0.815148 0.521448 0.150549
1678843592935 -4.898179 0.251937 0.006936 -0.203140 0.813237 0.520772 0.161790
1678843592982 -4.956521 0.255213 0.033588 -0.205101 0.811966 0.515316 0.181917
1678843593059 -5.009031 0.257369 0.049212 -0.207819 0.810884 0.510976 0.195401
1678843593095 -5.035788 0.261941 0.056400 -0.204744 0.809986 0.510995 0.202204
1678843593149 -5.061474 0.264905 0.064809 -0.200097 0.809844 0.510243 0.209203
1678843593186 -5.103086 0.272398 0.078032 -0.186314 0.811686 0.507372 0.221419
1678843593252 -5.122600 0.278083 0.088797 -0.177876 0.812872 0.509093 0.220053
1678843593287 -5.159398 0.292498 0.121703 -0.152053 0.813124 0.520622 0.211333
1678843593328 -5.169220 0.302970 0.135665 -0.134479 0.814756 0.524955 0.206181
1678843593381 -5.172132 0.323838 0.161418 -0.096629 0.820397 0.529986 0.191639
1678843593435 -5.169736 0.333873 0.177681 -0.078507 0.825289 0.528962 0.181475
1678843593468 -5.166931 0.345547 0.195830 -0.061480 0.830738 0.526699 0.169361
1678843593526 -5.143829 0.357512 0.230313 -0.031524 0.839485 0.524854 0.137109
1678843593565 -5.128184 0.362762 0.248162 -0.019546 0.842891 0.525126 0.115739
1678843593614 -5.089313 0.367176 0.281282 0.003201 0.850121 0.521089 0.075826
1678843593671 -5.065615 0.366834 0.296947 0.014685 0.852590 0.519614 0.053623
1678843593703 -5.040390 0.367233 0.313238 0.026820 0.854967 0.517013 0.031769
1678843593778 -4.949604 0.367743 0.358749 -0.065672 -0.857369 -0.509467 0.032387
1678843593833 -4.916983 0.368182 0.371706 -0.077691 -0.857683 -0.505862 0.049469
1678843593876 -4.883428 0.369033 0.383637 -0.087101 -0.858867 -0.500410 0.065954
1678843593938 -4.813098 0.372952 0.403381 -0.093520 -0.857980 -0.491434 0.116690
1678843593995 -4.732633 0.374302 0.420641 -0.117801 -0.853564 -0.484101 0.152309
1678843594035 -4.693294 0.377462 0.425323 -0.123949 -0.853344 -0.475327 0.174656
1678843594094 -4.610739 0.382435 0.428541 -0.140926 -0.843008 -0.464973 0.230819
1678843594127 -4.569346 0.384084 0.427242 -0.154987 -0.834788 -0.460639 0.258690
1678843594181 -4.528677 0.386194 0.423165 -0.171216 -0.827829 -0.452540 0.283888
1678843594226 -4.451231 0.391940 0.409846 -0.204781 -0.811650 -0.433908 0.333187
1678843594287 -4.412830 0.390939 0.400666 -0.218725 -0.799710 -0.425906 0.362253
1678843594316 -4.336994 0.395571 0.378124 -0.252246 -0.770729 -0.411591 0.415863
1678843594366 -4.300394 0.393831 0.363690 -0.268795 -0.755526 -0.402562 0.441445
1678843594415 -4.230718 0.390221 0.331606 -0.296174 -0.722155 -0.384021 0.493256
1678843594483 -4.167295 0.385933 0.293427 -0.318081 -0.686315 -0.363022 0.544069
1678843594526 -4.138090 0.385771 0.272827 -0.329664 -0.670669 -0.347507 0.566360
1678843594556 -4.110155 0.385003 0.249989 -0.344614 -0.649430 -0.332337 0.590790
1678843594625 -4.058524 0.380262 0.197303 -0.391666 -0.575894 -0.319472 0.642559
1678843594672 -4.041269 0.382702 0.169734 -0.411196 -0.556220 -0.299554 0.657118
1678843594727 -4.014501 0.389551 0.115478 -0.431221 -0.520444 -0.259807 0.689700
1678843594782 -4.010463 0.390702 0.087210 -0.438273 -0.490749 -0.249114 0.710651
1678843594824 -3.998648 0.392080 0.025199 -0.456731 -0.437808 -0.219546 0.742644
1678843594886 -3.996228 0.392649 -0.007339 -0.464880 -0.414132 -0.201474 0.756168
1678843594926 -3.995650 0.390556 -0.074371 -0.481709 -0.358872 -0.171329 0.780906
1678843594967 -3.997345 0.388646 -0.108338 -0.489322 -0.331571 -0.157478 0.791091
1678843595020 -4.006231 0.388098 -0.175022 -0.497364 -0.288249 -0.131480 0.807623
1678843595071 -4.008821 0.386226 -0.208483 -0.498854 -0.267350 -0.121320 0.815445
1678843596491 -3.813422 0.342608 -0.265086 -0.526432 -0.253284 -0.128922 0.801309
1678843596538 -3.797620 0.342132 -0.284495 -0.529122 -0.255743 -0.122939 0.799695
1678843596599 -3.776750 0.342565 -0.324428 -0.529801 -0.248861 -0.125449 0.801026
1678843596636 -3.762691 0.343909 -0.341947 -0.528992 -0.253924 -0.122601 0.800412
1678843596689 -3.747730 0.340775 -0.379111 -0.527220 -0.256322 -0.124500 0.800524
1678843596738 -3.735075 0.339069 -0.394440 -0.523537 -0.247158 -0.134323 0.804226
1678843596785 -3.712531 0.337955 -0.424147 -0.523934 -0.236794 -0.139471 0.806207
1678843596834 -3.693816 0.334835 -0.441673 -0.524450 -0.238603 -0.135840 0.805958
1678843596866 -3.682015 0.335067 -0.456045 -0.525233 -0.236048 -0.134673 0.806396
1678843596927 -3.654801 0.334033 -0.488852 -0.524260 -0.231042 -0.132125 0.808897
1678843596980 -3.627497 0.333883 -0.520161 -0.521109 -0.223972 -0.128577 0.813480
1678843597023 -3.614629 0.333110 -0.537546 -0.519850 -0.221417 -0.124691 0.815587
1678843597074 -3.584345 0.332041 -0.570638 -0.516037 -0.212906 -0.120820 0.820840
1678843597123 -3.574718 0.335097 -0.586182 -0.515394 -0.208597 -0.118095 0.822745
1678843597187 -3.542599 0.334830 -0.619048 -0.508652 -0.207080 -0.109731 0.828463
1678843597230 -3.526547 0.337396 -0.631444 -0.506333 -0.199022 -0.106570 0.832262
1678843597269 -3.512257 0.336494 -0.649280 -0.511755 -0.179922 -0.104384 0.833570
1678843597315 -3.492556 0.342852 -0.685788 -0.524327 -0.168589 -0.082507 0.830573
1678843597367 -3.482571 0.345583 -0.700894 -0.522515 -0.167512 -0.071466 0.832953
1678843597415 -3.478471 0.343831 -0.723923 -0.530658 -0.136717 -0.070072 0.833547
1678843597454 -3.473606 0.344911 -0.739230 -0.532331 -0.131714 -0.061509 0.833961
1678843597516 -3.458739 0.343339 -0.775345 -0.537353 -0.120160 -0.047376 0.833408
1678843597572 -3.456812 0.341597 -0.792217 -0.538046 -0.114104 -0.043880 0.834003
1678843597630 -3.436138 0.330995 -0.834144 -0.540495 -0.096499 -0.042095 0.834734
1678843597694 -3.437694 0.324897 -0.874514 -0.543085 -0.084805 -0.035438 0.834632
1678843597727 -3.439457 0.321944 -0.896459 -0.543501 -0.082235 -0.030975 0.834796
1678843597770 -3.433109 0.318176 -0.923562 -0.543671 -0.075316 -0.030116 0.835370
1678843597818 -3.433067 0.308229 -0.976077 -0.544516 -0.061808 -0.027710 0.836011
1678843597880 -3.436474 0.306172 -1.003957 -0.543644 -0.057344 -0.025783 0.836957
1678843597921 -3.441652 0.303294 -1.062818 -0.539526 -0.055643 -0.023500 0.839800
1678843597978 -3.451404 0.303341 -1.122524 -0.544762 -0.048911 -0.021426 0.836889
1678843598027 -3.453434 0.303675 -1.149415 -0.549020 -0.046473 -0.027637 0.834059
1678843598069 -3.454176 0.305838 -1.174228 -0.545268 -0.048145 -0.037458 0.836039
1678843598127 -3.451411 0.310366 -1.219280 -0.529403 -0.063682 -0.059502 0.843882
1678843598170 -3.449615 0.312245 -1.243359 -0.522528 -0.063284 -0.071214 0.847283
1678843598224 -3.444926 0.314656 -1.291699 -0.523528 -0.065321 -0.076013 0.846093
1678843598304 -3.434623 0.318777 -1.338599 -0.515796 -0.067949 -0.080165 0.850242
1678843598330 -3.426007 0.319706 -1.356555 -0.511512 -0.071371 -0.083498 0.852226
1678843598368 -3.416503 0.320512 -1.378700 -0.506958 -0.074786 -0.087989 0.854201
1678843598429 -3.393759 0.321468 -1.417817 -0.496775 -0.080790 -0.100736 0.858219
1678843598487 -3.367533 0.321842 -1.462872 -0.486039 -0.091970 -0.109160 0.862201
1678843598527 -3.352514 0.322676 -1.483417 -0.480635 -0.093498 -0.114733 0.864341
1678843598594 -3.324433 0.323827 -1.530475 -0.473034 -0.096423 -0.121958 0.867218
1678843598628 -3.309122 0.329403 -1.550508 -0.473053 -0.094504 -0.123857 0.867150
1678843598658 -3.295296 0.331435 -1.574245 -0.478181 -0.091177 -0.124955 0.864532
1678843598721 -3.262241 0.340745 -1.619640 -0.465970 -0.115381 -0.124758 0.868329
1678843598799 -3.246184 0.344368 -1.640436 -0.456591 -0.121463 -0.127075 0.872137
1678843598816 -3.216617 0.345754 -1.685187 -0.462549 -0.105450 -0.127207 0.871061
1678843598863 -3.201547 0.348840 -1.706430 -0.463589 -0.106966 -0.122782 0.870958
1678843598917 -3.164867 0.358164 -1.745344 -0.454599 -0.125096 -0.117793 0.873965
1678843598971 -3.146872 0.358788 -1.766818 -0.450739 -0.127069 -0.121132 0.875223
1678843599003 -3.123087 0.361611 -1.789305 -0.446624 -0.125832 -0.126617 0.876733
1678843599055 -3.083530 0.363734 -1.835821 -0.438129 -0.135131 -0.130103 0.879122
1678843599103 -3.058197 0.367982 -1.860122 -0.432498 -0.143684 -0.132445 0.880204
1678843599158 -3.014910 0.374171 -1.902425 -0.416734 -0.169074 -0.136894 0.882614
1678843599203 -2.992910 0.375972 -1.921355 -0.410884 -0.181453 -0.139623 0.882470
1678843599254 -2.946364 0.377288 -1.955984 -0.408279 -0.201400 -0.154787 0.876805
1678843599298 -2.919750 0.378732 -1.967678 -0.407760 -0.209643 -0.168331 0.872609
1678843599360 -2.867162 0.380045 -1.981910 -0.394418 -0.258612 -0.190346 0.861001
1678843599388 -2.840503 0.378909 -1.985440 -0.384097 -0.276280 -0.205249 0.856745
1678843599433 -2.812694 0.376119 -1.987714 -0.382388 -0.283719 -0.221291 0.851066
1678843599491 -2.763719 0.372135 -1.974127 -0.375743 -0.321130 -0.238423 0.835971
1678843599552 -2.738747 0.372287 -1.966871 -0.368214 -0.347807 -0.242072 0.827557
1678843599602 -2.682008 0.366093 -1.958221 -0.366569 -0.374516 -0.258085 0.811639
1678843599652 -2.632951 0.360242 -1.935357 -0.349544 -0.398751 -0.277963 0.800970
1678843599692 -2.616549 0.363739 -1.916305 -0.340430 -0.413874 -0.283086 0.795411
1678843599745 -2.593383 0.362813 -1.902610 -0.335962 -0.426828 -0.287939 0.788694
1678843599796 -2.545080 0.365197 -1.871826 -0.330112 -0.447273 -0.293843 0.777579
1678843599836 -2.520602 0.364241 -1.855731 -0.327644 -0.455733 -0.297916 0.772142
1678843599883 -2.470787 0.362960 -1.821228 -0.323717 -0.469346 -0.303556 0.763397
1678843599955 -2.444869 0.361853 -1.801785 -0.325640 -0.476497 -0.307925 0.756367
1678843599991 -2.394308 0.362321 -1.760634 -0.318905 -0.496960 -0.311505 0.744510
1678843600039 -2.370369 0.363533 -1.737934 -0.313491 -0.509042 -0.311579 0.738592
1678843600095 -2.324614 0.366583 -1.690562 -0.308464 -0.526669 -0.315069 0.726774
1678843600130 -2.304207 0.366251 -1.666093 -0.307147 -0.536634 -0.318391 0.718549
1678843600184 -2.285392 0.365671 -1.640317 -0.303067 -0.551404 -0.320613 0.708034
1678843600228 -2.251493 0.363983 -1.585225 -0.291757 -0.575521 -0.329044 0.689480
1678843600291 -2.214256 0.356068 -1.529850 -0.280623 -0.592777 -0.342239 0.672859
1678843600330 -2.196634 0.359657 -1.497485 -0.272839 -0.604116 -0.346329 0.663821
1678843600384 -2.179159 0.357387 -1.468398 -0.267801 -0.615685 -0.350324 0.653060
1678843600429 -2.135603 0.357597 -1.401621 -0.257565 -0.641850 -0.356804 0.627997
1678843600495 -2.103182 0.353620 -1.337926 -0.242154 -0.663013 -0.365289 0.606909
1678843600543 -2.087390 0.351533 -1.304413 -0.237227 -0.674380 -0.371242 0.592549
1678843600612 -2.060691 0.350146 -1.234614 -0.219513 -0.699888 -0.381420 0.562573
1678843600638 -2.048150 0.347331 -1.200261 -0.211745 -0.706929 -0.392161 0.549204
1678843600692 -2.029113 0.342349 -1.130835 -0.193880 -0.727428 -0.410149 0.514817
1678843600755 -2.021785 0.339405 -1.062217 -0.163458 -0.749738 -0.421793 0.482975
1678843600799 -2.016430 0.340293 -1.023335 -0.151710 -0.752504 -0.432608 0.472835
1678843600854 -2.023000 0.342633 -0.959591 -0.131514 -0.773282 -0.439017 0.438181
1678843600896 -2.030223 0.338720 -0.936800 -0.122416 -0.784923 -0.439030 0.419716
1678843600946 -2.036805 0.339323 -0.907277 -0.115311 -0.793293 -0.440272 0.404413
1678843600996 -2.049428 0.339297 -0.842769 -0.096806 -0.804583 -0.443774 0.382543
1678843601035 -2.058300 0.338926 -0.813840 -0.087646 -0.810800 -0.442623 0.372835
1678843601095 -2.078072 0.340115 -0.759148 -0.075733 -0.820000 -0.440175 0.357927
1678843601134 -2.088280 0.342505 -0.730970 -0.071241 -0.825062 -0.437116 0.350894
1678843601180 -2.097323 0.347889 -0.697105 -0.069433 -0.829237 -0.435698 0.343094
1678843601225 -2.121345 0.356723 -0.640639 -0.069477 -0.840832 -0.432245 0.318338
1678843601290 -2.147902 0.365820 -0.583683 -0.065530 -0.846010 -0.432471 0.304865
1678843601345 -2.174374 0.372013 -0.525182 -0.061183 -0.851291 -0.432892 0.290111
1678843601396 -2.188640 0.375027 -0.496305 -0.058433 -0.855982 -0.429516 0.281773
1678843601420 -2.200944 0.377577 -0.467072 -0.054558 -0.858980 -0.426898 0.277372
1678843601491 -2.227888 0.376648 -0.405768 -0.052970 -0.860403 -0.429665 0.268865
1678843601530 -2.244460 0.377948 -0.379724 -0.052170 -0.863347 -0.429161 0.260252
1678843601586 -2.280681 0.378775 -0.330682 -0.045397 -0.871862 -0.426597 0.236244
1678843601629 -2.299419 0.377207 -0.304525 -0.040015 -0.874883 -0.426293 0.226391
1678843601690 -2.337089 0.370298 -0.245473 -0.031119 -0.878211 -0.429379 0.208353
1678843601733 -2.356524 0.367191 -0.218114 -0.027426 -0.879865 -0.431127 0.198028
1678843601786 -2.399111 0.361804 -0.162800 -0.017234 -0.886601 -0.430771 0.167564
1678843601836 -2.422265 0.358438 -0.134381 -0.007064 -0.889644 -0.429708 0.154385
1678843601886 -2.470911 0.351604 -0.076963 0.014754 -0.894827 -0.427664 0.127165
1678843601937 -2.497314 0.350927 -0.048004 0.020457 -0.898107 -0.426392 0.105715
1678843601975 -2.522497 0.349157 -0.022593 0.024503 -0.899428 -0.427807 0.086083
1678843602026 -2.578920 0.348896 0.031637 0.036113 -0.896574 -0.438181 0.053370
1678843602083 -2.640387 0.352082 0.073250 -0.049912 0.900405 0.432173 -0.002554
1678843602143 -2.672012 0.352447 0.092584 -0.061955 0.899331 0.432656 0.013166
1678843602184 -2.736352 0.359269 0.125939 -0.083758 0.894552 0.437772 0.033408
1678843602251 -2.767318 0.363319 0.138131 -0.088839 0.894245 0.434958 0.056969
1678843602286 -2.828789 0.371718 0.159735 -0.097339 0.893614 0.426771 0.099220
1678843602324 -2.859463 0.374942 0.170544 -0.103168 0.893275 0.422806 0.112473
1678843602368 -2.889750 0.378374 0.181073 -0.107128 0.893803 0.416604 0.126809
1678843603645 -3.052181 0.350626 0.339513 -0.091378 0.922641 0.357119 0.113353
1678843603689 -3.064794 0.350395 0.344944 -0.092781 0.923447 0.353675 0.116405
1678843603768 -3.130029 0.360377 0.405074 -0.085819 0.925780 0.348837 0.117813
1678843603792 -3.138880 0.360985 0.410378 -0.078748 0.923061 0.357343 0.118590
1678843603837 -3.111440 0.354749 0.378121 -0.076438 0.919388 0.366060 0.121998
1678843603883 -3.133423 0.357162 0.382277 -0.087925 0.920325 0.359171 0.127544
1678843603933 -3.170305 0.361297 0.403582 -0.091266 0.921899 0.352073 0.133480
1678843603970 -3.182339 0.362386 0.406499 -0.092476 0.921882 0.350949 0.135712
1678843604027 -3.210782 0.363600 0.417120 -0.090667 0.921348 0.355101 0.129618
1678843604088 -3.220328 0.362996 0.421306 -0.085561 0.919448 0.359695 0.133841
1678843604121 -3.245495 0.363713 0.426416 -0.085699 0.920473 0.357673 0.132120
1678843604183 -3.258569 0.363344 0.429294 -0.086025 0.920517 0.357669 0.131608
1678843604224 -3.289938 0.359416 0.440260 -0.083622 0.917239 0.365858 0.133521
1678843604284 -3.305098 0.357987 0.445881 -0.083696 0.915583 0.368599 0.137251
1678843604334 -3.334320 0.356214 0.459824 -0.085730 0.913896 0.369973 0.143404
1678843604373 -3.352166 0.353680 0.470959 -0.084985 0.912179 0.373408 0.145854
1678843604426 -3.386044 0.346710 0.494333 -0.084939 0.910749 0.375196 0.150168
1678843604485 -3.426579 0.341645 0.524645 -0.084901 0.909496 0.374441 0.159385
1678843604527 -3.458255 0.338668 0.545642 -0.084323 0.909624 0.371776 0.165095
1678843604593 -3.513515 0.335354 0.586841 -0.085220 0.907478 0.373941 0.171433
1678843604626 -3.535805 0.334617 0.603957 -0.086686 0.905847 0.373719 0.179613
1678843604684 -3.580979 0.336583 0.637138 -0.100301 0.905531 0.368213 0.185396
1678843604720 -3.604091 0.338656 0.652689 -0.098453 0.901430 0.372761 0.196925
1678843604751 -3.626249 0.342071 0.667383 -0.097955 0.897129 0.374903 0.212162
1678843604813 -3.668124 0.345797 0.692952 -0.108946 0.898625 0.361597 0.223275
1678843604858 -3.689616 0.345028 0.706361 -0.113362 0.895407 0.368018 0.223513
1678843604923 -3.733946 0.345312 0.735889 -0.123084 0.891000 0.369129 0.233908
1678843604968 -3.756680 0.344175 0.744886 -0.129728 0.890164 0.364344 0.240898
1678843605010 -3.794928 0.338216 0.754966 -0.137687 0.886317 0.360344 0.256197
1678843605059 -3.818515 0.335597 0.763874 -0.141741 0.884892 0.357795 0.262408
1678843605116 -3.866817 0.328756 0.784803 -0.147440 0.882758 0.359523 0.264088
1678843605159 -3.891349 0.325404 0.794168 -0.151314 0.881935 0.360244 0.263664
1678843605200 -3.924229 0.325158 0.809895 -0.154257 0.881413 0.357883 0.266900
1678843605259 -3.974216 0.323910 0.824113 -0.157476 0.880646 0.352041 0.275193
1678843605306 -4.028830 0.331417 0.838386 -0.153185 0.879498 0.348846 0.285173
1678843605362 -4.055185 0.335416 0.844913 -0.146004 0.875457 0.357612 0.290469
1678843605420 -4.111271 0.346226 0.853114 -0.141589 0.871263 0.364441 0.296709
1678843605468 -4.138755 0.352973 0.852303 -0.137451 0.870536 0.355935 0.310781
1678843605491 -4.165922 0.357991 0.851609 -0.134326 0.867646 0.354569 0.321602
1678843605558 -4.219937 0.363527 0.849066 -0.138200 0.864653 0.356850 0.325475
1678843605602 -4.246943 0.366789 0.846612 -0.136180 0.861554 0.354426 0.336991
1678843605664 -4.302734 0.368943 0.841390 -0.137261 0.855003 0.352733 0.354553
1678843605699 -4.331863 0.369366 0.837247 -0.140613 0.850903 0.348736 0.366845
1678843605740 -4.360626 0.368769 0.831611 -0.143057 0.847407 0.340292 0.381625
1678843605824 -4.452399 0.363648 0.816838 -0.158103 0.831590 0.330635 0.417303
1678843605859 -4.484093 0.364004 0.810552 -0.161905 0.824772 0.325002 0.433488
1678843605921 -4.515638 0.365610 0.803178 -0.163146 0.815501 0.321390 0.452824
1678843605961 -4.575586 0.371634 0.776740 -0.171505 0.797027 0.319836 0.482742
1678843606015 -4.636315 0.375974 0.750418 -0.188263 0.778087 0.311606 0.511897
1678843606060 -4.673089 0.364756 0.746586 -0.196098 0.767960 0.299743 0.530977
1678843606100 -4.700037 0.365284 0.729090 -0.203593 0.758362 0.287685 0.548338
1678843606156 -4.752126 0.357530 0.691693 -0.226926 0.739609 0.288395 0.564191
1678843606214 -4.772230 0.363456 0.666417 -0.234430 0.727727 0.279446 0.580831
1678843606261 -4.812496 0.358429 0.618977 -0.243305 0.705379 0.259533 0.613095
1678843606324 -4.850031 0.350839 0.568689 -0.255307 0.688252 0.255390 0.629209
1678843606365 -4.867877 0.347841 0.543020 -0.257824 0.681271 0.251871 0.637148
1678843606430 -4.915316 0.345549 0.490816 -0.257354 0.663807 0.255688 0.654028
1678843606458 -4.932955 0.344214 0.465286 -0.258431 0.654229 0.264729 0.659633
1678843606510 -4.950497 0.343049 0.438379 -0.263156 0.648739 0.268889 0.661503
1678843606557 -4.982534 0.348505 0.378678 -0.261039 0.639929 0.258874 0.674784
1678843606610 -4.998933 0.349949 0.349796 -0.265390 0.633395 0.260836 0.678486
1678843606652 -5.028183 0.362346 0.287686 -0.264500 0.621654 0.249389 0.693824
1678843606697 -5.040400 0.364297 0.258074 -0.263351 0.613484 0.245143 0.702985
1678843606758 -5.061339 0.367655 0.209029 -0.270781 0.595639 0.254615 0.712083
1678843606808 -5.071780 0.365782 0.181628 -0.276647 0.590814 0.252172 0.714713
1678843606836 -5.080996 0.364028 0.154929 -0.279497 0.586870 0.245340 0.719217
1678843606894 -5.096515 0.359066 0.115076 -0.286066 0.572506 0.243823 0.728666
1678843606950 -5.119487 0.356701 0.072532 -0.293159 0.568055 0.239837 0.730650
1678843606995 -5.133437 0.351213 0.051988 -0.298284 0.567577 0.237933 0.729569
1678843607058 -5.158946 0.344471 0.022892 -0.305841 0.560459 0.241384 0.730808
1678843607098 -5.177379 0.340054 0.005782 -0.309137 0.555428 0.244495 0.732227
1678843607140 -5.197447 0.336248 -0.010587 -0.311356 0.551608 0.247370 0.733208
1678843607206 -5.246255 0.332580 -0.047224 -0.314792 0.548446 0.249277 0.733467
1678843607265 -5.299026 0.337201 -0.086998 -0.311742 0.542831 0.245869 0.740067
1678843607301 -5.323030 0.339357 -0.101241 -0.310776 0.546227 0.246663 0.737707
1678843607353 -5.342026 0.342764 -0.122470 -0.310596 0.541008 0.250531 0.740321
1678843607396 -5.387628 0.349590 -0.151007 -0.298392 0.535831 0.245335 0.750772
1678843607460 -5.445454 0.351970 -0.174550 -0.305870 0.556232 0.246330 0.732374
1678843607503 -5.469505 0.353087 -0.185188 -0.309268 0.558328 0.255632 0.726137
1678843607537 -5.493786 0.358718 -0.191298 -0.307275 0.558185 0.257166 0.726552
1678843607598 -5.537985 0.363692 -0.213876 -0.299499 0.557875 0.246715 0.733627
1678843607651 -5.586484 0.359746 -0.236575 -0.297611 0.563499 0.242230 0.731588
1678843607705 -5.614545 0.358450 -0.247646 -0.294550 0.570044 0.241062 0.728135
1678843607730 -5.642392 0.358113 -0.258918 -0.292688 0.573330 0.246453 0.724491
1678843607801 -5.701070 0.352565 -0.281944 -0.290767 0.576708 0.265589 0.715769
1678843607845 -5.755747 0.351441 -0.300238 -0.274322 0.579247 0.277775 0.715585
1678843607898 -5.784100 0.352052 -0.310307 -0.270772 0.581656 0.294018 0.708458
1678843607944 -5.837419 0.355787 -0.331976 -0.268592 0.592611 0.318493 0.689371
1678843608009 -5.861885 0.359136 -0.343506 -0.262452 0.594963 0.319769 0.689120
1678843608045 -5.881516 0.354685 -0.356049 -0.259735 0.599508 0.321226 0.685523
1678843608098 -5.931997 0.353368 -0.379234 -0.266694 0.619610 0.325856 0.662402
1678843608142 -5.982305 0.353241 -0.402472 -0.261511 0.624934 0.328535 0.658129
1678843608195 -6.007357 0.353587 -0.412823 -0.256396 0.623543 0.329994 0.660726
1678843608228 -6.033947 0.353012 -0.422892 -0.252941 0.624971 0.329371 0.661020
1678843608291 -6.091228 0.350982 -0.441805 -0.250481 0.627015 0.330672 0.659369
1678843608343 -6.152016 0.349654 -0.462201 -0.253128 0.628293 0.326211 0.659363
1678843608396 -6.184643 0.349065 -0.472603 -0.252998 0.626740 0.325205 0.661385
1678843608419 -6.218796 0.349535 -0.482589 -0.253273 0.627310 0.325046 0.660818
1678843608506 -6.286162 0.359023 -0.502691 -0.257413 0.627306 0.331150 0.656175
1678843608545 -6.352037 0.366305 -0.529217 -0.258428 0.620998 0.319809 0.667307
1678843608576 -6.383381 0.368319 -0.545434 -0.265988 0.628406 0.306782 0.663506
1678843608625 -6.418051 0.360431 -0.566573 -0.277304 0.639147 0.296985 0.652988
1678843608665 -6.446505 0.361725 -0.583582 -0.281938 0.637662 0.292763 0.654361
1678843608724 -6.495770 0.361554 -0.623987 -0.281633 0.624971 0.280186 0.672004
1678843608753 -6.521296 0.360917 -0.644814 -0.282776 0.622980 0.272569 0.676491
1678843608812 -6.547351 0.358443 -0.666635 -0.286153 0.621461 0.269088 0.677860
1678843608863 -6.602344 0.354748 -0.714617 -0.289535 0.616794 0.260996 0.683825
1678843608916 -6.647884 0.350547 -0.767800 -0.290405 0.609812 0.257478 0.691013
1678843608960 -6.660419 0.348539 -0.794680 -0.290464 0.602141 0.260144 0.696694
1678843608997 -6.679080 0.350789 -0.824329 -0.287964 0.591660 0.263127 0.705535
1678843609044 -6.715362 0.357051 -0.886608 -0.289546 0.580896 0.268746 0.711687
1678843609082 -6.730627 0.362055 -0.919505 -0.288474 0.568942 0.265834 0.722786
1678843609122 -6.743746 0.365767 -0.952577 -0.284684 0.555008 0.258730 0.737550
1678843609187 -6.768178 0.369460 -1.020095 -0.295619 0.542309 0.244668 0.747428
1678843609223 -6.783701 0.371537 -1.053765 -0.298363 0.529169 0.240431 0.757068
1678843609259 -6.792427 0.372682 -1.086965 -0.301623 0.514081 0.238708 0.766657
1678843609325 -6.805175 0.371498 -1.154900 -0.312055 0.484821 0.229326 0.784207
1678843609368 -6.809297 0.370693 -1.189651 -0.315711 0.465019 0.221684 0.796831
1678843609426 -6.803395 0.366254 -1.257964 -0.325408 0.431082 0.196539 0.818321
1678843609460 -6.802184 0.363808 -1.293562 -0.330972 0.412691 0.183403 0.828557
1678843609522 -6.780638 0.359734 -1.357041 -0.334277 0.363137 0.156363 0.855535
1678843609568 -6.773644 0.357202 -1.389833 -0.341080 0.348035 0.142598 0.861512
1678843609621 -6.753898 0.352104 -1.448807 -0.359685 0.297343 0.129692 0.874868
1678843609667 -6.739046 0.348532 -1.476771 -0.366476 0.276291 0.115769 0.880884
1678843609714 -6.701415 0.340702 -1.526943 -0.381684 0.238835 0.079952 0.889316
1678843609757 -6.679706 0.338285 -1.547987 -0.384593 0.213662 0.065415 0.895632
1678843609810 -6.630980 0.334193 -1.587327 -0.390672 0.162636 0.038798 0.905218
1678843609864 -6.604397 0.331090 -1.604310 -0.392789 0.139409 0.025904 0.908631
1678843609909 -6.576488 0.327383 -1.620406 -0.395289 0.121171 0.012775 0.910440
1678843609952 -6.515583 0.320593 -1.645011 -0.395746 0.091545 -0.015236 0.913659
1678843610000 -6.451203 0.318472 -1.663990 -0.390276 0.062027 -0.038078 0.917816
1678843610057 -6.424625 0.309515 -1.685136 -0.391067 0.045371 -0.045748 0.918104
1678843610132 -6.390862 0.308584 -1.691581 -0.391711 0.024450 -0.053211 0.918223
1678843610154 -6.322638 0.299568 -1.710704 -0.388411 -0.015307 -0.075233 0.918282
1678843610214 -6.249809 0.293038 -1.722987 -0.391461 -0.042402 -0.100218 0.913738
1678843610256 -6.210614 0.289421 -1.730586 -0.392598 -0.052968 -0.113930 0.911088
1678843610296 -6.174219 0.289596 -1.734025 -0.391475 -0.070464 -0.121453 0.909413
1678843610352 -6.104253 0.289857 -1.738759 -0.392687 -0.118621 -0.127720 0.903003
1678843610394 -6.069105 0.290491 -1.739678 -0.389683 -0.137938 -0.133465 0.900726
1678843610431 -6.030258 0.287103 -1.743879 -0.391224 -0.149443 -0.140613 0.897128
1678843610496 -5.963820 0.285311 -1.744561 -0.398298 -0.177009 -0.150113 0.887408
1678843610540 -5.925115 0.282503 -1.746097 -0.398909 -0.194444 -0.155716 0.882505
1678843610588 -5.859450 0.280412 -1.743679 -0.396760 -0.225077 -0.166652 0.874156
1678843610628 -5.826098 0.277685 -1.743769 -0.397106 -0.237938 -0.172047 0.869535
1678843610684 -5.793348 0.276320 -1.744064 -0.397968 -0.251829 -0.175306 0.864564
1678843610724 -5.728723 0.275104 -1.743975 -0.393716 -0.281610 -0.181721 0.855956
1678843610765 -5.696186 0.274247 -1.744352 -0.392903 -0.299831 -0.183414 0.849757
1678843610819 -5.629005 0.269700 -1.749731 -0.413349 -0.329323 -0.184222 0.828705
1678843610892 -5.564292 0.268878 -1.757081 -0.451120 -0.355697 -0.169922 0.800685
1678843610925 -5.535032 0.270389 -1.761260 -0.462199 -0.380871 -0.158327 0.785011
1678843610955 -5.503675 0.273328 -1.764726 -0.466720 -0.392927 -0.154631 0.777090
1678843611018 -5.442112 0.275037 -1.773203 -0.478974 -0.400184 -0.168132 0.763000
1678843611056 -5.408127 0.278633 -1.774366 -0.480576 -0.411024 -0.177478 0.754061
1678843611095 -5.373759 0.282344 -1.773252 -0.474635 -0.425043 -0.190264 0.746901
1678843611158 -5.313299 0.284880 -1.768447 -0.456949 -0.438735 -0.221666 0.741332
1678843611226 -5.250044 0.287247 -1.757860 -0.445382 -0.461560 -0.239952 0.728711
1678843611254 -5.234989 0.298162 -1.743733 -0.451382 -0.468821 -0.250330 0.716795
1678843611312 -5.204885 0.296086 -1.736251 -0.459608 -0.472314 -0.264507 0.704071
1678843611341 -5.153852 0.296209 -1.712866 -0.454603 -0.487453 -0.278927 0.691322
1678843611415 -5.099236 0.294191 -1.690801 -0.421429 -0.494179 -0.290401 0.702745
1678843611460 -5.078244 0.295818 -1.671164 -0.410540 -0.493844 -0.300309 0.705258
1678843611527 -5.023055 0.290075 -1.645611 -0.397030 -0.494899 -0.311260 0.707502
1678843611562 -4.995416 0.289258 -1.631972 -0.387488 -0.501877 -0.309965 0.708445
1678843611591 -4.967400 0.288072 -1.617386 -0.384125 -0.511749 -0.309043 0.703600
1678843611649 -4.915996 0.283132 -1.587320 -0.377890 -0.516832 -0.313217 0.701412
1678843611729 -4.849022 0.287040 -1.554516 -0.376206 -0.525665 -0.314519 0.695143
1678843611760 -4.821812 0.289385 -1.536810 -0.376097 -0.538497 -0.311533 0.686673
1678843611815 -4.795340 0.291586 -1.518748 -0.373586 -0.546721 -0.310545 0.681976
1678843611856 -4.744225 0.290423 -1.480884 -0.364014 -0.556442 -0.314411 0.677503
1678843611924 -4.695094 0.296771 -1.441227 -0.359960 -0.579091 -0.309573 0.662757
1678843611973 -4.669138 0.298601 -1.421697 -0.360462 -0.588353 -0.307646 0.655181
1678843612018 -4.642608 0.300006 -1.401515 -0.354984 -0.596238 -0.306398 0.651618
1678843612055 -4.595429 0.297099 -1.363283 -0.340426 -0.613447 -0.307287 0.642937
1678843612114 -4.541347 0.297110 -1.320347 -0.330560 -0.633989 -0.306027 0.628598
1678843612153 -4.513160 0.298007 -1.298390 -0.330086 -0.643759 -0.306905 0.618407
1678843612191 -4.485261 0.300158 -1.275930 -0.325283 -0.654339 -0.307273 0.609602
1678843612256 -4.431876 0.301976 -1.229656 -0.301931 -0.669314 -0.311575 0.603139
1678843612324 -4.381032 0.304842 -1.174213 -0.277202 -0.688636 -0.325527 0.585638
1678843612352 -4.358599 0.305664 -1.144207 -0.261524 -0.698776 -0.332029 0.577125
1678843612395 -4.336512 0.304677 -1.114741 -0.253118 -0.698582 -0.344539 0.573767
1678843612451 -4.319077 0.307496 -1.085547 -0.252935 -0.702296 -0.355098 0.562770
1678843612500 -4.283142 0.307493 -1.024991 -0.234804 -0.723506 -0.358706 0.541052
1678843612553 -4.240503 0.306475 -0.959747 -0.231925 -0.735893 -0.366924 0.519653
1678843612613 -4.222217 0.303738 -0.928338 -0.229109 -0.743371 -0.368126 0.509306
1678843612643 -4.209780 0.302841 -0.898375 -0.224991 -0.749102 -0.369210 0.501906
1678843612693 -4.173228 0.296494 -0.835727 -0.219317 -0.755931 -0.369610 0.493818
1678843612772 -4.135434 0.291050 -0.776551 -0.222380 -0.757918 -0.368964 0.489870
1678843612822 -4.095117 0.286841 -0.722191 -0.240899 -0.746102 -0.377320 0.492879
1678843612856 -4.074558 0.286261 -0.694818 -0.250207 -0.741498 -0.383302 0.490567
1678843612906 -4.053277 0.285066 -0.668250 -0.256975 -0.743490 -0.382009 0.485031
1678843612969 -4.013154 0.285810 -0.617966 -0.263592 -0.736861 -0.384443 0.489652
1678843613013 -3.992846 0.285162 -0.593899 -0.261925 -0.731075 -0.387489 0.496767
1678843613055 -3.943890 0.286477 -0.543041 -0.267432 -0.728534 -0.387271 0.497734
1678843613116 -3.898166 0.284846 -0.499188 -0.271220 -0.732340 -0.383324 0.493133
1678843613157 -3.887163 0.281217 -0.492188 -0.271984 -0.730973 -0.383688 0.494455
1678843613193 -3.860588 0.277831 -0.470294 -0.272330 -0.728838 -0.383794 0.497327
1678843613250 -3.819847 0.270241 -0.442589 -0.273502 -0.729988 -0.379173 0.498540
1678843613299 -3.791684 0.267554 -0.419991 -0.272994 -0.728761 -0.379533 0.500336
1678843613346 -3.742493 0.264455 -0.378504 -0.276955 -0.735775 -0.376105 0.490384
1678843613395 -3.714608 0.262108 -0.354898 -0.285319 -0.727480 -0.386344 0.490005
1678843613433 -3.689803 0.261448 -0.330624 -0.287457 -0.724264 -0.397697 0.484404
1678843613493 -3.647347 0.264175 -0.287939 -0.288063 -0.741012 -0.395396 0.459982
1678843613550 -3.602687 0.262170 -0.240367 -0.274781 -0.733799 -0.416226 0.461292
1678843613600 -3.581822 0.263170 -0.216878 -0.269547 -0.733835 -0.421126 0.459873
1678843613648 -3.549260 0.262388 -0.175524 -0.257575 -0.745559 -0.420560 0.448249
1678843613699 -3.530015 0.262456 -0.150936 -0.251587 -0.752155 -0.418867 0.442174
1678843613742 -3.512779 0.261062 -0.128999 -0.244547 -0.755604 -0.418619 0.440475
1678843613810 -3.468626 0.253724 -0.077979 -0.238288 -0.756888 -0.421564 0.438888
1678843613851 -3.426159 0.247236 -0.031408 -0.240674 -0.758067 -0.419218 0.437798
1678843613893 -3.401573 0.244328 -0.007882 -0.244932 -0.755904 -0.419678 0.438735
1678843613936 -3.374205 0.244642 0.018434 -0.249604 -0.754141 -0.419045 0.439740
1678843614017 -3.295113 0.244421 0.078372 -0.258189 -0.729645 -0.429988 0.464831
1678843614052 -3.269049 0.247038 0.097262 -0.266025 -0.729719 -0.425893 0.464065
1678843614087 -3.243263 0.249715 0.113849 -0.267888 -0.726072 -0.424599 0.469863
1678843614157 -3.184176 0.249604 0.151915 -0.270548 -0.710495 -0.425977 0.490453
1678843614210 -3.157638 0.250719 0.165343 -0.278691 -0.707186 -0.423322 0.492969
1678843614254 -3.120649 0.252266 0.172100 -0.296119 -0.704254 -0.410107 0.498149
1678843614317 -3.063025 0.248694 0.195715 -0.309735 -0.700787 -0.399383 0.503444
1678843614356 -3.038051 0.246475 0.199856 -0.315222 -0.701435 -0.392220 0.504765
1678843614407 -3.008490 0.245013 0.211609 -0.319462 -0.702795 -0.384928 0.505819
1678843614454 -2.950515 0.241454 0.233387 -0.323585 -0.701241 -0.376221 0.511870
1678843614506 -2.920700 0.240283 0.245232 -0.325990 -0.700297 -0.373510 0.513619
1678843614552 -2.865241 0.241532 0.268366 -0.330781 -0.693217 -0.377934 0.516913
1678843614619 -2.837447 0.244995 0.278475 -0.337105 -0.697864 -0.371896 0.510920
1678843614654 -2.770929 0.248341 0.302834 -0.338609 -0.691621 -0.373362 0.517305
1678843614718 -2.713870 0.252689 0.317952 -0.342471 -0.675409 -0.377969 0.532612
1678843614757 -2.688829 0.254286 0.320302 -0.348520 -0.676000 -0.371860 0.532239
1678843614788 -2.660461 0.257156 0.325095 -0.351806 -0.677541 -0.366162 0.532068
1678843614850 -2.605163 0.257670 0.327364 -0.347866 -0.669802 -0.358246 0.549557
1678843614916 -2.542553 0.258384 0.327808 -0.345482 -0.660754 -0.343034 0.571292
1678843614947 -2.515664 0.255654 0.322485 -0.346806 -0.655584 -0.334180 0.581600
1678843614998 -2.483893 0.254121 0.318624 -0.348713 -0.648067 -0.325727 0.593558
1678843615047 -2.453562 0.249425 0.314345 -0.351502 -0.636399 -0.319264 0.607876
1678843615091 -2.391360 0.243984 0.298837 -0.364319 -0.606531 -0.306213 0.636888
1678843615150 -2.336987 0.241049 0.274590 -0.386160 -0.567355 -0.297475 0.663700
1678843615199 -2.312616 0.242510 0.260388 -0.399598 -0.553419 -0.286128 0.672442
1678843615232 -2.287697 0.243674 0.246559 -0.407977 -0.536681 -0.276452 0.684910
1678843615299 -2.247518 0.242714 0.212312 -0.424213 -0.496635 -0.262050 0.710441
1678843615354 -2.214853 0.242878 0.173785 -0.444653 -0.467189 -0.234562 0.727323
1678843615396 -2.198729 0.241324 0.152363 -0.451605 -0.449812 -0.221236 0.738090
1678843615451 -2.162323 0.235510 0.109003 -0.466083 -0.412205 -0.199214 0.757078
1678843615492 -2.145826 0.232058 0.086018 -0.471339 -0.400142 -0.185596 0.763728
1678843615541 -2.103514 0.230503 0.043012 -0.483499 -0.381688 -0.159696 0.771389
1678843615593 -2.086400 0.228520 0.020153 -0.486974 -0.371878 -0.150050 0.775917
1678843615648 -2.067139 0.224280 -0.002620 -0.489506 -0.361201 -0.142394 0.780796
1678843615707 -2.034237 0.222571 -0.047712 -0.497432 -0.337876 -0.134693 0.787565
1678843615767 -2.010160 0.230679 -0.094402 -0.501291 -0.327074 -0.120200 0.792011
1678843615805 -1.983548 0.231601 -0.140513 -0.503241 -0.302964 -0.121814 0.800077
1678843615854 -1.974778 0.229081 -0.164576 -0.507587 -0.284851 -0.122218 0.803915
1678843615889 -1.965412 0.230327 -0.188591 -0.512695 -0.271582 -0.117040 0.806033
1678843615954 -1.953774 0.232496 -0.238521 -0.509885 -0.260844 -0.097665 0.813904
1678843615999 -1.947177 0.231638 -0.264305 -0.507242 -0.247267 -0.093896 0.820212
1678843616038 -1.937243 0.229061 -0.316853 -0.502876 -0.216078 -0.084672 0.832620
1678843616096 -1.933165 0.225888 -0.345758 -0.502333 -0.203290 -0.075978 0.836996
1678843616155 -1.927397 0.221678 -0.406791 -0.506222 -0.171646 -0.058577 0.843117
1678843616192 -1.925701 0.217217 -0.437519 -0.510030 -0.151120 -0.051415 0.845215
1678843616245 -1.929259 0.209603 -0.497616 -0.516750 -0.117951 -0.024761 0.847611
1678843616299 -1.933369 0.205906 -0.529625 -0.532428 -0.083642 -0.009200 0.842282
1678843616348 -1.940949 0.207660 -0.588674 -0.550425 -0.042139 0.021617 0.833540
1678843616415 -1.948316 0.210712 -0.614199 -0.548043 -0.030713 0.036395 0.835093
1678843616440 -1.958065 0.210771 -0.639043 -0.551510 -0.006516 0.045358 0.832908
1678843616503 -1.984336 0.211669 -0.685586 -0.550523 0.036523 0.073814 0.830748
1678843616559 -2.016328 0.211621 -0.728793 -0.544573 0.071721 0.105440 0.828963
1678843616612 -2.051222 0.209302 -0.770663 -0.532196 0.103789 0.125891 0.830751
1678843616656 -2.068270 0.208918 -0.794146 -0.525514 0.121102 0.132131 0.831691
1678843616699 -2.087171 0.207342 -0.815779 -0.519479 0.138212 0.136748 0.832069
1678843616754 -2.115914 0.211756 -0.872642 -0.503439 0.159138 0.141153 0.837437
1678843616811 -2.152431 0.211155 -0.918064 -0.493318 0.168756 0.147316 0.840510
1678843616867 -2.171403 0.212068 -0.940774 -0.496901 0.180654 0.148071 0.835780
1678843616919 -2.208475 0.219502 -0.982336 -0.490361 0.185270 0.157516 0.836905
1678843616970 -2.227969 0.215236 -1.004664 -0.488507 0.194810 0.158171 0.835698
1678843617011 -2.266550 0.223349 -1.042737 -0.485775 0.222069 0.160118 0.830103
1678843617058 -2.287827 0.224588 -1.060211 -0.484805 0.227078 0.169366 0.827475
1678843617122 -2.327172 0.230036 -1.094341 -0.469900 0.242692 0.175058 0.830451
1678843617165 -2.349880 0.227664 -1.114625 -0.462539 0.251887 0.174748 0.831909
1678843617214 -2.395401 0.224486 -1.151153 -0.453335 0.279503 0.173604 0.828388
1678843617252 -2.417883 0.222397 -1.166749 -0.448491 0.295604 0.172240 0.825716
1678843617296 -2.442220 0.219087 -1.184527 -0.444956 0.310989 0.171553 0.822113
1678843617358 -2.502086 0.214498 -1.229145 -0.443036 0.336478 0.180190 0.811193
1678843617409 -2.528995 0.211719 -1.246089 -0.441862 0.347016 0.187415 0.805738
1678843617455 -2.586050 0.205675 -1.275092 -0.442935 0.378157 0.204620 0.786725
1678843617499 -2.614863 0.205473 -1.288759 -0.448116 0.405532 0.206086 0.769587
1678843617545 -2.644266 0.207474 -1.300849 -0.450381 0.421195 0.217525 0.756594
1678843617590 -2.704772 0.210426 -1.317746 -0.445621 0.447900 0.240754 0.736780
1678843617661 -2.765804 0.217008 -1.325649 -0.431415 0.477144 0.268903 0.716872
1678843617715 -2.796835 0.219463 -1.328449 -0.424769 0.482971 0.290150 0.708607
1678843617750 -2.851124 0.220517 -1.324366 -0.406632 0.511494 0.306454 0.692178
1678843617817 -2.915206 0.216945 -1.327495 -0.391426 0.529965 0.319818 0.680910
1678843617852 -2.951542 0.219325 -1.331746 -0.384982 0.539862 0.324651 0.674492
1678843617892 -2.984378 0.216739 -1.333218 -0.381958 0.545721 0.329115 0.669313
1678843617951 -3.047015 0.213440 -1.335326 -0.375302 0.547176 0.331713 0.670607
1678843618014 -3.113868 0.212120 -1.341232 -0.380734 0.556483 0.320008 0.665555
1678843618051 -3.154144 0.209099 -1.349591 -0.385745 0.566146 0.308730 0.659822
1678843618130 -3.184945 0.212682 -1.352846 -0.387360 0.568753 0.301117 0.660152
1678843618154 -3.254014 0.207728 -1.364425 -0.393382 0.559685 0.299369 0.665118
1678843618236 -3.325435 0.213160 -1.378273 -0.399899 0.560518 0.290072 0.664649
1678843618259 -3.355527 0.214170 -1.382139 -0.400298 0.553987 0.293106 0.668542
1678843618318 -3.417572 0.211562 -1.390834 -0.400975 0.554049 0.293891 0.667740
1678843618351 -3.457222 0.213315 -1.399023 -0.402294 0.561822 0.292089 0.661211
1678843618409 -3.490045 0.210652 -1.402779 -0.402646 0.567323 0.293515 0.655644
1678843618447 -3.548319 0.207915 -1.405454 -0.397601 0.579989 0.297077 0.645966
1678843618499 -3.581951 0.206011 -1.406526 -0.393684 0.588283 0.297176 0.640798
1678843618553 -3.637151 0.199496 -1.403454 -0.383829 0.603834 0.299865 0.630984
1678843618593 -3.670259 0.199283 -1.401243 -0.383100 0.622103 0.297563 0.614555
1678843618649 -3.729117 0.207609 -1.391384 -0.373903 0.638417 0.312868 0.595596
1678843618697 -3.759785 0.210965 -1.385097 -0.369657 0.641864 0.325540 0.587697
1678843618752 -3.806025 0.215801 -1.364737 -0.360598 0.662474 0.334169 0.565180
1678843618796 -3.833799 0.217972 -1.356250 -0.352030 0.665846 0.343529 0.560991
1678843618828 -3.874986 0.218444 -1.352816 -0.344841 0.665796 0.355347 0.558148
1678843618909 -3.933748 0.214952 -1.336879 -0.338729 0.677109 0.363928 0.542534
1678843618949 -3.999108 0.209872 -1.323428 -0.334287 0.688807 0.364465 0.530059
1678843618992 -4.031121 0.206499 -1.316561 -0.331344 0.690021 0.366001 0.529268
1678843619033 -4.059083 0.203366 -1.310535 -0.328938 0.689601 0.366094 0.531249
1678843619087 -4.124244 0.198237 -1.301379 -0.326877 0.686632 0.360246 0.540287
1678843619143 -4.155396 0.192063 -1.294286 -0.331810 0.684316 0.357542 0.542012
1678843619192 -4.214571 0.191988 -1.290650 -0.348239 0.691999 0.339136 0.533716
1678843619244 -4.241398 0.192753 -1.288532 -0.349969 0.677576 0.346851 0.545991
1678843619280 -4.289071 0.188003 -1.282740 -0.364822 0.674805 0.338505 0.544939
1678843619324 -4.313808 0.188805 -1.278552 -0.367757 0.675020 0.334169 0.545374
1678843619397 -4.362535 0.186204 -1.267279 -0.366763 0.665471 0.343680 0.551831
1678843619424 -4.386879 0.183359 -1.260473 -0.366757 0.668269 0.345659 0.547198
1678843619458 -4.401411 0.180223 -1.254050 -0.368678 0.675359 0.346543 0.536540
1678843619500 -4.425799 0.176489 -1.243680 -0.370704 0.687515 0.346990 0.519133
1678843619559 -4.470406 0.178052 -1.218877 -0.360391 0.715255 0.347499 0.487620
1678843619620 -4.511481 0.182646 -1.186099 -0.338377 0.731803 0.374587 0.457876
1678843619654 -4.528608 0.184824 -1.166629 -0.324313 0.739728 0.385709 0.445928
1678843619695 -4.546381 0.187796 -1.147614 -0.313196 0.749114 0.389993 0.434329
1678843619762 -4.585845 0.191628 -1.109273 -0.304410 0.764664 0.395314 0.407861
1678843619824 -4.594894 0.192718 -1.067436 -0.295147 0.773705 0.401006 0.391743
1678843619850 -4.612541 0.191167 -1.044956 -0.287463 0.778609 0.403736 0.384877
1678843619913 -4.630608 0.188075 -1.021634 -0.280410 0.782238 0.407437 0.378774
1678843619949 -4.657347 0.183061 -0.972774 -0.271742 0.788456 0.412178 0.366883
1678843620022 -4.694368 0.175580 -0.923800 -0.271499 0.791179 0.412781 0.360467
1678843620054 -4.715779 0.172449 -0.899628 -0.275443 0.790610 0.411881 0.359752
1678843620109 -4.758880 0.169463 -0.852475 -0.290757 0.791832 0.402261 0.355877
1678843620155 -4.776902 0.172221 -0.831956 -0.298799 0.789577 0.400470 0.356246
1678843620198 -4.797791 0.174211 -0.811711 -0.303023 0.781798 0.405258 0.364329
1678843620255 -4.839281 0.176737 -0.771411 -0.313510 0.774186 0.401508 0.375685
1678843620298 -4.862089 0.179196 -0.754092 -0.319980 0.774085 0.396012 0.376270
1678843620332 -4.885508 0.181450 -0.738071 -0.323228 0.768536 0.399005 0.381669
1678843620395 -4.937589 0.183030 -0.708706 -0.323451 0.758393 0.402947 0.397308
1678843620448 -4.963812 0.181212 -0.693816 -0.323013 0.757063 0.398065 0.405047
1678843620476 -5.022087 0.176273 -0.667676 -0.328247 0.754854 0.388247 0.414383
1678843620539 -5.052584 0.174122 -0.655449 -0.331424 0.754991 0.381624 0.417744
1678843620585 -5.117505 0.170208 -0.626777 -0.339018 0.756259 0.370070 0.419747
1678843620630 -5.148853 0.168944 -0.614409 -0.342196 0.755825 0.367307 0.420375
1678843620681 -5.178416 0.166627 -0.602853 -0.344181 0.753625 0.367561 0.422478
1678843620730 -5.241104 0.165826 -0.578044 -0.355465 0.753649 0.367207 0.413301
1678843620798 -5.302173 0.167818 -0.552935 -0.352541 0.745980 0.374627 0.422947
1678843620878 -5.363277 0.167613 -0.530050 -0.361687 0.752029 0.363480 0.414147
1678843620936 -5.424373 0.174750 -0.511889 -0.356673 0.751554 0.366489 0.416698
1678843620968 -5.486397 0.179869 -0.501266 -0.346049 0.747688 0.367617 0.431359
1678843621017 -5.518014 0.179377 -0.501954 -0.344262 0.745827 0.364027 0.438988
1678843621049 -5.552983 0.179202 -0.496678 -0.343571 0.743639 0.361576 0.445223
1678843621117 -5.628538 0.176222 -0.486523 -0.342219 0.741590 0.345202 0.462348
1678843621155 -5.665712 0.175670 -0.484707 -0.342276 0.739290 0.336982 0.471954
1678843621224 -5.740745 0.174606 -0.482882 -0.344636 0.727071 0.329102 0.494252
1678843621250 -5.776800 0.175045 -0.485004 -0.348295 0.718842 0.323032 0.507549
1678843621298 -5.812249 0.176382 -0.488085 -0.354513 0.713385 0.316753 0.514849
1678843621338 -5.848239 0.181660 -0.492367 -0.360453 0.703452 0.314970 0.525378
1678843621385 -5.914290 0.189950 -0.504394 -0.369559 0.676094 0.306493 0.558914
1678843621452 -5.973568 0.196431 -0.526684 -0.386307 0.665283 0.286304 0.571135
1678843621492 -6.003866 0.198777 -0.537804 -0.391301 0.653168 0.285471 0.582032
1678843621541 -6.033621 0.199782 -0.549822 -0.393249 0.643011 0.284217 0.592548
1678843621610 -6.095018 0.198492 -0.575491 -0.394463 0.633104 0.276478 0.605919
1678843621629 -6.128931 0.196539 -0.588708 -0.394990 0.630147 0.273163 0.610147
1678843621679 -6.191729 0.191623 -0.615947 -0.394613 0.629990 0.266035 0.613693
1678843621732 -6.223024 0.189048 -0.628539 -0.394537 0.632865 0.264060 0.611632
1678843621780 -6.284752 0.186958 -0.656248 -0.392679 0.632877 0.266010 0.611971
1678843621831 -6.317780 0.186402 -0.670371 -0.392406 0.633709 0.265363 0.611566
1678843621870 -6.373863 0.188925 -0.701049 -0.390663 0.637979 0.260657 0.610265
1678843621921 -6.403572 0.197427 -0.717393 -0.388246 0.630613 0.266255 0.617009
1678843621975 -6.453753 0.200094 -0.752169 -0.384846 0.625762 0.267927 0.623323
1678843622030 -6.476425 0.203754 -0.771967 -0.382143 0.621725 0.269661 0.628257
1678843622076 -6.521683 0.207579 -0.808764 -0.376406 0.606008 0.277772 0.643363
1678843622128 -6.541446 0.207565 -0.828309 -0.374899 0.598841 0.276784 0.651330
1678843622166 -6.564155 0.206693 -0.848383 -0.374584 0.592447 0.274233 0.658400
1678843622225 -6.604844 0.202755 -0.890506 -0.376431 0.580398 0.266221 0.671241
1678843622273 -6.652743 0.195795 -0.933022 -0.381092 0.565144 0.256509 0.685263
1678843622329 -6.670594 0.189670 -0.952747 -0.386019 0.555557 0.251899 0.692020
1678843622378 -6.694172 0.184713 -0.975074 -0.391707 0.546057 0.245512 0.698649
1678843622421 -6.743747 0.172823 -1.020123 -0.405801 0.522994 0.234300 0.711974
1678843622459 -6.765151 0.169392 -1.043432 -0.413965 0.512831 0.226751 0.717092
1678843622514 -6.802106 0.165555 -1.092243 -0.432578 0.480811 0.217644 0.730978
1678843622562 -6.817765 0.165399 -1.115558 -0.439955 0.458934 0.214789 0.741407
1678843622623 -6.838068 0.158878 -1.156085 -0.453614 0.436438 0.192152 0.752884
1678843622642 -6.850489 0.158717 -1.178142 -0.459056 0.426611 0.179713 0.758270
1678843622681 -6.861844 0.158664 -1.199683 -0.463951 0.411328 0.172854 0.765298
