# Created at Tue Mar 14 18:26:15 MST 2023
1678843575991 -0.595839 -0.035851 0.119905 0.473316 -0.562557 -0.333213 -0.590314
1678843576021 -0.617648 -0.037074 0.105593 0.479224 -0.560179 -0.325617 -0.592045
1678843576068 -0.640197 -0.038191 0.089927 0.483647 -0.557666 -0.320070 -0.593843
1678843576106 -0.663366 -0.037373 0.072948 0.486037 -0.554614 -0.315432 -0.597221
1678843576157 -0.686428 -0.037031 0.056082 0.489706 -0.552654 -0.312287 -0.597694
1678843576202 -0.732950 -0.032614 0.015529 0.495894 -0.538060 -0.315422 -0.604226
1678843576262 -0.779579 -0.027251 -0.025919 0.492238 -0.525795 -0.303904 -0.623606
1678843576299 -0.801528 -0.026455 -0.045410 0.493493 -0.524015 -0.297322 -0.627274
1678843576349 -0.846400 -0.027185 -0.078748 0.498403 -0.517735 -0.298323 -0.628131
1678843576395 -0.867452 -0.025280 -0.093344 0.497923 -0.512663 -0.304579 -0.629668
1678843576438 -0.889187 -0.021949 -0.107536 0.495722 -0.506867 -0.308278 -0.634279
1678843576496 -0.930704 -0.020684 -0.134520 0.491162 -0.503671 -0.303582 -0.642584
1678843576562 -0.953687 -0.023105 -0.146641 0.492744 -0.501074 -0.305430 -0.642527
1678843576607 -1.001930 -0.027856 -0.172280 0.491975 -0.497625 -0.304874 -0.646051
1678843576663 -1.052234 -0.032435 -0.198451 0.487034 -0.497163 -0.296285 -0.654096
1678843576707 -1.078898 -0.034848 -0.212271 0.485817 -0.494120 -0.292543 -0.658974
1678843576754 -1.135767 -0.039414 -0.244241 0.489815 -0.480446 -0.286988 -0.668499
1678843576805 -1.164775 -0.040295 -0.260871 0.498358 -0.478217 -0.284957 -0.664640
1678843576856 -1.219347 -0.030799 -0.293519 0.492745 -0.460241 -0.286159 -0.680804
1678843576904 -1.245168 -0.024877 -0.310218 0.484258 -0.454526 -0.280227 -0.693089
1678843576949 -1.268571 -0.026206 -0.327321 0.485373 -0.451886 -0.272859 -0.696965
1678843576992 -1.317970 -0.031853 -0.367211 0.505261 -0.444236 -0.254940 -0.694529
1678843577055 -1.344508 -0.034543 -0.384948 0.511862 -0.435986 -0.258070 -0.693767
1678843577079 -1.370010 -0.039128 -0.403213 0.520582 -0.428393 -0.264684 -0.689504
1678843577158 -1.449766 -0.060896 -0.459837 0.536045 -0.418049 -0.262922 -0.684663
1678843577191 -1.474593 -0.072088 -0.478682 0.546523 -0.413752 -0.260041 -0.680074
1678843577234 -1.500659 -0.080791 -0.496836 0.554602 -0.411879 -0.253337 -0.677194
1678843577294 -1.550886 -0.099880 -0.533008 0.555576 -0.422602 -0.224417 -0.679985
1678843577345 -1.580821 -0.105492 -0.552401 0.562921 -0.426721 -0.223775 -0.671531
1678843577382 -1.634721 -0.115480 -0.584202 0.568743 -0.424153 -0.239180 -0.662887
1678843577460 -1.682930 -0.112050 -0.610346 0.571098 -0.436157 -0.233401 -0.655086
1678843577519 -1.707418 -0.106438 -0.623902 0.563511 -0.444994 -0.230100 -0.656878
1678843577537 -1.733256 -0.098150 -0.637447 0.553173 -0.449161 -0.236797 -0.660440
1678843577611 -1.786471 -0.093447 -0.663764 0.542630 -0.461355 -0.253971 -0.654373
1678843577654 -1.814845 -0.093329 -0.677478 0.536960 -0.458356 -0.270163 -0.654672
1678843577703 -1.866131 -0.087390 -0.701737 0.510365 -0.450098 -0.296627 -0.670038
1678843577761 -1.921117 -0.088717 -0.731796 0.496837 -0.458811 -0.288915 -0.677624
1678843577814 -1.949803 -0.090882 -0.744278 0.487316 -0.463378 -0.293199 -0.679587
1678843577842 -1.980426 -0.096443 -0.758929 0.486012 -0.463653 -0.301187 -0.676834
1678843577900 -2.043852 -0.112527 -0.787028 0.481267 -0.491401 -0.293498 -0.663902
1678843577948 -2.113410 -0.132454 -0.819027 0.486029 -0.488196 -0.298728 -0.660456
1678843578000 -2.148136 -0.144678 -0.831478 0.492539 -0.472854 -0.324307 -0.654706
1678843578038 -2.182237 -0.155884 -0.842214 0.490692 -0.464769 -0.354852 -0.645980
1678843578116 -2.247588 -0.175965 -0.865940 0.472413 -0.464115 -0.372015 -0.650406
1678843578163 -2.307668 -0.207626 -0.894047 0.482759 -0.485151 -0.343754 -0.642966
1678843578198 -2.338799 -0.224387 -0.904717 0.489292 -0.488594 -0.338956 -0.637948
1678843578266 -2.398859 -0.262046 -0.920586 0.502975 -0.490836 -0.343535 -0.622960
1678843578318 -2.430725 -0.282356 -0.929173 0.506997 -0.500253 -0.341554 -0.613223
1678843578355 -2.499549 -0.324249 -0.950697 0.509243 -0.488821 -0.362175 -0.608732
1678843578416 -2.576925 -0.359347 -0.974182 0.512055 -0.494422 -0.368160 -0.598168
1678843578453 -2.609627 -0.376497 -0.981646 0.508887 -0.492681 -0.376884 -0.596874
1678843578494 -2.643615 -0.394064 -0.987289 0.507897 -0.503133 -0.386420 -0.582732
1678843578540 -2.684223 -0.405546 -0.993481 0.505400 -0.508923 -0.408172 -0.564770
1678843578589 -2.747922 -0.435108 -0.998521 0.501085 -0.526278 -0.425551 -0.539307
1678843578640 -2.777040 -0.446043 -0.999889 0.498441 -0.536406 -0.422126 -0.534449
1678843578696 -2.841700 -0.484227 -1.001616 0.498087 -0.557782 -0.423935 -0.510948
1678843578736 -2.876328 -0.504232 -0.999737 0.495267 -0.570039 -0.425102 -0.499053
1678843578793 -2.909090 -0.524028 -0.995988 0.493740 -0.577127 -0.430627 -0.487550
1678843578833 -2.978594 -0.562724 -0.987067 0.483689 -0.588636 -0.449649 -0.466228
1678843578874 -3.011975 -0.579870 -0.980499 0.477024 -0.601700 -0.453416 -0.452569
1678843578934 -3.076914 -0.609308 -0.965426 0.460464 -0.616746 -0.475194 -0.426366
1678843578977 -3.108933 -0.622702 -0.957789 0.455208 -0.628175 -0.477894 -0.412067
1678843579031 -3.179174 -0.649768 -0.941288 0.448845 -0.644835 -0.488030 -0.380201
1678843579094 -3.238063 -0.659309 -0.917451 0.450667 -0.660450 -0.484363 -0.355103
1678843579130 -3.270822 -0.660512 -0.906538 0.448182 -0.663470 -0.492237 -0.341531
1678843579164 -3.303476 -0.658340 -0.894106 0.443585 -0.666060 -0.496588 -0.336149
1678843579222 -3.376405 -0.653406 -0.872774 0.434723 -0.674985 -0.493075 -0.335094
1678843579270 -3.413477 -0.650770 -0.860701 0.428833 -0.682104 -0.492813 -0.328590
1678843579310 -3.450267 -0.646237 -0.848374 0.422387 -0.685053 -0.497925 -0.323050
1678843579362 -3.527573 -0.631740 -0.823899 0.406304 -0.697342 -0.498676 -0.316153
1678843579428 -3.631784 -0.623140 -0.796396 0.387527 -0.719433 -0.492898 -0.298814
1678843579461 -3.673789 -0.611903 -0.782347 0.374568 -0.728470 -0.492812 -0.293542
1678843579519 -3.765494 -0.591884 -0.755974 0.346998 -0.747007 -0.490820 -0.284022
1678843579567 -3.809616 -0.581619 -0.744704 0.341272 -0.757793 -0.482343 -0.276818
1678843579607 -3.853423 -0.569680 -0.732904 0.333131 -0.771173 -0.473006 -0.265670
1678843579663 -3.938970 -0.537767 -0.709436 0.300447 -0.779914 -0.481175 -0.264456
1678843579720 -4.025856 -0.503974 -0.686264 0.278878 -0.794270 -0.476928 -0.252788
1678843579775 -4.070206 -0.484869 -0.673719 0.264554 -0.798679 -0.477035 -0.254088
1678843579813 -4.114654 -0.464113 -0.660526 0.251033 -0.804096 -0.472422 -0.259286
1678843579865 -4.204970 -0.420729 -0.628986 0.225150 -0.814760 -0.462766 -0.267060
1678843579920 -4.297415 -0.377213 -0.592948 0.217161 -0.827036 -0.442572 -0.270154
1678843579968 -4.343796 -0.352517 -0.573387 0.208471 -0.831781 -0.432991 -0.277847
1678843580022 -4.432063 -0.297567 -0.532001 0.191708 -0.844667 -0.415355 -0.277968
1678843580062 -4.475042 -0.267493 -0.511789 0.181276 -0.849220 -0.405376 -0.285717
1678843580126 -4.560542 -0.209556 -0.471670 0.171086 -0.858395 -0.393059 -0.281767
1678843580167 -4.603360 -0.182262 -0.452154 0.169972 -0.862124 -0.392276 -0.271975
1678843580235 -4.686747 -0.125912 -0.419431 0.165094 -0.873378 -0.376154 -0.261653
1678843580309 -4.769503 -0.071237 -0.391409 0.156705 -0.872476 -0.379953 -0.264319
1678843580369 -4.842625 -0.015163 -0.383778 0.152501 -0.878559 -0.378430 -0.248331
1678843580403 -4.882257 0.013001 -0.373335 0.140666 -0.884396 -0.369688 -0.247763
1678843580450 -4.960144 0.070709 -0.353717 0.110507 -0.890671 -0.362704 -0.250876
1678843580506 -4.995686 0.101521 -0.344080 0.091234 -0.892209 -0.361694 -0.254591
1678843580557 -5.049224 0.162391 -0.335477 0.058975 -0.890770 -0.361075 -0.269585
1678843580599 -5.081238 0.192818 -0.330295 0.045666 -0.886605 -0.361082 -0.285423
1678843580641 -5.098679 0.221161 -0.336404 0.039333 -0.890106 -0.354459 -0.283765
1678843580707 -5.157615 0.276866 -0.330756 0.024230 -0.894856 -0.340103 -0.288056
1678843580743 -5.187706 0.298707 -0.330029 0.016492 -0.893803 -0.339440 -0.292616
1678843580796 -5.245227 0.342923 -0.326266 0.008724 -0.886730 -0.348438 -0.303686
1678843580863 -5.287462 0.379967 -0.344266 0.005384 -0.892227 -0.340278 -0.296837
1678843580906 -5.316298 0.398053 -0.344927 0.001206 -0.892825 -0.338699 -0.296891
1678843580969 -5.346480 0.442010 -0.369396 -0.020313 -0.894916 -0.321462 -0.308828
1678843580999 -5.371437 0.464384 -0.374310 -0.027439 -0.891322 -0.320466 -0.319520
1678843581034 -5.394862 0.489009 -0.380989 -0.036902 -0.888088 -0.314223 -0.333469
1678843581092 -5.420458 0.540760 -0.415102 -0.049324 -0.889800 -0.287603 -0.350866
1678843581145 -5.435809 0.567207 -0.428117 -0.060138 -0.886953 -0.275249 -0.365971
1678843581180 -5.448561 0.602230 -0.466672 -0.074036 -0.863577 -0.276366 -0.415180
1678843581243 -5.464125 0.622529 -0.484557 -0.071465 -0.857671 -0.277737 -0.426797
1678843581296 -5.497460 0.661201 -0.523620 -0.056071 -0.850735 -0.297621 -0.429566
1678843581345 -5.512290 0.674989 -0.547385 -0.050823 -0.848299 -0.299441 -0.433753
1678843581370 -5.525190 0.694412 -0.574181 -0.050967 -0.846750 -0.293991 -0.440439
1678843581448 -5.540010 0.720003 -0.633780 -0.066802 -0.826937 -0.280971 -0.482460
1678843581493 -5.578444 0.761985 -0.689423 -0.079512 -0.802619 -0.277784 -0.521839
1678843581538 -5.583370 0.771381 -0.726648 -0.082016 -0.784530 -0.280557 -0.546877
1678843581577 -5.594842 0.774052 -0.751731 -0.085319 -0.769585 -0.278196 -0.568390
1678843581630 -5.597071 0.785508 -0.819123 -0.087363 -0.740361 -0.283068 -0.603411
1678843581687 -5.594595 0.791979 -0.887623 -0.082491 -0.700592 -0.284654 -0.649105
1678843581738 -5.592179 0.796318 -0.921848 -0.080319 -0.686710 -0.288767 -0.662262
1678843581769 -5.588426 0.802619 -0.957327 -0.078427 -0.665413 -0.293042 -0.682057
1678843581851 -5.577115 0.807403 -1.029423 -0.067909 -0.616336 -0.300647 -0.724658
1678843581892 -5.559812 0.804617 -1.106112 -0.048452 -0.584238 -0.297330 -0.753601
1678843581931 -5.546938 0.801443 -1.144190 -0.039162 -0.562979 -0.293480 -0.771616
1678843581983 -5.532545 0.797833 -1.180777 -0.028173 -0.541508 -0.292775 -0.787564
1678843582031 -5.496510 0.790703 -1.250226 -0.011724 -0.487026 -0.285500 -0.825323
1678843582088 -5.456790 0.781278 -1.315330 0.011932 -0.435607 -0.282207 -0.854671
1678843582135 -5.434747 0.775713 -1.346073 0.024002 -0.405777 -0.279178 -0.869959
1678843582173 -5.412039 0.769717 -1.375943 0.037797 -0.378011 -0.276769 -0.882654
1678843582237 -5.363738 0.758373 -1.431697 0.056638 -0.321368 -0.268413 -0.906349
1678843582291 -5.312751 0.745888 -1.484484 0.079246 -0.270872 -0.267823 -0.921205
1678843582340 -5.282646 0.738757 -1.509972 0.090714 -0.238164 -0.263429 -0.930405
1678843582393 -5.216022 0.721661 -1.561830 0.127363 -0.204439 -0.243940 -0.939402
1678843586861 -5.357580 0.802706 -1.738824 0.182042 -0.197724 -0.259658 -0.927547
1678843586933 -5.370366 0.800125 -1.772321 0.183413 -0.178683 -0.255649 -0.932242
1678843586963 -5.394240 0.811000 -1.849240 0.178390 -0.169728 -0.253612 -0.935441
1678843587036 -5.411036 0.806495 -1.884816 0.179874 -0.154769 -0.245871 -0.939808
1678843587086 -5.431164 0.802100 -1.919369 0.178734 -0.152784 -0.227423 -0.944982
1678843587137 -5.439518 0.799205 -1.939137 0.181871 -0.143391 -0.221706 -0.947211
1678843587181 -5.447580 0.797432 -1.955585 0.189847 -0.129915 -0.221322 -0.947680
1678843587228 -5.466130 0.793685 -1.997654 0.204868 -0.109849 -0.225612 -0.946077
1678843587268 -5.478441 0.789769 -2.027079 0.209300 -0.089714 -0.225095 -0.947353
1678843587343 -5.488632 0.783464 -2.069632 0.216800 -0.084947 -0.213540 -0.948779
1678843587378 -5.479277 0.765950 -2.039980 0.223205 -0.085005 -0.204456 -0.949290
1678843587411 -5.481364 0.761073 -2.059064 0.233302 -0.072301 -0.201364 -0.948575
1678843587454 -5.478422 0.746678 -2.068162 0.242679 -0.065472 -0.195144 -0.948019
1678843587494 -5.478802 0.742430 -2.085104 0.246853 -0.063330 -0.190965 -0.947937
1678843587539 -5.474051 0.736677 -2.086169 0.249051 -0.056119 -0.189061 -0.948198
1678843587591 -5.471322 0.727638 -2.118231 0.258938 -0.045933 -0.186251 -0.946653
1678843587647 -5.482832 0.724396 -2.164113 0.262663 -0.041860 -0.183199 -0.946411
1678843587695 -5.476625 0.715735 -2.198928 0.268068 -0.045039 -0.174433 -0.946406
1678843587732 -5.472928 0.712296 -2.217172 0.269477 -0.047370 -0.168659 -0.946939
1678843587796 -5.468401 0.706276 -2.264156 0.273869 -0.053347 -0.158361 -0.947139
1678843587836 -5.463514 0.705039 -2.284147 0.274276 -0.055123 -0.153178 -0.947771
1678843587892 -5.443056 0.704717 -2.278659 0.273008 -0.052756 -0.141732 -0.950050
1678843587953 -5.435287 0.703410 -2.322291 0.284772 -0.061812 -0.138373 -0.946540
1678843587995 -5.431147 0.701333 -2.344180 0.301213 -0.066853 -0.136934 -0.941303
1678843588035 -5.426388 0.699407 -2.364255 0.313145 -0.065324 -0.134700 -0.937832
1678843588091 -5.418178 0.693699 -2.393472 0.320118 -0.043031 -0.134455 -0.936800
1678843588155 -5.413739 0.687471 -2.432836 0.341286 -0.052730 -0.131810 -0.929177
1678843588194 -5.408674 0.684474 -2.464868 0.350442 -0.048589 -0.130474 -0.926178
1678843588260 -5.397206 0.679258 -2.507595 0.359658 -0.032067 -0.123331 -0.924341
1678843588293 -5.391850 0.676065 -2.525301 0.364479 -0.025232 -0.116924 -0.923497
1678843588329 -5.385627 0.672693 -2.543685 0.370851 -0.016933 -0.109938 -0.922007
1678843588381 -5.374605 0.670560 -2.566622 0.376234 -0.005365 -0.102221 -0.920853
1678843588432 -5.356894 0.665884 -2.601837 0.380137 0.027264 -0.087606 -0.920368
1678843588479 -5.343868 0.664313 -2.629966 0.383833 0.043126 -0.078043 -0.919087
1678843588562 -5.320641 0.661723 -2.661051 0.379426 0.074646 -0.056759 -0.920457
1678843588588 -5.289140 0.659862 -2.686154 0.379546 0.120351 -0.032708 -0.916728
1678843588659 -5.244352 0.652585 -2.729505 0.386674 0.146619 0.003743 -0.910479
1678843588698 -5.224822 0.648691 -2.736090 0.385640 0.161323 0.021229 -0.908188
1678843588740 -5.203665 0.643314 -2.741235 0.391120 0.175296 0.040900 -0.902565
1678843588787 -5.157473 0.632814 -2.749552 0.398572 0.210919 0.078677 -0.889080
1678843588855 -5.133695 0.627785 -2.747017 0.397681 0.231469 0.094827 -0.882768
1678843588891 -5.083865 0.616058 -2.736360 0.396381 0.268949 0.121433 -0.869369
1678843588956 -5.058419 0.609751 -2.729578 0.397888 0.287147 0.131806 -0.861312
1678843588973 -5.032246 0.600087 -2.707896 0.399108 0.305645 0.140436 -0.852978
1678843589027 -4.979416 0.588795 -2.685828 0.399550 0.337668 0.159708 -0.837158
1678843589068 -4.953393 0.584626 -2.671973 0.396704 0.349946 0.169576 -0.831509
1678843589122 -4.895948 0.577657 -2.643132 0.389823 0.371866 0.188599 -0.821087
1678843589181 -4.834445 0.573362 -2.613689 0.384055 0.388655 0.206486 -0.811673
1678843589206 -4.834445 0.573362 -2.613689 0.384055 0.388655 0.206486 -0.811673
1678843589261 -4.772010 0.572524 -2.576747 0.373692 0.396950 0.228012 -0.806719
1678843589311 -4.749115 0.575447 -2.568402 0.373124 0.402196 0.240489 -0.800738
1678843589361 -4.693989 0.577322 -2.530359 0.365452 0.423788 0.252627 -0.789321
1678843589415 -4.641132 0.575587 -2.488952 0.359274 0.432382 0.265401 -0.783282
1678843589481 -4.616488 0.574627 -2.468007 0.358343 0.442022 0.271549 -0.776188
1678843589502 -4.594971 0.574662 -2.447327 0.357117 0.456002 0.276751 -0.766772
1678843589555 -4.550227 0.571003 -2.403159 0.353651 0.481308 0.290663 -0.747522
1678843589605 -4.535412 0.567728 -2.385177 0.354302 0.495269 0.297251 -0.735404
1678843589655 -4.513372 0.564347 -2.363450 0.355438 0.510855 0.301543 -0.722332
1678843589705 -4.466082 0.556352 -2.316649 0.361651 0.543141 0.308652 -0.692055
1678843589762 -4.420746 0.545432 -2.272697 0.367951 0.572259 0.322651 -0.658049
1678843589792 -4.397049 0.540476 -2.248772 0.368850 0.590680 0.327751 -0.638456
1678843589856 -4.349950 0.531148 -2.197793 0.358566 0.621645 0.339202 -0.608218
1678843589898 -4.326504 0.527174 -2.171356 0.352212 0.633420 0.348160 -0.594567
1678843589938 -4.303554 0.523346 -2.143663 0.344286 0.648385 0.358745 -0.576512
1678843589993 -4.257272 0.518579 -2.087065 0.310787 0.669627 0.375602 -0.560299
1678843590054 -4.235525 0.517447 -2.059645 0.301181 0.683775 0.382299 -0.543681
1678843590087 -4.196362 0.512075 -2.002968 0.277511 0.713738 0.395404 -0.507169
1678843590148 -4.178473 0.506872 -1.972990 0.258072 0.719841 0.402592 -0.503137
1678843590224 -4.135241 0.484126 -1.883010 0.218213 0.733441 0.433260 -0.476165
1678843590272 -4.131734 0.477503 -1.854701 0.209265 0.743260 0.438858 -0.459538
1678843590323 -4.110566 0.456810 -1.793389 0.200635 0.754115 0.452414 -0.431714
1678843590372 -4.103344 0.444156 -1.762319 0.196267 0.753531 0.461500 -0.425074
1678843590408 -4.092965 0.430587 -1.729860 0.191474 0.751700 0.471301 -0.419715
1678843590463 -4.076149 0.403631 -1.664488 0.183001 0.752344 0.486477 -0.404758
1678843590514 -4.057133 0.377761 -1.595872 0.177653 0.751777 0.498601 -0.393279
1678843590556 -4.047215 0.364101 -1.560776 0.177075 0.750200 0.504730 -0.388706
1678843590602 -4.079817 0.357790 -1.563882 0.178100 0.747607 0.511469 -0.384400
1678843590656 -4.064704 0.326676 -1.497518 0.170384 0.733185 0.536401 -0.381684
1678843590697 -4.067857 0.312380 -1.477915 0.167294 0.738059 0.534570 -0.376187
1678843590756 -4.062167 0.298302 -1.446406 0.165497 0.738809 0.537893 -0.370734
1678843590806 -4.055574 0.270223 -1.389606 0.151353 0.735519 0.546511 -0.370715
1678843590858 -4.049096 0.243568 -1.331094 0.132056 0.735122 0.553191 -0.368966
1678843590896 -4.052894 0.232978 -1.312558 0.124696 0.736974 0.553734 -0.367015
1678843590971 -4.050220 0.220952 -1.284265 0.115896 0.733978 0.559680 -0.366881
1678843590993 -4.047789 0.200464 -1.226417 0.101632 0.732192 0.567933 -0.361965
1678843591036 -4.045020 0.190489 -1.197266 0.092654 0.732743 0.569258 -0.361177
1678843591070 -4.045396 0.183976 -1.169002 0.084857 0.735239 0.571224 -0.354860
1678843591130 -4.041492 0.166817 -1.109054 0.065725 0.739333 0.575512 -0.343298
1678843591176 -4.040376 0.157320 -1.078180 0.058193 0.741024 0.578430 -0.336028
1678843591216 -4.039691 0.144992 -1.019136 0.038949 0.745333 0.584646 -0.318042
1678843591269 -4.041530 0.138636 -0.991046 0.022886 0.749238 0.586784 -0.306273
1678843591309 -4.044210 0.133598 -0.964247 0.009139 0.747242 0.593713 -0.298414
1678843591362 -4.054785 0.127616 -0.915227 -0.012737 0.749097 0.604774 -0.270073
1678843591422 -4.068661 0.123983 -0.863925 -0.040811 0.748669 0.609667 -0.257169
1678843591473 -4.079005 0.125328 -0.840968 -0.045101 0.751335 0.612152 -0.242346
1678843591508 -4.089726 0.125965 -0.815751 -0.052935 0.757619 0.609951 -0.226209
1678843591583 -4.113518 0.125808 -0.771219 -0.069973 0.762876 0.608504 -0.206996
1678843591617 -4.137376 0.121940 -0.718752 -0.088436 0.766962 0.604796 -0.195370
1678843591660 -4.149862 0.120137 -0.691229 -0.096541 0.770409 0.600662 -0.190671
1678843591723 -4.175732 0.118158 -0.636853 -0.106485 0.774688 0.595916 -0.182768
1678843591756 -4.189295 0.117337 -0.609449 -0.112056 0.777169 0.592261 -0.180770
1678843591789 -4.205595 0.119080 -0.586747 -0.115900 0.778985 0.589599 -0.179226
1678843591860 -4.234829 0.123030 -0.535606 -0.118081 0.782906 0.585790 -0.173105
1678843591891 -4.249067 0.124561 -0.510446 -0.118497 0.781720 0.587361 -0.172857
1678843591953 -4.264923 0.127403 -0.485954 -0.115194 0.783358 0.587466 -0.167223
1678843591987 -4.298515 0.133854 -0.441905 -0.113575 0.785693 0.587311 -0.157650
1678843592029 -4.314752 0.136150 -0.422074 -0.119432 0.784286 0.587642 -0.159082
1678843592082 -4.331185 0.141005 -0.403826 -0.120055 0.784955 0.588346 -0.152586
1678843592128 -4.366959 0.151128 -0.368914 -0.117712 0.787849 0.589102 -0.135636
1678843592185 -4.404848 0.159546 -0.336461 0.114378 -0.791346 -0.589749 0.113514
1678843592243 -4.425292 0.164453 -0.319773 0.116911 -0.796327 -0.584833 0.100828
1678843592279 -4.444610 0.168612 -0.306061 0.121843 -0.799900 -0.580453 0.091596
1678843592326 -4.485123 0.174849 -0.270595 0.127898 -0.804428 -0.575440 0.073532
1678843592371 -4.505931 0.178041 -0.252505 0.130661 -0.807785 -0.571533 0.061332
1678843592423 -4.547509 0.184566 -0.215004 0.134663 -0.814746 -0.562678 0.038049
1678843592485 -4.590383 0.191915 -0.173966 0.137209 -0.818523 -0.557629 0.015616
1678843592531 -4.612460 0.195821 -0.155671 0.140786 -0.820439 -0.554126 0.002033
1678843592573 -4.634820 0.199709 -0.137893 0.145696 -0.822107 -0.550255 -0.011507
1678843592622 -4.680148 0.207663 -0.103699 0.153486 -0.817544 -0.553746 -0.037806
1678843592666 -4.703897 0.210892 -0.087379 0.161483 -0.814821 -0.554608 -0.048984
1678843592717 -4.728952 0.216316 -0.073423 0.167955 -0.814402 -0.551490 -0.066320
1678843592768 -4.780787 0.226897 -0.048371 0.186015 -0.815608 -0.538669 -0.100088
1678843592833 -4.831028 0.234107 -0.026757 0.202966 -0.812725 -0.532591 -0.120952
1678843592879 -4.878440 0.240461 -0.013206 0.208430 -0.810418 -0.527714 -0.145939
1678843592935 -4.903731 0.243440 -0.005110 0.209280 -0.808567 -0.526987 -0.157180
1678843592982 -4.961779 0.246818 0.021338 0.211400 -0.807442 -0.521459 -0.177280
1678843593059 -5.014047 0.249011 0.036836 0.214221 -0.806460 -0.517061 -0.190731
1678843593095 -5.040798 0.253703 0.043942 0.211208 -0.805604 -0.517070 -0.197567
1678843593149 -5.066519 0.256788 0.052286 0.206623 -0.805515 -0.516321 -0.204609
1678843593186 -5.108347 0.264522 0.065444 0.192947 -0.807479 -0.513505 -0.216937
1678843593252 -5.128106 0.270332 0.076236 0.184508 -0.808663 -0.515282 -0.215649
1678843593287 -5.165675 0.285249 0.109205 0.158662 -0.808829 -0.526962 -0.207201
1678843593328 -5.176010 0.296003 0.123274 0.141066 -0.810439 -0.531410 -0.202217
1678843593381 -5.180049 0.317379 0.149428 0.103121 -0.816058 -0.536717 -0.188018
1678843593435 -5.178226 0.327559 0.166010 0.084911 -0.820954 -0.535855 -0.177998
1678843593468 -5.175983 0.339321 0.184540 0.067774 -0.826407 -0.533758 -0.166013
1678843593526 -5.153944 0.351388 0.219904 0.037529 -0.835089 -0.532225 -0.133997
1678843593565 -5.138787 0.356603 0.238272 0.025360 -0.838417 -0.532642 -0.112724
1678843593614 -5.100768 0.360891 0.272483 0.002238 -0.845545 -0.528887 -0.072982
1678843593671 -5.077475 0.360483 0.288752 -0.009456 -0.847948 -0.527548 -0.050873
1678843593703 -5.052634 0.360820 0.305679 -0.021803 -0.850273 -0.525084 -0.029116
1678843593778 -4.962841 0.361273 0.353174 0.061288 0.852527 0.517916 -0.034701
1678843593833 -4.930461 0.361725 0.366724 0.073484 0.852822 0.514416 -0.051680
1678843593876 -4.897078 0.362517 0.379236 0.083073 0.853999 0.509065 -0.068095
1678843593938 -4.826827 0.365852 0.400331 0.090016 0.852964 0.500240 -0.118785
1678843593995 -4.746613 0.367265 0.418854 0.114678 0.848502 0.493076 -0.154170
1678843594035 -4.707242 0.370217 0.424263 0.121079 0.848271 0.484387 -0.176479
1678843594094 -4.624526 0.374836 0.429121 0.138662 0.837799 0.474163 -0.232455
1678843594127 -4.583052 0.376457 0.428704 0.153026 0.829518 0.469892 -0.260162
1678843594181 -4.542275 0.378607 0.425549 0.169550 0.822553 0.461872 -0.285192
1678843594226 -4.464450 0.384493 0.414082 0.203710 0.806392 0.443379 -0.334140
1678843594287 -4.425696 0.383453 0.405823 0.217996 0.794421 0.435407 -0.363034
1678843594316 -4.349079 0.388207 0.385044 0.252164 0.765397 0.421122 -0.416218
1678843594366 -4.311996 0.386539 0.371459 0.269035 0.750196 0.412096 -0.441591
1678843594415 -4.241135 0.382921 0.340899 0.297077 0.716815 0.393509 -0.493024
1678843594483 -4.176285 0.378510 0.304020 0.319655 0.680980 0.372410 -0.543504
1678843594526 -4.146307 0.378376 0.284050 0.331564 0.665401 0.356863 -0.565646
1678843594556 -4.117479 0.377682 0.261860 0.346872 0.644224 0.341629 -0.589869
1678843594625 -4.063869 0.373184 0.210322 0.394658 0.570677 0.328436 -0.640861
1678843594672 -4.045702 0.375958 0.183262 0.414472 0.551170 0.308466 -0.655189
1678843594727 -4.017029 0.383046 0.129601 0.435090 0.515661 0.268567 -0.687505
1678843594782 -4.011967 0.384033 0.101403 0.442466 0.485982 0.257683 -0.708269
1678843594824 -3.998173 0.385426 0.039470 0.461504 0.433212 0.227790 -0.739900
1678843594886 -3.994770 0.386072 0.006901 0.469929 0.409662 0.209571 -0.753276
1678843594926 -3.992295 0.384029 -0.060432 0.487279 0.354609 0.179053 -0.777658
1678843594967 -3.993121 0.382130 -0.094632 0.495126 0.327409 0.165009 -0.787671
1678843595020 -4.000570 0.381578 -0.161846 0.503560 0.284274 0.138685 -0.803979
1678843595071 -4.002546 0.379621 -0.195632 0.505227 0.263437 0.128357 -0.811709
1678843596491 -3.807245 0.336395 -0.251994 0.532669 0.249440 0.135926 -0.797225
1678843596538 -3.791350 0.336111 -0.271358 0.535366 0.251970 0.129975 -0.795614
1678843596599 -3.770428 0.336429 -0.311368 0.536062 0.245059 0.132427 -0.796898
1678843596636 -3.756381 0.337864 -0.328840 0.535249 0.250150 0.129622 -0.796324
1678843596689 -3.741498 0.334689 -0.365985 0.533463 0.252525 0.131535 -0.796459
1678843596738 -3.728916 0.332619 -0.381455 0.529790 0.243242 0.141262 -0.800125
1678843596785 -3.706335 0.331302 -0.411282 0.530207 0.232821 0.146320 -0.802038
1678843596834 -3.687559 0.328271 -0.428791 0.530733 0.234666 0.142707 -0.801803
1678843596866 -3.675691 0.328505 -0.443196 0.531533 0.232122 0.141521 -0.802224
1678843596927 -3.648328 0.327415 -0.476106 0.530608 0.227126 0.138928 -0.804716
1678843596980 -3.620809 0.327143 -0.507591 0.527536 0.220059 0.135309 -0.809303
1678843597023 -3.607798 0.326363 -0.525057 0.526323 0.217527 0.131399 -0.811419
1678843597074 -3.577272 0.325148 -0.558365 0.522601 0.209018 0.127442 -0.816675
1678843597123 -3.567511 0.328173 -0.574004 0.521999 0.204723 0.124679 -0.818572
1678843597187 -3.535134 0.327859 -0.607054 0.515356 0.203241 0.116282 -0.824366
1678843597230 -3.518881 0.330319 -0.619641 0.513109 0.195188 0.113044 -0.828156
1678843597269 -3.504300 0.329333 -0.637724 0.518602 0.176117 0.110708 -0.829324
1678843597315 -3.483970 0.336192 -0.674382 0.531282 0.165037 0.088780 -0.826208
1678843597367 -3.473708 0.339061 -0.689622 0.529550 0.164048 0.077727 -0.828628
1678843597415 -3.469224 0.337114 -0.713081 0.537783 0.133286 0.076085 -0.828996
1678843597454 -3.464111 0.338317 -0.728528 0.539515 0.128366 0.067485 -0.829392
1678843597516 -3.448811 0.336960 -0.764909 0.544631 0.116961 0.053266 -0.828770
1678843597572 -3.446744 0.335219 -0.781916 0.545362 0.110937 0.049719 -0.829338
1678843597630 -3.425854 0.324471 -0.824151 0.547870 0.093352 0.047782 -0.829964
1678843597694 -3.427159 0.318398 -0.864771 0.550523 0.081729 0.041028 -0.829796
1678843597727 -3.428802 0.315504 -0.886806 0.550968 0.079202 0.036543 -0.829955
1678843597770 -3.422373 0.311665 -0.914047 0.551165 0.072289 0.035621 -0.830495
1678843597818 -3.422164 0.301604 -0.966835 0.552062 0.058803 0.033094 -0.831068
1678843597880 -3.425492 0.299509 -0.994837 0.551221 0.054350 0.031123 -0.832006
1678843597921 -3.430604 0.296571 -1.053824 0.547145 0.052647 0.028811 -0.834884
1678843597978 -3.440265 0.296674 -1.113599 0.552381 0.045962 0.026693 -0.831896
1678843598027 -3.442411 0.296942 -1.140397 0.556587 0.043490 0.032894 -0.828998
1678843598069 -3.443373 0.298868 -1.165124 0.552801 0.045051 0.042716 -0.830997
1678843598127 -3.441203 0.302875 -1.209907 0.536863 0.060300 0.064847 -0.839010
1678843598170 -3.439666 0.304407 -1.233992 0.529964 0.059758 0.076529 -0.842443
1678843598224 -3.435107 0.306780 -1.282228 0.530924 0.061758 0.081350 -0.841242
1678843598304 -3.424913 0.310709 -1.329176 0.523204 0.064307 0.085498 -0.845466
1678843598330 -3.416399 0.311539 -1.347113 0.518914 0.067677 0.088847 -0.847499
1678843598368 -3.407024 0.312222 -1.369235 0.514348 0.071028 0.093353 -0.849522
1678843598429 -3.384625 0.312841 -1.408314 0.504125 0.076866 0.106116 -0.853633
1678843598487 -3.358684 0.313003 -1.453296 0.493358 0.087919 0.114602 -0.857750
1678843598527 -3.343808 0.313663 -1.473871 0.487943 0.089370 0.120167 -0.859933
1678843598594 -3.315922 0.314590 -1.520966 0.480326 0.092194 0.127390 -0.862878
1678843598628 -3.300644 0.320115 -1.541019 0.480340 0.090257 0.129270 -0.862796
1678843598658 -3.286828 0.322189 -1.564707 0.485446 0.086946 0.130355 -0.860111
1678843598721 -3.253951 0.331543 -1.609905 0.473211 0.111101 0.130336 -0.864142
1678843598799 -3.237988 0.335022 -1.630759 0.463842 0.117118 0.132673 -0.868062
1678843598816 -3.208298 0.336341 -1.675682 0.469830 0.101125 0.132681 -0.866850
1678843598863 -3.193129 0.339532 -1.696909 0.470886 0.102685 0.128275 -0.866757
1678843598917 -3.156461 0.348969 -1.735702 0.461904 0.120824 0.123421 -0.869950
1678843598971 -3.138560 0.349490 -1.757194 0.458034 0.122749 0.126763 -0.871246
1678843599003 -3.114895 0.352138 -1.779750 0.453910 0.121443 0.132219 -0.872775
1678843599055 -3.075492 0.354152 -1.826244 0.445397 0.130675 0.135756 -0.875280
1678843599103 -3.050285 0.358353 -1.850487 0.439743 0.139186 0.138153 -0.876451
1678843599158 -3.007316 0.364455 -1.892623 0.423916 0.164480 0.142770 -0.879123
1678843599203 -2.985498 0.366235 -1.911435 0.418021 0.176819 0.145586 -0.879089
1678843599254 -2.939570 0.367473 -1.945704 0.415238 0.196644 0.160909 -0.873509
1678843599298 -2.913418 0.368795 -1.957223 0.414591 0.204778 0.174518 -0.869324
1678843599360 -2.862012 0.370056 -1.970872 0.400908 0.253560 0.196897 -0.858028
1678843599388 -2.835969 0.368710 -1.974323 0.390429 0.271081 0.211904 -0.853918
1678843599433 -2.808721 0.365773 -1.976519 0.388569 0.278393 0.227993 -0.848252
1678843599491 -2.760788 0.361858 -1.962554 0.381603 0.315698 0.245404 -0.833361
1678843599552 -2.736322 0.362096 -1.955105 0.373910 0.342361 0.249246 -0.825141
1678843599602 -2.680526 0.356005 -1.946213 0.371968 0.368992 0.265461 -0.809330
1678843599652 -2.632387 0.349882 -1.923503 0.354685 0.393048 0.285455 -0.798891
1678843599692 -2.616359 0.353306 -1.904504 0.345454 0.408126 0.290661 -0.793480
1678843599745 -2.593561 0.352389 -1.890800 0.340868 0.421055 0.295596 -0.786857
1678843599796 -2.545807 0.354831 -1.859987 0.334832 0.441484 0.301636 -0.775884
1678843599836 -2.521609 0.353889 -1.843900 0.332272 0.449925 0.305762 -0.770501
1678843599883 -2.472223 0.352641 -1.809412 0.328200 0.463517 0.311489 -0.761847
1678843599955 -2.446615 0.351638 -1.789920 0.330016 0.470666 0.315917 -0.754824
1678843599991 -2.396560 0.352172 -1.748798 0.323101 0.491136 0.319626 -0.743122
1678843600039 -2.372850 0.353399 -1.726131 0.317600 0.503232 0.319772 -0.737315
1678843600095 -2.327569 0.356527 -1.678802 0.312400 0.520871 0.323373 -0.725623
1678843600130 -2.307492 0.356272 -1.654354 0.310965 0.530840 0.326761 -0.717452
1678843600184 -2.289069 0.355769 -1.628630 0.306737 0.545630 0.329075 -0.707043
1678843600228 -2.255913 0.354083 -1.573795 0.295151 0.569730 0.337630 -0.688694
1678843600291 -2.219390 0.346092 -1.518791 0.283752 0.586914 0.350889 -0.672230
1678843600330 -2.202096 0.349632 -1.486630 0.275834 0.598239 0.355025 -0.663312
1678843600384 -2.184992 0.347390 -1.457711 0.270647 0.609809 0.359077 -0.652646
1678843600429 -2.142226 0.347706 -1.391302 0.260076 0.636010 0.365688 -0.627793
1678843600495 -2.110449 0.343651 -1.328130 0.244372 0.657157 0.374243 -0.606934
1678843600543 -2.095094 0.341621 -1.294897 0.239252 0.668525 0.380242 -0.592663
1678843600612 -2.069190 0.340205 -1.225832 0.221143 0.694039 0.390496 -0.562955
1678843600638 -2.057051 0.337356 -1.191929 0.213178 0.701024 0.401231 -0.549667
1678843600692 -2.038869 0.332380 -1.123513 0.194850 0.721476 0.419235 -0.515507
1678843600755 -2.032057 0.329169 -1.056063 0.164016 0.743756 0.430858 -0.484033
1678843600799 -2.026891 0.329933 -1.017732 0.152113 0.746439 0.441615 -0.473990
1678843600854 -2.033922 0.332264 -0.954967 0.131508 0.767276 0.448032 -0.439615
1678843600896 -2.041341 0.328373 -0.932618 0.122207 0.778984 0.448063 -0.421294
1678843600946 -2.048086 0.329002 -0.903483 0.114930 0.787399 0.449309 -0.406097
1678843600996 -2.060815 0.328846 -0.839723 0.096175 0.798716 0.452771 -0.384449
1678843601035 -2.069683 0.328388 -0.811093 0.086914 0.804968 0.451609 -0.374862
1678843601095 -2.089458 0.329483 -0.756807 0.074850 0.814234 0.449151 -0.360118
1678843601134 -2.099665 0.331842 -0.728764 0.070294 0.819348 0.446100 -0.353160
1678843601180 -2.108769 0.337264 -0.695033 0.068409 0.823569 0.444692 -0.345402
1678843601225 -2.133068 0.346340 -0.638927 0.068208 0.835318 0.441286 -0.320714
1678843601290 -2.159717 0.355494 -0.582280 0.064120 0.840550 0.441507 -0.307304
1678843601345 -2.186279 0.361750 -0.524126 0.059618 0.845889 0.441920 -0.292617
1678843601396 -2.200563 0.364773 -0.495380 0.056795 0.850646 0.438553 -0.284336
1678843601420 -2.212830 0.367273 -0.466238 0.052884 0.853680 0.435934 -0.279993
1678843601491 -2.239847 0.366412 -0.405173 0.051199 0.855115 0.438685 -0.271502
1678843601530 -2.256484 0.367779 -0.379293 0.050313 0.858104 0.438182 -0.262912
1678843601586 -2.292781 0.368688 -0.330763 0.043305 0.866743 0.435604 -0.239018
1678843601629 -2.311500 0.367104 -0.304872 0.037825 0.869802 0.435277 -0.229232
1678843601690 -2.349155 0.360209 -0.246366 0.028736 0.873167 0.438305 -0.211287
1678843601733 -2.368597 0.357141 -0.219300 0.024933 0.874846 0.440024 -0.201002
1678843601786 -2.411161 0.351842 -0.164730 0.014440 0.881710 0.439604 -0.170669
1678843601836 -2.434173 0.348387 -0.136692 0.004143 0.884802 0.438486 -0.157605
1678843601886 -2.482469 0.341358 -0.080063 -0.017932 0.890082 0.436314 -0.130623
1678843601937 -2.508806 0.340763 -0.051582 -0.023839 0.893465 0.434990 -0.109247
1678843601975 -2.533939 0.339117 -0.026649 -0.028081 0.894859 0.436349 -0.089657
1678843602026 -2.590139 0.339069 0.026567 -0.040042 0.892040 0.446555 -0.057016
1678843602083 -2.651212 0.342419 0.067119 0.054299 -0.896142 -0.440386 0.006366
1678843602143 -2.682512 0.342717 0.086008 0.066488 -0.895111 -0.440760 -0.009246
1678843602184 -2.746253 0.349417 0.118654 0.088494 -0.890329 -0.445672 -0.029318
1678843602251 -2.776979 0.353572 0.130397 0.093782 -0.890151 -0.442770 -0.052824
1678843602286 -2.837982 0.362121 0.151277 0.102637 -0.889785 -0.434429 -0.094975
1678843602324 -2.868420 0.365314 0.161870 0.108570 -0.889533 -0.430399 -0.108164
1678843602368 -2.898505 0.368721 0.172223 0.112636 -0.890180 -0.424146 -0.122443
1678843603645 -3.061575 0.340277 0.332247 0.096540 -0.919550 -0.365048 -0.108844
1678843603689 -3.074143 0.340002 0.337681 0.097956 -0.920401 -0.361597 -0.111869
1678843603768 -3.139552 0.350067 0.397920 0.090990 -0.922803 -0.356812 -0.113319
1678843603792 -3.148548 0.350922 0.403067 0.083961 -0.920026 -0.365324 -0.114198
1678843603837 -3.121117 0.344873 0.370573 0.081717 -0.916294 -0.374009 -0.117667
1678843603883 -3.142801 0.347025 0.374697 0.093225 -0.917294 -0.367059 -0.123083
1678843603933 -3.179577 0.351055 0.396012 0.096590 -0.918955 -0.359944 -0.128961
1678843603970 -3.191569 0.352126 0.398902 0.097816 -0.918956 -0.358808 -0.131179
1678843604027 -3.220088 0.353376 0.409568 0.095969 -0.918358 -0.362980 -0.125115
1678843604088 -3.229715 0.352965 0.413599 0.090921 -0.916449 -0.367571 -0.129407
1678843604121 -3.254898 0.353637 0.418784 0.091035 -0.917483 -0.365562 -0.127675
1678843604183 -3.267968 0.353258 0.421672 0.091356 -0.917525 -0.365558 -0.127159
1678843604224 -3.299357 0.349500 0.432442 0.089004 -0.914185 -0.373722 -0.129132
1678843604284 -3.314479 0.348141 0.437931 0.089122 -0.912522 -0.376438 -0.132877
1678843604334 -3.343598 0.346403 0.451710 0.091216 -0.910847 -0.377770 -0.139022
1678843604373 -3.361432 0.343954 0.462730 0.090506 -0.909112 -0.381187 -0.141495
1678843604426 -3.395268 0.337049 0.485981 0.090507 -0.907686 -0.382950 -0.145821
1678843604485 -3.435725 0.332058 0.516124 0.090549 -0.906486 -0.382160 -0.155042
1678843604527 -3.467371 0.329105 0.537063 0.090012 -0.906669 -0.379485 -0.160750
1678843604593 -3.522542 0.325863 0.578087 0.090974 -0.904532 -0.381609 -0.167095
1678843604626 -3.544717 0.325171 0.595039 0.092512 -0.902939 -0.381344 -0.175269
1678843604684 -3.589520 0.326854 0.628161 0.106152 -0.902670 -0.375754 -0.180910
1678843604720 -3.612538 0.329137 0.643404 0.104425 -0.898588 -0.380242 -0.192488
1678843604751 -3.634527 0.332737 0.657764 0.104069 -0.894342 -0.382307 -0.207755
1678843604813 -3.676061 0.336155 0.683349 0.115103 -0.895990 -0.368935 -0.218723
1678843604858 -3.697408 0.335412 0.696615 0.119545 -0.892702 -0.375303 -0.218951
1678843604923 -3.741358 0.335643 0.725903 0.129358 -0.888312 -0.376298 -0.229279
1678843604968 -3.763857 0.334379 0.734852 0.136042 -0.887539 -0.371454 -0.236198
1678843605010 -3.801720 0.328362 0.744722 0.144114 -0.883785 -0.367340 -0.251430
1678843605059 -3.825132 0.325693 0.753565 0.148211 -0.882404 -0.364742 -0.257603
1678843605116 -3.873251 0.318805 0.774423 0.153929 -0.880248 -0.366418 -0.259245
1678843605159 -3.897683 0.315400 0.783777 0.157799 -0.879406 -0.367113 -0.258790
1678843605200 -3.930453 0.315098 0.799493 0.160760 -0.878915 -0.364724 -0.261994
1678843605259 -3.980272 0.313776 0.813683 0.164026 -0.878236 -0.358838 -0.270245
1678843605306 -4.034878 0.321387 0.827851 0.159811 -0.877178 -0.355629 -0.280263
1678843605362 -4.061291 0.325703 0.834118 0.152713 -0.873099 -0.364378 -0.285668
1678843605420 -4.117354 0.336766 0.842083 0.148380 -0.868883 -0.371173 -0.291987
1678843605468 -4.144779 0.343562 0.841199 0.144331 -0.868315 -0.362646 -0.306080
1678843605491 -4.171859 0.348710 0.840349 0.141294 -0.865500 -0.361241 -0.316940
1678843605558 -4.225694 0.354262 0.837701 0.145208 -0.862495 -0.363464 -0.320797
1678843605602 -4.252573 0.357624 0.835102 0.143277 -0.859480 -0.360992 -0.332340
1678843605664 -4.308037 0.359899 0.829632 0.144498 -0.853031 -0.359188 -0.349919
1678843605699 -4.336884 0.360311 0.825374 0.147935 -0.849020 -0.355104 -0.362189
1678843605740 -4.365372 0.359656 0.819670 0.150468 -0.845670 -0.346579 -0.376941
1678843605824 -4.456124 0.354459 0.804597 0.165761 -0.830083 -0.336609 -0.412528
1678843605859 -4.487428 0.354803 0.798208 0.169670 -0.823388 -0.330852 -0.428697
1678843605921 -4.518550 0.356508 0.790655 0.171052 -0.814245 -0.327098 -0.448055
1678843605961 -4.577602 0.362680 0.763937 0.179638 -0.795912 -0.325252 -0.477980
1678843606015 -4.637265 0.366918 0.737563 0.196581 -0.777153 -0.316688 -0.507048
1678843606060 -4.673479 0.355539 0.733817 0.204511 -0.767212 -0.304644 -0.526073
1678843606100 -4.699916 0.355892 0.716444 0.212085 -0.757794 -0.292415 -0.543379
1678843606156 -4.750950 0.348069 0.679152 0.235522 -0.739055 -0.292793 -0.559106
1678843606214 -4.770505 0.353899 0.654014 0.243108 -0.727321 -0.283654 -0.575711
1678843606261 -4.809874 0.348690 0.606877 0.252132 -0.705298 -0.263406 -0.607948
1678843606324 -4.846669 0.341090 0.556781 0.264221 -0.688260 -0.259002 -0.624022
1678843606365 -4.864259 0.338082 0.531195 0.266778 -0.681345 -0.255385 -0.631962
1678843606430 -4.911141 0.336084 0.478935 0.266441 -0.663931 -0.258997 -0.648942
1678843606458 -4.928449 0.335035 0.453303 0.267591 -0.654294 -0.267927 -0.654607
1678843606510 -4.945747 0.333970 0.426414 0.272340 -0.648761 -0.272007 -0.656469
1678843606557 -4.977560 0.339353 0.366859 0.270276 -0.640118 -0.261886 -0.669788
1678843606610 -4.993696 0.340870 0.338035 0.274654 -0.633573 -0.263757 -0.673486
1678843606652 -5.022636 0.353179 0.276138 0.273823 -0.622018 -0.252164 -0.688860
1678843606697 -5.034642 0.355147 0.246616 0.272719 -0.613936 -0.247825 -0.698061
1678843606758 -5.054936 0.358841 0.197651 0.280235 -0.596030 -0.257069 -0.707201
1678843606808 -5.065174 0.356915 0.170408 0.286102 -0.591226 -0.254545 -0.709792
1678843606836 -5.074267 0.355032 0.143885 0.288950 -0.587361 -0.247650 -0.714272
1678843606894 -5.089315 0.350144 0.104272 0.295563 -0.573042 -0.245941 -0.723725
1678843606950 -5.112097 0.347684 0.061938 0.302644 -0.568621 -0.241875 -0.725654
1678843606995 -5.125980 0.342118 0.041508 0.307748 -0.568143 -0.239943 -0.724522
1678843607058 -5.151194 0.335476 0.012539 0.315315 -0.560979 -0.243287 -0.725734
1678843607098 -5.169443 0.331163 -0.004520 0.318627 -0.555918 -0.246331 -0.727154
1678843607140 -5.189374 0.327450 -0.020862 0.320859 -0.552070 -0.249155 -0.728141
1678843607206 -5.238052 0.323839 -0.057445 0.324299 -0.548883 -0.251015 -0.728388
1678843607265 -5.290730 0.328472 -0.097153 0.321281 -0.543341 -0.247553 -0.735035
1678843607301 -5.314828 0.330612 -0.111460 0.320305 -0.546720 -0.248389 -0.732670
1678843607353 -5.333677 0.334169 -0.132697 0.320156 -0.541478 -0.252202 -0.735321
1678843607396 -5.379310 0.341025 -0.161285 0.308012 -0.536433 -0.246991 -0.745898
1678843607460 -5.437570 0.343135 -0.184940 0.315372 -0.556714 -0.248189 -0.727332
1678843607503 -5.461599 0.344409 -0.195693 0.318763 -0.558683 -0.257509 -0.721078
1678843607537 -5.485895 0.350091 -0.201856 0.316781 -0.558532 -0.259050 -0.721515
1678843607598 -5.530219 0.354894 -0.224385 0.309020 -0.558375 -0.248617 -0.728638
1678843607651 -5.578908 0.350798 -0.247096 0.307105 -0.564035 -0.244200 -0.726579
1678843607705 -5.607186 0.349425 -0.258256 0.304022 -0.570582 -0.243117 -0.723119
1678843607730 -5.635122 0.349184 -0.269668 0.302161 -0.573804 -0.248557 -0.719490
1678843607801 -5.693852 0.344034 -0.293047 0.300261 -0.576964 -0.267755 -0.710819
1678843607845 -5.748776 0.343299 -0.311783 0.283882 -0.579428 -0.280046 -0.710808
1678843607898 -5.777220 0.344279 -0.322156 0.280351 -0.581658 -0.296346 -0.703744
1678843607944 -5.830887 0.348444 -0.344288 0.278140 -0.592294 -0.320982 -0.684687
1678843608009 -5.855503 0.351853 -0.355932 0.272010 -0.594647 -0.322312 -0.684485
1678843608045 -5.875307 0.347402 -0.368561 0.269278 -0.599168 -0.323834 -0.680896
1678843608098 -5.926314 0.345836 -0.391849 0.276093 -0.619093 -0.328677 -0.657623
1678843608142 -5.976861 0.345748 -0.415215 0.270897 -0.624384 -0.331442 -0.653380
1678843608195 -6.001942 0.346203 -0.425642 0.265810 -0.623005 -0.332907 -0.656036
1678843608228 -6.028622 0.345634 -0.435752 0.262358 -0.624449 -0.332313 -0.656353
1678843608291 -6.086003 0.343632 -0.454722 0.259895 -0.626479 -0.333650 -0.654719
1678843608343 -6.146785 0.342159 -0.475032 0.262523 -0.627792 -0.329189 -0.654671
1678843608396 -6.179364 0.341572 -0.485414 0.262403 -0.626259 -0.328163 -0.656699
1678843608419 -6.213530 0.342027 -0.495398 0.262674 -0.626827 -0.328010 -0.656126
1678843608506 -6.280854 0.351599 -0.515531 0.266799 -0.626732 -0.334104 -0.651460
1678843608545 -6.346496 0.358713 -0.541859 0.267847 -0.620583 -0.322672 -0.662584
1678843608576 -6.377952 0.360263 -0.557835 0.275326 -0.628076 -0.309688 -0.658642
1678843608625 -6.412794 0.351899 -0.578728 0.286520 -0.638828 -0.299963 -0.647941
1678843608665 -6.441137 0.353077 -0.595606 0.291143 -0.637378 -0.295701 -0.649266
1678843608724 -6.490029 0.352816 -0.635771 0.290910 -0.624894 -0.282962 -0.666942
1678843608753 -6.515490 0.352033 -0.656456 0.292053 -0.622994 -0.275310 -0.671408
1678843608812 -6.541461 0.349472 -0.678168 0.295421 -0.621506 -0.271795 -0.672744
1678843608863 -6.596289 0.345634 -0.725950 0.298807 -0.616936 -0.263627 -0.678679
1678843608916 -6.641624 0.341437 -0.779025 0.299710 -0.610021 -0.260021 -0.685884
1678843608960 -6.653932 0.339580 -0.805897 0.299816 -0.602353 -0.262600 -0.691609
1678843608997 -6.672321 0.342046 -0.835555 0.297387 -0.591894 -0.265474 -0.700532
1678843609044 -6.708267 0.348549 -0.897812 0.299028 -0.581104 -0.270968 -0.706736
1678843609082 -6.723224 0.353643 -0.930578 0.298015 -0.569236 -0.267921 -0.717896
1678843609122 -6.736035 0.357393 -0.963467 0.294295 -0.555452 -0.260667 -0.732745
1678843609187 -6.760061 0.360827 -1.030475 0.305220 -0.542907 -0.246407 -0.742547
1678843609223 -6.775239 0.362936 -1.063894 0.308001 -0.529849 -0.242009 -0.752215
1678843609259 -6.783564 0.364189 -1.096838 0.311305 -0.514817 -0.240104 -0.761842
1678843609325 -6.795563 0.363046 -1.164084 0.321780 -0.485706 -0.230351 -0.779413
1678843609368 -6.799255 0.362257 -1.198378 0.325468 -0.466031 -0.222473 -0.792081
1678843609426 -6.792744 0.357536 -1.265627 0.335156 -0.432414 -0.196908 -0.813582
1678843609460 -6.791245 0.354947 -1.300632 0.340705 -0.414185 -0.183546 -0.823822
1678843609522 -6.769077 0.350710 -1.362792 0.344005 -0.365013 -0.155957 -0.850943
1678843609568 -6.761951 0.347987 -1.394984 0.350757 -0.350053 -0.142001 -0.856895
1678843609621 -6.741521 0.343070 -1.452463 0.369295 -0.299505 -0.128493 -0.870292
1678843609667 -6.726559 0.339381 -1.479683 0.376020 -0.278597 -0.114324 -0.876312
1678843609714 -6.688987 0.331119 -1.528305 0.391035 -0.241484 -0.078060 -0.884694
1678843609757 -6.667280 0.328620 -1.548579 0.393868 -0.216473 -0.063256 -0.891070
1678843609810 -6.618643 0.324442 -1.586391 0.399776 -0.165732 -0.036106 -0.900782
1678843609864 -6.592175 0.321285 -1.602684 0.401803 -0.142640 -0.022975 -0.904257
1678843609909 -6.564438 0.317481 -1.618186 0.404208 -0.124529 -0.009658 -0.906099
1678843609952 -6.504019 0.310377 -1.641840 0.404482 -0.095183 0.018640 -0.909388
1678843610000 -6.440097 0.308008 -1.660076 0.398865 -0.065917 0.041743 -0.913684
1678843610057 -6.413679 0.299055 -1.680784 0.399578 -0.049333 0.049574 -0.914027
1678843610132 -6.380091 0.298171 -1.686710 0.400134 -0.028483 0.057237 -0.914224
1678843610154 -6.312451 0.289051 -1.704890 0.396625 0.011056 0.079616 -0.914455
1678843610214 -6.240323 0.282346 -1.716364 0.399440 0.037944 0.104858 -0.909952
1678843610256 -6.201519 0.278602 -1.723629 0.400458 0.048397 0.118668 -0.907309
1678843610296 -6.165400 0.278793 -1.726698 0.399238 0.065826 0.126344 -0.905711
1678843610352 -6.095901 0.279406 -1.730440 0.400236 0.113956 0.133054 -0.899512
1678843610394 -6.061048 0.280080 -1.731026 0.397134 0.133221 0.138961 -0.897344
1678843610431 -6.022492 0.276709 -1.734945 0.398576 0.144680 0.146215 -0.893771
1678843610496 -5.956594 0.275148 -1.734935 0.405441 0.172221 0.155984 -0.884096
1678843610540 -5.918228 0.272437 -1.736126 0.405935 0.189628 0.161741 -0.879260
1678843610588 -5.853213 0.270452 -1.733188 0.403576 0.220191 0.172934 -0.871055
1678843610628 -5.820175 0.267785 -1.733042 0.403819 0.233025 0.178440 -0.866481
1678843610684 -5.787705 0.266532 -1.733085 0.404583 0.246910 0.181821 -0.861562
1678843610724 -5.723664 0.265454 -1.732597 0.400143 0.276662 0.188473 -0.853125
1678843610765 -5.691453 0.264750 -1.732709 0.399217 0.294894 0.190318 -0.847020
1678843610819 -5.624929 0.260954 -1.737278 0.419385 0.324532 0.191450 -0.825919
1678843610892 -5.560606 0.261533 -1.743641 0.456893 0.351273 0.177515 -0.797712
1678843610925 -5.531660 0.263808 -1.747350 0.467818 0.376660 0.166172 -0.782087
1678843610955 -5.500514 0.267078 -1.750615 0.472251 0.388801 0.162592 -0.774194
1678843611018 -5.439567 0.269046 -1.758857 0.484286 0.396031 0.176186 -0.759990
1678843611056 -5.406093 0.272727 -1.759905 0.485731 0.406829 0.185619 -0.751067
1678843611095 -5.372345 0.276322 -1.758765 0.479624 0.420747 0.198489 -0.743999
1678843611158 -5.312907 0.278225 -1.754174 0.461698 0.434126 0.229916 -0.738585
1678843611226 -5.250614 0.280428 -1.743671 0.449864 0.456811 0.248327 -0.726140
1678843611254 -5.236090 0.291549 -1.729478 0.455683 0.464048 0.258772 -0.714178
1678843611312 -5.206555 0.289684 -1.721955 0.463709 0.467490 0.272990 -0.701358
1678843611341 -5.156278 0.289810 -1.698677 0.458475 0.482542 0.287494 -0.688695
1678843611415 -5.101840 0.286831 -1.677118 0.425337 0.489020 0.298897 -0.700435
1678843611460 -5.081023 0.288091 -1.657720 0.414425 0.488551 0.308753 -0.703023
1678843611527 -5.026051 0.281935 -1.632461 0.400879 0.489458 0.319653 -0.705372
1678843611562 -4.998450 0.280953 -1.618935 0.391336 0.496418 0.318379 -0.706442
1678843611591 -4.970620 0.279816 -1.604361 0.387906 0.506315 0.317521 -0.701680
1678843611649 -4.919404 0.274760 -1.574419 0.381618 0.511352 0.321706 -0.699566
1678843611729 -4.852677 0.278743 -1.541634 0.379846 0.520199 0.323067 -0.693353
1678843611760 -4.825714 0.281280 -1.523878 0.379640 0.533100 0.320180 -0.684954
1678843611815 -4.799405 0.283533 -1.505833 0.377069 0.541350 0.319245 -0.680325
1678843611856 -4.748558 0.282228 -1.468146 0.367411 0.551032 0.323144 -0.675981
1678843611924 -4.699866 0.288809 -1.428499 0.363185 0.573788 0.318462 -0.661397
1678843611973 -4.674125 0.290800 -1.408952 0.363602 0.583105 0.316605 -0.653868
1678843612018 -4.647721 0.292167 -1.388843 0.358076 0.591006 0.315397 -0.650399
1678843612055 -4.600890 0.289097 -1.350861 0.343390 0.608210 0.316353 -0.641937
1678843612114 -4.547264 0.289139 -1.308115 0.333344 0.628809 0.315201 -0.627797
1678843612153 -4.519397 0.290172 -1.286230 0.332744 0.638619 0.316144 -0.617657
1678843612191 -4.491775 0.292348 -1.263900 0.327830 0.649226 0.316565 -0.608949
1678843612256 -4.438658 0.293715 -1.218084 0.304360 0.664133 0.320877 -0.602769
1678843612324 -4.388462 0.296169 -1.163362 0.279349 0.683346 0.334844 -0.585562
1678843612352 -4.366303 0.296715 -1.133781 0.263535 0.693426 0.341341 -0.577231
1678843612395 -4.344431 0.295505 -1.104675 0.255036 0.693109 0.353799 -0.573919
1678843612451 -4.327406 0.298398 -1.075748 0.254688 0.696777 0.364364 -0.562916
1678843612500 -4.291975 0.298257 -1.015779 0.236282 0.718013 0.368027 -0.541465
1678843612553 -4.249919 0.297405 -0.950959 0.233130 0.730421 0.376293 -0.520135
1678843612613 -4.231867 0.294729 -0.919744 0.230192 0.737930 0.377524 -0.509849
1678843612643 -4.219584 0.293825 -0.889962 0.225984 0.743677 0.378623 -0.502513
1678843612693 -4.183179 0.287447 -0.827524 0.220215 0.750528 0.379039 -0.494512
1678843612772 -4.145483 0.282123 -0.768337 0.223239 0.752548 0.378417 -0.490547
1678843612822 -4.105292 0.278272 -0.713753 0.241774 0.740685 0.386760 -0.493302
1678843612856 -4.084890 0.277918 -0.686344 0.251042 0.736061 0.392739 -0.490865
1678843612906 -4.063745 0.276957 -0.659716 0.257759 0.738109 0.391483 -0.485279
1678843612969 -4.023571 0.277787 -0.609290 0.264424 0.731451 0.393899 -0.489798
1678843613013 -4.003133 0.276996 -0.585202 0.262823 0.725598 0.396901 -0.496892
1678843613055 -3.954173 0.278426 -0.534231 0.268347 0.723069 0.396689 -0.497795
1678843613116 -3.908522 0.276960 -0.490316 0.272101 0.726944 0.392784 -0.493188
1678843613157 -3.897496 0.273329 -0.483289 0.272879 0.725569 0.393143 -0.494495
1678843613193 -3.870859 0.269912 -0.461352 0.273257 0.723419 0.393238 -0.497352
1678843613250 -3.830047 0.262349 -0.433541 0.274461 0.724610 0.388637 -0.498571
1678843613299 -3.801846 0.259624 -0.410933 0.273970 0.723370 0.388987 -0.500366
1678843613346 -3.752853 0.256767 -0.369464 0.277837 0.730474 0.385619 -0.490420
1678843613395 -3.725101 0.254587 -0.345870 0.286167 0.722106 0.395820 -0.489895
1678843613433 -3.700536 0.254021 -0.321803 0.288205 0.718817 0.407138 -0.484230
1678843613493 -3.658573 0.257112 -0.279438 0.288549 0.735708 0.404936 -0.459892
1678843613550 -3.614046 0.254728 -0.232383 0.275196 0.728258 0.425635 -0.461239
1678843613600 -3.593239 0.255617 -0.209082 0.269924 0.728242 0.430506 -0.459857
1678843613648 -3.560851 0.254711 -0.168116 0.257817 0.739998 0.429961 -0.448405
1678843613699 -3.541679 0.254721 -0.143705 0.251764 0.746624 0.428286 -0.442424
1678843613742 -3.524437 0.253182 -0.121917 0.244700 0.750066 0.428031 -0.440809
1678843613810 -3.480307 0.245716 -0.071081 0.238409 0.751314 0.430954 -0.439280
1678843613851 -3.437853 0.239299 -0.024448 0.240793 0.752526 0.428627 -0.438180
1678843613893 -3.413275 0.236480 -0.000838 0.245063 0.750365 0.429090 -0.439064
1678843613936 -3.385907 0.236892 0.025587 0.249752 0.748615 0.428466 -0.440018
1678843614017 -3.306474 0.236521 0.085902 0.258581 0.723916 0.439284 -0.464878
1678843614052 -3.280416 0.239337 0.104986 0.266429 0.724052 0.435227 -0.464049
1678843614087 -3.254508 0.241977 0.121713 0.268363 0.720394 0.433922 -0.469815
1678843614157 -3.195020 0.241631 0.160101 0.271249 0.704710 0.435219 -0.490299
1678843614210 -3.168424 0.242903 0.173753 0.279437 0.701434 0.432580 -0.492727
1678843614254 -3.131221 0.244809 0.181089 0.296984 0.698646 0.419437 -0.497762
1678843614317 -3.073381 0.241512 0.205167 0.310712 0.695288 0.408761 -0.502939
1678843614356 -3.048304 0.239428 0.209520 0.316245 0.696011 0.401635 -0.504229
1678843614407 -3.018643 0.238081 0.221460 0.320527 0.697445 0.394380 -0.505269
1678843614454 -2.960433 0.234567 0.243505 0.324754 0.695954 0.385695 -0.511295
1678843614506 -2.930547 0.233441 0.255449 0.327191 0.695033 0.382991 -0.513023
1678843614552 -2.875051 0.234732 0.278647 0.332008 0.687908 0.387381 -0.516227
1678843614619 -2.847328 0.238465 0.288862 0.338293 0.692657 0.381402 -0.510212
1678843614654 -2.780669 0.241743 0.313311 0.339866 0.686373 0.382833 -0.516548
1678843614718 -2.723276 0.245921 0.328624 0.343890 0.670053 0.387345 -0.531726
1678843614757 -2.698163 0.247698 0.331148 0.349964 0.670718 0.381271 -0.531314
1678843614788 -2.669729 0.250680 0.336065 0.353273 0.672322 0.375604 -0.531135
1678843614850 -2.613907 0.250876 0.338569 0.349556 0.664562 0.367640 -0.548642
1678843614916 -2.550548 0.251303 0.339388 0.347475 0.655544 0.352387 -0.570392
1678843614947 -2.523264 0.248509 0.334290 0.348952 0.650411 0.343517 -0.580684
1678843614998 -2.491043 0.246902 0.330662 0.351033 0.642919 0.335033 -0.592607
1678843615047 -2.460204 0.242098 0.326608 0.354018 0.631250 0.328512 -0.606857
1678843615091 -2.396888 0.236583 0.311597 0.367247 0.601395 0.315316 -0.635633
1678843615150 -2.341389 0.233719 0.287821 0.389482 0.562227 0.306386 -0.662066
1678843615199 -2.316455 0.235414 0.273918 0.403093 0.548391 0.294997 -0.670642
1678843615232 -2.290887 0.236620 0.260278 0.411679 0.531705 0.285237 -0.682972
1678843615299 -2.249398 0.235628 0.226255 0.428326 0.491712 0.270603 -0.708188
1678843615354 -2.215407 0.236164 0.188024 0.449135 0.462494 0.242983 -0.724801
1678843615396 -2.198547 0.234678 0.166645 0.456297 0.445209 0.229556 -0.735450
1678843615451 -2.160769 0.228965 0.123248 0.471157 0.407754 0.207300 -0.754171
1678843615492 -2.143674 0.225643 0.100244 0.476574 0.395801 0.193612 -0.760746
1678843615541 -2.100367 0.224487 0.057227 0.488979 0.377585 0.167620 -0.768266
1678843615593 -2.082816 0.222593 0.034302 0.492569 0.367853 0.157911 -0.772738
1678843615648 -2.063148 0.218380 0.011431 0.495211 0.357231 0.150180 -0.777559
1678843615707 -2.029618 0.216673 -0.033854 0.503298 0.333967 0.142316 -0.784158
1678843615767 -2.004990 0.224952 -0.080668 0.507298 0.323290 0.127751 -0.788551
1678843615805 -1.977956 0.225572 -0.127076 0.509376 0.299131 0.129169 -0.796475
1678843615854 -1.968885 0.222913 -0.151332 0.513802 0.281007 0.129433 -0.800181
1678843615889 -1.959183 0.224189 -0.175488 0.518988 0.267790 0.124161 -0.802199
1678843615954 -1.946872 0.226454 -0.225714 0.516376 0.257190 0.104692 -0.810092
1678843615999 -1.939943 0.225416 -0.251771 0.513845 0.243611 0.100799 -0.816368
1678843616038 -1.929281 0.222490 -0.304954 0.509721 0.212438 0.091292 -0.828686
1678843616096 -1.924812 0.219294 -0.334143 0.509295 0.199710 0.082486 -0.833025
1678843616155 -1.918234 0.215085 -0.395803 0.513407 0.168212 0.064823 -0.838997
1678843616192 -1.916138 0.210579 -0.426906 0.517321 0.147754 0.057492 -0.840977
1678843616245 -1.918766 0.203199 -0.487764 0.524279 0.114843 0.030566 -0.843213
1678843616299 -1.922253 0.199686 -0.520355 0.540070 0.080749 0.014747 -0.837607
1678843616348 -1.928910 0.201881 -0.580319 0.558241 0.039627 -0.016392 -0.828570
1678843616415 -1.935917 0.205051 -0.606300 0.555976 0.028327 -0.031285 -0.830126
1678843616440 -1.945353 0.205044 -0.631711 0.559528 0.004236 -0.040464 -0.827812
1678843616503 -1.970934 0.205977 -0.679573 0.558769 -0.038525 -0.069333 -0.825522
1678843616559 -2.002344 0.206089 -0.724102 0.553048 -0.073429 -0.101323 -0.823699
1678843616612 -2.036937 0.203649 -0.767177 0.540871 -0.105343 -0.122131 -0.825497
1678843616656 -2.053923 0.203097 -0.791240 0.534273 -0.122618 -0.128564 -0.826431
1678843616699 -2.072802 0.201332 -0.813415 0.528308 -0.139700 -0.133371 -0.826793
1678843616754 -2.101588 0.205400 -0.871056 0.512393 -0.160651 -0.138039 -0.832219
1678843616811 -2.138094 0.204724 -0.916948 0.502357 -0.170251 -0.144334 -0.835356
1678843616867 -2.157096 0.205537 -0.939872 0.505929 -0.182109 -0.145195 -0.830536
1678843616919 -2.194099 0.213084 -0.981793 0.499459 -0.186657 -0.154712 -0.831723
1678843616970 -2.213641 0.208695 -1.004369 0.497621 -0.196190 -0.155469 -0.830489
1678843617011 -2.252376 0.216484 -1.043103 0.494915 -0.223408 -0.157700 -0.824790
1678843617058 -2.273588 0.217879 -1.060854 0.493978 -0.228319 -0.167006 -0.822171
1678843617122 -2.313059 0.223160 -1.095651 0.479170 -0.243931 -0.172911 -0.825224
1678843617165 -2.335884 0.220617 -1.116242 0.471845 -0.253154 -0.172720 -0.826706
1678843617214 -2.381727 0.217015 -1.153474 0.462673 -0.280785 -0.171890 -0.823132
1678843617252 -2.404423 0.214672 -1.169452 0.457839 -0.296897 -0.170709 -0.820423
1678843617296 -2.428964 0.211142 -1.187582 0.454305 -0.312279 -0.170194 -0.816776
1678843617358 -2.489072 0.206442 -1.232870 0.452389 -0.337637 -0.179107 -0.805771
1678843617409 -2.516059 0.203702 -1.250157 0.451227 -0.348082 -0.186450 -0.800293
1678843617455 -2.573401 0.197679 -1.280015 0.452284 -0.378962 -0.203991 -0.781162
1678843617499 -2.602587 0.197167 -1.294097 0.457380 -0.406225 -0.205732 -0.763845
1678843617545 -2.632146 0.199231 -1.306622 0.459618 -0.421709 -0.217339 -0.750784
1678843617590 -2.693024 0.202355 -1.324454 0.454854 -0.448108 -0.240893 -0.730943
1678843617661 -2.754637 0.209182 -1.333536 0.440674 -0.477024 -0.269436 -0.711097
1678843617715 -2.785800 0.212057 -1.336908 0.434070 -0.482626 -0.290790 -0.702920
1678843617750 -2.840878 0.213113 -1.333766 0.415933 -0.510959 -0.307492 -0.686563
1678843617817 -2.905556 0.209628 -1.337569 0.400735 -0.529286 -0.321133 -0.675382
1678843617852 -2.942209 0.211997 -1.342106 0.394280 -0.539121 -0.326108 -0.668989
1678843617892 -2.975230 0.209437 -1.343761 0.391243 -0.544920 -0.330655 -0.663821
1678843617951 -3.037982 0.206211 -1.346018 0.384617 -0.546373 -0.333295 -0.665177
1678843618014 -3.104995 0.204452 -1.351750 0.389967 -0.555752 -0.321664 -0.659998
1678843618051 -3.145452 0.201005 -1.359940 0.394893 -0.565479 -0.310468 -0.654143
1678843618130 -3.176299 0.204374 -1.363062 0.396480 -0.568155 -0.302872 -0.654425
1678843618154 -3.245068 0.199489 -1.374437 0.402516 -0.559113 -0.300995 -0.659375
1678843618236 -3.316441 0.204674 -1.388033 0.408985 -0.560016 -0.291676 -0.658816
1678843618259 -3.346364 0.205848 -1.391882 0.409419 -0.553474 -0.294637 -0.662746
1678843618318 -3.408403 0.203253 -1.400583 0.410093 -0.553523 -0.295421 -0.661938
1678843618351 -3.448231 0.204843 -1.408797 0.411360 -0.561277 -0.293702 -0.655354
1678843618409 -3.481186 0.202126 -1.412627 0.411682 -0.566736 -0.295193 -0.649761
1678843618447 -3.539842 0.199294 -1.415553 0.406595 -0.579333 -0.298923 -0.640078
1678843618499 -3.573736 0.197286 -1.416751 0.402651 -0.587610 -0.299132 -0.634907
1678843618553 -3.629474 0.190642 -1.413982 0.392757 -0.603111 -0.302041 -0.625116
1678843618593 -3.663093 0.190101 -1.411850 0.391908 -0.621322 -0.299957 -0.608599
1678843618649 -3.722555 0.198535 -1.402464 0.382650 -0.637420 -0.315507 -0.589686
1678843618697 -3.753410 0.202118 -1.396466 0.378401 -0.640720 -0.328252 -0.581843
1678843618752 -3.800423 0.206845 -1.376424 0.369225 -0.661159 -0.337177 -0.559333
1678843618796 -3.828460 0.209213 -1.368205 0.360673 -0.664445 -0.346621 -0.555232
1678843618828 -3.869803 0.209979 -1.365048 0.353516 -0.664287 -0.358481 -0.552486
1678843618909 -3.929064 0.206503 -1.349322 0.347328 -0.675457 -0.367237 -0.536897
1678843618949 -3.994874 0.201262 -1.335922 0.342801 -0.687099 -0.367938 -0.524409
1678843618992 -4.026980 0.197925 -1.329111 0.339861 -0.688302 -0.369502 -0.523643
1678843619033 -4.054963 0.194828 -1.323116 0.337474 -0.687898 -0.369597 -0.525649
1678843619087 -4.120015 0.189669 -1.313904 0.335462 -0.685034 -0.363709 -0.534706
1678843619143 -4.151004 0.183436 -1.306714 0.340391 -0.682739 -0.360955 -0.536388
1678843619192 -4.210097 0.182718 -1.302575 0.356670 -0.690512 -0.342563 -0.527854
1678843619244 -4.236475 0.183867 -1.300571 0.358517 -0.676073 -0.350101 -0.540203
1678843619280 -4.283813 0.178874 -1.294452 0.373311 -0.673338 -0.341659 -0.539003
1678843619324 -4.308498 0.179566 -1.290153 0.376229 -0.673589 -0.337310 -0.539399
1678843619397 -4.356984 0.177321 -1.279045 0.375319 -0.663985 -0.346719 -0.545936
1678843619424 -4.381425 0.174462 -1.272274 0.375286 -0.666741 -0.348736 -0.541294
1678843619458 -4.396157 0.171196 -1.265843 0.377129 -0.673765 -0.349704 -0.530586
1678843619500 -4.420906 0.167225 -1.255444 0.379024 -0.685825 -0.350300 -0.513103
1678843619559 -4.466569 0.168366 -1.230693 0.368487 -0.713430 -0.351201 -0.481553
1678843619620 -4.508743 0.173303 -1.198483 0.346371 -0.729631 -0.378627 -0.452004
1678843619654 -4.526468 0.175653 -1.179258 0.332270 -0.737428 -0.389923 -0.440179
1678843619695 -4.544798 0.178626 -1.160324 0.321089 -0.746744 -0.394379 -0.428650
1678843619762 -4.585045 0.182295 -1.121938 0.312120 -0.762134 -0.399956 -0.402204
1678843619824 -4.594658 0.183374 -1.080117 0.302756 -0.771065 -0.405820 -0.386144
1678843619850 -4.612653 0.181851 -1.057660 0.295034 -0.775929 -0.408651 -0.379333
1678843619913 -4.631025 0.178821 -1.034376 0.287952 -0.779510 -0.412436 -0.373288
1678843619949 -4.658220 0.173839 -0.985516 0.279212 -0.785647 -0.417308 -0.361461
1678843620022 -4.695366 0.166295 -0.936487 0.278918 -0.788333 -0.417954 -0.355035
1678843620054 -4.716679 0.163105 -0.912279 0.282849 -0.787759 -0.417031 -0.354284
1678843620109 -4.759454 0.159737 -0.864854 0.298082 -0.789014 -0.407358 -0.350235
1678843620155 -4.777235 0.162409 -0.844275 0.306112 -0.786757 -0.405505 -0.350535
1678843620198 -4.797809 0.164591 -0.824186 0.310416 -0.778962 -0.410178 -0.358628
1678843620255 -4.838787 0.167113 -0.783873 0.320971 -0.771416 -0.406276 -0.369912
1678843620298 -4.861423 0.169415 -0.766423 0.327419 -0.771353 -0.400747 -0.370423
1678843620332 -4.884615 0.171799 -0.750489 0.330718 -0.765794 -0.403657 -0.375826
1678843620395 -4.936352 0.173678 -0.721322 0.331082 -0.755692 -0.407462 -0.391522
1678843620448 -4.962472 0.171834 -0.706403 0.330690 -0.754447 -0.402551 -0.399258
1678843620476 -5.020473 0.166745 -0.680117 0.335957 -0.752363 -0.392664 -0.408531
1678843620539 -5.050856 0.164458 -0.667769 0.339133 -0.752571 -0.386017 -0.411844
1678843620585 -5.115595 0.160257 -0.638839 0.346692 -0.753938 -0.374434 -0.413740
1678843620630 -5.146853 0.158925 -0.626399 0.349861 -0.753526 -0.371650 -0.414334
1678843620681 -5.176309 0.156635 -0.614848 0.351862 -0.751328 -0.371868 -0.416429
1678843620730 -5.238824 0.155690 -0.589886 0.363057 -0.751282 -0.371481 -0.407145
1678843620798 -5.299731 0.157994 -0.565005 0.360241 -0.743599 -0.378819 -0.416874
1678843620878 -5.360812 0.157388 -0.541777 0.369263 -0.749686 -0.367706 -0.407931
1678843620936 -5.421993 0.164636 -0.523730 0.364287 -0.749208 -0.370729 -0.410539
1678843620968 -5.484048 0.169986 -0.513306 0.353798 -0.745430 -0.371836 -0.425322
1678843621017 -5.515594 0.169504 -0.513989 0.352061 -0.743645 -0.368218 -0.432967
1678843621049 -5.550475 0.169348 -0.508710 0.351410 -0.741513 -0.365735 -0.439212
1678843621117 -5.625856 0.166178 -0.498359 0.350134 -0.739707 -0.349306 -0.456318
1678843621155 -5.662898 0.165543 -0.496442 0.350236 -0.737531 -0.341039 -0.465913
1678843621224 -5.737434 0.164560 -0.494555 0.352735 -0.725491 -0.332977 -0.488228
1678843621250 -5.773131 0.165010 -0.496580 0.356468 -0.717376 -0.326778 -0.501515
1678843621298 -5.808283 0.166276 -0.499500 0.362710 -0.711999 -0.320399 -0.508767
1678843621338 -5.843858 0.171641 -0.503707 0.368715 -0.702120 -0.318466 -0.519284
1678843621385 -5.908898 0.180167 -0.515502 0.378025 -0.674985 -0.309602 -0.552845
1678843621452 -5.967589 0.186323 -0.537183 0.394760 -0.664383 -0.289199 -0.564910
1678843621492 -5.997465 0.188813 -0.548192 0.399822 -0.652317 -0.288200 -0.575817
1678843621541 -6.026905 0.189942 -0.560129 0.401837 -0.642220 -0.286814 -0.586360
1678843621610 -6.088010 0.188651 -0.585600 0.403113 -0.632449 -0.278942 -0.599749
1678843621629 -6.121836 0.186675 -0.598735 0.403656 -0.629543 -0.275587 -0.603978
1678843621679 -6.184643 0.181625 -0.625846 0.403277 -0.629471 -0.268450 -0.607510
1678843621732 -6.216021 0.178970 -0.638415 0.403179 -0.632356 -0.266508 -0.605431
1678843621780 -6.277771 0.176927 -0.666189 0.401334 -0.632356 -0.268466 -0.605792
1678843621831 -6.310826 0.176348 -0.680307 0.401056 -0.633192 -0.267830 -0.605383
1678843621870 -6.367058 0.178727 -0.710942 0.399289 -0.637504 -0.263175 -0.604067
1678843621921 -6.396587 0.187462 -0.727397 0.396944 -0.630125 -0.268699 -0.610883
1678843621975 -6.446678 0.190254 -0.762233 0.393599 -0.625298 -0.270326 -0.617257
1678843622030 -6.469272 0.194025 -0.782084 0.390942 -0.621277 -0.272022 -0.622240
1678843622076 -6.514166 0.198281 -0.819021 0.385347 -0.605573 -0.279975 -0.637497
1678843622128 -6.533756 0.198360 -0.838523 0.383893 -0.598459 -0.278907 -0.645510
1678843622166 -6.556303 0.197529 -0.858510 0.383615 -0.592125 -0.276279 -0.652608
1678843622225 -6.596670 0.193583 -0.900367 0.385513 -0.580211 -0.268113 -0.665470
1678843622273 -6.644151 0.186605 -0.942503 0.390219 -0.565106 -0.258199 -0.679498
1678843622329 -6.661724 0.180489 -0.961977 0.395163 -0.555584 -0.253458 -0.686244
1678843622378 -6.685031 0.175500 -0.984002 0.400857 -0.546163 -0.246937 -0.692850
1678843622421 -6.733965 0.163629 -1.028365 0.414962 -0.523237 -0.235405 -0.706126
1678843622459 -6.755096 0.160148 -1.051282 0.423111 -0.513150 -0.227707 -0.711199
1678843622514 -6.791246 0.156511 -1.099204 0.441727 -0.481239 -0.218173 -0.725042
1678843622562 -6.806431 0.156581 -1.122034 0.449133 -0.459423 -0.215049 -0.735503
1678843622623 -6.826372 0.149862 -1.161569 0.462730 -0.437163 -0.192105 -0.746903
1678843622642 -6.838685 0.149563 -1.183145 0.468137 -0.427467 -0.179534 -0.752255
1678843622681 -6.849814 0.149567 -1.204230 0.473025 -0.412271 -0.172490 -0.759294
