# Created at Tue Mar 14 18:26:15 MST 2023
1678843575957 0.014661 -0.109345 0.065973
1678843575960 -0.015882 -0.008552 -0.066584
1678843575964 -0.138056 0.104458 -0.122173
1678843575968 -0.254731 0.177762 -0.172875
1678843575971 -0.338419 0.199142 -0.200975
1678843575975 -0.434325 0.258396 -0.318261
1678843575977 -0.365297 0.288328 -0.428217
1678843575981 -0.064752 0.028100 -0.080023
1678843575984 0.083689 -0.199753 0.027489
1678843575987 0.037874 -0.164934 -0.087354
1678843575991 0.023213 -0.147219 -0.209527
1678843575994 -0.008552 -0.136834 -0.183260
1678843575997 -0.051924 0.022602 -0.174707
1678843576000 -0.046426 0.007330 -0.202807
1678843576003 -0.042761 -0.150273 -0.215635
1678843576006 -0.048869 -0.056200 -0.262672
1678843576008 0.069028 0.160047 -0.397062
1678843576011 0.185703 0.297491 -0.543670
1678843576015 0.144775 0.242514 -0.618806
1678843576018 0.021991 0.164934 -0.569937
1678843576029 -0.001833 0.095906 -0.461814
1678843576032 0.111177 -0.051924 -0.430049
1678843576035 0.079412 0.023824 -0.381180
1678843576042 -0.106901 0.080634 -0.272446
1678843576065 -0.254120 -0.288939 -0.221744
1678843576131 -0.262672 -0.420886 -0.344528
1678843576135 0.010996 -0.513738 -0.485027
1678843576142 0.420275 -0.529620 -0.564439
1678843576187 0.619417 -0.238848 -0.492357
1678843576196 0.320093 0.022602 -0.436158
1678843576240 -0.020769 0.039095 -0.343917
1678843576246 -0.166766 -0.054978 -0.213803
1678843576270 -0.202807 -0.205862 -0.005498
1678843576296 -0.247400 -0.391565 0.098349
1678843576321 -0.117897 -0.580933 0.029322
1678843576351 0.167377 -0.419664 -0.135001
1678843576383 0.388510 -0.164323 -0.197309
1678843576400 0.206472 -0.086743 -0.109345
1678843576426 -0.131947 -0.091630 -0.034819
1678843576458 -0.193644 -0.120951 -0.044593
1678843576478 0.004887 -0.119730 -0.080023
1678843576506 0.176540 -0.110567 -0.098349
1678843576539 0.255953 -0.061697 -0.128893
1678843576570 0.381791 -0.054367 -0.204029
1678843576587 0.356134 -0.063530 -0.226631
1678843576604 0.222355 -0.210749 -0.300546
1678843576630 0.122173 -0.346361 -0.408669
1678843576658 0.058643 -0.441656 -0.476475
1678843576688 -0.291994 0.084910 -0.474642
1678843576708 -0.491136 0.240681 -0.265116
1678843576733 -0.207694 -0.450819 -0.218690
1678843576759 0.348193 -0.869872 -0.341474
1678843576787 0.833220 -0.826501 -0.400117
1678843576838 0.704938 -0.348804 -0.373850
1678843576841 0.182649 -0.001833 -0.488692
1678843576860 -0.309709 0.301157 -0.777631
1678843576889 -0.296270 0.399506 -0.835664
1678843576913 -0.232740 0.010385 -0.547335
1678843576954 -0.583376 -0.327424 -0.210749
1678843576970 -0.841772 -0.275500 -0.103236
1678843576995 -0.615141 -0.182038 -0.113010
1678843577019 -0.269392 -0.051313 -0.138666
1678843577043 -0.135612 -0.000611 -0.253509
1678843577066 -0.237016 0.118508 -0.394619
1678843577093 -0.566883 0.213192 -0.441045
1678843577132 -0.606589 0.182038 -0.472810
1678843577144 -0.058032 0.452651 -0.508240
1678843577182 0.600481 0.570548 -0.528398
1678843577195 0.602924 0.721432 -0.489303
1678843577239 -0.166155 0.765414 -0.134390
1678843577251 -0.780686 0.235183 0.163101
1678843577273 -0.595594 -0.199753 0.222355
1678843577299 -0.298713 -0.249233 0.303600
1678843577329 -0.249233 0.047037 0.313374
1678843577349 -0.086132 0.597426 0.070860
1678843577383 0.294437 0.640187 -0.016493
1678843577402 0.621861 0.338419 0.352469
1678843577426 0.540616 -0.250455 0.660345
1678843577455 0.119119 -0.280387 0.621861
1678843577487 0.029322 0.063530 0.718988
1678843577507 -0.119730 0.080023 0.842994
1678843577535 -0.403171 -0.615752 0.616974
1678843577555 0.309098 -1.083064 0.943787
1678843577596 0.594983 -1.049466 0.791681
1678843577612 0.065973 -0.951117 0.282831
1678843577633 0.230907 0.036652 -0.009774
1678843577658 0.861320 0.275500 0.075136
1678843577683 0.763582 -0.163101 0.377515
1678843577709 0.210749 -0.142332 0.625526
1678843577734 -0.312763 -0.284052 0.390343
1678843577761 -0.140499 0.779464 0.583376
1678843577789 0.437380 0.943176 0.428217
1678843577812 0.561385 0.684780 0.223577
1678843577839 0.051313 0.432493 0.087354
1678843577862 -0.521068 -0.431271 -0.116675
1678843577893 -1.249219 -1.139264 0.197920
1678843577935 -1.643227 -0.970665 0.919352
1678843577941 -1.059240 -0.951728 1.306641
1678843578001 -0.076358 -0.929737 0.929126
1678843578018 0.426384 -0.447764 0.349415
1678843578030 0.511905 0.403782 -0.173486
1678843578042 0.351248 1.350012 -0.476475
1678843578067 0.255342 0.912633 -0.271835
1678843578098 -0.095295 0.626748 -0.186314
1678843578121 -0.495412 0.206472 -0.139277
1678843578145 -0.608422 0.124006 0.015272
1678843578172 -0.491747 0.635911 0.239459
1678843578196 -0.192423 0.877813 0.320093
1678843578222 -0.152716 0.213803 0.128282
1678843578249 -0.618806 -0.638354 0.139888
1678843578278 -0.715323 -0.647517 0.430660
1678843578300 -0.327424 0.422108 0.328035
1678843578339 -0.034819 0.500299 0.224188
1678843578354 -0.274889 -0.659734 0.227853
1678843578377 -0.174097 0.014661 0.512516
1678843578402 -0.450208 0.611476 1.076955
1678843578429 -0.941954 0.064752 1.467909
1678843578454 -0.962724 0.178984 1.382999
1678843578480 -0.399506 0.324980 1.031751
1678843578506 0.077580 0.542448 0.577879
1678843578531 0.348804 0.551000 0.354302
1678843578558 0.186925 0.425162 0.479529
1678843578593 -0.216857 0.762971 0.622472
1678843578608 -0.188147 0.871705 0.812451
1678843578633 0.069028 0.656069 0.794736
1678843578682 -0.170431 0.541837 0.707993
1678843578697 -0.597426 0.106901 0.729373
1678843578713 -0.517403 -0.061087 0.799012
1678843578735 -0.028100 0.316428 1.109942
1678843578767 0.105680 0.664011 1.094060
1678843578789 -0.232129 0.335976 1.098947
1678843578829 -0.445932 0.004276 1.286482
1678843578842 -0.272446 0.216246 1.116662
1678843578864 0.000611 0.662178 0.946841
1678843578890 -0.093462 0.633467 1.084897
1678843578915 -0.345750 0.634078 1.016480
1678843578941 -0.431882 0.482584 0.673173
1678843578967 -0.080023 0.695776 0.403782
1678843578994 0.116064 0.900415 0.460592
1678843579022 -0.370184 0.529620 0.744645
1678843579059 -0.543059 0.156382 0.747088
1678843579075 -0.089797 -0.018326 0.474031
1678843579095 0.321315 -0.029932 0.324369
1678843579123 0.242514 -0.007941 0.220522
1678843579149 0.338419 0.212581 0.348193
1678843579172 0.129503 0.256563 0.690278
1678843579198 -0.220522 -0.029932 0.621861
1678843579224 0.152716 -0.155771 0.479529
1678843579263 0.293215 0.022602 0.580933
1678843579275 0.255953 0.175929 0.722043
1678843579311 0.392175 0.439823 0.867429
1678843579327 0.514349 0.477086 0.874148
1678843579352 0.419664 0.163712 0.923017
1678843579384 0.397673 -0.052534 0.930959
1678843579406 0.568105 -0.019548 0.964556
1678843579429 0.430049 0.037874 0.977995
1678843579456 0.434936 0.243124 0.629802
1678843579487 0.923628 0.764192 0.496023
1678843579505 0.623693 0.672563 0.899194
1678843579560 0.051924 -0.053756 1.083675
1678843579572 0.124617 -0.832609 0.894307
1678843579584 0.452651 -0.504575 0.750753
1678843579609 0.356745 0.293826 0.749532
1678843579633 0.389121 0.272446 0.793514
1678843579660 0.323759 -0.354913 0.803899
1678843579699 0.520457 -0.473421 0.570548
1678843579741 0.783740 -0.485638 0.506407
1678843579767 0.605978 -0.478918 0.597426
1678843579775 0.659124 -0.340863 0.505186
1678843579788 0.698830 -0.080634 0.294437
1678843579815 0.709825 0.171653 -0.052534
1678843579839 0.876592 -0.020159 0.040928
1678843579866 0.844216 -0.480751 0.128282
1678843579904 0.881479 -0.208305 0.232129
1678843579924 0.753197 0.133779 0.342695
1678843579950 0.657291 0.037263 0.466090
1678843579970 0.927293 -0.564439 0.191201
1678843580020 1.053132 -0.302378 0.035430
1678843580028 0.373850 0.282831 0.298713
1678843580048 -0.053145 0.491136 0.414777
1678843580070 0.073915 0.547946 0.288328
1678843580098 0.532674 0.631024 0.091630
1678843580124 0.723875 0.392175 0.185703
1678843580158 0.180816 -0.107512 0.208916
1678843580174 -0.148440 -0.364687 0.133779
1678843580199 0.053145 -0.075747 0.284663
1678843580224 -0.020769 0.204640 0.329256
1678843580253 -0.051313 0.425162 0.240681
1678843580276 0.379347 0.643241 0.422719
1678843580302 0.867429 -0.181427 0.586431
1678843580333 0.629191 -0.389732 0.565661
1678843580362 0.436769 -0.232740 0.794736
1678843580379 0.453262 -0.375682 0.946230
1678843580428 0.409280 -0.601702 0.965167
1678843580433 0.192423 -0.682336 0.884533
1678843580455 0.302989 -0.615752 0.614530
1678843580489 0.365908 -1.221120 0.533285
1678843580506 0.106901 -1.127046 0.316428
1678843580542 0.522290 0.045204 0.259618
1678843580558 0.797790 0.474031 0.329256
1678843580591 0.531453 -0.407447 0.196699
1678843580611 0.398895 -0.678671 0.224798
1678843580639 0.171653 -0.340252 0.354302
1678843580661 -0.293215 -0.461814 0.296270
1678843580688 -0.354302 -0.591318 0.160658
1678843580714 -0.001833 -0.113010 0.034208
1678843580738 0.326202 0.222355 0.069028
1678843580784 0.411112 0.273057 0.133779
1678843580798 0.100793 -0.098960 0.117897
1678843580820 0.388510 0.009163 0.302989
1678843580840 0.987769 -0.339641 0.382402
1678843580867 0.524122 -0.883311 0.268170
1678843580897 0.043371 -0.948063 0.191201
1678843580918 0.274278 -0.505796 0.198531
1678843580955 0.511294 -1.337184 0.062308
1678843580969 0.762360 -0.621250 -0.078802
1678843580996 0.943176 -0.325591 -0.145997
1678843581035 0.927293 -0.707382 -0.018326
1678843581052 0.664621 -1.415986 0.166766
1678843581071 -0.097128 -1.689653 0.160658
1678843581097 -0.473421 -1.750129 -0.006720
1678843581130 -0.260229 -1.162477 -0.182649
1678843581154 -0.357967 -0.056810 -0.316428
1678843581173 -0.929126 0.224188 -0.128893
1678843581200 -0.896750 -0.216246 -0.091019
1678843581230 -0.403782 -0.226631 -0.290772
1678843581257 -0.004276 -0.077580 -0.279776
1678843581280 0.375682 -0.707993 -0.246790
1678843581322 0.485638 -1.445918 -0.091019
1678843581337 0.164934 -1.565648 -0.037874
1678843581370 0.125227 -1.740355 -0.067806
1678843581387 0.169210 -1.412320 0.002443
1678843581405 -0.299935 -1.165531 0.092241
1678843581437 -0.482584 -1.484403 -0.061087
1678843581458 -0.251066 -1.744020 -0.192423
1678843581489 -0.034208 -1.364673 -0.165544
1678843581510 -0.219911 -0.995710 -0.084910
1678843581533 -0.642019 -1.369560 0.036652
1678843581560 -0.651182 -2.062281 -0.238237
1678843581587 -0.633467 -1.901013 -0.397673
1678843581614 -0.503353 -1.081842 -0.312152
1678843581637 -0.543059 -0.941343 -0.053756
1678843581673 -0.727540 -1.469742 -0.036041
1678843581693 -0.719599 -1.786170 -0.251676
1678843581717 -0.935235 -1.793500 -0.252287
1678843581739 -1.010982 -1.645060 -0.263283
1678843581765 -0.751364 -1.433090 -0.438601
1678843581791 -0.745256 -0.769690 -0.646906
1678843581823 -0.660956 -1.015869 -0.766636
1678843581853 -0.742201 -1.536326 -0.728762
1678843581872 -0.922406 -1.319469 -0.587041
1678843581893 -0.898583 -1.429425 -0.645074
1678843581929 -0.682947 -1.921782 -0.770912
1678843581949 -0.850324 -1.793500 -0.641409
1678843581972 -1.114829 -1.380556 -0.498466
1678843582000 -0.962724 -1.447751 -0.703106
1678843582026 -0.941343 -1.751961 -0.764803
1678843582073 -1.109942 -1.658499 -0.685391
1678843582082 -1.145983 -1.472796 -0.676228
1678843582126 -0.974941 -1.694540 -0.710436
1678843582149 -0.766636 -1.674993 -0.670730
1678843582157 -0.863153 -1.291369 -0.589485
1678843582178 -0.929126 -1.230283 -0.498466
1678843582201 -1.102001 -1.377501 -0.270613
1678843582228 -1.076955 -1.682934 -0.466701
1678843582275 -1.085508 -1.736079 -0.975552
1678843582289 -1.270600 -1.010371 -1.084897
1678843582311 -1.126436 0.004887 -0.801455
1678843582332 -0.747699 -0.188147 -0.651793
1678843582358 -0.293826 -1.775785 -0.848492
1678843582384 -0.539394 -1.839926 -0.856433
1678843582425 -0.861320 -1.258382 -0.835664
1678843582441 -0.819170 -0.981050 -0.868039
1678843582458 -0.823446 -0.959058 -0.830166
1678843582484 -1.081842 -1.100168 -0.605978
1678843582512 -1.183246 -1.139264 -0.487470
1678843582535 -0.880257 -0.948674 -0.527177
1678843582610 -0.782518 -0.995099 -0.503353
1678843582624 -0.935235 -1.342682 -0.485638
1678843582633 -0.916298 -1.191798 -0.431271
1678843582640 -0.936456 -0.740980 -0.436769
1678843582663 -0.816727 -0.656069 -0.499077
1678843582688 -0.796568 -0.529620 -0.487470
1678843582722 -0.857655 -0.599259 -0.328645
1678843582742 -0.704938 -0.675617 -0.232129
1678843582786 -0.419664 -0.400728 -0.230907
1678843582795 -0.466701 -0.597426 -0.061697
1678843582817 -0.561996 -0.538783 0.072082
1678843582847 -0.588874 -0.415388 -0.071471
1678843582871 -0.734871 -0.846659 -0.018937
1678843582894 -0.594983 -1.193631 -0.167377
1678843582963 -0.224188 -0.750143 -0.340863
1678843582975 -0.040317 -0.147829 -0.350026
1678843582991 -0.156382 -0.147829 -0.138056
1678843582997 -0.556498 -0.474031 -0.058643
1678843583022 -0.766636 -0.632856 -0.099571
1678843583059 -0.581544 -0.580933 -0.217468
1678843583073 -0.246179 -0.038485 -0.343306
1678843583099 -0.262061 0.009163 -0.433714
1678843583137 -0.730595 -0.061087 -0.370184
1678843583181 -0.714101 -0.178373 -0.423940
1678843583203 -0.302989 -0.153327 -0.756251
1678843583221 -0.094073 0.047037 -0.855822
1678843583234 -0.260229 0.136223 -0.748921
1678843583282 -0.357356 -0.233961 -0.680504
1678843583294 -0.447153 -0.654848 -0.756251
1678843583322 -0.598037 -0.497855 -0.760527
1678843583330 -0.515570 -0.001222 -0.833220
1678843583358 -0.211359 0.302989 -0.954782
1678843583383 -0.345750 0.535118 -0.930959
1678843583411 -0.565661 0.280387 -0.857044
1678843583450 -0.483805 -0.535118 -0.930959
1678843583460 -0.048258 -0.362854 -0.974941
1678843583497 -0.126449 -0.067195 -0.823446
1678843583513 -0.344528 -0.293215 -0.660956
1678843583543 -0.084910 -0.697608 -0.658513
1678843583583 -0.268781 -0.521068 -0.957226
1678843583592 -0.376904 0.567494 -1.128268
1678843583627 -0.067195 0.634689 -1.295645
1678843583664 -0.383013 0.031154 -1.004262
1678843583675 -1.329854 -0.394008 -0.850324
1678843583691 -1.388497 -0.368963 -1.030530
1678843583722 -0.764192 0.067195 -1.351234
1678843583766 -0.399506 0.237627 -1.274876
1678843583780 -0.817949 0.009163 -1.180192
1678843583801 -0.891863 -0.067195 -1.266935
1678843583846 -0.555277 0.158825 -1.459357
1678843583857 -0.455095 0.231518 -1.386053
1678843583871 -0.612087 0.372017 -1.076345
1678843583908 -0.781297 0.222966 -0.945009
1678843583922 -0.825890 -0.237016 -0.840551
1678843583948 -0.772134 -0.576657 -0.869872
1678843583994 -0.428217 -0.457538 -0.959058
1678843584005 -0.309098 -0.190590 -0.910800
1678843584025 -0.706771 0.140499 -0.734260
1678843584050 -0.881479 0.337198 -0.730595
1678843584083 -0.599259 0.174707 -0.774577
1678843584122 -0.608422 -0.346971 -0.612698
1678843584134 -1.078177 -0.160658 -0.696386
1678843584170 -0.809396 0.478307 -0.974330
1678843584183 -0.262672 0.829555 -1.026865
1678843584204 -0.247400 0.620639 -0.991434
1678843584229 -0.514349 0.161268 -0.998765
1678843584266 -0.602313 0.098960 -0.913244
1678843584283 -0.500910 0.319483 -0.819781
1678843584307 -0.268781 0.211359 -0.824057
1678843584333 -0.395841 -0.393397 -0.960891
1678843584361 -0.353080 -0.226020 -1.073290
1678843584398 -0.383013 -0.527788 -1.185689
1678843584409 -0.472810 -0.937678 -1.207070
1678843584443 -0.344528 -0.718988 -1.173472
1678843584461 -0.213803 -0.397673 -1.089784
1678843584490 -0.091630 -0.049480 -0.984104
1678843584528 -0.102625 0.172875 -0.923017
1678843584540 -0.172264 -0.308487 -1.042136
1678843584572 -0.169210 -0.914465 -1.219898
1678843584589 -0.021380 -0.855211 -1.227839
1678843584626 -0.136834 -0.457538 -1.011593
1678843584656 -0.201586 -0.362854 -0.955393
1678843584669 -0.143553 -0.491136 -1.089173
1678843584705 -0.034208 -0.436158 -1.262048
1678843584726 0.152105 -0.445932 -1.288315
1678843584748 0.099571 -0.518014 -1.204015
1678843584797 -0.251676 -0.349415 -0.977995
1678843584808 -0.158825 -0.366519 -1.094671
1678843584821 0.352469 -0.648128 -1.361619
1678843584847 0.507629 -0.599870 -1.348790
1678843584873 0.397062 -0.574824 -1.182635
1678843584899 0.438601 -0.596815 -1.138042
1678843584932 0.483194 -0.579711 -1.098947
1678843584963 0.470977 -0.452651 -1.019534
1678843585006 0.558942 -0.412945 -1.049466
1678843585027 0.645685 -0.651182 -1.045801
1678843585037 0.584598 -0.657902 -0.940732
1678843585053 0.582155 -0.898583 -0.908967
1678843585079 0.622472 -1.021367 -0.930959
1678843585104 0.643852 -0.622472 -0.861320
1678843585139 0.536340 -0.494190 -0.722043
1678843585164 0.475864 -0.811229 -0.656680
1678843585188 0.539394 -0.819170 -0.668287
1678843585228 0.447153 -0.735482 -0.675006
1678843585243 0.433714 -0.638354 -0.699441
1678843585259 0.509462 -0.496023 -0.639576
1678843585286 0.394008 -0.266948 -0.552222
1678843585309 0.420886 -0.684780 -0.554055
1678843585335 0.437990 -1.387886 -0.492357
1678843585368 0.277944 -1.189355 -0.452040
1678843585387 0.357967 -0.574824 -0.486860
1678843585411 0.478918 -0.582765 -0.519235
1678843585437 0.428217 -0.658513 -0.563829
1678843585462 0.380569 -0.524733 -0.552833
1678843585500 0.567494 -0.368963 -0.365297
1678843585515 0.491747 -0.591318 -0.298102
1678843585543 0.348193 -0.776410 -0.530231
1678843585564 0.712880 -0.700052 -0.717767
1678843585597 0.725708 -0.824668 -0.725097
1678843585635 0.642019 -0.642019 -0.648739
1678843585652 0.760527 -0.392175 -0.617585
1678843585672 0.913244 -0.749532 -0.567494
1678843585692 0.837496 -1.338406 -0.718378
1678843585732 0.836885 -1.172861 -0.766025
1678843585746 0.917520 -0.732427 -0.624915
1678843585771 0.877813 -0.751975 -0.606589
1678843585818 0.866818 -0.885144 -0.646295
1678843585831 0.850935 -0.948063 -0.718988
1678843585858 0.802066 -0.840551 -0.718378
1678843585897 0.769079 -0.820392 -0.728762
1678843585915 0.659734 -1.007928 -0.649961
1678843585949 0.402560 -0.969443 -0.567494
1678843585996 0.408058 -1.039693 -0.617585
1678843586006 0.621250 -0.990213 -0.833831
1678843586018 0.698830 -0.864985 -0.877813
1678843586032 0.423330 -0.483194 -0.596815
1678843586052 0.255953 -0.431271 -0.439212
1678843586100 0.363465 -0.882089 -0.485027
1678843586118 0.381180 -1.032973 -0.472199
1678843586136 0.287107 -0.791681 -0.407447
1678843586188 0.185703 -0.657902 -0.226020
1678843586198 0.058032 -0.533896 -0.081245
1678843586208 0.193644 -0.288328 0.018937
1678843586233 0.221133 -0.548557 0.057421
1678843586258 0.165544 -0.781907 0.108734
1678843586285 0.164323 -0.722654 0.080634
1678843586310 0.171042 -0.681115 0.012217
1678843586336 0.237016 -0.541837 -0.036652
1678843586363 0.481362 -0.668897 -0.111788
1678843586413 0.434325 -0.917520 -0.168599
1678843586425 0.274278 -0.786184 -0.049480
1678843586438 0.340863 -0.503353 0.007330
1678843586463 0.393397 -0.146608 -0.006720
1678843586508 0.078191 -0.015882 0.189368
1678843586524 -0.266337 -0.127671 0.369573
1678843586547 -0.306654 -0.249844 0.321926
1678843586565 -0.059865 -0.173486 0.102014
1678843586597 0.194255 -0.133169 -0.159436
1678843586621 0.149051 -0.404393 -0.172875
1678843586652 -0.320704 -0.439212 0.007330
1678843586687 -0.359800 -0.076358 0.044593
1678843586700 0.113621 -0.038485 -0.227853
1678843586727 0.257174 -0.263894 -0.304211
1678843586765 -0.072082 -0.151495 -0.074526
1678843586775 -0.372017 -0.297491 -0.012828
1678843586798 -0.378126 -0.526566 -0.167988
1678843586825 -0.065363 -0.530842 -0.304211
1678843586853 0.192423 -0.582765 -0.389732
1678843586906 0.053756 -0.388510 -0.302378
1678843586924 -0.102625 -0.270002 -0.222966
1678843586930 -0.163101 -0.481973 -0.383623
1678843586951 0.015882 -0.459982 -0.536340
1678843586977 0.263894 0.047647 -0.555277
1678843587003 0.283441 0.116064 -0.612698
1678843587030 -0.145386 -0.387289 -0.529009
1678843587054 -0.615141 -0.754419 -0.287107
1678843587081 -0.549779 -0.527788 -0.115454
1678843587108 -0.493579 -0.283441 -0.031154
1678843587131 -0.699441 -0.579100 0.034208
1678843587156 -0.703717 -1.045190 -0.237627
1678843587182 -0.453873 -0.927293 -0.402560
1678843587213 -0.280387 -0.215025 -0.340863
1678843587241 -0.039706 0.527788 -0.416610
1678843587264 -0.307876 0.442877 -0.522290
1678843587309 -0.775799 -0.310930 -0.452651
1678843587321 -0.665232 -0.706160 -0.321926
1678843587337 -0.306654 -0.269392 -0.208916
1678843587363 -0.296270 0.215025 -0.210749
1678843587387 -0.270613 0.134390 -0.282831
1678843587422 -0.231518 -0.226020 -0.295048
1678843587447 -0.238848 -0.379958 -0.180205
1678843587465 -0.382402 -0.212581 -0.142942
1678843587508 -0.372628 -0.153327 -0.167377
1678843587521 -0.297491 -0.251066 -0.213803
1678843587544 -0.118508 -0.053145 -0.278555
1678843587590 -0.062308 0.122784 -0.262672
1678843587602 -0.207694 0.244957 -0.195477
1678843587619 -0.145997 0.301157 -0.283441
1678843587645 0.032376 0.166766 -0.325591
1678843587688 -0.088575 0.252898 -0.256563
1678843587700 -0.119730 0.309098 -0.241903
1678843587722 0.009163 0.257174 -0.260229
1678843587754 0.004276 0.069028 -0.329867
1678843587774 0.054367 -0.217468 -0.456316
1678843587802 0.131947 0.127671 -0.287718
1678843587841 -0.012828 0.468534 -0.080023
1678843587855 -0.259618 0.257174 -0.032987
1678843587878 -0.792292 0.326813 0.014050
1678843587927 -1.048856 0.517403 -0.020769
1678843587939 -0.852157 0.225409 -0.161268
1678843587955 -0.391565 -0.547946 -0.254120
1678843587980 -0.137445 -0.854600 -0.271224
1678843588004 -0.320704 -0.273668 -0.130114
1678843588030 -0.532674 0.384845 0.067806
1678843588070 -0.695165 0.533896 0.020159
1678843588084 -0.782518 0.198531 -0.085521
1678843588107 -0.635300 -0.304211 -0.185703
1678843588137 -0.415388 -0.426995 -0.306654
1678843588158 -0.249844 -0.346971 -0.403171
1678843588188 -0.276111 -0.232129 -0.490525
1678843588210 -0.388510 -0.208916 -0.525955
1678843588234 -0.466090 -0.265116 -0.583376
1678843588278 -0.412945 -0.426995 -0.613920
1678843588293 -0.269392 -0.547946 -0.706160
1678843588312 -0.174097 -0.732427 -0.780686
1678843588337 -0.251676 -0.864985 -0.799012
1678843588373 -0.311541 -0.687834 -0.832609
1678843588389 -0.171653 -0.584598 -0.922406
1678843588437 0.139888 -0.729984 -0.956004
1678843588455 0.051924 -0.583987 -1.008538
1678843588466 -0.114843 -0.924239 -1.133766
1678843588506 -0.190590 -1.202183 -1.172250
1678843588517 -0.433714 -0.908357 -1.175305
1678843588563 -0.556498 -0.297491 -1.218065
1678843588569 -0.288328 -0.162490 -1.283428
1678843588594 -0.092852 -0.457538 -1.313360
1678843588624 -0.475864 -0.448986 -1.325578
1678843588655 -0.804510 -0.331700 -1.389108
1678843588673 -0.650571 -0.544281 -1.426370
1678843588701 -0.345139 -0.787405 -1.440420
1678843588737 -0.239459 -0.876592 -1.413542
1678843588756 -0.207083 -0.674395 -1.344514
1678843588775 -0.176540 -0.717767 -1.235780
1678843588800 -0.243124 -0.869872 -1.086729
1678843588836 -0.313985 -0.842383 -1.013425
1678843588854 -0.337808 -0.866207 -0.950506
1678843588888 -0.283441 -0.885755 -0.945619
1678843588903 -0.282831 -0.850935 -0.924850
1678843588956 -0.258396 -0.647517 -0.938289
1678843588961 -0.138666 -0.462425 -0.929737
1678843588983 -0.046426 -0.451429 -0.898583
1678843589004 -0.007941 -0.449597 -0.863763
1678843589031 -0.095295 -0.361021 -0.853379
1678843589056 -0.161268 -0.378736 -0.833831
1678843589089 -0.074526 -0.357356 -0.709825
1678843589120 -0.029322 -0.080634 -0.730595
1678843589157 0.043982 0.075136 -0.802066
1678843589173 -0.003054 0.018326 -0.764192
1678843589186 -0.287107 0.017715 -0.805731
1678843589215 -0.294437 -0.157603 -0.869261
1678843589236 -0.007941 -0.539394 -0.780686
1678843589286 0.227853 -0.577879 -0.599870
1678843589289 0.142332 -0.256563 -0.530231
1678843589319 -0.054367 -0.033598 -0.508240
1678843589339 -0.151495 -0.058032 -0.552833
1678843589364 -0.122173 -0.533285 -0.639576
1678843589402 -0.065973 -0.791071 -0.692110
1678843589421 -0.035430 -0.654237 -0.768468
1678843589456 -0.079412 -0.665232 -0.802677
1678843589476 -0.197309 -0.714712 -0.795957
1678843589494 -0.225409 -0.757473 -0.796568
1678843589519 -0.195477 -0.983493 -0.728762
1678843589558 -0.179594 -1.013425 -0.681726
1678843589586 -0.230296 -1.106888 -0.647517
1678843589603 -0.357356 -1.232115 -0.661567
1678843589642 -0.506407 -1.087340 -0.733649
1678843589658 -0.527788 -0.910800 -0.821003
1678843589673 -0.373239 -1.219898 -0.860098
1678843589700 -0.306654 -1.275487 -0.925461
1678843589738 -0.116675 -1.332908 -1.091616
1678843589754 0.004276 -0.835053 -1.024421
1678843589778 -0.049480 -0.493579 -0.998154
1678843589801 -0.207083 -0.648739 -1.117272
1678843589827 -0.238237 -0.960280 -1.370171
1678843589854 -0.053756 -0.433103 -1.470963
1678843589881 0.375682 0.159436 -1.379945
1678843589904 0.491136 -0.426995 -1.222952
1678843589935 0.028711 -0.844216 -1.230283
1678843589955 -0.154549 -0.927904 -1.395216
1678843590021 0.115454 -1.056797 -1.434312
1678843590031 0.392175 -0.478307 -1.336573
1678843590035 0.348193 0.307265 -1.255328
1678843590057 0.230907 0.302378 -1.274265
1678843590086 0.052534 -0.097738 -1.204015
1678843590113 -0.321315 -0.123395 -1.133155
1678843590136 -0.262061 -0.335365 -1.121549
1678843590177 0.015882 -0.676228 -1.139875
1678843590186 0.054978 -0.838718 -1.032362
1678843590233 -0.270613 -0.601702 -0.788627
1678843590255 -0.405615 -0.367741 -0.655458
1678843590269 -0.405004 -0.028711 -0.594983
1678843590288 -0.464868 0.056810 -0.589485
1678843590317 -0.387899 0.014050 -0.610254
1678843590341 -0.292604 -0.151495 -0.602924
1678843590368 -0.335976 -0.233961 -0.604146
1678843590404 -0.280387 -0.067806 -0.552222
1678843590419 -0.249233 -0.142942 -0.414167
1678843590457 -0.374460 -0.142332 -0.281609
1678843590497 -0.353080 -0.059254 -0.307265
1678843590517 -0.447764 -0.046426 -0.243735
1678843590525 -0.913244 0.130114 -0.252898
1678843590547 -0.998154 0.520457 -0.492357
1678843590571 -0.203418 0.353080 -0.501520
1678843590598 0.316428 -0.324980 -0.324369
1678843590623 -0.017715 -0.265726 -0.273668
1678843590657 -0.390954 0.056200 -0.470366
1678843590693 -0.078191 0.230296 -0.502131
1678843590705 0.056200 0.448986 -0.277333
1678843590738 -0.061697 0.583987 -0.303600
1678843590755 -0.015272 0.228464 -0.736704
1678843590785 0.335365 0.033598 -0.551611
1678843590806 0.123395 0.175929 -0.337808
1678843590827 -0.224188 0.423330 -0.532064
1678843590854 -0.104458 0.259618 -0.544281
1678843590885 -0.100182 0.007330 -0.467923
1678843590905 -0.026878 0.340252 -0.424551
1678843590970 0.171653 0.266948 -0.460592
1678843590991 0.158825 -0.057421 -0.589485
1678843591001 0.075136 -0.017104 -0.664621
1678843591013 0.164934 0.159436 -0.706160
1678843591038 0.175318 -0.107512 -0.681726
1678843591060 0.051313 -0.119730 -0.637132
1678843591085 -0.015882 -0.017715 -0.647517
1678843591126 0.070250 -0.141110 -0.763582
1678843591146 0.189979 -0.154549 -0.995710
1678843591170 0.351858 -0.083689 -1.218065
1678843591231 0.061697 0.145997 -1.087951
1678843591241 -0.459982 0.100793 -0.977384
1678843591247 -0.262061 -0.382402 -1.089173
1678843591265 0.367741 -0.382402 -1.199129
1678843591290 0.434936 0.180205 -1.147816
1678843591317 0.006720 0.423330 -0.870483
1678843591344 -0.161268 -0.180205 -0.701273
1678843591369 0.119730 -0.640798 -0.774577
1678843591404 0.481973 -0.563218 -0.913244
1678843591444 0.526566 -0.408669 -0.877813
1678843591469 0.261450 -0.179594 -0.729373
1678843591484 0.086743 0.004276 -0.625526
1678843591499 0.154549 -0.000611 -0.628580
1678843591522 0.365908 0.064752 -0.623083
1678843591559 0.484416 0.072082 -0.558331
1678843591574 0.395230 0.020769 -0.442266
1678843591604 0.243735 -0.094073 -0.343306
1678843591624 0.241292 -0.003054 -0.326813
1678843591654 0.348193 0.107512 -0.320093
1678843591700 0.310320 0.084910 -0.254120
1678843591714 0.214414 0.057421 -0.205251
1678843591726 0.264505 -0.159436 -0.152105
1678843591755 0.252287 -0.172875 -0.111788
1678843591781 -0.058032 0.041539 -0.073915
1678843591805 -0.119119 -0.015272 -0.051313
1678843591830 0.061087 -0.378736 -0.028711
1678843591857 0.138666 -0.632246 -0.040317
1678843591896 0.069639 -0.335976 -0.109345
1678843591931 0.000611 0.248011 -0.190590
1678843591948 -0.028711 0.323759 -0.252287
1678843591961 0.017715 -0.236405 -0.266337
1678843591986 0.153327 -0.538783 -0.272446
1678843592017 0.124006 -0.389732 -0.253509
1678843592037 -0.000611 -0.473421 -0.190590
1678843592061 -0.067806 -0.562607 -0.188147
1678843592086 0.102014 -0.605978 -0.333532
1678843592112 0.462425 -0.640798 -0.454484
1678843592138 0.525344 -0.465479 -0.522290
1678843592163 0.422719 -0.262672 -0.529009
1678843592192 0.354302 -0.199753 -0.466701
1678843592223 0.248011 -0.340252 -0.409280
1678843592255 0.255953 -0.450819 -0.423330
1678843592265 0.420275 -0.494801 -0.527177
1678843592291 0.566883 -0.447153 -0.546114
1678843592321 0.445932 -0.458760 -0.436769
1678843592349 0.232740 -0.567494 -0.339641
1678843592369 0.247400 -0.565661 -0.348193
1678843592394 0.328035 -0.403782 -0.473421
1678843592421 0.341474 -0.445932 -0.591318
1678843592446 0.365297 -0.617585 -0.650571
1678843592472 0.364076 -0.406225 -0.696997
1678843592507 0.058643 -0.502131 -0.627969
1678843592526 -0.164934 -0.648739 -0.612698
1678843592557 -0.197920 -0.425162 -0.732427
1678843592578 0.030543 -0.282831 -0.830166
1678843592608 0.332311 -0.682947 -0.913244
1678843592630 0.437990 -0.799623 -1.031751
1678843592654 0.518014 -0.406225 -1.056186
1678843592676 0.411112 -0.108734 -0.977384
1678843592713 0.169821 -0.086132 -0.829555
1678843592728 0.087965 -0.354913 -0.728762
1678843592756 0.172875 -0.508240 -0.649350
1678843592779 0.259007 -0.502742 -0.566272
1678843592809 0.167988 -0.497244 -0.481362
1678843592852 0.096517 -0.534507 -0.418443
1678843592855 0.144775 -0.557720 -0.396452
1678843592884 0.273057 -0.478918 -0.406836
1678843592910 0.323759 -0.207083 -0.428827
1678843592948 0.228464 -0.205251 -0.387289
1678843592959 0.093462 -0.320704 -0.260839
1678843592985 0.054978 -0.385456 -0.120951
1678843593013 0.117897 -0.465479 -0.026267
1678843593037 0.199753 -0.467923 0.004276
1678843593070 0.252287 -0.510072 0.060476
1678843593088 0.302989 -0.449597 0.166155
1678843593126 0.218690 -0.322537 0.342695
1678843593142 -0.047647 -0.128893 0.572992
1678843593164 -0.227853 -0.158214 0.751975
1678843593190 -0.121562 -0.326813 0.896750
1678843593227 -0.032376 -0.368352 1.051299
1678843593246 0.072693 -0.271224 1.127657
1678843593267 0.166155 -0.299324 1.209513
1678843593292 0.122173 -0.183870 1.248609
1678843593319 0.287718 -0.023824 1.245554
1678843593353 0.431271 0.004276 1.230283
1678843593371 0.420275 0.160047 1.235780
1678843593395 0.390954 0.263283 1.247387
1678843593424 0.244346 0.401338 1.280984
1678843593453 0.103847 0.644463 1.299310
1678843593474 0.175318 0.717156 1.232115
1678843593498 0.281609 0.647517 1.178970
1678843593523 0.296881 0.665843 1.210735
1678843593562 0.228464 0.730595 1.246165
1678843593599 0.209527 0.762971 1.269989
1678843593612 0.280998 0.720821 1.305419
1678843593639 0.307876 0.729373 1.376890
1678843593659 0.219301 0.756862 1.372614
1678843593684 0.136834 0.725708 1.329854
1678843593703 0.155771 0.565050 1.268156
1678843593733 0.235794 0.467312 1.152703
1678843593766 0.334754 0.559553 1.050688
1678843593781 0.426995 0.495412 0.902248
1678843593807 0.455095 1.112386 0.837496
1678843593833 0.242514 1.652390 1.094671
1678843593857 -0.095295 0.974330 1.226007
1678843593889 0.071471 0.204029 1.227839
1678843593909 0.469755 0.470366 1.108110
1678843593935 0.568105 1.004262 1.035417
1678843593963 0.416610 1.146594 1.148427
1678843593985 0.166766 1.215011 1.387275
1678843594012 0.012217 1.208902 1.582752
1678843594037 0.033598 1.025032 1.645060
1678843594063 0.201586 0.842994 1.712255
1678843594089 0.241903 0.672563 1.764179
1678843594125 0.219301 0.780075 1.778229
1678843594146 0.226020 1.035417 1.744020
1678843594181 0.149051 1.204015 1.757459
1678843594204 0.014050 1.208902 1.812437
1678843594222 -0.067195 1.070847 1.868637
1678843594261 -0.033598 0.951728 1.882076
1678843594278 0.028711 1.031141 1.866804
1678843594294 0.042150 1.088562 1.813048
1678843594320 0.084299 1.117272 1.761735
1678843594346 0.120340 1.237613 1.715310
1678843594374 0.117286 1.236391 1.687821
1678843594397 0.181427 1.122159 1.713477
1678843594422 0.320704 0.932791 1.745242
1678843594450 0.367130 0.831998 1.888795
1678843594474 -0.044593 1.287093 2.196061
1678843594501 -0.798401 1.947438 2.503937
1678843594525 -1.058019 1.780061 2.471561
1678843594560 -0.468534 0.857044 2.280971
1678843594607 0.252287 -0.007330 2.107485
1678843594618 0.468534 0.275500 1.899180
1678843594627 0.354913 0.904691 1.787392
1678843594678 0.128893 1.418429 1.742799
1678843594690 0.036652 1.478294 1.825265
1678843594706 0.004276 1.163698 1.857641
1678843594730 0.089797 0.827722 1.855198
1678843594756 0.176540 0.761138 1.865582
1678843594782 0.146608 0.884533 1.838094
1678843594817 0.011606 1.025643 1.825265
1678843594833 -0.084299 1.112996 1.827098
1678843594859 -0.056200 1.045190 1.755016
1678843594915 -0.020769 0.864374 1.575421
1678843594929 0.095906 0.698830 1.423316
1678843594941 0.189368 0.762360 1.317025
1678843594962 0.171042 0.833220 1.212568
1678843594987 0.160658 0.786794 1.130712
1678843595014 0.178373 0.675006 1.081231
1678843595039 0.192423 0.563829 1.096503
1678843595064 0.261450 0.480751 1.126436
1678843595107 0.259618 0.214414 1.102612
1678843595119 0.129503 0.494190 1.226617
1678843595154 -0.206472 1.088562 1.402547
1678843595167 -0.419054 1.079399 1.340849
1678843595208 -0.121562 0.495412 1.025032
1678843595227 0.610254 -0.284052 0.675617
1678843595244 1.010982 -0.304211 0.452040
1678843595269 0.623693 0.358578 0.398895
1678843595305 0.069028 1.051299 0.520457
1678843595336 -0.246179 1.528385 0.595594
1678843595358 -0.114232 1.485624 0.657902
1678843595375 0.173486 0.586431 0.668897
1678843595398 0.324369 -0.191812 0.602313
1678843595423 0.353080 -0.171653 0.568105
1678843595450 0.292604 0.155160 0.632856
1678843595526 0.078802 0.590707 0.615141
1678843595538 0.013439 0.725097 0.582765
1678843595554 0.112399 0.573602 0.580933
1678843595557 0.215635 0.586431 0.589485
1678843595582 0.135001 0.759916 0.660956
1678843595603 0.000000 0.777021 0.767858
1678843595629 -0.004276 0.724486 0.827112
1678843595662 0.122784 0.686613 0.842383
1678843595684 0.155160 0.619417 0.838107
1678843595718 0.144775 0.326202 0.801455
1678843595732 0.152105 0.187536 0.838718
1678843595757 -0.114843 0.521679 1.109331
1678843595812 -0.666454 1.003041 1.359175
1678843595821 -0.902248 0.981050 1.377501
1678843595846 -0.671341 0.455095 1.208902
1678843595889 -0.322537 -0.587652 1.045801
1678843595901 -0.270613 -1.045801 1.000597
1678843595919 -0.306654 -0.398284 0.906524
1678843595937 -0.354302 0.607200 0.783129
1678843595986 -0.337198 1.084286 0.636522
1678843595991 -0.238848 0.852768 0.582765
1678843596026 -0.087354 0.271224 0.546724
1678843596042 -0.003054 0.102014 0.520457
1678843596066 -0.066584 0.272446 0.420886
1678843596090 -0.053145 0.361632 0.296270
1678843596118 -0.017104 0.207083 0.257174
1678843596146 0.087354 0.064752 0.330478
1678843596170 0.042150 0.177762 0.373850
1678843596193 -0.162490 0.356745 0.429438
1678843596226 -0.278555 0.242514 0.475253
1678843596256 -0.141110 -0.067806 0.448375
1678843596270 0.018937 -0.045204 0.341474
1678843596301 -0.004276 0.098349 0.210749
1678843596351 -0.014050 0.189979 0.236405
1678843596363 -0.104458 0.298713 0.258396
1678843596382 -0.152716 0.115454 0.155160
1678843596401 0.060476 -0.092241 0.143553
1678843596437 -0.026878 -0.394619 0.237627
1678843596482 -0.230907 -0.191812 0.218690
1678843596496 -0.209527 0.450819 0.061697
1678843596503 0.007330 0.138666 -0.031765
1678843596527 0.119730 -0.383013 -0.051313
1678843596553 0.046426 -0.358578 -0.031765
1678843596584 -0.083689 -0.095295 -0.092852
1678843596604 -0.051313 0.548557 -0.235794
1678843596630 0.095295 0.874148 -0.230296
1678843596655 0.009163 0.717767 -0.040317
1678843596685 -0.155771 0.315206 0.070860
1678843596726 0.003665 -0.134390 0.115454
1678843596740 0.090408 -0.178984 0.155771
1678843596758 -0.037263 0.085521 0.146608
1678843596785 0.000611 0.142942 0.153327
1678843596810 0.089186 0.086132 0.170431
1678843596835 0.087354 0.142332 0.151495
1678843596867 0.130725 0.206472 0.155771
1678843596894 0.164323 0.167988 0.205862
1678843596918 0.157603 0.049480 0.251676
1678843596961 0.138666 0.087965 0.251676
1678843596966 0.166155 0.215635 0.208305
1678843596990 0.194866 0.204029 0.213803
1678843597018 0.132558 0.174707 0.258396
1678843597058 0.125227 0.160658 0.283441
1678843597070 0.221744 0.038485 0.224188
1678843597092 0.414777 -0.150884 0.153327
1678843597119 0.390343 0.073915 0.255953
1678843597143 0.021380 0.631024 0.552222
1678843597170 -0.463036 0.954172 0.837496
1678843597209 -0.607200 0.421497 0.872316
1678843597226 -0.149662 -0.442877 0.718988
1678843597262 0.363465 -0.712880 0.620028
1678843597284 0.200364 0.050702 0.555277
1678843597304 -0.336587 0.907135 0.541837
1678843597323 -0.383623 0.814283 0.558942
1678843597368 -0.128893 0.182038 0.572381
1678843597385 0.060476 -0.161268 0.625526
1678843597400 -0.070860 0.005498 0.594983
1678843597425 -0.147829 0.141110 0.519846
1678843597454 -0.045815 0.131947 0.404393
1678843597478 0.044593 0.287718 0.335976
1678843597508 0.003665 0.379958 0.339030
1678843597540 -0.079412 0.403782 0.362854
1678843597557 -0.078191 0.397673 0.359800
1678843597591 -0.043982 0.211359 0.375071
1678843597624 -0.076969 -0.088575 0.339641
1678843597642 0.017715 -0.023824 0.300546
1678843597658 0.087965 0.289550 0.296881
1678843597683 -0.026267 0.414777 0.304211
1678843597713 -0.042150 0.359189 0.333532
1678843597734 0.034208 0.143553 0.293826
1678843597767 0.073915 0.157603 0.243735
1678843597804 0.089797 0.198531 0.175318
1678843597812 0.141110 -0.024435 0.055589
1678843597836 0.178984 -0.098960 0.034819
1678843597867 0.037874 0.065363 0.167377
1678843597902 -0.281609 0.186925 0.238848
1678843597920 -0.514959 0.339030 0.001222
1678843597952 -0.174097 0.272446 -0.374460
1678843597968 0.302989 0.279776 -0.580933
1678843598004 0.415388 -0.012828 -0.802066
1678843598017 0.540005 -0.119119 -0.896750
1678843598043 0.629191 0.221744 -0.792903
1678843598068 0.353080 0.495412 -0.558331
1678843598092 -0.014661 0.270613 -0.249233
1678843598119 -0.097738 -0.122784 -0.090408
1678843598150 0.048258 -0.149662 -0.092852
1678843598170 0.271835 0.087354 -0.140499
1678843598195 0.329867 0.048869 -0.185703
1678843598228 0.310930 -0.071471 -0.256563
1678843598250 0.302989 -0.038485 -0.332311
1678843598273 0.288328 0.030543 -0.365297
1678843598322 0.285885 0.125227 -0.422719
1678843598335 0.340252 0.073304 -0.460592
1678843598351 0.347582 -0.106291 -0.438601
1678843598377 0.356745 -0.179594 -0.395230
1678843598404 0.359800 -0.051313 -0.400728
1678843598427 0.323759 0.136834 -0.328645
1678843598452 0.214414 0.172875 -0.247400
1678843598485 0.221744 0.100182 -0.276111
1678843598507 0.276111 -0.080023 -0.216246
1678843598529 -0.037874 0.108734 -0.007330
1678843598569 -0.411723 0.207694 0.095906
1678843598587 -0.258396 0.003665 -0.069028
1678843598614 0.433714 -0.623083 -0.348193
1678843598633 0.916909 -0.850935 -0.539394
1678843598661 0.774577 -0.276722 -0.415999
1678843598688 0.130114 0.334754 -0.036652
1678843598724 -0.348193 0.576046 0.272446
1678843598751 -0.386067 0.287107 0.361632
1678843598765 -0.048258 -0.158825 0.211359
1678843598785 0.312152 -0.604757 0.017104
1678843598822 0.367130 -0.590707 -0.161268
1678843598839 0.348804 -0.273057 -0.230907
1678843598864 0.224798 0.046426 -0.259007
1678843598902 0.131336 0.230907 -0.263894
1678843598947 0.186925 0.266948 -0.223577
1678843598967 0.285274 -0.091630 -0.226020
1678843598976 0.339641 -0.459371 -0.263283
1678843598991 0.342695 -0.358578 -0.341474
1678843599017 0.461814 -0.368963 -0.455095
1678843599043 0.599259 -0.598037 -0.522901
1678843599068 0.536340 -0.574824 -0.533285
1678843599094 0.397062 -0.529009 -0.531453
1678843599119 0.198531 -0.526566 -0.590096
1678843599160 -0.016493 -0.401949 -0.659124
1678843599196 -0.168599 -0.148440 -0.838107
1678843599215 -0.214414 -0.113621 -0.963945
1678843599226 0.001833 -0.654848 -1.133155
1678843599251 0.422108 -1.293813 -1.384832
1678843599278 0.613920 -1.002430 -1.520444
1678843599302 0.389121 -0.403171 -1.394605
1678843599326 -0.193644 -0.024435 -1.136209
1678843599355 -0.425162 -0.247400 -0.947452
1678843599379 0.003054 -0.689667 -1.029919
1678843599403 0.586431 -1.400103 -1.142929
1678843599435 0.552222 -1.324356 -1.084897
1678843599461 0.198531 -0.986547 -0.866207
1678843599491 -0.142942 -0.623693 -0.750143
1678843599506 -0.258396 -0.315817 -0.883311
1678843599537 0.086132 -0.264505 -1.021978
1678843599576 0.469145 -0.384845 -1.088562
1678843599589 0.508240 -0.544892 -0.992656
1678843599610 0.271224 -0.582155 -0.844827
1678843599635 0.161879 -0.610254 -0.706160
1678843599659 0.185092 -0.620639 -0.560163
1678843599686 0.116675 -0.513127 -0.474642
1678843599726 0.010385 -0.380569 -0.498466
1678843599737 0.078802 -0.426995 -0.544281
1678843599761 0.194866 -0.540005 -0.447153
1678843599791 0.023213 -0.205251 -0.356745
1678843599817 -0.190590 -0.251676 -0.359189
1678843599844 -0.080023 -0.637743 -0.411112
1678843599869 0.103847 -0.532674 -0.449597
1678843599894 0.240681 -0.450208 -0.533896
1678843599920 0.365908 -0.620028 -0.537561
1678843599974 0.346361 -0.582155 -0.490525
1678843599977 0.207083 -0.537561 -0.445321
1678843599993 -0.007941 -0.429438 -0.406225
1678843600026 -0.064141 -0.496023 -0.464258
1678843600044 0.094073 -0.762971 -0.630413
1678843600078 0.245568 -0.866818 -0.740369
1678843600124 0.275500 -0.805120 -0.797179
1678843600138 0.141721 -0.536340 -0.764803
1678843600155 -0.068417 -0.319483 -0.738536
1678843600184 -0.078191 -0.420886 -0.781907
1678843600198 0.197920 -0.442877 -0.820392
1678843600224 0.274278 -0.533285 -0.828944
1678843600255 0.147829 -0.660956 -0.806953
1678843600281 0.113010 -0.678671 -0.721432
1678843600328 0.128282 -0.830777 -0.730595
1678843600339 0.200364 -0.890031 -0.833831
1678843600356 0.293826 -0.800844 -0.892474
1678843600388 0.250455 -0.516181 -0.841161
1678843600405 0.044593 -0.434936 -0.853379
1678843600434 -0.032987 -0.807564 -0.897972
1678843600469 0.149662 -1.127657 -1.006706
1678843600491 0.267559 -0.747699 -1.113607
1678843600512 0.038485 -0.394008 -1.086729
1678843600532 -0.255953 -0.503964 -1.101390
1678843600558 -0.276111 -0.571770 -1.122770
1678843600586 -0.040928 -0.704938 -1.232115
1678843600613 0.361021 -1.061684 -1.394605
1678843600635 0.488692 -0.826501 -1.440420
1678843600661 0.176540 -0.295048 -1.346347
1678843600691 -0.176540 -0.038485 -1.150259
1678843600728 -0.118508 -0.368963 -1.083064
1678843600751 0.222966 -0.778853 -1.121549
1678843600781 0.473421 -0.930959 -1.109942
1678843600789 0.447153 -0.896139 -1.050077
1678843600837 0.332922 -0.831998 -0.917520
1678843600855 0.153327 -0.625526 -0.773355
1678843600872 0.122173 -0.425773 -0.785573
1678843600892 0.299324 -0.343917 -0.861320
1678843600917 0.395841 -0.357356 -0.789238
1678843600952 0.348193 -0.371406 -0.623693
1678843600988 0.260229 -0.287718 -0.498466
1678843601001 0.274278 -0.307265 -0.456316
1678843601020 0.381791 -0.339030 -0.390343
1678843601048 0.288328 -0.368352 -0.317039
1678843601073 0.144775 -0.487470 -0.250455
1678843601131 0.156382 -0.687834 -0.299324
1678843601148 0.249233 -0.854600 -0.345139
1678843601155 0.174707 -0.596204 -0.313985
1678843601175 0.063530 -0.251066 -0.249233
1678843601199 0.036652 -0.277944 -0.320093
1678843601226 0.048258 -0.272446 -0.335976
1678843601251 0.034208 -0.347582 -0.312152
1678843601277 0.218079 -0.552222 -0.313374
1678843601303 0.359189 -0.368352 -0.324369
1678843601330 0.271835 -0.136834 -0.298102
1678843601377 0.006109 -0.139888 -0.210749
1678843601390 -0.122784 -0.191201 -0.147219
1678843601405 -0.003054 -0.306654 -0.171653
1678843601432 0.109956 -0.489914 -0.278555
1678843601464 0.142332 -0.661567 -0.431271
1678843601493 0.230907 -0.638354 -0.510072
1678843601522 0.220522 -0.436769 -0.546114
1678843601536 0.131336 -0.417832 -0.538783
1678843601559 0.027489 -0.399506 -0.508240
1678843601585 -0.020159 -0.361021 -0.485638
1678843601611 -0.013439 -0.384234 -0.462425
1678843601642 -0.020769 -0.505796 -0.509462
1678843601662 0.082467 -0.652404 -0.597426
1678843601690 0.191812 -0.789238 -0.719599
1678843601722 0.228464 -0.654237 -0.839940
1678843601743 0.232129 -0.323148 -0.912633
1678843601767 0.224188 -0.292604 -0.963335
1678843601792 0.227242 -0.578489 -0.933402
1678843601818 0.248011 -0.897972 -0.874148
1678843601854 0.182649 -1.098336 -0.828944
1678843601869 -0.030543 -0.897361 -0.698830
1678843601893 -0.343917 -0.814894 -0.665232
1678843601923 -0.323148 -0.623693 -0.825279
1678843601952 0.017715 -0.760527 -0.924239
1678843601985 0.334754 -1.325578 -1.035417
1678843601996 0.396452 -1.230283 -1.081231
1678843602034 0.076358 -0.669508 -1.089784
1678843602048 -0.213803 -0.117897 -1.015258
1678843602078 -0.227242 -0.089186 -0.835664
1678843602118 -0.094684 -0.527788 -0.816116
1678843602135 0.227242 -1.095281 -0.913854
1678843602157 0.467923 -1.270600 -0.910800
1678843602179 0.343917 -1.094060 -0.806953
1678843602201 0.171042 -0.646906 -0.725097
1678843602228 0.244346 -0.509462 -0.683558
1678843602274 0.391565 -0.624304 -0.648739
1678843602286 0.459982 -0.580933 -0.559553
1678843602319 0.364076 -0.396452 -0.437380
1678843602333 0.276722 -0.314596 -0.379347
1678843602355 0.372017 -0.265726 -0.361021
1678843602383 0.553444 -0.260839 -0.267559
1678843602409 0.535729 -0.383623 -0.113621
1678843602434 0.310930 -0.427606 -0.017715
1678843602472 0.291994 -0.211359 -0.053756
1678843602483 0.470366 -0.040317 -0.110567
1678843602518 0.332922 -0.376293 0.028711
1678843602536 -0.160658 -0.390343 0.235794
1678843602568 -0.484416 -0.140499 0.182649
1678843602612 -0.246179 0.043982 -0.014661
1678843602623 0.292604 0.113010 -0.236405
1678843602641 0.806342 -0.444099 -0.269392
1678843602666 0.675617 -0.932791 -0.040317
1678843602702 0.046426 -0.589485 0.224798
1678843602741 -0.373850 -0.028711 0.306654
1678843602789 -0.218079 0.206472 0.232129
1678843602800 -0.013439 -0.040928 0.158214
1678843602812 0.026267 -0.468534 0.052534
1678843602822 0.105069 -0.667065 -0.086132
1678843602844 0.252898 -0.621250 -0.155160
1678843602884 0.338419 -0.331700 -0.176540
1678843602894 0.226020 -0.025045 -0.159436
1678843602920 0.029322 -0.002443 -0.131947
1678843602986 -0.010385 -0.177151 -0.149662
1678843602996 0.180205 -0.321315 -0.176540
1678843603003 0.239459 -0.496023 -0.188147
1678843603022 0.177762 -0.408669 -0.233351
1678843603048 0.221133 -0.278555 -0.249233
1678843603078 0.229685 -0.272446 -0.199142
1678843603100 0.147219 -0.219301 -0.189368
1678843603156 0.061697 -0.337198 -0.273668
1678843603169 -0.023824 -0.236405 -0.335976
1678843603184 -0.128282 0.052534 -0.480140
1678843603202 -0.001222 -0.102014 -0.606589
1678843603228 -0.021380 -0.456316 -0.629191
1678843603254 0.053145 -0.468534 -0.767858
1678843603317 0.367130 -0.120340 -1.014647
1678843603326 0.458760 -0.015882 -0.893696
1678843603335 -0.095295 -0.006109 -0.559553
1678843603356 -0.564439 -0.109345 -0.438601
1678843603395 -0.274278 -0.259007 -0.561385
1678843603410 0.227242 -0.333532 -0.615752
1678843603433 0.152716 -0.418443 -0.495412
1678843603465 -0.185092 -0.213192 -0.325591
1678843603486 -0.325591 0.261450 -0.259618
1678843603510 -0.174097 0.430660 -0.268781
1678843603548 0.085521 0.034208 -0.233351
1678843603584 0.233961 -0.148440 -0.161268
1678843603634 0.248622 -0.017715 -0.098960
1678843603649 0.244957 -0.071471 0.023824
1678843603658 0.109956 -0.119119 0.186925
1678843603665 -0.207694 -0.055589 0.345750
1678843603689 -0.492357 -0.194866 0.440434
1678843603723 -0.466701 -0.401949 0.350026
1678843603743 -0.258396 -0.178984 0.015882
1678843603774 0.050702 0.043371 -0.353080
1678843603794 0.358578 0.014050 -0.540616
1678843603829 0.397062 -0.194866 -0.459371
1678843603849 0.216857 -0.291994 -0.226631
1678843603884 0.006720 0.003665 -0.085521
1678843603923 -0.120951 0.350026 0.050091
1678843603941 -0.113010 0.142942 0.151495
1678843603954 -0.188147 -0.272446 0.196088
1678843603976 -0.230907 -0.387289 0.183260
1678843603998 -0.018326 0.016493 0.043982
1678843604023 0.195477 0.201586 -0.051313
1678843604067 0.124006 0.091019 -0.030543
1678843604086 -0.136223 -0.023824 0.020769
1678843604100 -0.264505 -0.089797 0.067195
1678843604126 -0.297491 -0.131336 0.065363
1678843604151 -0.251066 -0.220522 -0.025656
1678843604187 -0.025656 -0.222355 -0.149662
1678843604209 0.066584 -0.105680 -0.169210
1678843604230 -0.109345 -0.143553 -0.046426
1678843604262 -0.241903 -0.192423 0.028100
1678843604283 -0.114843 -0.159436 -0.051313
1678843604313 -0.003054 -0.158825 -0.075747
1678843604333 -0.062919 -0.076358 -0.009163
1678843604370 -0.084299 -0.045204 -0.051924
1678843604385 0.045204 -0.284663 -0.151495
1678843604410 0.204029 -0.524733 -0.145997
1678843604434 0.127060 -0.244346 -0.106291
1678843604464 -0.037263 0.037263 -0.087965
1678843604487 -0.138056 -0.259618 -0.080634
1678843604512 -0.079412 -0.516181 -0.177151
1678843604558 0.056810 -0.326202 -0.329867
1678843604571 0.149662 0.139888 -0.498466
1678843604590 0.097128 0.112399 -0.549779
1678843604617 -0.121562 -0.493579 -0.244957
1678843604642 -0.367130 -0.929737 -0.088575
1678843604670 -0.067195 -0.893085 -0.373850
1678843604699 0.542448 -0.397062 -0.626748
1678843604731 0.474642 0.010385 -0.571159
1678843604741 -0.221744 0.147219 -0.274278
1678843604770 -0.569326 -0.075747 -0.149051
1678843604800 -0.321926 -0.218079 -0.251676
1678843604821 0.080023 -0.217468 -0.459982
1678843604849 0.221744 -0.133779 -0.593761
1678843604871 0.188757 -0.252898 -0.577879
1678843604914 0.111788 -0.302378 -0.464868
1678843604921 -0.020769 -0.332311 -0.394619
1678843604952 0.036041 -0.324980 -0.429438
1678843604973 0.142942 -0.161268 -0.370184
1678843605001 0.003054 -0.043982 -0.195477
1678843605024 -0.238848 0.019548 -0.105680
1678843605063 -0.229074 0.127060 -0.162490
1678843605076 0.028100 0.020159 -0.233351
1678843605114 0.204029 -0.150884 -0.226631
1678843605129 0.147829 -0.208916 -0.204640
1678843605152 0.138056 -0.117897 -0.234572
1678843605178 0.251066 -0.155160 -0.259007
1678843605205 0.297491 -0.252898 -0.136834
1678843605249 0.053756 -0.376293 0.173486
1678843605260 -0.313985 -0.604757 0.390954
1678843605281 -0.550390 -0.478307 0.387899
1678843605308 -0.323148 -0.225409 0.173486
1678843605333 0.268170 -0.203418 -0.157603
1678843605358 0.711047 -0.771523 -0.266948
1678843605384 0.400117 -0.887587 -0.175318
1678843605410 -0.158825 -0.327424 -0.058032
1678843605444 -0.256563 0.058643 -0.103847
1678843605463 0.036041 -0.128282 -0.182649
1678843605486 0.211359 -0.605978 -0.217468
1678843605516 0.183260 -0.774577 -0.215025
1678843605545 0.030543 -0.493579 -0.218690
1678843605567 -0.017715 -0.374460 -0.323148
1678843605599 0.097128 -0.562607 -0.535729
1678843605615 0.365908 -0.762360 -0.655458
1678843605646 0.456927 -0.612698 -0.667676
1678843605684 0.215635 -0.558942 -0.610254
1678843605692 -0.120340 -0.580933 -0.576046
1678843605728 -0.112399 -0.559553 -0.613920
1678843605750 0.070860 -0.736093 -0.737314
1678843605770 0.275500 -0.880868 -0.709215
1678843605817 0.167988 -1.166753 -0.615752
1678843605825 -0.031765 -1.125825 -0.591928
1678843605846 -0.121562 -0.830166 -0.551000
1678843605875 -0.274278 -0.678671 -0.689056
1678843605900 -0.185092 -0.669508 -0.828333
1678843605923 0.002443 -0.812451 -0.965778
1678843605950 0.268170 -0.960891 -1.153924
1678843605993 0.510072 -0.928515 -1.278541
1678843606001 0.317039 -0.800844 -1.130101
1678843606043 -0.260229 -0.489914 -0.793514
1678843606051 -0.720821 -0.353080 -0.660956
1678843606080 -0.422108 -0.675617 -0.911411
1678843606102 0.441045 -0.931570 -1.182635
1678843606128 0.656069 -0.897972 -1.139875
1678843606154 0.201586 -0.882700 -0.882089
1678843606190 -0.240070 -0.734260 -0.680504
1678843606209 -0.212581 -0.511905 -0.600481
1678843606248 -0.044593 -0.439823 -0.557109
1678843606265 0.079412 -0.467312 -0.492968
1678843606291 0.062308 -0.596204 -0.376904
1678843606313 -0.025045 -0.746477 -0.185092
1678843606333 -0.167988 -0.806953 0.020159
1678843606361 -0.463036 -0.750753 0.101404
1678843606407 -0.555887 -0.406836 -0.034819
1678843606421 -0.098349 -0.069028 -0.334754
1678843606441 0.499077 -0.403171 -0.408058
1678843606462 0.279776 -0.522290 -0.227242
1678843606488 -0.329867 -0.364076 -0.184481
1678843606517 -0.165544 -0.346361 -0.427606
1678843606542 0.354913 -0.359800 -0.451429
1678843606566 0.361021 -0.563829 -0.452651
1678843606592 0.268781 -0.654848 -0.429438
1678843606639 -0.002443 -0.566883 -0.264505
1678843606651 -0.471588 -0.566883 -0.119119
1678843606668 -0.566272 -0.488081 -0.202807
1678843606694 -0.202807 -0.150273 -0.444099
1678843606732 0.167377 -0.075747 -0.556498
1678843606747 0.072082 -0.348193 -0.488081
1678843606774 -0.171042 -0.423330 -0.382402
1678843606799 -0.165544 -0.387899 -0.312763
1678843606821 -0.094073 -0.286496 -0.270002
1678843606847 -0.086743 -0.000611 -0.274278
1678843606877 -0.149662 0.237016 -0.273668
1678843606902 -0.193644 0.087354 -0.251066
1678843606930 -0.211359 -0.065973 -0.203418
1678843606950 -0.273057 -0.160047 -0.109956
1678843606991 -0.322537 -0.253509 -0.087965
1678843607004 -0.276111 -0.277944 -0.090408
1678843607030 -0.232129 -0.228464 -0.030543
1678843607055 -0.188757 -0.129503 -0.011606
1678843607082 -0.106901 -0.067806 -0.051313
1678843607106 -0.093462 -0.020159 -0.087965
1678843607130 -0.013439 -0.208305 -0.154549
1678843607155 0.262672 -0.334754 -0.180816
1678843607182 0.302989 0.086743 0.113621
1678843607207 -0.257174 0.211970 0.189979
1678843607251 -0.131336 -0.519235 0.105069
1678843607265 0.372628 -0.732427 0.013439
1678843607284 0.527177 -0.294437 -0.102625
1678843607315 0.361021 0.433714 -0.068417
1678843607338 -0.024435 0.920574 0.069028
1678843607362 -0.516792 0.783129 0.333532
1678843607389 -0.667676 0.263283 0.481973
1678843607417 -0.261450 -0.011606 0.278555
1678843607440 0.259007 -0.182038 -0.043982
1678843607463 0.510683 -0.181427 -0.196699
1678843607497 0.441045 -0.039706 -0.161268
1678843607516 0.118508 0.116675 -0.064141
1678843607540 0.061087 0.163712 0.014050
1678843607566 0.259007 0.251066 0.037263
1678843607602 0.262061 0.395841 0.195477
1678843607617 -0.040317 0.285885 0.394619
1678843607680 -0.253509 -0.036652 0.470977
1678843607694 -0.353691 -0.029932 0.549779
1678843607712 -0.382402 0.128893 0.582765
1678843607723 -0.005498 0.173486 0.432493
1678843607746 0.383013 -0.309098 0.499688
1678843607781 0.010996 -0.431271 0.787405
1678843607802 -0.590707 0.123395 1.029308
1678843607826 -0.663400 0.525955 1.024421
1678843607881 -0.459371 0.363465 0.833220
1678843607892 -0.039095 0.051313 0.481362
1678843607900 0.359189 -0.054978 0.270613
1678843607925 0.112399 0.188147 0.310930
1678843607951 -0.298102 0.634078 0.407447
1678843607984 -0.284663 0.963945 0.360410
1678843608010 -0.040317 0.887587 0.292604
1678843608028 0.100793 0.417221 0.277333
1678843608054 0.082467 -0.177762 0.191812
1678843608087 0.114843 -0.384845 0.183260
1678843608115 0.212581 -0.167988 0.167988
1678843608131 0.200975 0.014661 0.106901
1678843608181 0.085521 0.036041 0.106291
1678843608196 -0.006720 -0.010385 0.139277
1678843608211 -0.009163 0.182649 0.022602
1678843608237 0.059865 0.212581 -0.125227
1678843608259 0.048869 -0.009163 -0.171653
1678843608286 0.014661 -0.126449 -0.127671
1678843608323 0.066584 -0.084299 -0.069639
1678843608365 -0.038485 0.128282 0.062919
1678843608379 -0.323759 0.159436 0.135001
1678843608389 -0.247400 0.096517 0.095295
1678843608413 -0.093462 -0.141110 -0.072082
1678843608443 0.188147 -0.384234 -0.402560
1678843608468 0.464258 -0.160658 -0.617585
1678843608491 0.324980 0.676839 -0.640798
1678843608516 0.003054 1.372614 -0.477697
1678843608550 -0.057421 0.773966 -0.381180
1678843608567 -0.004887 -0.262672 -0.406225
1678843608594 0.144775 -0.654237 -0.458149
1678843608622 0.395230 -0.444710 -0.531453
1678843608659 0.445321 -0.173486 -0.518625
1678843608672 0.172264 -0.061697 -0.421497
1678843608703 -0.038485 0.022602 -0.304211
1678843608724 0.010385 -0.115454 -0.300546
1678843608755 0.119730 -0.126449 -0.341474
1678843608777 0.182038 -0.012217 -0.328035
1678843608811 0.133779 -0.143553 -0.287107
1678843608828 -0.003054 -0.368963 -0.115454
1678843608864 -0.166766 -0.442877 -0.093462
1678843608897 -0.053756 -0.799012 -0.125838
1678843608912 0.012828 -0.826501 -0.098960
1678843608942 -0.071471 -0.444710 0.079412
1678843608953 -0.287718 -0.213803 -0.064752
1678843608997 -0.107512 -0.471588 -0.342085
1678843609010 0.334754 -1.117272 -0.566272
1678843609030 0.485638 -1.027475 -0.685391
1678843609055 0.188757 -0.380569 -0.651182
1678843609090 -0.185092 -0.043371 -0.687223
1678843609111 -0.075747 -0.330478 -0.722654
1678843609132 0.036041 -0.904081 -0.659124
1678843609165 -0.126449 -0.948674 -0.584598
1678843609210 -0.230907 -0.667676 -0.632246
1678843609215 -0.154549 -0.687834 -0.770301
1678843609237 -0.053145 -0.985937 -0.900415
1678843609262 0.024435 -1.115440 -1.024421
1678843609313 0.084910 -0.977384 -1.143540
1678843609327 0.105069 -0.743423 -1.222952
1678843609340 0.074526 -0.662789 -1.249219
1678843609365 0.045815 -0.862542 -1.284039
1678843609389 0.162490 -1.263880 -1.339017
1678843609415 0.318261 -1.489290 -1.368949
1678843609457 0.229074 -0.819170 -1.362229
1678843609472 -0.175318 -0.474031 -1.174694
1678843609492 -0.528398 -1.057408 -1.043969
1678843609518 -0.453873 -1.480127 -1.124603
1678843609543 -0.189368 -1.180192 -1.277319
1678843609568 -0.126449 -0.681115 -1.416597
1678843609602 -0.194255 -0.474642 -1.544878
1678843609620 -0.139888 -0.620028 -1.549765
1678843609657 0.037874 -0.938289 -1.481348
1678843609678 0.110567 -1.151481 -1.408655
1678843609700 0.031154 -1.128268 -1.381777
1678843609722 -0.005498 -1.093449 -1.366506
1678843609754 0.054367 -1.014036 -1.328632
1678843609792 0.026878 -0.918741 -1.230283
1678843609802 -0.017104 -0.598037 -1.160033
1678843609826 0.002443 -0.417832 -1.164920
1678843609852 0.175318 -0.517403 -1.130101
1678843609878 0.280998 -0.495412 -1.055575
1678843609905 0.282220 -0.494190 -1.025032
1678843609931 0.306043 -0.600481 -0.891252
1678843609954 0.118508 -0.687834 -0.786184
1678843609985 -0.025045 -0.903470 -0.859487
1678843610005 0.132558 -1.014036 -0.956615
1678843610036 0.215635 -0.916298 -1.060462
1678843610057 0.180816 -0.710436 -1.109331
1678843610090 0.094684 -0.726930 -1.086729
1678843610110 -0.091019 -0.496633 -1.021367
1678843610147 -0.224798 -0.213192 -0.963945
1678843610163 -0.081245 -0.234572 -1.026865
1678843610195 0.142942 -0.621250 -0.911411
1678843610211 0.090408 -1.087340 -0.716545
1678843610240 -0.012828 -1.329243 -0.715323
1678843610262 0.164323 -1.228450 -0.826501
1678843610288 0.293826 -0.982271 -0.839329
1678843610337 0.017104 -0.588874 -0.725097
1678843610350 -0.221744 -0.458149 -0.581544
1678843610365 -0.271835 -0.654848 -0.555277
1678843610391 -0.197920 -0.777631 -0.613309
1678843610419 -0.098960 -0.835053 -0.727540
1678843610442 0.032987 -0.861931 -0.739147
1678843610469 0.070250 -0.789238 -0.715934
1678843610505 0.021991 -0.591318 -0.713491
1678843610520 -0.042761 -0.566272 -0.661567
1678843610544 -0.087965 -0.684169 -0.561385
1678843610572 -0.038485 -0.744034 -0.536951
1678843610600 0.085521 -0.716545 -0.572381
1678843610622 0.185703 -0.707993 -0.634689
1678843610647 0.136834 -0.842994 -0.649961
1678843610681 -0.003665 -1.113607 -0.525344
1678843610720 -0.483805 -1.100168 -0.343917
1678843610731 -0.878424 -0.905913 -0.226631
1678843610749 -0.957226 -1.116662 -0.017104
1678843610783 -1.046412 -1.193020 0.354302
1678843610806 -0.987158 -1.634065 0.343917
1678843610827 -0.403782 -2.073277 -0.096517
1678843610853 -0.091630 -1.182024 -0.105680
1678843610891 -0.537561 -0.204640 -0.227242
1678843610917 -0.636522 -0.071471 -0.306043
1678843610930 -0.606589 -0.329867 -0.416610
1678843610955 -0.492968 -0.455705 -0.728762
1678843610982 -0.212581 -0.433103 -1.136820
1678843611015 -0.017715 -0.273057 -1.285260
1678843611046 -0.153327 0.268170 -1.196685
1678843611059 0.083689 0.241903 -1.122770
1678843611088 0.261450 -0.252898 -1.066571
1678843611112 0.042150 -0.436769 -1.006706
1678843611146 -0.304211 -0.310930 -0.800844
1678843611164 -0.852157 -0.450819 -0.654848
1678843611194 -1.132544 -0.309098 -0.667065
1678843611220 -0.809396 -0.081856 -0.677450
1678843611239 -0.246179 -0.326202 -0.643241
1678843611264 0.265116 -0.281609 -0.781297
1678843611292 0.742812 0.235183 -0.725708
1678843611331 0.863153 0.583376 -0.681115
1678843611342 0.545503 0.624915 -0.803899
1678843611366 0.064141 0.473421 -0.663400
1678843611396 -0.067195 0.315817 -0.455095
1678843611417 0.206472 0.236405 -0.368352
1678843611447 0.621250 0.116064 -0.419054
1678843611470 0.543670 -0.274889 -0.352469
1678843611500 0.203418 -0.547946 -0.399506
1678843611545 0.118508 -0.569326 -0.315206
1678843611560 0.080023 0.075136 -0.235794
1678843611572 0.065363 0.493579 -0.270002
1678843611608 0.031765 0.094073 -0.145997
1678843611623 0.009163 -0.671341 -0.235794
1678843611654 0.152105 -0.946230 -0.332311
1678843611693 0.157603 -0.700052 -0.335976
1678843611706 0.204029 -0.342695 -0.310320
1678843611738 0.120340 -0.064141 -0.383623
1678843611751 0.148440 -0.094073 -0.403782
1678843611793 0.374460 -0.423330 -0.437380
1678843611810 0.316428 -0.728762 -0.416610
1678843611830 0.058032 -0.849103 -0.262061
1678843611854 0.015272 -0.741590 -0.221744
1678843611885 0.229074 -0.441656 -0.334754
1678843611910 0.441045 -0.299935 -0.439212
1678843611949 0.397673 -0.340863 -0.543059
1678843611960 0.272446 -0.336587 -0.590707
1678843611983 0.244957 -0.516181 -0.556498
1678843612009 0.324980 -0.632246 -0.466701
1678843612033 0.229074 -0.538783 -0.521068
1678843612060 -0.051924 -0.727540 -0.410501
1678843612097 0.084910 -0.687834 -0.521068
1678843612116 0.441656 -0.497855 -0.707993
1678843612150 0.580933 -0.210749 -0.693943
1678843612166 0.274278 0.065973 -0.824057
1678843612189 0.010385 0.071471 -0.988991
1678843612214 0.222355 -0.467923 -1.161866
1678843612249 0.465479 -0.780686 -1.252885
1678843612266 0.306654 -0.105069 -1.172861
1678843612298 -0.294437 0.311541 -0.871094
1678843612331 -0.621250 -0.166155 -0.618806
1678843612343 -0.324980 -0.804510 -0.757473
1678843612368 0.519235 -0.490525 -0.951117
1678843612402 0.363465 -0.585209 -0.797179
1678843612419 -0.124006 -0.589485 -0.674395
1678843612447 -0.221744 -0.550390 -0.449597
1678843612479 -0.078191 -0.599870 -0.419664
1678843612530 0.095906 -0.609644 -0.519846
1678843612545 0.103847 -0.392175 -0.463036
1678843612556 0.099571 -0.287718 -0.403171
1678843612573 0.171653 -0.181427 -0.304822
1678843612599 0.026267 -0.224798 -0.149662
1678843612624 -0.104458 -0.152716 0.006720
1678843612650 0.042761 -0.183260 0.009774
1678843612679 -0.072082 -0.033598 0.114232
1678843612703 -0.475253 0.170431 0.409891
1678843612727 -0.913854 0.051924 0.576657
1678843612753 -0.804510 -0.053145 0.308487
1678843612778 -0.364076 -0.262672 0.109345
1678843612815 -0.067195 -0.604146 0.287107
1678843612840 -0.199753 -0.199142 0.280998
1678843612855 -0.234572 0.553444 0.164934
1678843612896 -0.129503 0.714101 0.080634
1678843612907 -0.105069 0.367741 0.114232
1678843612932 -0.182038 0.036041 0.182649
1678843612958 -0.048869 -0.125227 0.159436
1678843612984 0.080634 -0.280998 0.095295
1678843613014 0.055589 -0.318872 0.053145
1678843613034 -0.019548 -0.059254 0.021380
1678843613061 -0.053756 0.087354 0.051924
1678843613087 -0.036652 0.203418 0.108123
1678843613128 0.040928 0.116675 0.127671
1678843613142 0.149051 -0.091630 0.117286
1678843613163 0.102014 -0.039706 0.103236
1678843613209 -0.018326 0.156992 0.042761
1678843613222 0.067806 -0.023824 -0.064141
1678843613241 0.207083 -0.565050 -0.119730
1678843613266 -0.247400 -0.450208 0.084299
1678843613293 -0.956004 0.257785 0.277944
1678843613329 -1.007928 0.337198 -0.189368
1678843613342 -0.172264 -0.607200 -0.463647
1678843613370 0.202196 -1.076345 -0.290772
1678843613395 -0.031154 -0.654237 -0.439212
1678843613422 -0.356745 0.299324 -0.558331
1678843613446 -0.433103 0.644463 -0.525344
1678843613473 -0.238237 0.379347 -0.400117
1678843613496 -0.058643 0.083689 -0.406836
1678843613522 0.083078 -0.063530 -0.499688
1678843613550 0.330478 -0.368963 -0.512516
1678843613575 0.361632 -0.492357 -0.502742
1678843613632 0.298713 -0.241292 -0.475253
1678843613653 0.285274 0.033598 -0.432493
1678843613660 0.113621 0.016493 -0.289550
1678843613681 -0.064752 0.054978 -0.202807
1678843613702 0.040317 0.064141 -0.127671
1678843613728 0.141110 -0.077580 -0.010385
1678843613759 -0.018326 -0.136834 0.137445
1678843613782 -0.178984 -0.014661 0.235794
1678843613833 -0.156382 -0.030543 0.241903
1678843613852 -0.111788 0.000611 0.324369
1678843613864 -0.180816 0.353691 0.358578
1678843613882 -0.390343 0.974330 0.344528
1678843613914 -0.411723 0.910800 0.323759
1678843613933 -0.356134 0.003054 0.458760
1678843613958 -0.002443 -0.386067 0.447764
1678843613992 0.019548 0.102625 0.335365
1678843614031 -0.012217 0.691499 0.321315
1678843614037 -0.068417 0.783740 0.433103
1678843614061 -0.199142 0.464258 0.484416
1678843614094 -0.197309 -0.011606 0.525955
1678843614118 -0.071471 -0.238237 0.621861
1678843614144 0.058643 -0.207694 0.701884
1678843614164 0.053145 -0.050091 0.706771
1678843614195 0.005498 0.053756 0.601091
1678843614244 0.020159 -0.160658 0.522901
1678843614257 0.083078 -0.259007 0.466090
1678843614268 0.210749 -0.234572 0.423940
1678843614293 0.243124 -0.242514 0.403171
1678843614320 0.192423 -0.089797 0.363465
1678843614347 0.144775 0.127671 0.276111
1678843614372 0.163101 -0.075747 0.259007
1678843614450 0.054978 -0.014050 0.241292
1678843614460 -0.288328 0.502131 0.132558
1678843614470 -0.291994 0.266948 0.093462
1678843614474 0.003665 -0.533896 0.254120
1678843614523 0.056200 -0.662178 0.203418
1678843614526 0.051924 -0.123395 0.106901
1678843614551 -0.074526 0.359189 0.103847
1678843614588 -0.314596 0.851546 0.216857
1678843614602 -0.311541 0.819170 0.314596
1678843614630 -0.026878 0.263894 0.428217
1678843614652 0.084910 -0.320704 0.422719
1678843614685 0.076969 -0.346971 0.327424
1678843614734 0.249233 -0.155771 0.252287
1678843614759 0.312152 0.228464 0.270613
1678843614767 0.313985 0.679893 0.338419
1678843614782 0.474642 0.699441 0.429438
1678843614808 0.510683 0.414777 0.543670
1678843614832 0.432493 0.299935 0.609033
1678843614857 0.414777 0.343306 0.675617
1678843614892 0.403782 0.439823 0.754419
1678843614930 0.298713 0.660956 0.822225
1678843614950 0.175318 0.836885 0.919963
1678843614961 0.051313 0.637132 1.071458
1678843614991 0.017715 0.873537 1.109942
1678843615014 -0.070250 1.193020 1.155757
1678843615040 -0.370184 1.076345 1.212568
1678843615062 -0.477697 0.624915 1.321912
1678843615091 -0.220522 0.291383 1.418429
1678843615124 -0.023824 0.535729 1.343904
1678843615142 0.005498 0.884533 1.246165
1678843615185 -0.124617 0.990213 1.238224
1678843615195 -0.164323 0.887587 1.300532
1678843615220 -0.215025 0.609644 1.376279
1678843615247 -0.047647 0.244957 1.450805
1678843615273 0.131336 0.296270 1.436755
1678843615299 0.117286 0.637743 1.397049
1678843615336 0.016493 0.877813 1.374447
1678843615354 -0.055589 0.729984 1.335962
1678843615371 0.000000 0.360410 1.263269
1678843615397 0.184481 0.252287 1.153924
1678843615423 0.119730 0.171042 1.083675
1678843615449 -0.008552 0.014050 1.070847
1678843615497 0.044593 0.098960 0.959669
1678843615512 0.119730 0.318261 0.815505
1678843615534 0.107512 0.392786 0.784351
1678843615551 0.051313 0.389732 0.697608
1678843615580 -0.122784 0.507629 0.653626
1678843615604 -0.255953 0.497244 0.567494
1678843615636 -0.047647 0.296270 0.585209
1678843615654 0.251066 -0.219301 0.575435
1678843615689 0.191201 -0.036041 0.431882
1678843615731 -0.048869 0.602313 0.333532
1678843615735 -0.141721 1.204626 0.368352
1678843615758 -0.208305 0.905913 0.644463
1678843615784 -0.287718 0.638965 0.775188
1678843615808 -0.034208 0.180816 0.745256
1678843615839 0.301767 -0.128893 0.642630
1678843615860 0.437380 0.096517 0.574213
1678843615889 0.301767 0.549779 0.585209
1678843615912 0.315206 0.894307 0.637132
1678843615945 0.307265 0.818559 0.701884
1678843615984 0.226020 0.557720 0.788016
1678843615987 0.207083 0.416610 0.833831
1678843616015 0.198531 0.461203 0.881479
1678843616038 0.063530 0.521679 0.945619
1678843616085 -0.109956 0.660345 1.019534
1678843616090 -0.161268 0.818559 1.055575
1678843616115 0.010996 0.776410 1.003652
1678843616146 0.026267 0.200364 1.108720
1678843616187 -0.276111 0.365297 1.544878
1678843616200 -0.979828 1.308473 2.043344
1678843616219 -1.219287 1.370782 1.916284
1678843616246 -0.555887 0.340252 1.411099
1678843616274 0.289550 -0.260229 1.120938
1678843616297 0.215635 0.145386 1.111164
1678843616328 -0.205251 0.894918 1.243722
1678843616352 -0.142332 1.029919 1.372003
1678843616375 0.072082 0.612698 1.446529
1678843616400 0.128893 0.290161 1.482570
1678843616451 0.117897 0.332311 1.426981
1678843616460 0.174707 0.365908 1.396438
1678843616479 0.255342 0.335365 1.276098
1678843616502 0.408058 0.414777 1.076345
1678843616528 0.447764 0.434936 0.971276
1678843616556 0.461203 0.570548 0.927293
1678843616579 0.455705 0.673173 0.869261
1678843616612 0.399506 0.602924 0.768468
1678843616631 0.463647 0.362243 0.604146
1678843616656 0.688445 0.357356 0.364687
1678843616681 0.762971 0.141721 0.293215
1678843616709 0.400728 -0.018937 0.311541
1678843616732 -0.122173 0.191812 0.401338
1678843616758 -0.287718 0.733038 0.409891
1678843616799 0.094073 0.436158 0.336587
1678843616840 0.191201 -0.269392 0.367741
1678843616850 0.122173 -0.280998 0.332922
1678843616867 0.121562 0.544281 0.359189
1678843616906 0.157603 1.009760 0.317039
1678843616923 0.164934 0.679893 0.541227
1678843616938 -0.109956 0.159436 0.664011
1678843616963 -0.090408 -0.026267 0.655458
1678843616990 0.252287 0.132558 0.562607
1678843617021 0.602924 0.240070 0.410501
1678843617050 0.604146 0.293215 0.335365
1678843617109 0.492357 0.394008 0.334143
1678843617122 0.335365 0.595594 0.395230
1678843617129 0.301157 0.736704 0.482584
1678843617143 0.373239 0.797790 0.497244
1678843617169 0.331700 0.806342 0.455705
1678843617194 0.261450 0.810007 0.477697
1678843617219 0.015272 0.660345 0.561385
1678843617256 -0.097128 0.557720 0.648739
1678843617273 -0.054367 0.616974 0.673784
1678843617296 -0.132558 0.323759 0.731817
1678843617322 -0.289550 0.287718 0.846659
1678843617354 -0.228464 0.722654 1.031141
1678843617394 -0.405615 1.563815 0.913854
1678843617399 -0.410501 1.730581 0.894918
1678843617444 -0.551611 0.750753 1.048856
1678843617456 -0.640798 -0.117286 1.083675
1678843617480 -0.282220 0.439823 1.073901
1678843617504 0.134390 1.219898 1.130712
1678843617540 0.081856 0.887587 1.294423
1678843617553 -0.314596 0.027489 1.427592
1678843617580 -0.497244 -0.289550 1.452027
1678843617607 -0.375071 -0.014050 1.345125
1678843617632 0.088575 0.507018 1.198518
1678843617656 0.420886 0.567494 1.058019
1678843617682 0.191201 0.310930 0.863153
1678843617713 0.083078 0.224188 0.828944
1678843617741 0.193033 0.221744 0.868039
1678843617759 0.158214 0.389121 0.756251
1678843617785 0.026878 0.320704 0.576046
1678843617840 -0.122173 0.065363 0.384845
1678843617844 0.100182 -0.095906 0.191201
1678843617861 0.280998 -0.179594 0.029932
1678843617893 0.217468 0.055589 -0.145997
1678843617941 0.067806 0.518014 -0.177151
1678843617944 0.057421 0.992045 -0.240070
1678843617966 0.317039 0.885144 -0.319483
1678843617996 0.302378 0.353080 -0.304822
1678843618020 -0.030543 -0.288939 -0.288939
1678843618043 -0.213192 -0.381180 -0.312152
1678843618068 -0.051924 0.158214 -0.365908
1678843618099 0.106291 0.483805 -0.383013
1678843618118 0.014661 0.075747 -0.240070
1678843618147 -0.138666 -0.384234 -0.160047
1678843618171 -0.117286 -0.483805 -0.081245
1678843618200 -0.037263 -0.226020 -0.010385
1678843618221 -0.020159 0.218690 0.026878
1678843618254 -0.001222 0.586431 0.116064
1678843618272 -0.051313 0.533896 0.213192
1678843618300 -0.123395 0.310930 0.299324
1678843618348 -0.043371 0.247400 0.370184
1678843618359 0.080023 0.329867 0.397673
1678843618375 0.131336 0.433103 0.409280
1678843618404 0.202807 0.412945 0.449597
1678843618426 0.227853 0.146608 0.526566
1678843618452 0.117897 0.328035 0.514349
1678843618490 0.078802 1.114829 0.609644
1678843618508 0.032987 1.412931 0.691499
1678843618540 -0.081245 0.743423 0.747088
1678843618554 -0.317650 -0.084910 0.879035
1678843618580 -0.493579 -0.194866 0.896750
1678843618612 -0.356745 0.409891 0.802677
1678843618631 -0.064752 0.762971 0.762360
1678843618657 0.041539 0.560163 0.777631
1678843618683 -0.056200 0.015882 0.818559
1678843618751 -0.216246 -0.303600 0.816116
1678843618759 -0.324980 -0.220522 0.759305
1678843618763 -0.225409 0.168599 0.619417
1678843618786 -0.006720 0.544281 0.485638
1678843618812 0.094684 0.597426 0.418443
1678843618839 0.046426 0.389732 0.363465
1678843618863 0.054978 0.246790 0.313374
1678843618888 0.047647 0.008552 0.219301
1678843618915 0.031765 -0.211359 0.117897
1678843618940 0.211970 -0.032376 -0.006720
1678843618965 0.321926 -0.075747 -0.144775
1678843618991 0.127671 -0.345139 -0.249844
1678843619019 -0.037874 -0.261450 -0.386678
1678843619047 -0.072693 0.689667 -0.499077
1678843619070 0.243124 1.247387 -0.525955
1678843619099 0.103236 0.048869 -0.403171
1678843619133 -0.389732 -1.187522 -0.355524
1678843619149 -0.511294 -0.835053 -0.456316
1678843619184 -0.150273 0.324980 -0.474642
1678843619206 0.164323 0.800844 -0.411112
1678843619223 0.136223 0.200364 -0.275500
1678843619266 -0.138056 -0.457538 -0.161268
1678843619274 -0.237627 -0.536340 -0.006720
1678843619302 -0.205251 -0.184481 0.130114
1678843619325 -0.108123 0.261450 0.224798
1678843619350 -0.145997 0.590707 0.330478
1678843619382 -0.293215 0.934013 0.478307
1678843619420 -0.149051 1.258993 0.636522
1678843619429 0.149051 1.070847 0.781907
1678843619453 0.108123 0.836885 0.942565
1678843619479 -0.116675 0.703106 1.256550
1678843619507 -0.493579 0.405615 1.399492
1678843619531 -0.569326 0.032987 1.385442
1678843619558 -0.172875 0.169210 1.374447
1678843619593 0.098349 0.365297 1.140485
1678843619607 0.093462 0.536340 0.925461
1678843619633 -0.070860 0.675006 0.753197
1678843619660 -0.148440 0.664011 0.630413
1678843619692 -0.120951 0.434325 0.539394
1678843619711 -0.078191 0.268170 0.522290
1678843619743 0.035430 0.233961 0.643241
1678843619762 0.056200 0.192423 0.682947
1678843619799 -0.018326 0.156992 0.642019
1678843619847 -0.064141 0.067195 0.559553
1678843619857 -0.012217 0.213192 0.456316
1678843619867 -0.040928 0.271224 0.353691
1678843619891 -0.097738 0.120951 0.210749
1678843619915 0.013439 0.156382 0.061087
1678843619946 -0.006109 0.208916 -0.096517
1678843619967 -0.095906 0.099571 -0.265116
1678843619995 0.007941 0.134390 -0.395841
1678843620018 0.110567 0.604146 -0.445932
1678843620046 0.007941 0.437380 -0.442877
1678843620070 -0.262672 -0.059865 -0.436769
1678843620096 -0.386678 -0.646906 -0.431882
1678843620139 -0.224188 -0.698830 -0.475253
1678843620156 0.070250 -0.025045 -0.524733
1678843620172 0.226631 0.455095 -0.514959
1678843620197 0.073915 0.116064 -0.419664
1678843620223 -0.251676 -0.365908 -0.324369
1678843620249 -0.344528 -0.566883 -0.242514
1678843620284 -0.079412 -0.516181 -0.243124
1678843620304 0.268781 -0.448986 -0.287107
1678843620330 0.384845 -0.309709 -0.357356
1678843620352 0.276111 -0.128893 -0.378126
1678843620387 0.172264 -0.064752 -0.373239
1678843620423 0.241292 -0.017104 -0.381180
1678843620442 0.309709 0.070250 -0.389121
1678843620455 0.252898 0.076358 -0.387899
1678843620479 0.202807 0.196088 -0.353080
1678843620507 0.114843 0.218690 -0.292604
1678843620532 0.028100 0.037263 -0.218690
1678843620568 -0.067806 -0.208305 -0.209527
1678843620590 -0.110567 0.202807 -0.235183
1678843620614 -0.283441 0.530231 -0.127671
1678843620635 -0.296881 0.201586 -0.131336
1678843620673 -0.061087 -0.479529 -0.048869
1678843620687 -0.092852 -0.629191 -0.013439
1678843620712 -0.141721 -0.048869 -0.131336
1678843620738 0.020769 0.555887 -0.246179
1678843620763 0.376293 0.759916 -0.147219
1678843620788 0.263894 0.365297 0.046426
1678843620813 -0.145997 -0.400117 0.182038
1678843620851 -0.162490 -0.742201 0.177762
1678843620872 0.170431 -0.577879 0.107512
1678843620893 0.408669 -0.307265 -0.007330
1678843620917 0.361632 -0.282831 -0.114232
1678843620942 0.205251 -0.334143 -0.181427
1678843620968 0.238848 -0.263283 -0.246179
1678843620998 0.449597 -0.222355 -0.356134
1678843621019 0.682947 -0.254731 -0.444099
1678843621051 0.637743 -0.291383 -0.474642
1678843621071 0.381180 -0.350026 -0.486249
1678843621098 0.212581 -0.409280 -0.483194
1678843621121 0.268170 -0.750753 -0.523512
1678843621147 0.279776 -0.716545 -0.759916
1678843621180 0.248622 -0.415388 -0.793514
1678843621209 0.067195 -0.148440 -0.682336
1678843621240 -0.078191 -0.604757 -0.716545
1678843621258 -0.024435 -1.264491 -0.852157
1678843621284 0.180816 -1.093449 -0.982271
1678843621303 0.296881 -0.317650 -1.039693
1678843621329 0.275500 0.212581 -0.987158
1678843621353 0.091630 -0.167377 -0.870483
1678843621390 -0.108123 -0.676839 -0.762360
1678843621416 -0.050702 -0.802066 -0.624304
1678843621434 0.094684 -0.665232 -0.536340
1678843621455 0.233961 -0.386678 -0.439212
1678843621482 0.213192 -0.269392 -0.368352
1678843621522 0.164934 -0.239459 -0.323148
1678843621540 0.169210 -0.152716 -0.257785
1678843621571 0.185703 -0.070860 -0.204029
1678843621585 0.204640 0.054367 -0.135612
1678843621609 0.136834 0.202807 -0.026267
1678843621644 0.028711 0.226020 0.059865
1678843621661 0.001833 0.083689 0.095906
1678843621688 0.006109 -0.217468 0.069639
1678843621718 0.014661 -0.112399 -0.002443
1678843621739 0.062308 0.274278 0.029322
1678843621770 0.175318 0.426995 0.006720
1678843621822 0.156992 -0.105069 -0.000611
1678843621840 0.010385 -0.632856 0.029322
1678843621843 -0.165544 -0.759305 -0.003665
1678843621866 0.031154 -0.288939 -0.004887
1678843621892 0.224188 0.029322 -0.021991
1678843621918 0.119119 -0.306654 0.001222
1678843621942 -0.058643 -0.703106 0.047037
1678843621970 -0.026267 -0.766025 -0.017104
1678843622003 0.087354 -0.638354 -0.131336
1678843622020 0.163101 -0.552222 -0.263894
1678843622062 0.175318 -0.505186 -0.345750
1678843622083 0.138056 -0.365297 -0.359800
1678843622097 0.125227 -0.343917 -0.395841
1678843622123 0.169821 -0.364076 -0.485027
1678843622149 0.196088 -0.359189 -0.527788
1678843622178 0.133169 -0.419664 -0.562607
1678843622200 -0.003054 -0.429438 -0.622472
1678843622227 -0.053145 -0.438601 -0.702495
1678843622254 -0.015272 -0.390954 -0.775799
1678843622283 0.003054 -0.400728 -0.800844
1678843622311 -0.145386 -0.546114 -0.831998
1678843622329 -0.165544 -0.403782 -0.894918
1678843622361 -0.116064 -0.277944 -0.897361
1678843622412 -0.200364 -0.350026 -0.945619
1678843622425 -0.323148 -0.579711 -0.969443
1678843622438 -0.356745 -1.045190 -1.010982
1678843622457 -0.259007 -1.141096 -1.059240
1678843622482 -0.109345 -0.648128 -1.034806
1678843622510 -0.009163 -0.164934 -1.095281
1678843622536 0.183260 0.058643 -1.076345
1678843622560 0.109956 -0.215635 -1.042136
1678843622597 -0.026878 -0.646295 -0.951728
1678843622630 0.025656 -0.613920 -0.901637
1678843622647 0.167988 -0.383623 -0.842994
1678843622663 0.106901 -0.155160 -0.620639
1678843622688 0.186314 -0.810618 -0.448986
