# Created at Tue Mar 14 18:26:15 MST 2023
1678843575957 0.111798 -0.176333 -0.902087 0.377687
1678843575965 0.109906 -0.182533 -0.901348 0.377061
1678843575973 0.113072 -0.183736 -0.901924 0.374151
1678843575979 0.115776 -0.175900 -0.905316 0.368861
1678843575986 0.116305 -0.178834 -0.905439 0.366975
1678843575995 0.116858 -0.187022 -0.905985 0.361328
1678843576000 0.119141 -0.199119 -0.904841 0.356959
1678843576007 0.112281 -0.209426 -0.905195 0.352358
1678843576013 0.105599 -0.215065 -0.907227 0.345738
1678843576028 0.105983 -0.214571 -0.911629 0.334156
1678843576035 0.107289 -0.212061 -0.916384 0.322118
1678843576087 0.103445 -0.202647 -0.921121 0.315863
1678843576143 0.087890 -0.193363 -0.930377 0.298806
1678843576235 0.095314 -0.192581 -0.935480 0.280543
1678843576262 0.114452 -0.166462 -0.941763 0.268837
1678843576316 0.118555 -0.144558 -0.945857 0.265333
1678843576383 0.114633 -0.136567 -0.949403 0.258539
1678843576427 0.115079 -0.140801 -0.949842 0.254425
1678843576498 0.114748 -0.147624 -0.949495 0.251991
1678843576575 0.116643 -0.169711 -0.946845 0.247137
1678843576635 0.105865 -0.189868 -0.946705 0.237684
1678843576697 0.092810 -0.198173 -0.949340 0.225538
1678843576751 0.089568 -0.190584 -0.952430 0.220301
1678843576839 0.072002 -0.215703 -0.952851 0.200906
1678843576885 0.078081 -0.215414 -0.955483 0.185884
1678843576937 0.086899 -0.206021 -0.959565 0.170997
1678843576979 0.077442 -0.189596 -0.964715 0.165471
1678843577036 0.072255 -0.174462 -0.968617 0.161629
1678843577093 0.075707 -0.166185 -0.971211 0.152970
1678843577146 0.082877 -0.151371 -0.974660 0.142323
1678843577232 0.104664 -0.158273 -0.973366 0.128663
1678843577257 0.116992 -0.145249 -0.973604 0.131569
1678843577325 0.108899 -0.134427 -0.975021 0.139297
1678843577392 0.125573 -0.133342 -0.972155 0.146173
1678843577433 0.127416 -0.145849 -0.968872 0.154210
1678843577494 0.124063 -0.148811 -0.966205 0.170033
1678843577541 0.113671 -0.146245 -0.964227 0.189624
1678843577610 0.080722 -0.166191 -0.960777 0.206813
1678843577645 0.076204 -0.170721 -0.960423 0.206483
1678843577701 0.080919 -0.191117 -0.955033 0.211753
1678843577762 0.076684 -0.188753 -0.952454 0.226546
1678843577812 0.097208 -0.193626 -0.946395 0.239577
1678843577865 0.104205 -0.192429 -0.945122 0.242606
1678843577937 0.068352 -0.166493 -0.951236 0.250516
1678843578010 0.033742 -0.156475 -0.947432 0.277037
1678843578032 0.037356 -0.168048 -0.944633 0.279345
1678843578089 0.068590 -0.166568 -0.944506 0.274697
1678843578135 0.075269 -0.156150 -0.946165 0.273357
1678843578182 0.079885 -0.141621 -0.946562 0.278534
1678843578230 0.091658 -0.131777 -0.944571 0.286390
1678843578292 0.075098 -0.118144 -0.946150 0.291895
1678843578341 0.081536 -0.110121 -0.943999 0.300153
1678843578388 0.071946 -0.106262 -0.942460 0.308708
1678843578434 0.074928 -0.090558 -0.934041 0.337272
1678843578491 0.070582 -0.072154 -0.923001 0.371323
1678843578545 0.079145 -0.066920 -0.917230 0.384639
1678843578602 0.093462 -0.060134 -0.909560 0.400437
1678843578678 0.118706 -0.045848 -0.898585 0.419943
1678843578720 0.130304 -0.024371 -0.887652 0.441022
1678843578774 0.141535 -0.021203 -0.872445 0.467288
1678843578837 0.140826 -0.015000 -0.856095 0.497036
1678843578884 0.150276 -0.009759 -0.839742 0.521685
1678843578941 0.159463 0.001599 -0.822700 0.545649
1678843578995 0.173991 0.012490 -0.812484 0.556275
1678843579069 0.178728 0.024981 -0.797394 0.575843
1678843579115 0.180649 0.019733 -0.791636 0.583344
1678843579169 0.185586 0.007214 -0.784984 0.591021
1678843579232 0.184259 0.002550 -0.773566 0.606331
1678843579299 0.189377 -0.004336 -0.764297 0.616415
1678843579328 0.202514 -0.009451 -0.749780 0.629864
1678843579388 0.212965 -0.020778 -0.732552 0.646206
1678843579446 0.208080 -0.037618 -0.714337 0.667091
1678843579488 0.218798 -0.042690 -0.704966 0.673297
1678843579565 0.234168 -0.049095 -0.684603 0.688530
1678843579603 0.227277 -0.072022 -0.669766 0.703258
1678843579666 0.235560 -0.082079 -0.650754 0.717143
1678843579761 0.238162 -0.109816 -0.639656 0.722537
1678843579786 0.249007 -0.128654 -0.629958 0.724290
1678843579848 0.271849 -0.140927 -0.625235 0.717857
1678843579911 0.282579 -0.163377 -0.620626 0.712938
1678843579952 0.294299 -0.175073 -0.610542 0.714127
1678843580025 0.305438 -0.199924 -0.605887 0.706851
1678843580062 0.311457 -0.194568 -0.596460 0.713704
1678843580126 0.304434 -0.181551 -0.589927 0.725496
1678843580180 0.295089 -0.185112 -0.588031 0.729983
1678843580235 0.286978 -0.187834 -0.582013 0.737308
1678843580298 0.297174 -0.185595 -0.567999 0.744728
1678843580369 0.303798 -0.204657 -0.554204 0.747449
1678843580430 0.300872 -0.220317 -0.539419 0.754959
1678843580488 0.287412 -0.224925 -0.535532 0.761583
1678843580536 0.274919 -0.253116 -0.533748 0.758594
1678843580591 0.286797 -0.255632 -0.523063 0.760792
1678843580642 0.284075 -0.272252 -0.520541 0.757771
1678843580694 0.269735 -0.280830 -0.520564 0.759862
1678843580780 0.273215 -0.283251 -0.517290 0.759956
1678843580812 0.277555 -0.286936 -0.511849 0.760685
1678843580875 0.284403 -0.310643 -0.501298 0.755855
1678843580939 0.275752 -0.330834 -0.501577 0.750287
1678843580988 0.276707 -0.358614 -0.502494 0.736430
1678843581048 0.284492 -0.378055 -0.501849 0.724076
1678843581097 0.260692 -0.411729 -0.511286 0.707888
1678843581155 0.242011 -0.425306 -0.525817 0.695746
1678843581224 0.226254 -0.410077 -0.539539 0.699674
1678843581274 0.214687 -0.406961 -0.547139 0.699237
1678843581323 0.198929 -0.416467 -0.552471 0.694088
1678843581382 0.174522 -0.451816 -0.561840 0.670626
1678843581405 0.162772 -0.465792 -0.564712 0.661547
1678843581460 0.132907 -0.486083 -0.577126 0.642639
1678843581524 0.109879 -0.508033 -0.587748 0.619985
1678843581581 0.077026 -0.526300 -0.605911 0.591563
1678843581634 0.061869 -0.539352 -0.624696 0.561272
1678843581697 0.035532 -0.551779 -0.644761 0.527789
1678843581747 0.000883 -0.558592 -0.661170 0.500827
1678843581806 -0.024492 -0.560806 -0.679471 0.472457
1678843581860 -0.044428 -0.560959 -0.700342 0.439173
1678843581922 -0.065469 -0.552940 -0.726603 0.402516
1678843581970 -0.093111 -0.553300 -0.746882 0.356870
1678843582026 -0.114629 -0.545454 -0.768641 0.313897
1678843582077 -0.132438 -0.541320 -0.782304 0.278268
1678843582138 -0.149550 -0.533090 -0.801292 0.226677
1678843582164 -0.165439 -0.532831 -0.808641 0.186605
1678843582227 -0.195834 -0.518409 -0.819638 0.145244
1678843582293 -0.230606 -0.497235 -0.831007 0.094901
1678843582339 -0.225764 -0.481933 -0.843433 0.073432
1678843582387 -0.249081 -0.478532 -0.841222 0.036204
1678843582448 0.267170 0.465682 0.843641 0.005538
1678843582502 0.283490 0.445345 0.847951 0.047747
1678843582615 0.300893 0.422444 0.850824 0.084273
1678843582637 0.321519 0.401576 0.849410 0.117745
1678843582677 0.325787 0.384127 0.851261 0.147185
1678843582753 0.302428 0.379016 0.852323 0.196037
1678843582805 0.296692 0.375211 0.850832 0.217430
1678843582863 0.300793 0.365307 0.850170 0.230835
1678843582956 0.313617 0.348983 0.847535 0.248072
1678843582988 0.321423 0.352436 0.838674 0.262874
1678843583016 0.328058 0.350036 0.833884 0.272928
1678843583071 0.336310 0.335260 0.831952 0.286970
1678843583147 0.328435 0.326125 0.832819 0.303621
1678843583209 0.328297 0.316904 0.831192 0.317667
1678843583235 0.325547 0.318639 0.827176 0.329042
1678843583289 0.323159 0.316430 0.823350 0.342834
1678843583332 0.321840 0.305208 0.815097 0.372671
1678843583387 0.303493 0.310009 0.810598 0.393342
1678843583452 0.294292 0.303632 0.805539 0.415100
1678843583506 0.293663 0.301252 0.793794 0.439204
1678843583582 0.297745 0.295736 0.781960 0.460898
1678843583634 0.269698 0.306676 0.769125 0.491589
1678843583687 0.252915 0.287935 0.763003 0.520532
1678843583769 0.217845 0.261091 0.757737 0.556964
1678843583803 0.187762 0.240953 0.747947 0.589290
1678843583861 0.160885 0.234064 0.730114 0.621502
1678843583918 0.132586 0.231149 0.716935 0.644202
1678843583987 0.121261 0.211344 0.704674 0.666381
1678843584024 0.113670 0.201764 0.689153 0.686614
1678843584082 0.089499 0.195111 0.679866 0.701216
1678843584140 0.072840 0.188889 0.666583 0.717414
1678843584192 0.046285 0.195007 0.650412 0.732662
1678843584262 0.026911 0.197799 0.632549 0.748354
1678843584303 0.007853 0.194659 0.617666 0.761928
1678843584363 -0.001075 0.184161 0.599217 0.779116
1678843584433 -0.006217 0.160815 0.572127 0.804221
1678843584493 -0.010117 0.143515 0.541781 0.828115
1678843584574 -0.015662 0.134196 0.512243 0.848147
1678843584629 -0.011103 0.114589 0.485033 0.866884
1678843584695 -0.012818 0.101805 0.461458 0.881208
1678843584746 -0.008497 0.089416 0.425971 0.900268
1678843584808 -0.010138 0.077739 0.399832 0.913230
1678843584849 0.000870 0.065741 0.366041 0.928273
1678843584916 0.015517 0.054952 0.334451 0.940682
1678843584971 0.033349 0.045390 0.301432 0.951823
1678843585030 0.046995 0.039644 0.280626 0.957846
1678843585061 0.067376 0.025273 0.254041 0.964513
1678843585117 0.078794 0.014766 0.227793 0.970404
1678843585186 0.089918 0.007259 0.207094 0.974153
1678843585239 0.100819 -0.002646 0.186408 0.977282
1678843585290 0.114769 -0.005397 0.164937 0.979589
1678843585361 0.130555 -0.028321 0.147564 0.979989
1678843585403 0.144980 -0.035851 0.129905 0.980214
1678843585458 0.160506 -0.039629 0.111434 0.979923
1678843585515 0.175737 -0.041591 0.097800 0.978684
1678843585567 0.189077 -0.054555 0.080146 0.977164
1678843585640 0.210294 -0.067137 0.057923 0.973609
1678843585680 0.233929 -0.076733 0.039702 0.968408
1678843585739 0.259437 -0.094974 0.011891 0.961005
1678843585812 0.286293 -0.095923 -0.012073 0.953252
1678843585836 0.302115 -0.111797 -0.031655 0.946164
1678843585910 0.312185 -0.130661 -0.053051 0.939497
1678843585992 0.318533 -0.152592 -0.074319 0.932593
1678843586021 0.328209 -0.174758 -0.098844 0.923021
1678843586049 0.339224 -0.182808 -0.114782 0.915606
1678843586120 0.347549 -0.199651 -0.132445 0.906536
1678843586177 0.353160 -0.214797 -0.146291 0.898743
1678843586211 0.354597 -0.226911 -0.152842 0.894098
1678843586272 0.356750 -0.245445 -0.156096 0.887761
1678843586322 0.357401 -0.261141 -0.160007 0.882308
1678843586404 0.365840 -0.277130 -0.165570 0.872896
1678843586437 0.382946 -0.300364 -0.176390 0.855582
1678843586503 0.398100 -0.307749 -0.177104 0.845838
1678843586547 0.402885 -0.313718 -0.175227 0.841760
1678843586600 0.402873 -0.320545 -0.175332 0.839168
1678843586658 0.400499 -0.328701 -0.182933 0.835519
1678843586721 0.398737 -0.328603 -0.187113 0.835475
1678843586772 0.400053 -0.331521 -0.193062 0.832333
1678843586851 0.392875 -0.342813 -0.208073 0.827547
1678843586920 0.399379 -0.349960 -0.220611 0.818142
1678843586934 0.399574 -0.354431 -0.229354 0.813705
1678843587000 0.408391 -0.358379 -0.241005 0.804176
1678843587054 0.414062 -0.365753 -0.254095 0.793860
1678843587106 0.411144 -0.371446 -0.267683 0.788248
1678843587148 0.393964 -0.380630 -0.277380 0.789287
1678843587211 0.366684 -0.401071 -0.291744 0.787128
1678843587269 0.362598 -0.394580 -0.293659 0.791576
1678843587328 0.344612 -0.389741 -0.314981 0.793808
1678843587379 0.339296 -0.381449 -0.325881 0.795724
1678843587441 0.330355 -0.374435 -0.336185 0.798526
1678843587504 0.323198 -0.376511 -0.345201 0.796630
1678843587553 0.317545 -0.378080 -0.354199 0.794207
1678843587600 0.322904 -0.378082 -0.356680 0.790928
1678843587653 0.332045 -0.372466 -0.361328 0.787691
1678843587704 0.338605 -0.366356 -0.364633 0.786240
1678843587756 0.342364 -0.360656 -0.367666 0.785835
1678843587805 0.345151 -0.359210 -0.375631 0.781499
1678843587868 0.362005 -0.343481 -0.380593 0.778538
1678843587942 0.346521 -0.322522 -0.386875 0.791347
1678843587985 0.325962 -0.319411 -0.403820 0.792878
1678843588034 0.326254 -0.311444 -0.413618 0.790874
1678843588087 0.316747 -0.289398 -0.418362 0.800558
1678843588138 0.292822 -0.283504 -0.428964 0.806145
1678843588198 0.280112 -0.291130 -0.441335 0.801251
1678843588281 0.271999 -0.302168 -0.455754 0.791833
1678843588316 0.258536 -0.309826 -0.475252 0.781859
1678843588376 0.242032 -0.317476 -0.499405 0.768911
1678843588443 0.232231 -0.320063 -0.524337 0.754121
1678843588506 0.209678 -0.326245 -0.556066 0.735112
1678843588564 0.190898 -0.331575 -0.586167 0.714160
1678843588601 0.179111 -0.322205 -0.614537 0.697458
1678843588657 0.169707 -0.314003 -0.646478 0.674290
1678843588731 0.146382 -0.303637 -0.680779 0.650321
1678843588777 0.129446 -0.297340 -0.715826 0.618406
1678843588831 0.123252 -0.297525 -0.737575 0.593524
1678843588887 0.115165 -0.296066 -0.761037 0.565601
1678843588923 0.108793 -0.296657 -0.775937 0.545967
1678843588962 0.105225 -0.297201 -0.788686 0.527801
1678843589018 0.105205 -0.301268 -0.802907 0.503498
1678843589051 0.106883 -0.303812 -0.812050 0.486671
1678843589093 0.105767 -0.304725 -0.820579 0.471812
1678843589166 0.111844 -0.302938 -0.830469 0.453918
1678843589203 0.122336 -0.287851 -0.844526 0.434686
1678843589287 0.124493 -0.273348 -0.863418 0.405330
1678843589336 0.141423 -0.264207 -0.873051 0.384676
1678843589405 0.146088 -0.249101 -0.886337 0.361959
1678843589481 0.134083 -0.246338 -0.902702 0.326297
1678843589518 0.124032 -0.249090 -0.910968 0.304478
1678843589589 0.107565 -0.258036 -0.918749 0.278833
1678843589649 0.083563 -0.262514 -0.927385 0.253101
1678843589690 0.059019 -0.267088 -0.935171 0.225024
1678843589748 0.026159 -0.273763 -0.942275 0.191016
1678843589794 0.013585 -0.275766 -0.947659 0.160349
1678843589833 -0.002594 -0.272404 -0.952668 0.134954
1678843589889 -0.000066 -0.275871 -0.956366 0.096220
1678843589944 -0.005230 -0.279263 -0.958405 0.058699
1678843590022 -0.019761 -0.266151 -0.963326 0.027876
1678843590051 0.021181 0.270857 0.962349 0.008553
1678843590094 0.008037 0.275564 0.960397 0.040475
1678843590173 0.006545 0.263248 0.962006 0.072124
1678843590230 0.019589 0.254869 0.961026 0.105291
1678843590272 0.023476 0.242995 0.961126 0.128989
1678843590323 0.017301 0.234899 0.961025 0.144755
1678843590372 0.016986 0.235929 0.958466 0.159350
1678843590426 0.011154 0.242732 0.954241 0.174304
1678843590520 0.004238 0.239346 0.952940 0.186016
1678843590553 -0.008495 0.217655 0.956645 0.193350
1678843590608 -0.013914 0.215878 0.954730 0.204190
1678843590642 -0.013220 0.211509 0.954428 0.210133
1678843590702 -0.028817 0.201433 0.953316 0.223121
1678843590747 -0.044511 0.195924 0.952797 0.227621
1678843590781 -0.049674 0.193826 0.950018 0.239646
1678843590838 -0.058554 0.196568 0.945877 0.251495
1678843590892 -0.066599 0.196326 0.942146 0.263405
1678843590990 -0.074787 0.202889 0.936702 0.275378
1678843591014 -0.076264 0.205612 0.930892 0.292145
1678843591051 -0.076595 0.208445 0.926154 0.304831
1678843591089 -0.077789 0.208402 0.922131 0.316530
1678843591138 -0.078322 0.205370 0.916169 0.335146
1678843591235 -0.083359 0.200943 0.904763 0.366165
1678843591265 -0.088835 0.184845 0.892874 0.400896
1678843591319 -0.093189 0.191436 0.878478 0.427720
1678843591374 -0.091859 0.185249 0.870432 0.446759
1678843591463 -0.075786 0.186881 0.856632 0.474882
1678843591498 -0.075241 0.190422 0.846996 0.490587
1678843591562 -0.073525 0.199582 0.836617 0.504811
1678843591606 -0.071592 0.210697 0.827721 0.515131
1678843591658 -0.070659 0.217755 0.821133 0.522811
1678843591722 -0.070455 0.224743 0.815795 0.528209
1678843591769 -0.071161 0.226256 0.811656 0.533816
1678843591847 -0.075610 0.220046 0.810930 0.536895
1678843591900 -0.071232 0.204664 0.809919 0.545041
1678843591962 -0.089429 0.197045 0.804550 0.553059
1678843592022 -0.079073 0.192029 0.800865 0.561682
1678843592071 -0.066124 0.187839 0.798905 0.567534
1678843592124 -0.044990 0.185249 0.793142 0.578432
1678843592195 -0.027810 0.199401 0.779020 0.593796
1678843592258 -0.016172 0.208719 0.769507 0.603352
1678843592298 -0.001504 0.215672 0.758944 0.614400
1678843592370 0.014139 0.224770 0.745090 0.627789
1678843592425 0.027039 0.218051 0.735588 0.640807
1678843592480 0.039014 0.209975 0.722258 0.657824
1678843592560 0.046103 0.190780 0.707519 0.678893
1678843592607 0.051999 0.179513 0.694717 0.694579
1678843592677 0.066365 0.164621 0.663777 0.726565
1678843592752 0.062515 0.164969 0.643097 0.745187
1678843592804 0.069189 0.160311 0.628284 0.758137
1678843592854 0.079174 0.154223 0.617115 0.767539
1678843592898 0.090624 0.151818 0.607602 0.774312
1678843592956 0.098789 0.157153 0.598048 0.779668
1678843593001 0.105464 0.165577 0.590198 0.783025
1678843593048 0.113097 0.165322 0.586900 0.784491
1678843593118 0.124782 0.162295 0.586126 0.783930
1678843593152 0.129952 0.159584 0.591786 0.779381
1678843593198 0.133198 0.149296 0.608597 0.767840
1678843593262 0.145106 0.137487 0.633251 0.747686
1678843593319 0.150832 0.135295 0.656299 0.726786
1678843593381 0.119838 0.166902 0.676312 0.707379
1678843593438 0.105073 0.186224 0.696911 0.684540
1678843593491 0.097109 0.198843 0.720801 0.656869
1678843593557 0.087861 0.212455 0.741988 0.629760
1678843593615 0.078077 0.224522 0.764077 0.599734
1678843593651 0.070936 0.233108 0.783319 0.571875
1678843593673 0.067764 0.234752 0.793378 0.557540
1678843593731 0.066293 0.229700 0.816114 0.526119
1678843593772 0.069441 0.228214 0.829073 0.505703
1678843593823 0.063743 0.238246 0.842574 0.478795
1678843593878 0.046219 0.249738 0.859595 0.443386
1678843593920 0.049229 0.253041 0.869262 0.421817
1678843593975 0.038945 0.252531 0.885371 0.388367
1678843594029 0.016367 0.246933 0.905245 0.345380
1678843594084 0.006805 0.235678 0.924959 0.298095
1678843594147 0.002197 0.229173 0.943330 0.240008
1678843594213 -0.014800 0.234548 0.954134 0.185463
1678843594266 -0.023296 0.229427 0.963400 0.136679
1678843594296 -0.027900 0.223444 0.970404 0.087234
1678843594352 -0.034174 0.217506 0.974982 0.030540
1678843594417 0.048029 -0.217287 -0.974412 0.031641
1678843594470 0.061387 -0.221231 -0.969402 0.086884
1678843594526 0.094628 -0.199415 -0.961651 0.162805
1678843594610 0.101435 -0.191844 -0.949214 0.227814
1678843594636 0.100105 -0.194476 -0.935012 0.279125
1678843594702 0.122733 -0.167175 -0.917268 0.340013
1678843594756 0.135031 -0.154307 -0.897579 0.390267
1678843594821 0.147178 -0.151354 -0.873248 0.439168
1678843594865 0.158970 -0.146697 -0.845526 0.488154
1678843594936 0.153118 -0.154603 -0.815474 0.536335
1678843594984 0.151991 -0.171862 -0.788188 0.571071
1678843595041 0.153152 -0.187403 -0.762546 0.599956
1678843595108 0.157377 -0.195715 -0.739249 0.624852
1678843595167 0.167633 -0.186647 -0.704570 0.663809
1678843595228 0.170600 -0.183275 -0.683935 0.685229
1678843595293 0.182323 -0.203117 -0.671179 0.689217
1678843595341 0.198088 -0.187145 -0.657213 0.702715
1678843595378 0.209867 -0.164066 -0.638323 0.722206
1678843595434 0.209847 -0.174978 -0.625719 0.730632
1678843595532 0.212039 -0.173612 -0.610326 0.743237
1678843595562 0.224217 -0.164731 -0.588990 0.758737
1678843595617 0.234003 -0.158501 -0.567736 0.773173
1678843595648 0.234964 -0.156711 -0.553678 0.783374
1678843595706 0.235418 -0.152213 -0.530490 0.799994
1678843595752 0.234652 -0.151190 -0.513256 0.811572
1678843595807 0.235077 -0.139330 -0.497260 0.823443
1678843595850 0.223690 -0.116062 -0.463902 0.849286
1678843595897 0.210958 -0.124308 -0.448459 0.859610
1678843595924 0.194997 -0.139217 -0.433326 0.868806
1678843595989 0.194025 -0.118654 -0.413048 0.881854
1678843596036 0.196316 -0.103397 -0.398520 0.889916
1678843596083 0.200268 -0.097342 -0.388866 0.893980
1678843596138 0.212650 -0.090670 -0.381071 0.895178
1678843596201 0.233351 -0.085627 -0.369300 0.895451
1678843596258 0.241524 -0.084783 -0.357044 0.898331
1678843596337 0.244996 -0.093923 -0.347758 0.900122
1678843596369 0.247314 -0.093606 -0.339132 0.902809
1678843596433 0.245554 -0.096381 -0.335645 0.904299
1678843596498 0.232103 -0.096772 -0.332389 0.909000
1678843596532 0.224364 -0.093742 -0.332805 0.911106
1678843596595 0.210960 -0.096956 -0.336724 0.912530
1678843596658 0.206756 -0.074095 -0.337367 0.915394
1678843596731 0.194840 -0.066167 -0.334860 0.919526
1678843596772 0.190697 -0.073922 -0.330380 0.921422
1678843596824 0.195179 -0.080903 -0.323734 0.922256
1678843596895 0.206513 -0.084183 -0.316191 0.922111
1678843596963 0.215448 -0.086980 -0.306630 0.923036
1678843597018 0.221785 -0.086684 -0.298867 0.924108
1678843597074 0.224695 -0.086629 -0.290761 0.925994
1678843597117 0.227788 -0.087451 -0.287510 0.926177
1678843597177 0.233847 -0.062681 -0.272251 0.931271
1678843597254 0.222183 -0.062186 -0.248260 0.940816
1678843597286 0.225394 -0.073714 -0.236348 0.942286
1678843597354 0.221534 -0.055446 -0.220305 0.948322
1678843597395 0.216327 -0.043747 -0.205028 0.953547
1678843597449 0.215044 -0.031804 -0.193255 0.956764
1678843597520 0.219034 -0.021318 -0.181657 0.958421
1678843597592 0.227847 -0.005746 -0.167367 0.959188
1678843597640 0.235048 -0.006789 -0.159910 0.958716
1678843597678 0.248434 -0.004799 -0.151120 0.956776
1678843597734 0.259056 -0.000112 -0.139458 0.955741
1678843597808 0.260819 -0.000258 -0.129991 0.956596
1678843597859 0.260844 -0.005607 -0.128281 0.956803
1678843597913 0.241889 -0.011716 -0.120751 0.962690
1678843597964 0.231826 -0.005037 -0.125445 0.964622
1678843598018 0.235521 -0.006865 -0.144391 0.961059
1678843598072 0.237697 -0.014396 -0.158867 0.958151
1678843598135 0.235232 -0.018886 -0.161949 0.958166
1678843598190 0.231838 -0.032313 -0.162103 0.958608
1678843598250 0.231378 -0.048040 -0.164980 0.957569
1678843598327 0.239742 -0.052958 -0.173727 0.953697
1678843598365 0.251402 -0.051458 -0.185218 0.948601
1678843598419 0.266127 -0.048260 -0.195792 0.942610
1678843598459 0.280060 -0.036241 -0.203523 0.937460
1678843598522 0.286777 -0.022556 -0.213403 0.933654
1678843598564 0.286345 -0.012663 -0.214190 0.933793
1678843598625 0.286125 -0.020040 -0.222694 0.931740
1678843598696 0.304223 -0.027383 -0.234737 0.922820
1678843598758 0.296614 -0.016743 -0.224386 0.928111
1678843598816 0.294334 -0.028473 -0.226747 0.927978
1678843598846 0.299064 -0.036557 -0.232588 0.924731
1678843598903 0.307788 -0.033360 -0.237627 0.920699
1678843598970 0.320448 -0.032346 -0.240659 0.915615
1678843598988 0.323898 -0.039749 -0.248055 0.912129
1678843599052 0.326378 -0.049778 -0.262411 0.906719
1678843599087 0.324065 -0.059716 -0.275505 0.903057
1678843599152 0.314871 -0.070155 -0.294130 0.899679
1678843599222 0.289327 -0.077297 -0.320496 0.898664
1678843599256 0.274987 -0.095678 -0.351176 0.889890
1678843599317 0.281025 -0.108303 -0.390469 0.869959
1678843599357 0.277909 -0.101970 -0.410017 0.862702
1678843599408 0.273436 -0.114649 -0.440755 0.847245
1678843599490 0.267723 -0.139140 -0.480066 0.823712
1678843599540 0.260232 -0.136459 -0.504088 0.812129
1678843599594 0.259778 -0.134004 -0.532217 0.794546
1678843599652 0.264401 -0.135545 -0.555534 0.776596
1678843599722 0.273989 -0.141752 -0.572896 0.759359
1678843599772 0.275665 -0.152986 -0.587042 0.745645
1678843599834 0.273577 -0.156064 -0.598059 0.736970
1678843599894 0.264746 -0.164945 -0.611147 0.727463
1678843599975 0.259272 -0.172912 -0.626282 0.714598
1678843600024 0.252470 -0.166934 -0.644653 0.702008
1678843600075 0.234118 -0.164151 -0.664187 0.690724
1678843600136 0.225873 -0.176358 -0.683445 0.671403
1678843600186 0.222547 -0.180056 -0.701786 0.652342
1678843600223 0.225942 -0.187680 -0.712567 0.637161
1678843600282 0.227754 -0.197986 -0.728764 0.614680
1678843600358 0.217002 -0.216453 -0.752918 0.582385
1678843600411 0.215325 -0.226567 -0.767377 0.559853
1678843600485 0.197230 -0.233040 -0.787571 0.535280
1678843600521 0.192962 -0.232735 -0.807624 0.506304
1678843600577 0.180654 -0.220511 -0.829984 0.479444
1678843600632 0.167086 -0.227670 -0.851334 0.442130
1678843600693 0.166022 -0.219130 -0.870744 0.407706
1678843600754 0.161893 -0.217731 -0.884902 0.378592
1678843600784 0.153781 -0.228724 -0.893809 0.353755
1678843600853 0.148517 -0.225829 -0.907686 0.321013
1678843600886 0.147659 -0.226467 -0.914941 0.299654
1678843600948 0.154013 -0.234211 -0.920077 0.273649
1678843601004 0.159624 -0.246270 -0.921887 0.252976
1678843601060 0.156205 -0.255996 -0.923368 0.239702
1678843601135 0.146514 -0.262020 -0.925855 0.229503
1678843601161 0.138604 -0.276717 -0.926624 0.213506
1678843601217 0.138584 -0.286638 -0.925966 0.203028
1678843601271 0.132621 -0.290968 -0.927837 0.192008
1678843601330 0.127421 -0.298606 -0.928677 0.179324
1678843601395 0.129505 -0.294402 -0.931504 0.169872
1678843601440 0.120642 -0.285566 -0.936748 0.162485
1678843601488 0.107418 -0.285854 -0.940078 0.151668
1678843601536 0.099424 -0.292760 -0.941599 0.133410
1678843601588 0.094138 -0.296351 -0.943231 0.116744
1678843601644 0.087960 -0.304917 -0.942910 0.101047
1678843601683 0.076028 -0.310135 -0.943646 0.086999
1678843601728 0.061306 -0.318972 -0.943191 0.069915
1678843601785 0.051029 -0.333040 -0.940597 0.041919
1678843601854 0.036689 -0.338366 -0.940237 0.010845
1678843601898 -0.024225 0.332377 0.942661 0.018162
1678843601966 -0.014132 0.322678 0.945269 0.046318
1678843602027 0.009317 0.329140 0.940415 0.084856
1678843602085 0.005109 0.313529 0.941026 0.127057
1678843602152 0.019137 0.311866 0.936900 0.156818
1678843602196 0.036107 0.312829 0.929926 0.189927
1678843602284 0.031354 0.315806 0.920479 0.228038
1678843602335 0.034023 0.334246 0.909540 0.244659
1678843602386 0.041358 0.348690 0.901040 0.254623
1678843602467 0.053853 0.360872 0.894107 0.259700
1678843602489 0.059877 0.368381 0.890088 0.261638
1678843602562 0.060067 0.365120 0.889817 0.267031
1678843602618 0.059692 0.353346 0.894753 0.266460
1678843602642 0.061448 0.359808 0.890826 0.270538
1678843602707 0.083873 0.367036 0.883872 0.277525
1678843602794 0.083704 0.359573 0.888743 0.271729
1678843602816 0.084514 0.354510 0.890154 0.273507
1678843602865 0.101102 0.355620 0.885415 0.281697
1678843602916 0.105551 0.362572 0.880720 0.285889
1678843602996 0.113319 0.368982 0.876211 0.288556
1678843603033 0.133415 0.376010 0.868329 0.294655
1678843603083 0.143084 0.381242 0.862906 0.299289
1678843603172 0.149513 0.376647 0.860107 0.309836
1678843603214 0.148103 0.360595 0.863253 0.320673
1678843603309 0.156609 0.337930 0.864096 0.338550
1678843603330 0.155095 0.341734 0.854437 0.359307
1678843603389 0.145063 0.335396 0.852049 0.374805
1678843603436 0.139720 0.330183 0.844939 0.396907
1678843603500 0.127228 0.333943 0.839621 0.409062
1678843603556 0.114990 0.338620 0.836515 0.415158
1678843603652 0.115295 0.346189 0.831636 0.418619
1678843603681 0.105111 0.357257 0.828602 0.418017
1678843603744 0.110576 0.348296 0.833714 0.413986
1678843603801 0.125625 0.343292 0.832796 0.415716
1678843603831 0.132288 0.349183 0.827105 0.420080
1678843603886 0.140349 0.367064 0.817565 0.420896
1678843603948 0.138036 0.373907 0.817424 0.415882
1678843603983 0.143195 0.366198 0.820012 0.415901
1678843604059 0.145045 0.366716 0.820569 0.413699
1678843604091 0.144817 0.370289 0.819288 0.413137
1678843604146 0.150956 0.373189 0.817804 0.411265
1678843604209 0.167164 0.382172 0.811170 0.409884
1678843604257 0.175132 0.395250 0.803526 0.409210
1678843604318 0.182196 0.402078 0.797977 0.410330
1678843604381 0.183451 0.402237 0.796507 0.412465
1678843604417 0.186923 0.397559 0.794562 0.419139
1678843604480 0.188055 0.395810 0.792427 0.424298
1678843604525 0.190400 0.383916 0.793000 0.433022
1678843604608 0.184477 0.383270 0.786283 0.448143
1678843604674 0.196645 0.362568 0.783628 0.464545
1678843604727 0.199808 0.355917 0.777365 0.478648
1678843604763 0.194173 0.356722 0.774891 0.484345
1678843604841 0.189171 0.329191 0.779421 0.498348
1678843604912 0.193293 0.319125 0.774390 0.510996
1678843604951 0.197192 0.317505 0.766349 0.522509
1678843605002 0.199593 0.324216 0.757260 0.530664
1678843605064 0.195342 0.326587 0.755243 0.533658
1678843605118 0.192728 0.324209 0.752958 0.539258
1678843605157 0.195157 0.322993 0.749278 0.544217
1678843605233 0.200928 0.326435 0.742842 0.548867
1678843605268 0.211225 0.316138 0.744771 0.548413
1678843605323 0.216113 0.300455 0.750247 0.547861
1678843605364 0.226561 0.303747 0.743162 0.551469
1678843605411 0.242043 0.299818 0.734806 0.558198
1678843605466 0.237100 0.294207 0.734983 0.563050
1678843605517 0.242909 0.285589 0.729607 0.571933
1678843605593 0.254878 0.278780 0.719111 0.583266
1678843605646 0.270431 0.276209 0.702375 0.597700
1678843605703 0.284370 0.277732 0.682649 0.613179
1678843605766 0.294104 0.269075 0.663653 0.632983
1678843605821 0.306254 0.261288 0.648677 0.645876
1678843605861 0.316146 0.243442 0.632009 0.664344
1678843605910 0.315372 0.224271 0.620840 0.681763
1678843605956 0.318319 0.206388 0.602502 0.702189
1678843606041 0.325807 0.195069 0.569982 0.728641
1678843606074 0.317637 0.184361 0.553960 0.747159
1678843606114 0.314823 0.169493 0.536353 0.764516
1678843606186 0.330050 0.165646 0.505005 0.780127
1678843606239 0.329485 0.159076 0.485391 0.794059
1678843606292 0.329527 0.160571 0.464848 0.805943
1678843606334 0.334244 0.154034 0.453322 0.811821
1678843606411 0.337543 0.149881 0.443366 0.816717
1678843606442 0.337974 0.149035 0.435858 0.820725
1678843606501 0.348336 0.143427 0.423075 0.824074
1678843606557 0.350975 0.139487 0.409680 0.830375
1678843606631 0.351172 0.137869 0.393728 0.838242
1678843606667 0.347836 0.124665 0.382423 0.846889
1678843606733 0.339758 0.125275 0.370019 0.855545
1678843606781 0.337665 0.133690 0.351289 0.862963
1678843606833 0.338860 0.142354 0.335279 0.867466
1678843606888 0.339936 0.155007 0.326820 0.868104
1678843606928 0.343974 0.165713 0.320622 0.866847
1678843606989 0.355200 0.182196 0.309168 0.863164
1678843607031 0.359640 0.182699 0.303024 0.863398
1678843607097 0.361994 0.179154 0.301887 0.863556
1678843607150 0.362431 0.175959 0.297702 0.865480
1678843607190 0.368337 0.175720 0.294929 0.863983
1678843607246 0.365384 0.175036 0.299309 0.863870
1678843607290 0.378659 0.162409 0.291256 0.863371
1678843607358 0.373733 0.177251 0.299509 0.859767
1678843607426 0.356021 0.174940 0.318141 0.861064
1678843607464 0.359648 0.171342 0.315507 0.861249
1678843607520 0.368727 0.174185 0.310871 0.858522
1678843607589 0.376382 0.180075 0.313928 0.852853
1678843607612 0.379891 0.183878 0.317557 0.849135
1678843607689 0.379444 0.178613 0.330674 0.845443
1678843607725 0.372047 0.164909 0.350874 0.843370
1678843607784 0.381516 0.156252 0.358557 0.837537
1678843607866 0.367554 0.143640 0.388952 0.832459
1678843607907 0.362405 0.135663 0.409036 0.826406
1678843607962 0.358924 0.139753 0.420657 0.821395
1678843608018 0.340947 0.149819 0.439792 0.817247
1678843608089 0.332284 0.142470 0.447921 0.817714
1678843608170 0.342483 0.145181 0.446974 0.813537
1678843608201 0.349215 0.149110 0.447780 0.809511
1678843608248 0.355418 0.150958 0.449408 0.805557
1678843608321 0.361702 0.148329 0.446395 0.804924
1678843608376 0.362406 0.149980 0.446925 0.804006
1678843608413 0.356383 0.147202 0.450708 0.805099
1678843608471 0.355113 0.125346 0.447782 0.810971
1678843608543 0.343074 0.156379 0.443813 0.812943
1678843608596 0.321067 0.133989 0.443525 0.825983
1678843608664 0.322949 0.118606 0.432587 0.833369
1678843608684 0.325751 0.121270 0.425996 0.835289
1678843608724 0.324891 0.122768 0.420951 0.837959
1678843608784 0.331296 0.117701 0.413544 0.839864
1678843608867 0.334051 0.105389 0.406971 0.843610
1678843608942 0.343044 0.083960 0.395793 0.847714
1678843608990 0.341720 0.075725 0.390933 0.851272
1678843609020 0.352873 0.064686 0.374750 0.854903
1678843609102 0.361499 0.061613 0.345329 0.863869
1678843609161 0.352882 0.055444 0.321202 0.877057
1678843609215 0.347809 0.045895 0.297461 0.887941
1678843609258 0.345974 0.032186 0.271416 0.897552
1678843609330 0.351099 0.018097 0.234623 0.906286
1678843609362 0.350485 0.011672 0.202993 0.914231
1678843609447 0.346131 -0.008651 0.151226 0.925877
1678843609487 0.338796 -0.005466 0.103062 0.935182
1678843609543 0.311007 -0.024680 0.060587 0.948153
1678843609605 0.290826 -0.035760 0.019069 0.955917
1678843609663 0.280980 -0.040187 -0.027255 0.958484
1678843609708 0.280059 -0.052859 -0.074763 0.955606
1678843609790 0.281287 -0.061046 -0.120996 0.950006
1678843609827 0.286492 -0.066453 -0.164168 0.941571
1678843609882 0.290264 -0.068841 -0.197481 0.933814
1678843609932 0.295783 -0.072439 -0.223401 0.925936
1678843609987 0.298205 -0.075173 -0.253460 0.917159
1678843610056 0.306591 -0.083839 -0.299262 0.899675
1678843610112 0.317448 -0.090355 -0.331519 0.883831
1678843610167 0.320236 -0.086854 -0.357814 0.872854
1678843610201 0.319748 -0.090405 -0.373300 0.866161
1678843610253 0.310559 -0.109963 -0.402009 0.854313
1678843610333 0.311838 -0.110662 -0.435835 0.836994
1678843610364 0.311130 -0.101842 -0.459312 0.825748
1678843610428 0.297604 -0.099392 -0.488557 0.814165
1678843610491 0.296713 -0.110822 -0.514638 0.796760
1678843610553 0.304572 -0.121237 -0.534580 0.778949
1678843610617 0.303350 -0.134760 -0.554300 0.763263
1678843610681 0.298382 -0.149334 -0.574004 0.747788
1678843610743 0.274874 -0.162620 -0.595082 0.737480
1678843610809 0.233640 -0.174298 -0.604784 0.741127
1678843610855 0.200700 -0.200313 -0.616547 0.734482
1678843610926 0.182826 -0.202731 -0.626460 0.730084
1678843610981 0.158212 -0.209131 -0.642322 0.720177
1678843611022 0.148581 -0.213234 -0.659358 0.705480
1678843611093 0.136677 -0.201168 -0.686268 0.685483
1678843611152 0.128557 -0.201158 -0.705730 0.667049
1678843611204 0.107330 -0.186910 -0.724277 0.654956
1678843611246 0.095951 -0.175543 -0.735917 0.646841
1678843611305 0.099208 -0.177745 -0.749598 0.629815
1678843611360 0.123636 -0.180580 -0.756892 0.615808
1678843611414 0.135589 -0.175191 -0.763700 0.606371
1678843611473 0.147919 -0.184350 -0.767161 0.596321
1678843611550 0.145502 -0.200625 -0.772975 0.584027
1678843611574 0.156241 -0.206387 -0.773882 0.578014
1678843611649 0.155062 -0.208897 -0.778146 0.571671
1678843611705 0.141368 -0.217051 -0.788418 0.557944
1678843611762 0.141278 -0.211117 -0.797287 0.547543
1678843611833 0.137045 -0.226850 -0.806316 0.528783
1678843611898 0.136265 -0.246230 -0.810612 0.513527
1678843611991 0.136431 -0.273595 -0.818737 0.486007
1678843612046 0.131906 -0.286642 -0.825240 0.468419
1678843612109 0.123016 -0.294623 -0.833575 0.450796
1678843612157 0.120815 -0.304801 -0.839649 0.433000
1678843612242 0.105059 -0.300953 -0.855191 0.408702
1678843612307 0.113614 -0.304979 -0.869357 0.371885
1678843612354 0.101160 -0.288454 -0.883709 0.354428
1678843612425 0.096104 -0.299890 -0.892902 0.321801
1678843612481 0.088469 -0.300294 -0.899559 0.304615
1678843612558 0.087824 -0.307172 -0.904742 0.281734
1678843612612 0.103308 -0.310757 -0.906265 0.267285
1678843612662 0.114267 -0.313221 -0.906034 0.260649
1678843612727 0.130876 -0.307917 -0.904416 0.264746
1678843612781 0.120643 -0.290769 -0.908545 0.274671
1678843612845 0.108409 -0.288657 -0.909616 0.278428
1678843612907 0.126165 -0.273793 -0.909464 0.286347
1678843612947 0.132455 -0.267714 -0.909784 0.288233
1678843613015 0.127675 -0.273418 -0.908672 0.288542
1678843613065 0.126308 -0.277171 -0.907596 0.288949
1678843613142 0.127811 -0.292141 -0.900880 0.294506
1678843613213 0.118545 -0.304052 -0.896470 0.299735
1678843613257 0.109939 -0.308836 -0.897073 0.296299
1678843613302 0.100776 -0.297304 -0.900444 0.301090
1678843613381 0.087791 -0.286870 -0.909046 0.289195
1678843613434 0.079366 -0.283925 -0.914943 0.275620
1678843613493 0.087054 -0.262729 -0.922467 0.269164
1678843613550 0.078879 -0.256057 -0.927939 0.259117
1678843613638 0.065502 -0.262160 -0.931081 0.245091
1678843613663 0.069529 -0.267543 -0.931982 0.234512
1678843613721 0.077536 -0.270939 -0.931847 0.228564
1678843613774 0.088210 -0.274626 -0.930554 0.225540
1678843613854 0.097668 -0.271051 -0.929708 0.229424
1678843613886 0.112768 -0.260792 -0.928210 0.240203
1678843613929 0.124235 -0.249999 -0.926694 0.251602
1678843613999 0.115378 -0.248119 -0.925186 0.262976
1678843614052 0.132195 -0.230274 -0.923051 0.278343
1678843614114 0.136458 -0.220308 -0.920801 0.291495
1678843614164 0.131248 -0.225157 -0.915430 0.306703
1678843614238 0.128267 -0.228703 -0.910374 0.320097
1678843614263 0.118984 -0.238710 -0.905578 0.329830
1678843614316 0.103891 -0.252591 -0.899789 0.340270
1678843614372 0.094962 -0.258516 -0.895287 0.350161
1678843614467 0.092275 -0.252940 -0.893281 0.359938
1678843614521 0.082797 -0.254230 -0.892661 0.362862
1678843614552 0.078454 -0.255929 -0.891760 0.364841
1678843614620 0.094993 -0.239630 -0.889138 0.378137
1678843614680 0.091322 -0.241913 -0.884620 0.388053
1678843614762 0.097856 -0.242962 -0.882091 0.391547
1678843614795 0.127381 -0.246319 -0.872431 0.402449
1678843614827 0.141180 -0.248958 -0.866830 0.408281
1678843614896 0.158720 -0.251795 -0.854817 0.425083
1678843614952 0.171856 -0.248081 -0.843377 0.444564
1678843614997 0.184222 -0.234776 -0.828996 0.472979
1678843615056 0.195919 -0.203830 -0.810465 0.513045
1678843615127 0.194626 -0.195915 -0.783420 0.556769
1678843615188 0.196959 -0.163090 -0.765848 0.589988
1678843615254 0.195721 -0.139557 -0.737282 0.631373
1678843615310 0.201186 -0.141817 -0.708794 0.661078
1678843615355 0.208273 -0.138991 -0.686727 0.682430
1678843615404 0.205403 -0.151754 -0.657643 0.708721
1678843615482 0.193351 -0.172772 -0.631041 0.731131
1678843615532 0.184782 -0.182048 -0.606485 0.751592
1678843615581 0.179921 -0.180765 -0.588117 0.767509
1678843615638 0.177701 -0.171367 -0.574041 0.780726
1678843615691 0.177884 -0.178673 -0.562247 0.787599
1678843615743 0.187156 -0.160935 -0.550477 0.797526
1678843615799 0.189192 -0.131969 -0.534815 0.812874
1678843615854 0.193734 -0.126612 -0.521642 0.821174
1678843615906 0.204399 -0.124507 -0.507463 0.827768
1678843615984 0.223771 -0.113169 -0.482601 0.839176
1678843616031 0.235209 -0.109503 -0.459762 0.849297
1678843616087 0.241040 -0.099937 -0.428906 0.864842
1678843616149 0.240852 -0.089183 -0.395375 0.881882
1678843616211 0.234189 -0.061912 -0.344749 0.906902
1678843616265 0.220279 -0.048936 -0.301995 0.926219
1678843616341 0.221246 -0.045593 -0.261063 0.938519
1678843616394 0.214016 -0.023695 -0.222220 0.950923
1678843616458 0.199853 -0.010066 -0.185644 0.962026
1678843616509 0.200567 -0.007849 -0.145843 0.968732
1678843616553 0.208960 -0.007793 -0.124638 0.969918
1678843616621 0.223488 -0.009936 -0.087666 0.970705
1678843616676 0.238936 -0.008015 -0.072455 0.968295
1678843616732 0.249113 -0.016321 -0.061652 0.966372
1678843616800 0.245516 -0.005084 -0.047203 0.968229
1678843616853 0.246848 -0.014078 -0.038970 0.968168
1678843616913 0.246856 -0.005191 -0.026803 0.968668
1678843616954 0.244170 0.006525 -0.005914 0.969693
1678843617031 0.244696 0.005449 0.015867 0.969455
1678843617126 0.260733 0.017426 0.031938 0.964725
1678843617157 0.270692 0.034887 0.050106 0.960728
1678843617214 0.278533 0.052609 0.068590 0.956529
1678843617269 0.277027 0.063383 0.089775 0.954557
1678843617323 0.280753 0.077561 0.110033 0.950292
1678843617395 0.274282 0.099779 0.140624 0.946065
1678843617456 0.255601 0.123559 0.185904 0.940660
1678843617528 0.238957 0.141047 0.220468 0.935093
1678843617553 0.236257 0.148798 0.247442 0.927801
1678843617624 0.218202 0.135128 0.292279 0.921250
1678843617678 0.223805 0.142613 0.321794 0.908857
1678843617744 0.228809 0.143907 0.344015 0.899217
1678843617833 0.233054 0.142761 0.365543 0.889766
1678843617849 0.234071 0.124723 0.378650 0.886724
1678843617900 0.245798 0.115877 0.379452 0.884405
1678843617956 0.241564 0.133430 0.380069 0.882831
1678843618016 0.241860 0.150089 0.374660 0.882387
1678843618067 0.232925 0.128201 0.369915 0.890210
1678843618111 0.228360 0.126583 0.368127 0.892363
1678843618153 0.225131 0.123317 0.363234 0.895640
1678843618216 0.226869 0.115173 0.359934 0.897616
1678843618287 0.223141 0.131938 0.367496 0.893167
1678843618361 0.223218 0.153211 0.375219 0.886516
1678843618409 0.220079 0.173296 0.383890 0.879865
1678843618487 0.217535 0.186683 0.394055 0.873241
1678843618528 0.207139 0.213230 0.415348 0.859716
1678843618580 0.203117 0.210588 0.440998 0.848479
1678843618618 0.188684 0.210697 0.455569 0.844074
1678843618726 0.168981 0.213080 0.482358 0.832690
1678843618761 0.169431 0.196956 0.501508 0.825222
1678843618786 0.166386 0.197022 0.512694 0.818928
1678843618844 0.163022 0.208213 0.524293 0.809437
1678843618895 0.179158 0.204372 0.534682 0.800156
1678843618958 0.201477 0.188771 0.539712 0.795289
1678843619029 0.215987 0.170263 0.534080 0.799450
1678843619089 0.202522 0.194589 0.527531 0.801768
1678843619139 0.204480 0.187010 0.519809 0.808093
1678843619201 0.187969 0.179136 0.506972 0.821923
1678843619207 0.183635 0.186016 0.504988 0.822596
1678843619268 0.175219 0.191016 0.497792 0.827656
1678843619301 0.170971 0.188325 0.495237 0.830688
1678843619353 0.165470 0.191506 0.502324 0.826811
1678843619424 0.148696 0.211461 0.518639 0.814977
1678843619464 0.141556 0.231961 0.540758 0.796076
1678843619519 0.132069 0.236132 0.572450 0.774016
1678843619594 0.120283 0.237958 0.603785 0.751233
1678843619646 0.111195 0.249461 0.625500 0.730859
1678843619711 0.105992 0.255862 0.641704 0.715204
1678843619796 0.109202 0.262532 0.655852 0.699293
1678843619853 0.111258 0.262689 0.667922 0.687383
1678843619874 0.117426 0.267172 0.675605 0.677044
1678843619930 0.131145 0.265572 0.681572 0.669128
1678843619985 0.136209 0.262876 0.681132 0.669628
1678843620048 0.125613 0.272928 0.674009 0.674865
1678843620104 0.121310 0.263513 0.667626 0.685653
1678843620162 0.127483 0.243829 0.661344 0.697796
1678843620215 0.128468 0.238916 0.656576 0.703792
1678843620279 0.138636 0.215700 0.654378 0.711367
1678843620329 0.153459 0.211011 0.646224 0.717160
1678843620393 0.163542 0.216481 0.635097 0.723216
1678843620448 0.168721 0.224392 0.625738 0.727759
1678843620499 0.164064 0.235761 0.616562 0.733042
1678843620564 0.154568 0.243323 0.609437 0.738573
1678843620592 0.148233 0.246748 0.605462 0.741996
1678843620662 0.130145 0.249300 0.605236 0.744716
1678843620703 0.136176 0.237817 0.603048 0.749154
1678843620759 0.128550 0.247244 0.600218 0.749723
1678843620822 0.128765 0.254345 0.600997 0.746680
1678843620894 0.146431 0.232919 0.602736 0.749010
1678843620957 0.163090 0.231435 0.596454 0.751054
1678843621013 0.179074 0.232067 0.587294 0.754429
1678843621068 0.196633 0.227394 0.575650 0.760430
1678843621143 0.202221 0.213732 0.560861 0.773861
1678843621182 0.204600 0.203349 0.543880 0.788025
1678843621278 0.212585 0.183807 0.507550 0.814503
1678843621326 0.210024 0.172706 0.486549 0.830261
1678843621396 0.203685 0.162215 0.461236 0.848210
1678843621440 0.209614 0.151117 0.445475 0.857192
1678843621486 0.216822 0.149862 0.433736 0.861628
1678843621545 0.222658 0.153342 0.423285 0.864719
1678843621599 0.226609 0.168342 0.414812 0.865009
1678843621652 0.223248 0.186533 0.412333 0.863335
1678843621724 0.220733 0.189366 0.411003 0.863999
1678843621808 0.218415 0.198347 0.412383 0.861913
1678843621842 0.224516 0.188932 0.409857 0.863664
1678843621890 0.219419 0.173899 0.408319 0.868844
1678843621944 0.218321 0.168738 0.405354 0.871523
1678843622004 0.224686 0.151748 0.399928 0.875527
1678843622064 0.235200 0.142523 0.388952 0.879252
1678843622095 0.239433 0.138817 0.380492 0.882398
1678843622150 0.249860 0.138061 0.365202 0.886079
1678843622197 0.258490 0.136580 0.349888 0.890004
1678843622254 0.262767 0.131883 0.329469 0.897224
1678843622331 0.262760 0.122603 0.295909 0.910145
1678843622417 0.256841 0.118134 0.271498 0.919981
1678843622443 0.250759 0.103470 0.241977 0.931591
1678843622497 0.239191 0.084721 0.209600 0.944287
1678843622540 0.236589 0.088223 0.188713 0.949015
1678843622603 0.230141 0.086565 0.159463 0.956093
1678843622652 0.227312 0.078836 0.132612 0.961524
1678843622704 0.233260 0.075913 0.113069 0.962830
