# Created at Tue Mar 14 18:17:04 MST 2023
1678843025247 -0.955287 4.920084 5.868188
1678843025252 -2.140416 5.178658 6.861782
1678843025270 -1.807622 4.987122 11.267113
1678843025274 -1.786075 5.207389 8.058883
1678843025279 -1.805228 4.817134 8.700529
1678843025284 -2.212242 5.068525 8.628703
1678843025292 -1.675941 4.671088 8.499416
1678843025297 -1.302446 4.577713 8.377312
1678843025302 -1.233014 4.469975 8.504205
1678843025307 -1.426944 4.508282 8.298303
1678843025310 -1.247379 4.675876 7.165846
1678843025314 -1.122881 4.910508 6.461950
1678843025318 -1.106121 5.015852 6.854599
1678843025321 -1.381454 5.121197 8.111555
1678843025325 -1.352724 5.422867 8.801085
1678843025330 -1.233014 5.626374 8.942344
1678843025334 -0.888249 5.449203 9.272743
1678843025338 -1.144428 5.556942 9.756371
1678843025343 -0.818817 5.420473 9.497798
1678843025346 -0.593762 5.212177 8.410830
1678843025349 -0.653617 4.932055 8.056489
1678843025352 -0.579397 4.446033 9.006987
1678843025355 -0.150835 4.177882 9.208099
1678843025358 0.098162 4.156334 8.336611
1678843025361 -0.351948 4.678270 8.087613
1678843025382 -0.167594 4.539406 8.157045
1678843025408 -0.062249 4.498705 9.095572
1678843025440 -0.356736 4.489128 9.026140
1678843025485 -0.124498 4.472369 8.207323
1678843025492 -0.062249 4.364630 7.606379
1678843025509 0.076614 4.237737 8.058883
1678843025561 0.292093 4.144363 8.458714
1678843025572 0.450110 4.606444 7.457938
1678843025594 0.500388 4.716578 7.144298
1678843025634 0.476446 4.369418 7.244854
1678843025640 -1.412579 5.415684 8.389283
1678843025689 -0.708684 4.781221 9.653421
1678843025706 -0.292093 5.049371 8.968679
1678843025718 -0.134075 5.140351 8.054094
1678843025741 -0.067038 5.085284 7.534553
1678843025766 -0.035913 5.121197 7.692570
1678843025807 0.126893 5.228937 7.378930
1678843025821 0.337582 5.384560 7.922413
1678843025843 -0.241814 5.552154 8.444349
1678843025869 -0.220267 5.583278 8.082825
1678843025902 -0.126893 5.813122 8.140285
1678843025921 -0.409408 5.741296 8.336611
1678843025953 -0.617704 5.714960 8.985439
1678843025971 -0.952892 5.439626 10.405201
1678843026006 -1.613692 5.133168 11.726800
1678843026030 -1.915361 4.900931 11.439496
1678843026072 -1.807622 4.362236 10.388441
1678843026075 -0.464475 4.060566 9.813833
1678843026110 0.263362 3.725378 9.062054
1678843026130 -0.407014 3.483563 8.846576
1678843026172 -1.280898 3.505111 9.057265
1678843026191 -0.986411 3.699042 7.170634
1678843026213 -1.094150 3.928885 6.493075
1678843026234 -1.647211 3.837905 7.738060
1678843026265 -1.161188 3.339911 9.131485
1678843026281 -0.938527 2.966416 9.991004
1678843026333 -0.938527 2.738967 10.649409
1678843026342 -1.154005 2.679112 11.453861
1678843026358 -1.204283 2.892196 10.491392
1678843026385 -0.881066 3.260903 8.370130
1678843026413 -0.706290 3.596091 6.698977
1678843026435 -0.306458 3.804387 6.469133
1678843026464 -0.603339 4.163517 7.656657
1678843026485 -0.754174 4.532224 8.204929
1678843026518 -0.885855 4.817134 8.078036
1678843026536 -0.756568 4.979939 7.900866
1678843026570 -0.948104 5.025429 8.374918
1678843026611 -1.036689 5.116409 9.279925
1678843026615 -0.900220 5.200206 9.631873
1678843026639 -0.986411 5.228937 9.392453
1678843026665 -1.161188 5.240908 9.667787
1678843026691 -0.079009 5.348647 8.635885
1678843026719 0.876278 4.939238 7.967903
1678843026758 -0.153229 4.874595 9.308656
1678843026775 -1.103727 4.070143 11.786655
1678843026817 -0.359130 3.361459 11.829751
1678843026834 2.291251 3.100491 6.955156
1678843026844 3.062184 3.031059 5.248090
1678843026871 0.794875 2.913743 8.942344
1678843026920 -0.486023 2.908955 11.901577
1678843026935 0.914585 2.717419 10.160992
1678843026958 0.835576 3.031059 7.812280
1678843027010 -0.349553 3.766079 7.043741
1678843027025 -0.189142 4.086902 7.026982
1678843027035 0.349553 4.225766 7.603985
1678843027052 0.330400 4.268862 8.425196
1678843027075 -0.514753 4.673482 9.212888
1678843027101 -0.438139 4.908113 8.870518
1678843027129 -0.751779 5.080496 8.705317
1678843027152 -1.209072 5.343858 8.939949
1678843027214 -1.072602 5.204995 9.011775
1678843027231 -1.419762 4.812346 10.120291
1678843027244 -1.522712 4.429273 12.368446
1678843027257 -0.883460 4.788404 10.797850
1678843027281 -1.549049 4.941632 7.994239
1678843027312 -2.308010 4.580108 8.767567
1678843027332 -1.295263 3.754108 10.548853
1678843027378 -0.344765 3.567361 9.318233
1678843027395 -0.469264 3.842694 7.149086
1678843027411 -1.031901 4.039018 6.021417
1678843027442 -1.256956 4.015076 7.390901
1678843027467 -1.735796 3.801992 9.797073
1678843027486 -1.884237 3.739743 10.943896
1678843027532 -1.474828 3.754108 10.067618
1678843027549 -1.649605 3.924097 8.257602
1678843027566 -1.742979 4.211401 7.671022
1678843027591 -1.055843 4.311957 6.797139
1678843027615 -0.718261 4.584896 6.502652
1678843027640 -0.553061 4.793192 6.722919
1678843027685 -0.533907 5.001487 7.041347
1678843027704 0.000000 5.035006 6.837840
1678843027717 -0.177171 5.233725 7.563283
1678843027743 -0.670376 5.363012 8.681376
1678843027781 -1.697489 5.434838 9.526528
1678843027794 -1.884237 5.583278 10.014946
1678843027820 -1.242591 5.920861 7.498640
1678843027845 -1.474828 5.013458 10.687716
1678843027871 -1.321599 4.249708 13.895947
1678843027902 -1.853112 4.355053 11.666945
1678843027932 -1.137246 4.520253 7.994239
1678843027950 -0.332794 4.680665 5.595249
1678843027984 -0.830788 4.316746 6.945579
1678843028002 -2.264915 3.849876 10.613496
1678843028036 -2.408567 3.512294 11.559206
1678843028051 -1.082179 3.466804 8.482656
1678843028076 -1.170765 3.617639 6.387730
1678843028103 -1.771709 3.914520 5.820304
1678843028129 -1.850718 4.096479 5.901707
1678843028154 -1.596933 4.101267 6.782773
1678843028181 -2.104503 4.187459 8.190564
1678843028205 -2.590526 4.302381 8.813056
1678843028238 -2.363077 4.235343 9.184157
1678843028282 -2.329558 4.194642 8.643068
1678843028286 -2.559402 4.158728 7.898471
1678843028307 -2.229002 4.022259 9.121908
1678843028334 -1.625663 4.469975 7.819463
1678843028363 -2.681506 4.843470 7.060501
1678843028395 -2.944868 3.696647 10.615891
1678843028430 -2.681506 3.150769 14.796166
1678843028437 -2.269703 3.232172 13.306973
1678843028462 -1.309628 3.550601 7.587225
1678843028493 -1.623269 3.881001 5.044583
1678843028535 -3.069367 4.003105 6.739678
1678843028550 -3.385401 3.852271 10.206482
1678843028564 -2.698265 3.790021 9.433155
1678843028601 -2.703054 4.034230 7.934384
1678843028616 -3.189077 4.165911 7.153875
1678843028643 -3.615245 4.273650 7.352593
1678843028670 -2.774880 4.003105 7.469909
1678843028698 -1.975216 3.861847 7.412448
1678843028727 -1.616086 3.948039 7.522582
1678843028746 -1.812411 4.331111 8.214506
1678843028784 -1.860295 4.786009 8.513782
1678843028802 -1.965640 5.145139 8.863335
1678843028823 -2.425326 5.305551 9.598354
1678843028847 -2.365471 5.700594 9.670180
1678843028873 -1.747767 5.468357 7.503428
1678843028901 -2.209848 4.843470 9.356541
1678843028926 -2.171541 3.258508 12.598289
1678843028950 -1.417367 2.995146 11.113884
1678843028975 -1.240196 3.380613 10.340557
1678843029002 -0.074220 3.385401 8.142680
1678843029028 -0.593762 3.818752 5.863400
1678843029052 -2.695871 3.778050 7.455544
1678843029090 -2.726996 3.028665 11.975797
1678843029110 -1.283292 2.789245 13.046005
1678843029135 0.198719 2.726996 9.397242
1678843029159 -0.316035 3.220201 7.769185
1678843029198 -0.972046 3.622427 8.157045
1678843029207 -0.763750 3.603274 7.979874
1678843029232 -0.948104 3.574543 8.724471
1678843029264 -1.326388 3.574543 10.125079
1678843029283 -1.716643 3.785233 9.311050
1678843029316 -1.572991 3.828329 6.861782
1678843029335 -1.493982 4.070143 6.165070
1678843029368 -1.869871 4.031836 7.572860
1678843029390 -2.085350 4.058172 8.607155
1678843029415 -2.233790 3.983952 9.787497
1678843029438 -1.991976 4.204218 11.027693
1678843029464 -1.877054 4.515464 9.502586
1678843029498 -2.351106 4.156334 10.115502
1678843029516 -2.042254 3.406949 12.665327
1678843029546 -1.984793 3.366248 11.676521
1678843029585 -1.582567 3.421314 7.649475
1678843029600 -0.725443 3.770868 4.958392
1678843029631 -0.682347 3.986346 4.326323
1678843029643 -1.470040 3.852271 7.280767
1678843029684 -1.893813 3.852271 9.904813
1678843029698 -2.027889 3.919308 10.788273
1678843029746 -1.678335 3.677494 10.795456
1678843029765 -1.142034 3.713407 9.821015
1678843029784 -1.381454 4.096479 8.406042
1678843029810 -2.020706 4.565742 7.316680
1678843029834 -1.783680 4.824317 6.684611
1678843029848 -1.836353 4.824317 6.859388
1678843029886 -1.613692 4.762067 7.520187
1678843029899 -0.964863 4.721366 8.453926
1678843029931 -0.612916 4.695030 8.791509
1678843029960 -1.024718 4.934450 8.336611
1678843029983 -1.429338 5.020641 9.220071
1678843030002 -1.333570 4.513070 10.795456
1678843030031 -1.426944 4.297592 11.293449
1678843030074 -0.981623 4.659117 9.217676
1678843030079 -0.526724 4.474763 6.469133
1678843030105 -1.204283 4.994305 8.293514
1678843030132 -1.173159 3.897760 10.371682
1678843030157 -0.940921 3.134010 12.366052
1678843030183 0.311246 3.031059 9.356541
1678843030223 0.081403 3.902549 6.239290
1678843030234 -1.431733 3.787627 7.704541
1678843030259 -2.403779 3.165135 11.851298
1678843030286 -1.331176 2.822764 11.726800
1678843030310 -0.790087 3.021482 8.489840
1678843030336 -1.094150 3.457227 6.373365
1678843030370 -1.924938 3.940856 6.847417
1678843030389 -1.616086 3.900155 8.164227
1678843030418 -1.242591 3.603274 8.243237
1678843030439 -1.201889 3.550601 8.015787
1678843030475 -1.884237 3.512294 9.129091
1678843030492 -2.377442 3.543418 9.598354
1678843030516 -2.195483 3.387795 9.425972
1678843030542 -2.516306 3.483563 9.390059
1678843030578 -3.450045 3.876213 9.809045
1678843030616 -3.632004 4.039018 10.986992
1678843030640 -3.064578 4.381389 9.548077
1678843030647 -2.995146 4.620809 5.585672
1678843030670 -4.637568 5.099649 6.284780
1678843030703 -4.383783 3.936068 8.853758
1678843030748 -2.937685 2.925714 11.554418
1678843030756 -1.304840 2.557007 10.189722
1678843030773 -1.558625 2.736573 8.978256
1678843030802 -2.710236 2.920926 8.884883
1678843030830 -3.579332 3.165135 10.261548
1678843030854 -3.643975 3.356671 10.256760
1678843030875 -3.224990 3.593697 7.953538
1678843030911 -3.210624 3.663129 6.528988
1678843030932 -3.090914 3.679888 6.804321
1678843030956 -2.499547 3.639187 7.278373
1678843030981 -1.405396 3.670311 7.465121
1678843031018 -1.307234 3.751714 7.297527
1678843031036 -1.862689 4.134786 6.940791
1678843031058 -2.094927 4.441244 7.931990
1678843031082 -1.783680 4.410120 9.385271
1678843031109 -2.078167 4.520253 9.979033
1678843031138 -2.379837 4.592079 10.642226
1678843031159 -2.217031 4.750096 11.690886
1678843031184 -1.635240 4.824317 8.839393
1678843031210 -1.458069 4.553771 9.404425
1678843031256 -1.956063 3.426103 10.393229
1678843031264 -2.032677 2.530671 12.193669
1678843031304 -1.244985 2.865860 10.675745
1678843031356 -0.687136 3.366248 6.399701
1678843031366 -1.975216 3.799598 4.668694
1678843031370 -3.318364 3.509900 6.459556
1678843031406 -3.361459 2.937685 9.627085
1678843031415 -2.475605 2.511518 12.057199
1678843031467 -1.766921 2.662352 10.910378
1678843031475 -2.152387 2.968810 8.741230
1678843031494 -2.355895 3.145981 7.565677
1678843031519 -2.145205 3.265691 7.345411
1678843031543 -1.587356 3.186682 7.426814
1678843031569 -1.707066 3.268085 8.018182
1678843031619 -1.905785 3.435679 8.513782
1678843031639 -1.999158 3.687071 8.621520
1678843031651 -2.262521 3.998317 8.451532
1678843031703 -2.135628 4.098873 8.094796
1678843031709 -1.522712 3.749320 8.544906
1678843031738 -1.460463 3.536236 10.072407
1678843031755 -1.798046 3.387795 11.396400
1678843031776 -1.958457 3.931279 10.781090
1678843031808 -2.911349 3.778050 7.441179
1678843031833 -3.665523 3.756502 9.301474
1678843031871 -2.789245 2.861071 12.720393
1678843031880 -2.837129 2.695871 14.346057
1678843031904 -2.557007 2.736573 11.283873
1678843031929 -2.650381 2.849100 7.374141
1678843031959 -3.043030 2.770091 6.574478
1678843031980 -3.066972 2.497152 8.475474
1678843032005 -2.396596 2.205060 9.665392
1678843032043 -1.580173 2.214637 9.816227
1678843032059 -1.493982 2.425326 9.382876
1678843032082 -1.709460 2.865860 7.613562
1678843032109 -2.161964 3.418920 6.543353
1678843032146 -2.693477 3.849876 7.565677
1678843032166 -2.327164 3.995923 7.946355
1678843032185 -2.647987 4.522647 8.432379
1678843032211 -1.685518 4.809951 6.689400
1678843032250 -1.584962 5.128380 7.060501
1678843032269 -2.044648 5.295974 7.819463
1678843032299 -1.632846 5.298368 7.972692
1678843032322 -0.921768 5.030218 8.485051
1678843032343 -1.563414 4.924873 10.113108
1678843032366 -2.312799 5.391742 10.199299
1678843032411 -1.917756 5.114015 7.867347
1678843032434 -1.661576 4.611232 9.136273
1678843032443 -1.163582 3.081338 12.160151
1678843032469 -1.604115 3.057395 12.243947
1678843032506 -0.806846 3.356671 8.214506
1678843032553 -0.277727 3.775656 5.061342
1678843032575 -1.340753 3.622427 7.407660
1678843032588 -3.675100 3.665523 11.896789
1678843032597 -2.961627 3.459621 11.662156
1678843032640 -0.739808 3.165135 8.932767
1678843032648 -0.483629 3.284845 7.900866
1678843032673 -1.577779 3.734955 7.213730
1678843032699 -1.517924 3.849876 6.943185
1678843032725 -1.244985 3.744531 7.745243
1678843032752 -1.304840 3.859453 7.359776
1678843032778 -1.798046 4.058172 7.580042
1678843032802 -2.197877 4.240131 8.449138
1678843032835 -1.867477 3.969586 8.719683
1678843032853 -1.446098 3.979163 8.420407
1678843032893 -1.582567 4.122815 8.406042
1678843032907 -2.267309 3.988740 9.052477
1678843032932 -2.219425 4.005499 10.084377
1678843032956 -2.039860 4.474763 8.339005
1678843032982 -2.528277 4.460398 7.999028
1678843033007 -2.734178 3.694253 10.450690
1678843033034 -2.430115 3.380613 12.186486
1678843033061 -2.042254 3.179500 11.690886
1678843033085 -0.541090 3.023877 7.908048
1678843033110 -1.357512 3.148375 7.436390
1678843033138 -2.568978 3.481169 8.633492
1678843033188 -2.667141 3.519476 9.176975
1678843033204 -2.130840 3.500323 8.702923
1678843033214 -1.872266 3.536236 7.879318
1678843033239 -2.173935 3.701436 7.524976
1678843033265 -2.145205 3.857059 7.455544
1678843033291 -1.786075 3.952827 7.287950
1678843033318 -2.042254 4.065354 7.671022
1678843033341 -2.425326 4.163517 8.336611
1678843033378 -2.384625 4.333505 8.389283
1678843033400 -1.747767 4.481946 8.133103
1678843033420 -1.908179 4.371812 8.995016
1678843033459 -2.525883 4.376601 9.967062
1678843033470 -2.841918 4.268862 11.030087
1678843033498 -2.973598 4.771644 9.945514
1678843033524 -1.865083 4.139575 7.793127
1678843033559 -1.774103 3.469198 11.473015
1678843033575 -1.860295 2.750938 12.334928
1678843033614 -1.644817 2.832341 10.354922
1678843033629 -0.584185 3.035848 8.262390
1678843033649 -0.122104 3.205836 6.660669
1678843033677 -1.556231 3.248932 9.114726
1678843033702 -2.580950 3.143587 12.050017
1678843033731 -1.661576 3.033453 10.364499
1678843033754 -1.285686 2.985569 8.070854
1678843033779 -1.520318 2.983175 7.893683
1678843033822 -1.941698 3.201048 7.584831
1678843033873 -1.908179 3.327940 6.574478
1678843033884 -1.692701 3.363853 6.569689
1678843033892 -1.400608 3.126827 8.434772
1678843033911 -1.441309 3.256114 9.366117
1678843033932 -1.786075 3.485958 9.083601
1678843033967 -1.606509 3.430891 8.408437
1678843034012 -1.532289 3.418920 8.559271
1678843034024 -2.078167 3.564966 9.765948
1678843034036 -2.387019 3.462016 10.740389
1678843034063 -2.272097 3.816358 8.288726
1678843034101 -3.857059 4.546589 7.651869
1678843034114 -4.517859 3.373430 12.998121
1678843034137 -3.332729 2.489970 16.761806
1678843034165 -1.996764 2.470816 12.162544
1678843034204 -1.256956 2.748544 6.636727
1678843034215 -2.147599 2.997540 5.583278
1678843034267 -3.591303 3.167529 8.406042
1678843034280 -3.308787 2.870648 9.610326
1678843034292 -1.802834 2.626439 8.511387
1678843034317 -1.424550 2.748544 8.152257
1678843034343 -2.475605 3.100491 7.580042
1678843034374 -3.014300 3.469198 6.835446
1678843034411 -2.284068 3.519476 7.010222
1678843034431 -1.680730 3.639187 7.338228
1678843034448 -1.831564 4.127604 7.149086
1678843034474 -2.025495 4.323928 8.001422
1678843034515 -1.778892 4.261679 8.980651
1678843034531 -1.826776 4.359841 8.985439
1678843034559 -2.341529 4.570531 9.583989
1678843034605 -2.147599 4.493917 10.888829
1678843034626 -1.996764 4.666299 11.595119
1678843034636 -2.054225 4.786009 8.858546
1678843034656 -2.437297 4.932055 9.454702
1678843034677 -1.359907 3.730166 11.001357
1678843034707 -2.674323 3.466804 12.928689
1678843034728 -1.731008 2.880225 12.409147
1678843034756 0.442927 2.767697 7.206547
1678843034780 1.000776 3.244143 4.206613
1678843034815 -0.916979 3.392584 6.552930
1678843034833 -2.738967 3.634398 9.423578
1678843034867 -1.611298 3.576937 8.544906
1678843034886 -0.423774 3.356671 7.589619
1678843034913 -1.355118 3.641581 9.210494
1678843034934 -1.221043 3.615245 8.774749
1678843034963 -0.452504 3.622427 7.623138
1678843035012 -0.708684 3.773262 7.455544
1678843035027 -1.244985 3.916914 8.147469
1678843035037 -1.259350 3.907337 8.410830
1678843035064 -1.453280 4.149151 7.948750
1678843035088 -1.678335 4.453215 7.884106
1678843035113 -1.900996 4.455609 8.482656
1678843035141 -2.044648 4.165911 9.050082
1678843035165 -1.692701 4.089296 10.263943
1678843035191 -1.252167 4.513070 10.867282
1678843035216 -2.231396 4.340688 7.536947
1678843035242 -3.579332 4.695030 8.339005
1678843035268 -3.009511 3.823540 11.159374
1678843035319 -3.519476 3.787627 12.959814
1678843035340 -2.324770 3.375824 10.584765
1678843035345 -0.754174 2.801216 8.935161
1678843035370 -1.199495 2.868254 9.203311
1678843035396 -1.759738 2.961627 10.125079
1678843035434 -2.118869 3.248932 8.832211
1678843035447 -1.697489 3.600879 7.156269
1678843035473 -1.613692 3.828329 6.586449
1678843035512 -1.819593 3.895366 7.036559
1678843035538 -1.970428 4.141969 7.826645
1678843035561 -1.778892 4.278439 7.462727
1678843035576 -1.644817 4.297592 6.859388
1678843035633 -1.623269 4.228160 8.202535
1678843035667 -1.462857 4.340688 8.719683
1678843035672 -1.448492 4.568137 8.252813
1678843035680 -2.042254 4.838682 8.753201
1678843035704 -2.477999 4.833893 9.821015
1678843035730 -1.829170 4.347870 11.317391
1678843035760 -0.962469 4.795586 8.712500
1678843035781 -0.790087 4.752491 7.062895
1678843035835 -1.137246 4.019865 9.734824
1678843035841 -1.338359 3.430891 12.536040
1678843035860 -1.948880 4.177882 8.686164
1678843035885 -1.209072 4.228160 6.050148
1678843035912 -1.110910 3.490746 8.559271
1678843035949 -2.240973 2.726996 13.187263
1678843035968 -1.929727 2.753332 11.628637
1678843035989 -1.448492 3.337517 7.532158
1678843036015 -1.213860 3.766079 6.361394
1678843036039 -1.879448 3.916914 9.124303
1678843036067 -1.788469 3.888184 9.203311
1678843036109 -1.242591 3.746926 8.537724
1678843036116 -0.945710 3.521871 8.793902
1678843036142 -1.041478 3.598485 8.786720
1678843036171 -1.055843 3.584120 8.712500
1678843036194 -0.962469 3.464410 8.348581
1678843036220 -0.974440 3.248932 8.080431
1678843036244 -1.498770 3.107674 8.243237
1678843036270 -1.345541 3.562572 9.200917
1678843036295 -1.187524 3.318364 6.816292
1678843036321 -2.097321 3.519476 9.318233
1678843036358 -2.437297 3.181894 11.765107
1678843036374 -2.674323 3.078943 12.552799
1678843036435 -1.975216 3.282450 9.919178
1678843036447 -0.876278 3.615245 6.919243
1678843036457 -0.905008 3.500323 7.896077
1678843036476 -2.116474 3.629610 10.644621
1678843036503 -2.580950 3.512294 11.777079
1678843036528 -2.094927 3.354277 9.026140
1678843036552 -2.243367 3.730166 6.339846
1678843036579 -2.466028 4.074931 5.676652
1678843036619 -2.858677 3.672705 8.470686
1678843036635 -2.767697 3.136404 10.151415
1678843036656 -2.837129 3.059790 8.913613
1678843036680 -3.172317 3.450045 7.659051
1678843036706 -3.035848 3.806781 7.489063
1678843036735 -2.327164 3.821146 8.480263
1678843036760 -1.733402 4.060566 7.936779
1678843036785 -1.932121 4.515464 7.565677
1678843036834 -2.042254 4.742914 8.066066
1678843036845 -1.807622 4.929661 8.264784
1678843036865 -1.386243 5.054160 8.307879
1678843036893 -0.988805 5.195418 7.955932
1678843036912 -1.103727 5.324705 8.317456
1678843036940 -1.280898 5.482722 9.179369
1678843036973 -0.442927 5.257667 9.624691
1678843036998 0.268151 4.984728 10.048465
1678843037026 -0.256180 5.137957 10.426748
1678843037044 -1.692701 5.303157 10.431537
1678843037066 -3.057395 4.639963 11.413159
1678843037096 -1.987187 3.687071 11.789049
1678843037118 0.701501 2.542642 11.949461
1678843037145 2.183512 2.662352 9.038112
1678843037172 0.950498 3.543418 6.797139
1678843037203 -1.247379 3.703830 8.422802
1678843037225 -2.197877 3.636792 10.742783
1678843037246 -1.539472 3.596091 9.818622
1678843037272 -1.225831 3.761291 7.730877
1678843037297 -1.036689 3.792415 7.556100
1678843037331 -0.411803 3.555390 7.807492
1678843037370 0.502782 3.303998 7.762002
1678843037386 0.667982 3.363853 8.010999
1678843037400 -0.031125 3.675100 8.307879
1678843037431 -0.418985 4.050989 8.082825
1678843037451 -0.763750 4.364630 8.078036
1678843037477 -0.785298 4.565742 8.274361
1678843037522 -0.854730 4.831499 8.815451
1678843037531 -1.173159 5.178658 8.777143
1678843037568 -1.151611 5.317522 8.219295
1678843037582 -1.532289 5.442020 8.906430
1678843037624 -1.958457 5.403713 10.108319
1678843037649 -2.296039 6.081272 8.808268
1678843037663 -3.110068 5.497087 9.634268
1678843037683 -2.367866 4.601655 11.985373
1678843037709 -1.704672 4.285621 13.012486
1678843037733 -1.256956 4.302381 9.947908
1678843037771 -1.192312 4.285621 7.589619
1678843037786 -1.944092 4.240131 7.778761
1678843037821 -2.698265 4.048595 9.124303
1678843037836 -1.960851 3.531447 8.956709
1678843037865 -1.273715 3.648763 7.120356
1678843037888 -0.727837 3.744531 5.626374
1678843037918 -1.115698 3.955221 6.177041
1678843037970 -1.714248 4.168305 7.606379
1678843037982 -1.280898 4.462792 7.144298
1678843037996 -0.792481 4.721366 5.688623
1678843038016 -1.091756 4.955997 7.036559
1678843038042 -1.300052 5.090073 7.338228
1678843038076 -0.373495 5.114015 6.852205
1678843038097 -0.677559 5.528212 7.192182
1678843038131 -1.132457 5.705383 8.111555
1678843038145 -0.974440 5.540183 8.731653
1678843038178 -0.438139 5.837064 9.567230
1678843038195 -0.548272 5.600038 8.231265
1678843038236 -1.077391 5.975927 8.360553
1678843038247 -1.505953 5.190629 10.785878
1678843038284 -2.229002 5.056554 10.496181
1678843038306 -0.493206 4.831499 7.177817
1678843038336 0.732626 4.833893 5.463568
1678843038351 -0.720655 4.189853 8.987833
1678843038395 -2.408567 3.751714 13.108254
1678843038405 -1.853112 3.497929 11.707646
1678843038440 -0.890643 3.538630 7.127539
1678843038455 -0.818817 3.639187 5.971139
1678843038478 -1.551443 3.830723 6.895301
1678843038504 -1.558625 3.770868 6.974309
1678843038531 -0.761356 3.608062 7.280767
1678843038559 -0.684742 3.706224 8.099585
1678843038581 -1.733402 4.163517 8.880095
1678843038606 -1.850718 4.367024 9.050082
1678843038645 -1.616086 4.400543 9.141062
1678843038689 -2.296039 4.608838 9.840169
1678843038702 -3.009511 4.996699 10.175357
1678843038714 -2.746149 5.451597 9.916783
1678843038742 -2.583344 5.212177 7.766790
1678843038762 -2.832341 5.279215 9.478644
1678843038796 -1.824382 4.302381 14.231135
1678843038813 -1.580173 4.012682 14.358027
1678843038849 -1.903390 4.232949 8.633492
1678843038868 -2.865860 4.376601 5.841852
1678843038890 -3.473987 4.304775 6.514623
1678843038923 -3.011906 4.005499 9.062054
1678843038943 -2.224213 3.732560 8.554482
1678843038966 -2.173935 3.921702 7.144298
1678843039000 -2.485181 3.945644 7.024588
1678843039021 -2.566584 3.742137 8.200141
1678843039054 -2.528277 4.185065 7.642292
1678843039069 -2.169147 4.623203 5.537788
1678843039110 -1.917756 4.944026 5.434838
1678843039131 -1.881842 4.922479 7.314286
1678843039146 -1.503559 4.955997 8.738836
1678843039171 -0.881066 5.006276 9.311050
1678843039199 -1.335965 5.269638 8.753201
1678843039230 -2.197877 5.743690 8.643068
1678843039249 -2.535460 5.887342 9.588778
1678843039274 -1.929727 6.177041 7.151481
1678843039300 -2.068590 6.169858 6.052542
1678843039326 -2.183512 4.855441 10.194510
1678843039351 -1.012747 3.627216 12.895170
1678843039376 0.931344 3.337517 8.927979
1678843039408 1.599327 4.082114 5.973533
1678843039428 -0.541090 4.501099 6.251261
1678843039456 -2.765303 4.513070 10.053253
1678843039479 -2.351106 4.189853 10.419566
1678843039510 -1.034295 3.823540 7.395689
1678843039533 -0.735020 4.089296 7.886500
1678843039556 -1.845930 4.407725 9.552865
1678843039582 -1.398214 4.352659 8.061277
1678843039609 0.169988 4.024653 6.641516
1678843039654 -0.141258 4.343082 7.094019
1678843039695 -0.624887 4.627992 7.754819
1678843039699 -0.629675 4.730943 8.233660
1678843039714 -0.849942 4.893748 8.681376
1678843039747 -0.284910 5.111620 8.353370
1678843039762 -0.047884 5.511452 8.133103
1678843039803 -0.979228 6.138733 8.671799
1678843039844 -2.173935 6.459556 10.002975
1678843039861 -2.195483 6.035782 9.217676
1678843039872 -1.412579 5.159505 9.612720
1678843039896 -0.605733 4.613626 10.623073
1678843039916 -2.214637 4.630386 13.120225
1678843039943 -2.846706 4.410120 11.803414
1678843039967 -0.957681 4.132392 7.438785
1678843039999 -0.878672 4.091691 5.954380
1678843040049 -2.545036 4.153940 8.207323
1678843040066 -2.715025 3.986346 9.284714
1678843040075 -1.249773 3.813963 7.149086
1678843040097 -0.174777 3.813963 6.258443
1678843040124 -0.641646 3.957615 7.548918
1678843040147 -1.477222 4.441244 8.145074
1678843040175 -0.878672 4.625597 7.134721
1678843040199 -0.347159 4.829105 6.148310
1678843040228 -0.526724 5.128380 7.225701
1678843040254 -0.502782 5.444415 8.082825
1678843040298 -0.742203 5.506664 9.330204
1678843040302 -1.558625 5.499481 9.979033
1678843040330 -1.556231 5.130774 9.430760
1678843040354 -0.876278 5.109226 8.535329
1678843040378 -0.854730 5.274426 7.122750
1678843040404 -1.996764 5.312734 7.290344
1678843040432 -1.968034 4.331111 10.577583
1678843040469 -0.598550 3.574543 11.494562
1678843040498 0.876278 3.983952 8.350976
1678843040509 0.773327 4.395754 6.933608
1678843040532 -1.259350 4.364630 9.809045
1678843040559 -2.801216 4.079720 13.335704
1678843040604 -1.632846 4.352659 9.703699
1678843040614 -0.988805 4.424485 6.706159
1678843040635 -1.151611 4.616021 6.105214
1678843040661 -1.149217 4.469975 7.259220
1678843040689 -0.725443 4.280833 7.675811
1678843040714 -0.162806 4.201824 7.891289
1678843040738 0.095768 4.091691 8.288726
1678843040763 -0.493206 4.467580 8.410830
1678843040789 -0.280122 4.716578 8.221688
1678843040815 0.260968 4.805163 8.329428
1678843040840 -0.167594 4.838682 8.999804
1678843040866 -0.821211 5.121197 9.648633
1678843040900 -0.682347 5.202600 10.398018
1678843040918 -1.223437 5.817910 9.564836
1678843040945 -2.310405 5.839458 6.418855
1678843040968 -2.786851 5.884948 7.333440
1678843040999 -1.812411 4.544195 11.563994
1678843041022 -0.964863 3.967192 13.050794
1678843041048 -0.833182 3.801992 10.342952
1678843041071 -2.097321 4.242526 8.374918
1678843041108 -2.207454 4.254497 8.810662
1678843041128 -2.497152 4.412514 8.607155
1678843041150 -2.612074 4.855441 7.180211
1678843041175 -1.889025 4.886566 7.031770
1678843041217 -1.637634 4.599261 8.339005
1678843041234 -2.109292 4.716578 7.905654
1678843041261 -1.778892 4.874595 6.888118
1678843041276 -0.861913 4.738125 6.876147
1678843041303 -0.438139 4.656722 7.378930
1678843041329 -0.641646 4.716578 7.563283
1678843041361 -1.089362 5.135562 7.010222
1678843041403 -0.746991 4.999093 7.802703
1678843041421 -0.794875 4.912902 8.461109
1678843041432 -1.031901 5.128380 9.059659
1678843041458 -1.589750 5.676652 8.877700
1678843041483 -1.503559 6.222530 7.180211
1678843041514 -1.477222 5.602432 4.716578
1678843041533 -1.376666 4.331111 9.883265
1678843041563 -0.335188 3.481169 13.077129
1678843041603 0.129287 4.077325 8.719683
1678843041610 0.517148 4.534618 4.809951
1678843041636 -1.233014 4.481946 7.005434
1678843041663 -3.727772 4.501099 11.592725
1678843041688 -3.150769 4.307169 10.721235
1678843041713 -1.731008 4.407725 8.446744
1678843041748 -1.841141 4.237737 8.202535
1678843041766 -2.279280 4.402937 7.762002
1678843041792 -2.394202 4.369418 7.055712
1678843041820 -2.439692 4.266468 7.496245
1678843041856 -2.398990 4.055778 8.686164
1678843041867 -2.779668 4.180276 9.162610
1678843041905 -3.665523 4.252102 10.081984
1678843041924 -4.139575 4.836287 10.876859
1678843041963 -3.418920 5.360618 6.897695
1678843041977 -4.599261 5.537788 4.613626
1678843041998 -4.967968 3.921702 11.999739
1678843042024 -2.861071 3.234566 14.123396
1678843042061 -0.742203 3.459621 8.097190
1678843042074 -0.806846 3.895366 5.626374
1678843042110 -3.102885 4.575319 7.031770
1678843042129 -3.177106 4.596867 8.863335
1678843042150 -2.427721 4.853047 9.358934
1678843042203 -1.977611 4.903325 7.127539
1678843042216 -2.339135 5.114015 6.370971
1678843042229 -2.537854 5.075707 7.007828
1678843042255 -2.415750 4.967968 7.678205
1678843042278 -1.867477 4.651934 7.424419
1678843042309 -2.013524 4.446033 7.829040
1678843042339 -2.375048 4.541800 8.389283
1678843042386 -2.066196 4.522647 9.406818
1678843042401 -0.725443 4.936844 7.704541
1678843042412 -1.747767 5.693412 5.688623
1678843042445 -4.046201 4.898537 10.149021
1678843042458 -3.315969 4.055778 11.068395
1678843042485 -0.591368 4.062960 6.258443
1678843042514 -0.344765 4.455609 5.796362
1678843042546 -2.853889 4.283227 9.991004
1678843042561 -3.023877 4.213795 12.557588
1678843042589 -1.553837 4.513070 10.232818
1678843042612 -1.798046 5.068525 7.587225
1678843042639 -2.961627 5.561730 7.285556
1678843042668 -2.207454 5.351041 7.424419
1678843042696 -1.213860 5.068525 8.324639
1678843042731 -1.134852 5.102044 7.910442
1678843042743 -1.541866 5.319916 6.864176
1678843042770 -1.905785 5.355829 7.733272
1678843042806 -0.960075 4.709395 8.073248
1678843042820 0.064643 4.486734 7.711724
1678843042853 0.584185 4.412514 7.874529
1678843042895 0.227449 4.390966 9.303867
1678843042900 -0.490811 4.462792 9.205706
1678843042936 -0.505177 4.405331 8.034941
1678843042946 -0.442927 4.369418 7.912837
1678843042972 0.354342 4.668694 8.271967
1678843042997 -0.670376 4.960786 7.608773
1678843043027 -1.544260 5.295974 7.924808
1678843043053 -1.343147 4.228160 9.440337
1678843043074 -0.565032 3.727772 11.899182
1678843043100 0.339977 3.526659 13.072341
1678843043126 0.052672 3.804387 11.520899
1678843043154 -0.691924 4.005499 10.228029
1678843043194 -1.855506 3.995923 10.769119
1678843043207 -2.863465 4.268862 10.359711
1678843043246 -3.134010 4.481946 7.862558
1678843043262 -2.892196 4.544195 7.122750
1678843043296 -2.315193 4.326323 7.896077
1678843043305 -2.205060 4.345476 7.513005
1678843043353 -2.094927 4.496311 6.998251
1678843043359 -2.451663 4.680665 6.129156
1678843043395 -2.710236 4.759673 6.677429
1678843043414 -2.636016 4.580108 8.607155
1678843043450 -2.346318 4.266468 9.639056
1678843043466 -2.147599 4.395754 8.803479
1678843043500 -2.300828 4.829105 7.714118
1678843043513 -2.114080 4.900931 7.785944
1678843043537 -1.788469 4.960786 7.852982
1678843043563 -1.910573 5.212177 7.177817
1678843043590 -2.458845 5.403713 6.730101
1678843043617 -2.566584 5.592855 7.304709
1678843043641 -2.128445 5.549759 8.075643
1678843043665 -2.138022 5.767632 7.278373
1678843043697 -2.245761 5.738902 6.907272
1678843043729 -1.965640 5.485116 8.549694
1678843043770 -1.881842 5.571307 9.275137
1678843043780 -1.929727 5.612009 8.580819
1678843043793 -1.843535 5.693412 8.034941
1678843043829 -2.116474 5.827487 6.849811
1678843043866 -2.537854 5.607220 5.894525
1678843043871 -2.930503 4.865018 9.888053
1678843043896 -2.877831 4.220978 13.247118
1678843043940 -2.133234 3.845088 10.955867
1678843043947 -1.805228 3.722984 9.878476
1678843043974 -0.979228 3.641581 8.595184
1678843044000 -1.082179 3.938462 7.410054
1678843044025 -2.367866 4.295198 7.536947
1678843044067 -2.853889 4.058172 8.281544
1678843044076 -2.645593 3.821146 9.085996
1678843044115 -2.794033 3.998317 9.100361
1678843044130 -2.312799 3.679888 9.040505
1678843044165 -0.696713 3.143587 8.817844
1678843044181 -0.481235 3.383007 8.774749
1678843044248 -0.797269 3.885789 7.647080
1678843044259 -0.069432 3.720589 8.271967
1678843044263 -0.598550 4.060566 9.315839
1678843044281 -1.838747 4.759673 8.944737
1678843044307 -1.529895 5.183447 6.770802
1678843044332 -1.240196 5.408502 5.951985
1678843044358 -1.273715 5.310339 8.106767
1678843044388 -0.725443 5.202600 10.055647
1678843044427 -0.098162 5.037400 9.267955
1678843044465 -0.790087 5.231331 8.990228
1678843044470 -1.017536 5.231331 9.497798
1678843044498 -0.955287 5.042189 9.418790
1678843044514 -0.950498 5.288792 7.967903
1678843044539 -1.975216 5.255273 5.183447
1678843044564 -2.523489 5.535394 6.086061
1678843044598 -2.240973 4.197036 10.460267
1678843044616 -1.192312 3.770868 11.496957
1678843044641 0.126893 3.533842 9.706094
1678843044676 0.014365 3.993528 8.161834
1678843044715 -0.849942 4.319140 7.563283
1678843044792 -1.884237 4.558560 8.111555
1678843044797 -3.347094 4.855441 9.117120
1678843044803 -3.502717 4.802769 8.868123
1678843044808 -2.592921 4.642357 7.793127
1678843044825 -2.147599 4.632780 7.419631
1678843044846 -2.454057 4.896142 7.620744
1678843044876 -2.461239 5.111620 6.825869
1678843044917 -2.343924 5.200206 6.399701
1678843044927 -2.492364 5.063736 6.959944
1678843044957 -2.638410 5.073313 8.221688
1678843045009 -1.944092 4.888960 8.432379
1678843045013 -1.400608 4.793192 8.164227
1678843045026 -1.941698 5.020641 7.967903
1678843045061 -1.941698 5.075707 8.588001
1678843045104 -1.424550 4.972757 8.628703
1678843045122 -1.276109 4.912902 9.002198
1678843045135 -1.199495 4.845864 9.514558
1678843045158 -1.417367 4.850653 9.234436
1678843045180 -1.685518 5.049371 8.894460
1678843045209 -1.692701 5.386954 7.496245
1678843045264 -2.372654 5.130774 6.739678
1678843045278 -2.652776 4.264073 10.702082
1678843045286 -3.809175 4.074931 12.878411
1678843045308 -4.637568 4.390966 9.861717
1678843045338 -2.183512 3.928885 6.986280
1678843045362 0.253785 3.560178 6.126762
1678843045386 -0.102951 3.531447 6.643910
1678843045414 -2.477999 3.948039 9.339781
1678843045436 -3.593697 4.268862 11.075577
1678843045463 -2.851494 4.022259 11.686098
1678843045515 -2.023100 3.849876 10.230424
1678843045534 -2.082955 3.754108 8.564059
1678843045541 -2.066196 3.761291 7.187394
1678843045565 -1.716643 3.708618 6.279991
1678843045590 -1.618480 3.873818 6.461950
1678843045617 -1.675941 4.175488 7.244854
1678843045644 -2.382231 4.623203 7.989451
1678843045667 -2.487576 4.800375 7.908048
1678843045693 -1.769315 4.620809 8.022970
1678843045723 -1.525106 4.584896 8.547300
1678843045763 -1.740585 4.594473 8.810662
1678843045772 -1.752556 4.429273 9.428367
1678843045796 -1.556231 4.362236 10.065224
1678843045827 -1.316811 4.867412 8.324639
1678843045847 -2.243367 5.245696 6.845023
1678843045873 -2.983175 4.900931 9.653421
1678843045910 -3.205836 4.199430 12.895170
1678843045928 -2.820370 3.615245 12.145785
1678843045950 -1.544260 3.059790 9.703699
1678843045978 -0.909797 2.983175 7.168240
1678843046002 -1.074997 3.131616 6.390124
1678843046029 -2.442086 3.560178 6.756437
1678843046054 -3.718195 3.701436 7.970297
1678843046079 -3.555390 3.634398 8.585608
1678843046105 -2.430115 3.272874 9.114726
1678843046130 -1.991976 3.248932 9.176975
1678843046163 -2.585738 3.699042 7.716512
1678843046184 -2.473210 4.084508 6.186617
1678843046219 -2.245761 4.256891 6.071695
1678843046232 -2.085350 4.292804 7.070077
1678843046259 -2.473210 4.584896 8.585608
1678843046284 -2.351106 4.793192 9.552865
1678843046309 -1.920150 4.805163 9.414001
1678843046335 -2.015918 4.860229 10.010158
1678843046376 -1.613692 5.003881 9.583989
1678843046390 -1.170765 4.934450 8.927979
1678843046414 -1.510741 5.090073 9.172187
1678843046439 -1.568202 5.097255 9.277532
1678843046475 -1.685518 5.298368 8.944737
1678843046512 -1.436521 5.106832 7.685388
1678843046520 -1.000776 4.927267 8.803479
1678843046541 -0.837971 4.036624 12.124237
1678843046566 -2.082955 3.533842 13.223176
1678843046592 -3.136404 3.526659 11.073183
1678843046626 -1.671153 3.210624 8.403648
1678843046666 -0.227449 3.239355 6.332664
1678843046676 0.239420 3.366248 5.937620
1678843046695 -1.221043 3.529053 7.819463
1678843046726 -2.434903 3.782839 9.004593
1678843046746 -2.379837 3.931279 8.609550
1678843046774 -2.027889 3.900155 8.415619
1678843046809 -1.742979 3.770868 8.712500
1678843046839 -1.412579 3.641581 7.836222
1678843046851 -1.572991 3.912126 7.034164
1678843046875 -1.996764 4.108450 7.141904
1678843046900 -1.795651 4.029441 7.824251
1678843046927 -1.508347 3.912126 8.238448
1678843046953 -1.776498 4.027047 8.384495
1678843046979 -1.900996 3.924097 8.731653
1678843047027 -1.857901 3.940856 9.093178
1678843047044 -2.219425 4.285621 8.482656
1678843047056 -2.377442 4.498705 7.960721
1678843047080 -2.379837 4.491522 9.028535
1678843047105 -1.532289 4.544195 9.902418
1678843047131 -1.752556 5.284003 9.730036
1678843047165 -2.691083 5.334281 8.609550
1678843047186 -3.471592 5.061342 10.647015
1678843047209 -3.062184 3.857059 11.286267
1678843047237 -2.863465 3.033453 10.919954
1678843047260 -2.051831 2.336741 10.618284
1678843047296 -0.471658 2.233790 8.226477
1678843047324 -0.409408 2.363077 6.907272
1678843047343 -2.121263 2.679112 8.195353
1678843047362 -3.797204 3.071761 9.677363
1678843047390 -3.746926 3.454833 8.487445
1678843047423 -3.294421 3.564966 7.682993
1678843047439 -3.074155 3.332729 8.367735
1678843047480 -2.391808 3.236961 8.078036
1678843047498 -1.742979 3.497929 6.854599
1678843047525 -1.687912 3.780444 7.536947
1678843047543 -2.092532 4.082114 7.881712
1678843047579 -2.001553 4.168305 8.130709
1678843047598 -1.699883 4.264073 9.428367
1678843047625 -1.259350 4.199430 10.268731
1678843047645 -1.264138 4.247314 10.395624
1678843047683 -1.558625 4.455609 9.811439
1678843047723 -2.123657 4.924873 10.374076
1678843047742 -3.323152 5.027823 9.153033
1678843047760 -3.392584 4.900931 10.699687
1678843047774 -1.826776 3.703830 11.403583
1678843047799 -2.300828 3.332729 11.516110
1678843047836 -1.747767 3.110068 10.081984
1678843047867 -0.272939 3.078943 7.271191
1678843047885 0.043096 3.409343 6.306327
1678843047918 -1.561020 3.744531 7.750031
1678843047928 -2.801216 3.991134 9.402030
1678843047954 -2.688689 4.058172 9.337387
1678843047980 -1.687912 3.825934 8.169016
1678843048027 -1.156399 3.737349 7.077260
1678843048041 -1.127669 3.828329 6.445191
1678843048060 -0.636858 3.725378 7.129933
1678843048081 -0.397437 3.718195 7.936779
1678843048126 -0.727837 4.096479 7.326257
1678843048141 -1.077391 4.510676 7.283162
1678843048161 -0.730232 4.486734 8.683769
1678843048184 -0.452504 4.414908 9.373300
1678843048219 -0.433351 4.556166 8.226477
1678843048236 -0.490811 4.565742 8.406042
1678843048270 -0.895431 4.527435 9.425972
1678843048291 -1.513135 4.513070 11.432313
1678843048325 -2.731784 5.075707 11.212047
1678843048338 -2.473210 4.824317 8.942344
1678843048380 -1.936909 4.192247 9.497798
1678843048392 -0.840365 3.837905 10.630256
1678843048431 -0.562637 3.689465 9.524135
1678843048441 -0.699107 3.912126 7.778761
1678843048467 -1.094150 4.316746 7.022193
1678843048495 -1.592144 4.419696 8.623915
1678843048520 -1.216254 4.027047 10.503363
1678843048544 -0.677559 4.034230 9.856929
1678843048569 -0.940921 4.575319 7.967903
1678843048597 -0.833182 4.881777 7.022193
1678843048629 -0.438139 4.783615 8.049306
1678843048671 -0.524330 4.647145 8.820239
1678843048689 0.040701 4.649539 8.027759
1678843048698 -0.605733 5.003881 8.339005
1678843048724 -1.699883 4.879383 8.832211
1678843048761 -1.206678 4.503493 7.975086
1678843048776 -0.222661 4.235343 7.060501
1678843048802 0.359130 4.074931 8.097190
1678843048827 0.895431 3.406949 9.581595
1678843048854 0.404620 3.897760 10.012551
1678843048880 -0.251391 4.400543 6.387730
1678843048903 -2.056619 5.123591 6.928820
1678843048929 -2.636016 4.034230 12.279860
1678843048969 -0.476446 3.294421 12.279860
1678843048988 1.058237 3.655946 6.356606
1678843049007 0.119710 3.632004 6.684611
1678843049032 -2.377442 3.224990 11.082760
1678843049058 -1.963245 2.767697 11.839328
1678843049086 -0.526724 2.609680 8.939949
1678843049109 -0.550666 3.066972 6.708553
1678843049135 -1.031901 3.442862 6.548141
1678843049162 -1.702277 4.024653 7.400477
1678843049187 -2.142811 4.637568 8.142680
1678843049215 -2.039860 4.668694 8.678981
1678843049255 -1.912967 4.673482 9.895236
1678843049264 -1.786075 4.422091 10.850522
1678843049304 -1.776498 4.343082 10.812215
1678843049323 -2.511518 4.529830 9.765948
1678843049368 -3.059790 4.448427 9.476251
1678843049377 -2.485181 4.000711 10.146626
1678843049396 -1.295263 4.062960 9.014170
1678843049419 -2.063802 4.371812 9.097966
1678843049447 -2.724602 3.998317 10.848128
1678843049469 -1.582567 3.481169 11.425131
1678843049506 -0.414197 3.157952 9.454702
1678843049520 0.074220 3.004723 7.295133
1678843049564 -1.312023 3.464410 6.469133
1678843049571 -2.511518 3.632004 8.176199
1678843049611 -1.836353 3.241749 10.005369
1678843049639 -1.154005 3.110068 10.266336
1678843049654 -0.969652 3.457227 7.908048
1678843049674 -1.424550 4.027047 6.610391
1678843049699 -1.412579 4.285621 6.720524
1678843049732 -0.957681 4.426879 6.868965
1678843049757 -0.811634 4.484340 7.441179
1678843049777 -0.711078 4.503493 7.927202
1678843049827 -0.462081 4.525041 7.862558
1678843049838 -0.335188 4.390966 8.815451
1678843049854 -0.306458 4.252102 9.830592
1678843049880 -0.842759 4.505888 9.100361
1678843049911 -1.046266 4.565742 9.179369
1678843049956 -1.297657 4.323928 11.257536
1678843049962 -1.668759 4.551377 9.533711
1678843049987 -1.529895 4.680665 8.362947
1678843050008 -1.604115 4.168305 9.363723
1678843050034 -0.952892 2.987964 11.657368
1678843050059 0.107739 3.143587 8.966286
1678843050088 0.701501 3.859453 4.881777
1678843050111 0.172383 3.842694 5.894525
1678843050136 -2.274492 3.380613 11.473015
1678843050164 -2.547431 3.270479 12.861651
1678843050195 -1.829170 3.627216 8.473080
1678843050215 -1.757344 3.983952 6.114791
1678843050250 -2.351106 4.165911 7.843405
1678843050266 -2.434903 4.426879 8.724471
1678843050292 -1.371878 4.304775 7.869741
1678843050320 -0.826000 4.175488 7.955932
1678843050349 -1.273715 4.204218 9.006987
1678843050367 -1.455675 4.283227 9.133880
1678843050393 -1.927332 4.455609 9.926360
1678843050443 -2.394202 4.436456 10.208876
1678843050449 -2.480393 4.271256 10.125079
1678843050470 -2.715025 4.046201 10.548853
1678843050497 -2.207454 4.321534 10.251971
1678843050527 -2.315193 4.213795 8.585608
1678843050551 -3.222595 4.367024 9.708488
1678843050573 -3.052607 3.859453 10.472239
1678843050602 -2.418144 3.711013 9.665392
1678843050640 -1.438915 3.507505 7.939173
1678843050659 -1.223437 3.584120 6.888118
1678843050675 -2.219425 3.931279 6.524199
1678843050702 -2.578555 4.065354 7.311892
1678843050728 -2.293645 3.813963 8.803479
1678843050759 -1.544260 3.708618 9.224859
1678843050797 -1.338359 3.928885 7.738060
1678843050809 -1.740585 4.335899 6.806715
1678843050831 -1.496376 4.481946 6.663064
1678843050856 -0.794875 4.520253 6.359000
1678843050882 -0.948104 4.546589 6.603208
1678843050913 -1.675941 4.793192 7.601591
1678843050959 -1.702277 4.668694 8.650250
1678843050975 -1.230620 4.556166 9.006987
1678843050987 -1.199495 4.707001 8.954314
1678843051010 -1.558625 4.967968 8.614338
1678843051041 -2.011129 4.910508 9.991004
1678843051061 -1.786075 4.855441 11.614272
1678843051087 -0.897826 4.994305 8.135497
1678843051115 -1.115698 5.317522 7.939173
1678843051140 -1.197101 4.101267 9.744401
1678843051167 -1.328782 3.454833 11.468226
1678843051206 0.098162 3.263297 8.611943
1678843051226 1.328782 3.332729 6.184223
1678843051240 0.723049 3.174711 7.311892
1678843051266 -1.944092 3.148375 11.152191
1678843051294 -3.110068 3.248932 11.607090
1678843051318 -2.310405 3.320758 9.109938
1678843051349 -1.673547 3.411737 6.646304
1678843051372 -1.505953 3.677494 6.296751
1678843051401 -1.462857 3.823540 6.710948
1678843051432 -1.848324 4.103662 7.936779
1678843051446 -1.733402 3.950433 8.748413
1678843051471 -1.213860 3.653552 9.387665
1678843051497 -1.383849 3.651158 10.613496
1678843051523 -1.558625 3.550601 11.015722
1678843051556 -1.953669 3.550601 10.412383
1678843051594 -2.360683 3.655946 11.058818
1678843051607 -2.212242 4.106056 10.340557
1678843051658 -3.078943 4.383783 9.512163
1678843051663 -3.962404 4.378995 11.066000
1678843051679 -3.038242 3.536236 13.462596
1678843051703 -1.695095 2.949656 11.367670
1678843051728 -0.131681 2.691083 6.957550
1678843051770 -1.055843 3.083732 5.238513
1678843051784 -2.932897 3.677494 6.086061
1678843051806 -2.834735 3.550601 8.334216
1678843051831 -1.695095 3.148375 10.172963
1678843051864 -1.264138 3.258508 8.868123
1678843051887 -1.671153 3.600879 7.299921
1678843051908 -1.685518 3.744531 7.017405
1678843051955 -1.189918 3.730166 7.551312
1678843051962 -0.694318 3.708618 7.831434
1678843051988 -0.663194 3.912126 7.615956
1678843052013 -0.603339 4.070143 7.510611
1678843052053 -0.313640 4.094085 7.687782
1678843052067 0.222661 3.938462 8.214506
1678843052095 0.229843 4.091691 9.028535
1678843052115 -0.117316 4.034230 10.307038
1678843052147 -0.814029 4.673482 11.310209
1678843052166 -1.539472 4.869806 9.835381
1678843052200 -1.017536 4.711789 10.512939
1678843052218 -0.347159 3.265691 12.773067
1678843052249 0.263362 2.389413 13.419500
1678843052298 0.603339 2.466028 9.253590
1678843052303 0.869095 2.980781 5.324705
1678843052323 -0.248997 3.177106 6.471527
1678843052352 -2.580950 3.277662 11.247959
1678843052370 -2.659958 3.239355 12.284649
1678843052402 -1.742979 3.323152 8.856153
1678843052428 -1.812411 3.876213 6.141128
1678843052454 -2.272097 4.474763 5.341464
1678843052474 -1.673547 4.376601 6.598420
1678843052502 -1.101333 4.211401 8.255207
1678843052542 -0.749385 4.110844 8.525752
1678843052553 -1.199495 4.189853 8.676587
1678843052595 -1.584962 4.120421 9.643845
1678843052606 -1.575385 3.943250 10.445902
1678843052644 -1.493982 3.924097 9.277532
1678843052685 -1.821988 3.852271 8.645462
1678843052688 -1.391031 3.675100 9.866506
1678843052709 -1.182736 3.560178 9.138668
1678843052745 -2.398990 3.629610 11.204864
1678843052757 -2.906561 3.418920 12.322956
1678843052782 -2.257732 3.189077 12.002133
1678843052812 -1.000776 2.748544 9.811439
1678843052832 -0.727837 2.973598 6.605602
1678843052859 -1.826776 3.615245 5.011064
1678843052884 -2.798822 4.079720 5.480328
1678843052922 -2.403779 3.581726 8.959103
1678843052937 -1.077391 3.107674 10.077195
1678843052963 -0.239420 3.234566 8.597578
1678843052996 -0.826000 3.672705 7.843405
1678843053038 -1.235408 3.842694 7.838616
1678843053063 -0.368707 3.995923 7.592013
1678843053068 -0.016759 4.412514 7.275979
1678843053095 -0.814029 4.769250 7.771579
1678843053117 -1.065420 4.872200 8.547300
1678843053141 -0.548272 4.608838 8.760384
1678843053166 0.047884 4.292804 9.562442
1678843053206 -0.019154 4.086902 11.171345
1678843053221 -0.464475 3.885789 12.310986
1678843053257 -1.407791 4.386178 11.745954
1678843053269 -1.731008 4.831499 9.038112
1678843053296 -1.611298 4.515464 10.149021
1678843053322 -1.278504 3.763685 9.900024
1678843053347 -1.273715 3.155558 11.022904
1678843053375 -0.325611 2.743755 9.387665
1678843053398 0.766145 2.887407 5.600038
1678843053427 0.225055 3.418920 4.364630
1678843053475 -2.013524 3.624821 8.207323
1678843053488 -3.198653 3.651158 11.654974
1678843053516 -2.245761 3.488352 12.222400
1678843053529 -0.507571 3.320758 8.315063
1678843053552 -1.309628 3.988740 6.411672
1678843053579 -2.233790 4.477157 6.212954
1678843053603 -1.980005 4.599261 5.616797
1678843053630 -1.426944 4.587290 6.519411
1678843053660 -1.620875 4.723760 7.149086
1678843053681 -1.810017 4.929661 7.632715
1678843053706 -1.747767 4.788404 8.439561
1678843053741 -1.596933 4.711789 8.913613
1678843053759 -1.623269 4.424485 9.821015
1678843053807 -1.905785 4.304775 11.283873
1678843053818 -2.049437 4.405331 12.028469
1678843053839 -2.154782 4.343082 11.171345
1678843053860 -2.600103 3.981557 11.690886
1678843053897 -2.346318 3.531447 9.861717
1678843053912 -1.800440 2.930503 9.749189
1678843053943 -1.285686 2.272097 10.898406
1678843053963 -0.351948 2.195483 8.140285
1678843053999 -0.476446 2.659958 5.916072
1678843054019 -1.635240 3.129222 5.813122
1678843054046 -2.997540 3.256114 9.500193
1678843054065 -2.705448 3.131616 10.836157
1678843054096 -1.915361 3.282450 9.382876
1678843054119 -1.829170 3.564966 7.103596
1678843054143 -2.030283 3.837905 7.594408
1678843054168 -1.620875 3.967192 7.603985
1678843054206 -1.256956 4.228160 6.653487
1678843054222 -1.379060 4.570531 6.962338
1678843054251 -1.584962 4.714183 8.097190
1678843054272 -1.316811 4.747702 9.236830
1678843054297 -0.787692 4.637568 10.194510
1678843054326 -0.969652 4.754885 10.637438
1678843054348 -1.453280 5.140351 10.778696
1678843054373 -1.678335 5.832275 10.194510
1678843054425 -1.594538 5.803545 8.592790
1678843054443 -1.532289 4.522647 12.011710
1678843054462 -1.189918 3.471592 10.591949
1678843054476 -1.455675 3.517082 8.508993
1678843054502 -0.794875 3.047819 8.789114
1678843054530 0.366313 2.892196 7.137115
1678843054575 0.890643 3.083732 5.698200
1678843054590 0.241814 3.203442 5.999869
1678843054605 -1.896208 3.672705 7.682993
1678843054631 -2.820370 3.995923 8.796297
1678843054656 -2.346318 4.050989 8.281544
1678843054688 -1.467646 3.864242 7.649475
1678843054715 -1.831564 3.974375 7.218518
1678843054739 -2.518700 4.146757 7.050924
1678843054759 -1.833959 3.909731 6.852205
1678843054789 -1.218649 3.775656 7.884106
1678843054810 -1.302446 3.854665 8.611943
1678843054842 -2.094927 4.261679 7.996634
1678843054891 -2.286463 4.539406 7.575254
1678843054897 -1.970428 4.548983 8.367735
1678843054914 -1.687912 4.426879 8.743625
1678843054940 -2.243367 4.350265 10.110714
1678843054967 -2.183512 4.841076 9.560047
1678843054991 -1.462857 5.267244 7.560889
1678843055016 -2.468422 5.109226 10.520123
1678843055042 -3.505111 4.323928 13.867216
1678843055067 -3.995923 3.653552 15.389929
1678843055098 -2.669535 3.536236 11.666945
1678843055120 -0.577003 3.399766 7.680599
1678843055144 0.021548 3.624821 7.687782
1678843055182 -0.577003 3.895366 7.752425
1678843055217 -1.879448 4.651934 7.515399
1678843055228 -2.791639 5.097255 6.904878
1678843055247 -2.504335 5.085284 6.864176
1678843055272 -1.886631 4.783615 6.866570
1678843055303 -1.601721 4.766856 6.272809
1678843055335 -0.883460 4.874595 7.017405
1678843055378 -0.296881 5.121197 8.238448
1678843055397 -0.548272 5.676652 8.171411
1678843055409 -0.708684 5.748478 8.461109
1678843055431 0.059855 5.616797 10.070012
1678843055470 0.007183 6.564901 9.368511
1678843055480 -0.876278 6.548141 8.571242
1678843055503 -2.367866 4.987122 10.072407
1678843055534 -3.330335 3.569755 12.950237
1678843055561 -3.430891 2.659958 13.273455
1678843055581 -1.424550 2.336741 10.390836
1678843055615 -0.306458 2.370260 7.407660
1678843055637 -1.098939 2.537854 6.780379
1678843055659 -2.437297 3.093309 8.382100
1678843055684 -2.262521 3.464410 7.161057
1678843055716 -0.811634 3.699042 5.365406
1678843055738 -0.237026 4.240131 4.651934
1678843055760 -1.017536 4.510676 6.203377
1678843055809 -1.750161 4.434062 7.486669
1678843055815 -1.580173 4.501099 7.608773
1678843055837 -1.010353 4.575319 7.924808
1678843055863 -0.450110 4.503493 7.721301
1678843055889 0.069432 4.335899 8.616732
1678843055916 0.081403 4.350265 9.600749
1678843055951 -0.196325 4.697424 9.162610
1678843055967 -0.711078 4.606444 9.619903
1678843055991 -2.262521 4.802769 10.223241
1678843056017 -3.665523 5.365406 9.337387
1678843056049 -3.727772 4.946421 11.671733
1678843056097 -2.803610 4.139575 14.709975
1678843056120 -2.317587 4.022259 13.800179
1678843056131 -1.644817 4.285621 8.927979
1678843056146 -1.271321 4.410120 5.473145
1678843056172 -0.715866 4.498705 5.547365
1678843056197 -1.039083 4.264073 9.373300
1678843056223 -1.479617 4.388572 10.149021
1678843056276 -1.661576 4.417302 8.439561
1678843056281 -1.551443 4.297592 8.015787
1678843056304 -1.089362 3.983952 8.226477
1678843056330 0.215478 3.708618 8.410830
1678843056358 1.043872 3.768473 7.568071
1678843056380 0.943315 4.223372 7.120356
1678843056403 0.555455 4.589684 7.240066
1678843056434 0.639252 4.510676 7.350199
1678843056472 1.151611 4.331111 7.625533
1678843056495 1.812411 4.067749 8.185776
1678843056508 2.116474 3.945644 9.260772
1678843056531 1.328782 4.149151 10.216059
1678843056556 0.921768 4.537012 9.428367
1678843056587 0.098162 4.874595 8.949526
1678843056610 -1.618480 4.575319 12.287044
1678843056634 -1.187524 3.646369 13.342886
1678843056667 0.086191 3.303998 9.203311
1678843056686 0.430956 3.768473 7.438785
1678843056719 0.191536 3.442862 8.930372
1678843056737 -0.708684 3.035848 11.386824
1678843056768 -0.581791 2.743755 11.341333
1678843056789 -0.282516 2.911349 8.671799
1678843056820 -1.000776 3.562572 6.868965
1678843056839 -1.007959 4.108450 5.413290
1678843056865 -0.256180 4.125209 6.165070
1678843056890 0.378284 3.926491 7.848193
1678843056920 0.653617 3.909731 8.702923
1678843056958 0.088585 4.079720 9.756371
1678843056968 -1.180341 4.625597 10.235212
1678843057006 -1.527501 4.881777 10.314221
1678843057020 -1.218649 4.874595 11.322180
1678843057055 -2.097321 5.070919 13.448231
1678843057096 -2.492364 5.221754 11.901577
1678843057101 -2.183512 4.419696 11.216835
1678843057122 -1.082179 2.937685 11.513716
1678843057152 0.275333 2.049437 10.108319
1678843057173 0.677559 1.968034 7.706935
1678843057199 0.732626 2.451663 4.896142
1678843057239 0.256180 3.009511 4.343082
1678843057254 -0.529119 3.193865 5.607220
1678843057276 -1.651999 3.383007 7.639898
1678843057301 -2.212242 3.517082 9.773131
1678843057337 -1.685518 3.390190 10.304645
1678843057355 -0.993594 3.136404 10.819398
1678843057378 -0.433351 3.428497 8.844181
1678843057404 -0.390255 4.106056 7.220912
1678843057431 0.701501 4.295198 7.467515
1678843057461 0.735020 4.292804 8.348581
1678843057483 -0.019154 4.915296 8.145074
1678843057508 -0.751779 5.377377 8.997410
1678843057533 0.390255 5.415684 10.014946
1678843057564 -0.124498 4.711789 10.608707
1678843057595 -0.002394 4.831499 9.581595
1678843057616 -0.260968 4.927267 9.169792
1678843057641 -0.433351 5.006276 9.636662
1678843057662 -1.414973 5.001487 9.952697
1678843057696 -1.934515 5.298368 9.093178
1678843057712 -0.883460 5.480328 6.706159
1678843057738 0.043096 5.576096 6.926425
1678843057765 0.215478 4.458004 10.350134
1678843057798 -0.122104 3.043030 13.654132
1678843057822 0.572214 2.032677 10.644621
1678843057841 1.110910 2.808398 5.533000
1678843057880 2.389413 3.256114 3.117251
1678843057895 2.643199 2.899378 4.453215
1678843057924 0.330400 2.387019 11.729194
1678843057943 -1.185130 2.406173 15.164873
1678843057970 -2.039860 3.148375 11.654974
1678843058005 -2.209848 3.933673 7.838616
1678843058022 -2.070984 3.900155 7.395689
1678843058062 -2.482787 4.024653 8.389283
1678843058072 -2.317587 4.149151 8.094796
1678843058112 -1.484405 4.254497 6.660669
1678843058123 -1.091756 4.280833 6.689400
1678843058162 -1.537078 4.486734 7.960721
1678843058177 -1.881842 4.606444 9.200917
1678843058217 -2.008735 4.800375 8.906430
1678843058230 -2.293645 4.963180 8.954314
1678843058252 -2.480393 4.996699 10.070012
1678843058277 -1.649605 4.685453 10.493786
1678843058305 -1.058237 4.960786 9.287108
1678843058329 -0.876278 5.480328 7.843405
1678843058360 -0.737414 5.475539 8.530540
1678843058403 -0.129287 4.774038 10.429143
1678843058416 -0.069432 4.079720 12.100295
1678843058444 -0.627281 3.643975 12.308591
1678843058457 -0.802058 3.766079 9.567230
1678843058494 -0.471658 3.888184 7.345411
1678843058508 -1.553837 4.141969 6.950367
1678843058544 -2.782062 4.206613 7.726089
1678843058560 -3.442862 4.209007 8.741230
1678843058600 -3.215413 4.103662 9.394848
1678843058611 -1.982399 3.780444 9.251195
1678843058640 -1.862689 3.665523 9.368511
1678843058663 -1.647211 3.813963 7.702147
1678843058696 -1.398214 4.046201 6.277597
1678843058715 -0.984017 4.285621 6.100426
1678843058740 -0.665588 4.216189 6.548141
1678843058777 -0.871489 4.477157 7.108385
1678843058829 -1.252167 4.802769 7.307104
1678843058834 -1.312023 5.099649 6.914454
1678843058850 -0.936133 5.102044 7.113173
1678843058877 -1.314417 5.214571 8.219295
1678843058897 -2.030283 5.243302 9.758766
1678843058923 -1.233014 5.161899 9.181764
1678843058945 -0.079009 5.197812 7.766790
1678843058971 -0.023942 5.638345 7.843405
1678843058996 0.050278 5.882554 8.286332
1678843059040 0.248997 5.971139 9.655815
1678843059048 0.349553 6.172252 8.370130
1678843059073 -0.098162 6.009446 9.301474
1678843059103 -0.481235 4.086902 13.515268
1678843059125 -0.639252 2.504335 17.228676
1678843059151 -1.357512 2.267309 14.501679
1678843059176 -0.026336 2.827552 6.655881
1678843059202 1.661576 3.648763 1.314417
1678843059253 0.577003 3.773262 3.136404
1678843059278 -1.419762 3.473987 8.678981
1678843059288 -2.418144 3.454833 11.511322
1678843059305 -1.996764 3.600879 11.259931
1678843059331 -0.608127 3.548207 9.454702
1678843059359 -0.612916 3.397372 9.813833
1678843059386 -1.295263 3.502717 9.825804
1678843059429 -1.465251 3.588908 8.492233
1678843059438 -1.352724 3.701436 7.991845
1678843059460 -1.027112 3.703830 7.879318
1678843059486 -1.000776 4.007894 7.381324
1678843059510 -1.618480 4.508282 7.422025
1678843059536 -1.752556 4.752491 7.809886
1678843059571 -0.526724 4.563348 7.644686
1678843059590 0.189142 4.429273 7.637504
1678843059623 -0.004788 4.896142 7.520187
1678843059650 -0.435745 5.240908 7.802703
1678843059664 -0.787692 5.528212 7.977480
1678843059698 -0.871489 5.600038 8.281544
1678843059725 -0.902614 5.705383 8.576031
1678843059766 -1.496376 6.088455 8.860941
1678843059777 -1.754950 6.423643 8.702923
1678843059821 -1.429338 6.409278 8.396465
1678843059832 -1.039083 5.966351 8.700529
1678843059843 -1.036689 5.595249 9.291897
1678843059872 -0.591368 5.470751 8.257602
1678843059927 -0.208296 5.250484 6.739678
1678843059945 -0.050278 5.310339 6.301539
1678843059961 -0.770933 5.236119 7.654263
1678843059974 -2.887407 5.073313 10.249578
1678843059997 -2.262521 3.632004 13.311762
1678843060026 -0.565032 2.308010 11.317391
1678843060052 -1.007959 2.348712 9.143456
1678843060075 -2.410961 2.351106 10.199299
1678843060104 -2.980781 2.406173 10.747571
1678843060137 -3.086126 2.990358 9.406818
1678843060160 -3.193865 3.490746 7.666234
1678843060188 -2.839523 3.653552 7.431602
1678843060203 -2.310405 3.670311 7.917625
1678843060228 -1.613692 3.916914 7.280767
1678843060257 -0.797269 4.041412 5.978322
1678843060288 -0.636858 4.338294 5.748478
1678843060308 -1.113304 4.431667 7.745243
1678843060360 -1.149217 4.386178 9.097966
1678843060370 -1.247379 4.479551 8.892065
1678843060384 -1.683124 4.802769 8.140285
1678843060407 -2.298434 4.922479 8.803479
1678843060434 -2.449268 4.814740 9.114726
1678843060461 -2.616863 4.910508 8.398860
1678843060490 -2.516306 4.932055 8.025364
1678843060531 -2.006341 4.903325 7.910442
1678843060540 -1.218649 4.936844 8.121132
1678843060561 -0.981623 4.735731 9.083601
1678843060586 -1.357512 4.683059 9.696517
1678843060612 -1.249773 4.462792 9.275137
1678843060638 0.059855 4.185065 8.001422
1678843060664 -0.040701 4.436456 7.084443
1678843060732 -2.070984 4.666299 10.450690
1678843060741 -4.103662 4.244920 14.034810
1678843060749 -2.293645 2.961627 13.907918
1678843060765 0.727837 2.695871 10.625467
1678843060791 2.147599 3.205836 6.789956
1678843060817 0.488417 3.785233 6.648698
1678843060842 -1.108515 4.086902 7.912837
1678843060867 -0.641646 3.770868 9.069236
1678843060893 0.617704 3.308787 9.679757
1678843060920 0.758962 3.361459 8.221688
1678843060946 0.234632 3.430891 8.346188
1678843060971 0.222661 3.414132 9.234436
1678843060995 -0.071826 3.502717 10.414778
1678843061051 -0.775721 3.818752 10.002975
1678843061065 0.979228 3.852271 7.460332
1678843061075 2.398990 3.828329 7.541735
1678843061098 1.161188 3.703830 10.594342
1678843061125 0.579397 3.780444 10.852917
1678843061151 0.222661 4.077325 9.215282
1678843061174 -1.074997 4.680665 8.458714
1678843061201 -2.418144 5.018247 8.901642
1678843061235 -3.462016 5.456386 9.533711
1678843061282 -3.962404 5.415684 10.208876
1678843061287 -2.707842 4.675876 9.770737
1678843061326 -1.462857 4.058172 9.038112
1678843061330 -0.873884 3.821146 9.610326
1678843061372 -0.732626 3.732560 9.919178
1678843061380 -0.600945 3.830723 6.337452
1678843061405 -0.237026 4.431667 3.301604
1678843061431 -0.141258 4.139575 6.162675
1678843061470 -0.758962 3.203442 11.477803
1678843061483 0.055067 3.009511 10.400413
1678843061525 0.995988 2.985569 7.199365
1678843061533 0.165200 3.397372 7.730877
1678843061559 -2.164358 3.426103 11.712435
1678843061610 -3.090914 3.481169 13.464991
1678843061630 -2.726996 3.679888 11.561600
1678843061641 -2.164358 3.773262 8.279149
1678843061661 -1.802834 3.545813 7.577648
1678843061687 -1.292869 3.320758 7.508216
1678843061713 -1.091756 3.643975 6.677429
1678843061739 -1.177947 4.017470 6.241684
1678843061772 -1.261744 3.924097 7.999028
1678843061811 -1.496376 3.924097 9.172187
1678843061824 -0.948104 4.192247 8.494628
1678843061856 -0.531513 4.230555 8.358158
1678843061866 -0.847547 4.161122 9.454702
1678843061901 -0.916979 4.326323 9.624691
1678843061924 -0.742203 4.446033 9.313444
1678843061959 -0.720655 4.508282 9.330204
1678843061974 -0.368707 4.299986 10.182540
1678843061995 -0.414197 4.180276 9.658210
1678843062050 -0.014365 4.168305 8.820239
1678843062066 0.490811 3.876213 8.312668
1678843062073 -0.818817 3.098097 10.668563
1678843062098 -1.582567 2.669535 12.464214
1678843062123 0.071826 2.817975 7.874529
1678843062151 0.517148 3.428497 6.385336
1678843062174 -1.343147 3.605668 9.425972
1678843062202 -2.456451 3.457227 12.265495
1678843062225 -3.296816 3.394978 13.464991
1678843062259 -2.176329 3.579332 10.438720
1678843062279 -1.628057 3.809175 7.486669
1678843062305 -1.848324 3.859453 7.285556
1678843062344 -1.312023 3.804387 6.160281
1678843062362 -0.181959 3.689465 5.880159
1678843062379 -0.052672 3.478775 7.314286
1678843062419 -0.090980 3.684676 7.951144
1678843062432 0.220267 3.813963 7.457938
1678843062456 0.605733 3.708618 8.111555
1678843062483 0.581791 3.821146 8.999804
1678843062509 0.483629 4.189853 8.793902
1678843062532 0.766145 4.352659 8.022970
1678843062561 0.256180 4.841076 8.322245
1678843062603 -0.237026 5.315128 8.010999
1678843062613 -0.577003 5.947197 7.572860
1678843062662 -0.533907 6.200983 7.905654
1678843062670 -0.457293 6.289568 9.059659
1678843062709 -0.617704 6.392519 9.986216
1678843062723 -0.909797 6.579266 10.070012
1678843062741 -1.321599 6.564901 9.600749
1678843062763 -1.484405 6.222530 9.205706
1678843062793 -1.450886 6.289568 8.250419
1678843062815 -1.379060 5.937620 6.296751
1678843062843 -2.080561 5.822699 7.129933
1678843062865 -1.486799 4.627992 8.645462
1678843062934 -1.455675 4.050989 10.807426
1678843062940 -2.104503 3.124433 13.934254
1678843062947 -1.592144 2.734178 11.650186
1678843062968 -0.905008 2.671929 7.872135
1678843062995 -1.043872 2.600103 7.671022
1678843063020 -3.002329 2.952051 8.798691
1678843063045 -4.108450 3.433285 8.784326
1678843063075 -3.198653 3.562572 8.530540
1678843063103 -2.126051 3.473987 8.274361
1678843063133 -1.553837 3.435679 7.807492
1678843063151 -1.498770 3.655946 7.946355
1678843063178 -1.067814 3.804387 7.539341
1678843063222 -0.852336 4.086902 7.254431
1678843063235 -1.572991 4.680665 7.151481
1678843063258 -2.226608 5.075707 7.864953
1678843063275 -2.494758 5.312734 8.046912
1678843063309 -2.092532 5.379771 8.161834
1678843063335 -1.465251 5.080496 9.789890
1678843063353 -0.895431 4.881777 10.105926
1678843063384 -0.447716 5.272032 7.726089
1678843063404 -0.466869 5.875371 4.975151
1678843063440 -1.465251 5.482722 8.892065
1678843063458 -2.200271 4.216189 13.627796
1678843063485 -1.544260 3.454833 12.892776
1678843063510 -0.799663 3.184288 8.899248
1678843063532 0.119710 3.394978 6.215348
1678843063557 -0.636858 3.768473 5.267244
1678843063585 -2.887407 4.074931 6.617573
1678843063608 -4.412514 4.390966 9.457097
1678843063634 -2.904167 3.287239 11.470620
1678843063681 -1.388637 3.418920 9.169792
1678843063691 -1.278504 3.524265 7.534553
1678843063718 -1.860295 3.706224 6.988675
1678843063750 -1.707066 3.718195 7.146692
1678843063762 -1.525106 4.062960 7.867347
1678843063822 -1.963245 4.170700 8.422802
1678843063826 -2.276886 4.299986 8.456321
1678843063843 -2.291251 4.489128 8.501810
1678843063874 -2.262521 4.316746 8.741230
1678843063894 -2.557007 4.565742 8.638280
1678843063924 -2.817975 4.790798 8.750807
1678843063942 -2.863465 4.812346 9.385271
1678843063967 -2.437297 4.850653 9.449914
1678843063999 -2.533065 4.912902 8.678981
1678843064022 -2.078167 4.577713 5.983110
1678843064061 -2.516306 3.835511 7.809886
1678843064069 -3.294421 3.189077 13.211205
1678843064099 -2.767697 2.473210 17.044321
1678843064121 0.402226 2.224213 12.222400
1678843064153 1.156399 2.758120 8.520964
1678843064172 -2.458845 4.036624 8.580819
1678843064198 -4.632780 4.481946 9.938332
1678843064225 -4.472369 4.355053 9.674969
1678843064256 -3.349488 3.952827 8.042124
1678843064275 -2.552219 3.821146 7.091625
1678843064301 -2.355895 3.761291 7.393295
1678843064326 -2.138022 3.849876 8.006210
1678843064353 -1.874660 4.043807 7.232883
1678843064378 -1.956063 4.438850 7.115568
1678843064424 -2.262521 4.467580 7.094019
1678843064467 -2.351106 4.570531 7.053318
1678843064471 -2.360683 4.625597 7.709330
1678843064480 -2.138022 4.383783 8.207323
1678843064506 -1.067814 4.103662 7.450756
1678843064531 -1.089362 4.548983 7.256825
1678843064560 -1.149217 4.625597 7.192182
1678843064592 -0.952892 4.884171 6.787562
1678843064609 -0.754174 4.903325 7.503428
1678843064634 -0.931344 5.152322 8.032547
1678843064660 -0.821211 5.396531 7.785944
1678843064688 -0.411803 5.655105 7.836222
1678843064712 -1.441309 5.583278 9.090784
1678843064742 -3.624821 5.214571 12.978968
1678843064763 -2.444480 4.027047 14.664485
1678843064810 -0.220267 3.155558 11.963826
1678843064816 0.323217 2.856283 9.083601
1678843064854 0.385466 2.839523 8.528147
1678843064866 0.402226 2.980781 8.238448
1678843064902 -0.758962 3.057395 9.392453
1678843064922 -2.463634 3.201048 10.898406
1678843064952 -3.224990 3.114856 12.071565
1678843064994 -2.334347 2.557007 12.160151
1678843064999 -1.266533 2.300828 10.563218
1678843065019 -1.343147 2.377442 9.670180
1678843065057 -1.731008 2.554613 8.676587
1678843065070 -1.505953 2.604892 7.769185
1678843065095 -1.285686 2.698265 7.309498
1678843065149 -1.903390 2.968810 7.532158
1678843065162 -2.147599 3.066972 7.615956
1678843065171 -2.085350 3.100491 7.809886
1678843065200 -1.728614 3.277662 7.192182
1678843065223 -1.735796 3.550601 6.737284
1678843065267 -2.078167 3.641581 8.113950
1678843065279 -2.391808 3.715801 9.605537
1678843065299 -2.772485 4.067749 9.313444
1678843065326 -2.832341 4.367024 7.252037
1678843065365 -3.907337 4.520253 7.261614
1678843065382 -4.362236 3.902549 10.998962
1678843065408 -3.028665 3.066972 13.460202
1678843065429 -1.134852 2.961627 10.046070
1678843065460 -0.289698 3.280056 6.856994
1678843065480 -1.347936 3.969586 5.906496
1678843065535 -3.002329 4.548983 5.604826
1678843065554 -3.799598 4.750096 6.655881
1678843065563 -2.712631 4.410120 8.291121
1678843065586 -1.680730 4.240131 9.279925
1678843065607 -1.448492 4.434062 9.114726
1678843065637 -1.455675 4.558560 7.876924
1678843065658 -1.326388 4.620809 7.498640
1678843065683 -1.254562 4.745308 7.302315
1678843065709 -1.091756 4.826711 7.347805
1678843065734 -1.426944 4.836287 7.843405
1678843065768 -1.781286 4.881777 8.623915
1678843065802 -1.474828 4.764462 9.555259
1678843065819 -0.114922 4.697424 7.455544
1678843065845 -1.027112 5.286397 5.937620
1678843065863 -3.028665 5.868188 6.327875
1678843065888 -4.065354 5.111620 12.883200
1678843065916 -2.214637 3.967192 14.025233
1678843065940 0.921768 3.478775 10.855310
1678843065967 2.104503 3.464410 7.910442
1678843065991 -0.114922 4.359841 7.601591
1678843066022 -2.695871 5.219360 8.774749
1678843066050 -3.155558 5.475539 8.291121
1678843066068 -2.398990 5.329493 7.671022
1678843066110 -1.778892 5.023035 7.814674
1678843066130 -1.707066 4.953603 7.527370
1678843066163 -1.213860 4.692636 6.830657
1678843066171 -0.957681 4.639963 7.062895
1678843066230 -1.896208 4.908113 8.001422
1678843066235 -2.731784 5.224148 8.607155
1678843066247 -2.612074 5.240908 9.126697
1678843066276 -2.145205 5.023035 9.157822
1678843066340 -2.238579 5.066131 8.755595
1678843066344 -2.908955 5.291186 8.616732
1678843066349 -3.239355 5.303157 8.676587
1678843066375 -3.016694 5.037400 9.272743
1678843066400 -2.229002 4.850653 9.988609
1678843066428 -2.130840 5.006276 8.274361
1678843066459 -2.293645 4.814740 7.697359
1678843066480 -1.683124 3.801992 10.678140
1678843066522 -1.814805 3.390190 12.085930
1678843066528 -1.776498 3.311181 9.433155
1678843066555 -0.914585 3.256114 6.761226
1678843066580 -1.491588 3.466804 6.442797
1678843066605 -2.712631 3.660734 6.713342
1678843066630 -2.748544 3.732560 7.350199
1678843066658 -1.510741 3.615245 7.829040
1678843066683 -0.907402 3.634398 7.896077
1678843066708 -1.690306 4.086902 7.967903
1678843066755 -1.939303 4.343082 7.850587
1678843066771 -1.230620 4.448427 7.948750
1678843066806 -1.149217 4.850653 7.642292
1678843066826 -1.230620 5.193024 6.979098
1678843066835 -1.520318 5.499481 7.038953
1678843066861 -1.484405 5.415684 8.547300
1678843066890 -1.039083 5.200206 9.504981
1678843066912 -1.000776 5.331887 9.327810
1678843066938 -1.539472 5.446809 9.785102
1678843066963 -1.977611 5.465962 11.058818
1678843066990 -1.534683 5.607220 10.718841
1678843067015 -0.548272 5.489904 8.042124
1678843067048 -1.051055 5.691018 8.741230
1678843067067 -0.926556 4.596867 10.706870
1678843067100 -0.308852 3.564966 11.822568
1678843067117 0.260968 3.349488 9.088389
1678843067144 0.921768 3.624821 5.669470
1678843067170 0.859518 3.564966 5.691018
1678843067194 -1.276109 3.280056 10.309433
1678843067224 -2.588132 3.347094 13.038822
1678843067245 -1.383849 3.392584 10.072407
1678843067271 -0.806846 3.691859 6.710948
1678843067296 -1.405396 4.177882 6.550536
1678843067326 -1.802834 4.491522 6.945579
1678843067350 -1.680730 4.563348 7.082048
1678843067373 -1.455675 4.675876 6.552930
1678843067399 -1.328782 4.838682 6.955156
1678843067432 -1.142034 4.599261 8.590396
1678843067457 -0.869095 4.441244 9.083601
1678843067476 -1.101333 4.534618 7.903260
1678843067505 -0.782904 4.565742 6.868965
1678843067542 0.062249 4.448427 7.848193
1678843067562 0.009577 4.611232 7.568071
1678843067594 -1.180341 4.778827 8.678981
1678843067605 -1.800440 4.017470 14.750677
1678843067652 -0.780510 3.287239 16.809690
1678843067658 -0.864307 3.521871 13.067553
1678843067698 -0.294487 3.409343 6.938396
1678843067713 -0.833182 3.828329 3.655946
1678843067778 -2.336741 4.055778 4.575319
1678843067786 -3.684676 4.058172 8.836999
1678843067789 -3.102885 3.643975 11.355699
1678843067809 -1.316811 3.356671 9.816227
1678843067835 -0.550666 3.411737 8.547300
1678843067860 -1.290475 3.651158 8.377312
1678843067889 -1.771709 3.921702 7.659051
1678843067912 -1.572991 4.273650 6.368577
1678843067937 -1.352724 4.565742 6.004658
1678843067969 -1.168370 4.680665 6.821081
1678843068006 -0.948104 4.592079 7.860164
1678843068033 -0.562637 4.544195 8.884883
1678843068040 -0.074220 4.460398 9.476251
1678843068065 -0.198719 4.510676 10.031705
1678843068090 -0.933739 4.730943 11.216835
1678843068118 -2.310405 5.298368 11.676521
1678843068143 -2.487576 5.449203 10.093954
1678843068168 -3.069367 4.936844 11.762712
1678843068199 -2.590526 3.555390 13.548787
1678843068222 -1.347936 2.674323 12.799402
1678843068272 -0.277727 2.267309 8.561666
1678843068278 0.373495 2.691083 4.800375
1678843068295 -0.059855 2.911349 3.572149
1678843068328 -1.386243 2.966416 6.090849
1678843068365 -3.236961 3.292027 10.019734
1678843068380 -2.607286 3.277662 10.776301
1678843068398 -1.853112 3.452439 8.868123
1678843068425 -2.341529 3.751714 7.457938
1678843068452 -2.592921 3.794810 7.000646
1678843068477 -2.992752 4.106056 6.823475
1678843068524 -3.294421 4.177882 6.299145
1678843068530 -3.584120 4.297592 6.715736
1678843068556 -3.234566 4.031836 7.352593
1678843068578 -2.667141 3.967192 7.738060
1678843068605 -2.403779 4.053383 8.104373
1678843068629 -2.487576 4.127604 8.401254
1678843068654 -1.733402 3.739743 9.751583
1678843068680 -1.256956 4.240131 9.538500
1678843068726 -1.448492 4.659117 10.534488
1678843068731 -2.621651 4.419696 14.302961
1678843068756 -2.312799 3.574543 14.197616
1678843068783 -1.055843 2.540248 12.952631
1678843068808 -0.426168 2.454057 8.935161
1678843068834 -0.902614 3.081338 5.370194
1678843068860 -3.222595 4.084508 5.063736
1678843068891 -4.651934 4.206613 7.730877
1678843068915 -3.189077 3.356671 9.418790
1678843068936 -2.200271 3.332729 8.365341
1678843068961 -2.183512 3.701436 7.577648
1678843069021 -2.576161 3.854665 7.668628
1678843069028 -2.226608 3.667917 7.692570
1678843069041 -1.936909 3.689465 7.307104
1678843069078 -1.582567 3.931279 6.868965
1678843069098 -1.252167 3.943250 7.019799
1678843069115 -1.132457 4.098873 7.931990
1678843069141 -0.311246 4.053383 8.844181
1678843069180 0.000000 4.108450 10.208876
1678843069195 -0.603339 4.534618 10.812215
1678843069222 -1.441309 5.444415 9.718064
1678843069248 -3.581726 5.691018 11.092337
1678843069273 -4.757279 4.939238 14.142550
1678843069296 -3.588908 3.184288 14.269443
1678843069334 -1.893813 3.098097 9.234436
1678843069378 -0.347159 3.179500 5.525817
1678843069394 0.854730 3.162740 4.424485
1678843069426 0.138864 2.401384 7.742848
1678843069434 -1.565808 2.494758 12.014104
1678843069448 -1.929727 2.722207 13.014880
1678843069474 -1.477222 2.504335 9.435549
1678843069500 -2.260126 2.743755 7.168240
1678843069529 -3.083732 3.363853 6.624756
1678843069553 -2.839523 3.351882 6.098032
1678843069581 -2.171541 3.157952 5.992687
1678843069603 -1.726219 2.822764 7.321469
1678843069638 -1.750161 2.549825 9.502586
1678843069682 -1.709460 2.262521 10.637438
1678843069694 -1.199495 2.176329 9.272743
1678843069707 -0.806846 2.432509 8.145074
1678843069730 -0.565032 3.385401 8.171411
1678843069758 -0.907402 3.754108 6.121974
1678843069792 -2.794033 2.420538 11.892000
1678843069808 -2.923320 2.140416 14.132973
1678843069838 -1.187524 1.278504 13.994109
1678843069889 1.757344 1.853112 9.059659
1678843069902 1.702277 2.758120 6.062119
1678843069913 -1.486799 3.371036 7.596802
1678843069936 -4.707001 3.651158 11.142614
1678843069963 -5.729325 3.770868 12.904747
1678843069990 -3.617639 3.634398 10.347740
1678843070013 -2.102109 3.143587 7.592013
1678843070037 -2.343924 3.141193 7.259220
1678843070081 -2.291251 3.086126 7.354988
1678843070099 -1.915361 3.215413 7.467515
1678843070114 -1.896208 3.241749 7.637504
1678843070140 -1.939303 3.112462 8.310274
1678843070171 -1.565808 3.040636 8.978256
1678843070192 -1.359907 3.167529 9.165004
1678843070217 -1.960851 3.514688 8.595184
1678843070242 -2.516306 3.928885 7.503428
1678843070268 -2.494758 4.177882 7.915231
1678843070293 -2.044648 4.077325 8.616732
1678843070328 -2.037466 4.053383 8.446744
1678843070378 -1.278504 4.103662 8.892065
1678843070404 -0.553061 3.952827 12.155362
1678843070408 -0.943315 4.137180 13.431472
1678843070424 -1.845930 4.168305 11.137826
1678843070446 -3.603274 3.620033 10.896012
1678843070476 -4.467580 2.791639 11.575965
1678843070498 -3.265691 1.486799 11.101913
1678843070561 -1.910573 1.731008 8.039729
1678843070566 -0.529119 1.285686 6.004658
1678843070579 -0.869095 0.732626 7.165846
1678843070616 -4.319140 0.842759 12.026075
1678843070626 -4.232949 0.339977 14.499286
1678843070651 -2.114080 0.660800 8.367735
1678843070685 -1.771709 1.860295 4.728549
1678843070714 -2.171541 2.458845 5.899313
1678843070731 -3.572149 2.456451 11.008539
1678843070765 -3.258508 2.370260 11.765107
1678843070789 -2.468422 2.813187 9.421184
1678843070811 -2.645593 3.191471 7.857770
1678843070867 -2.839523 3.241749 6.895301
1678843070878 -2.185906 2.784456 6.612785
1678843070886 -0.859518 2.408567 7.012617
1678843070908 -0.177171 2.319981 8.204929
1678843070933 -0.380678 2.324770 9.169792
1678843070960 -0.469264 2.439692 10.223241
1678843071003 -0.205901 2.432509 10.433931
1678843071044 -0.323217 2.813187 9.299079
1678843071062 -1.704672 3.193865 9.840169
1678843071073 -1.922544 3.505111 10.529699
1678843071088 -1.273715 3.473987 12.648567
1678843071117 -1.898602 3.842694 12.835316
1678843071142 -1.845930 4.197036 9.095572
1678843071166 -0.893037 4.786009 6.428432
1678843071189 -1.276109 3.648763 7.773973
1678843071217 -2.269703 2.030283 14.235924
1678843071254 -0.093374 0.287304 16.919823
1678843071285 1.225831 0.107739 12.318168
1678843071301 -0.179565 1.379060 7.785944
1678843071318 -1.889025 2.760514 6.540959
1678843071343 -4.400543 4.134786 6.440403
1678843071369 -5.185841 4.489128 6.988675
1678843071394 -4.347870 4.072537 8.231265
1678843071444 -3.445256 3.402161 8.872911
1678843071450 -2.341529 3.217807 9.114726
1678843071471 -0.751779 3.485958 7.929596
1678843071498 -0.277727 4.120421 7.041347
1678843071524 -0.122104 4.678270 7.074866
1678843071557 -0.660800 5.106832 7.515399
1678843071575 -1.544260 5.351041 8.001422
1678843071601 -1.326388 5.169082 8.362947
1678843071645 -1.489193 4.786009 9.210494
1678843071672 -1.936909 4.587290 9.363723
1678843071677 -2.193089 4.503493 8.391677
1678843071702 -2.264915 4.395754 6.624756
1678843071730 -1.067814 4.491522 4.977545
1678843071755 0.045490 4.764462 5.169082
1678843071779 1.410185 4.831499 7.201759
1678843071804 0.718261 5.094861 9.689334
1678843071837 -0.526724 5.298368 10.769119
1678843071860 -0.780510 5.439626 9.926360
1678843071884 -1.403002 5.571307 8.169016
1678843071907 -2.475605 5.861006 7.309498
1678843071937 -3.567361 6.033388 8.274361
1678843071961 -2.217031 5.714960 7.048530
1678843071984 -2.616863 6.071695 5.631162
1678843072009 -4.151546 5.533000 5.413290
1678843072036 -5.195418 3.682282 11.532869
1678843072080 -3.292027 1.534683 18.464083
1678843072094 -0.926556 1.247379 14.736312
1678843072112 -0.260968 1.759738 9.105149
1678843072149 -0.895431 2.542642 6.928820
1678843072166 -2.090138 3.303998 6.636727
1678843072195 -1.276109 3.519476 7.433996
1678843072244 -0.162806 3.387795 9.009381
1678843072259 -0.330400 3.493140 8.959103
1678843072268 -1.350330 3.790021 9.267955
1678843072291 -1.886631 3.696647 9.461885
1678843072317 -0.632069 3.282450 8.832211
1678843072346 -0.715866 3.481169 8.288726
1678843072388 -1.721431 3.900155 7.673417
1678843072403 -2.221819 4.374207 6.763620
1678843072424 -1.486799 4.278439 7.402872
1678843072445 -1.625663 4.402937 9.066842
1678843072470 -2.106898 4.481946 9.629479
1678843072506 -1.970428 4.395754 8.925584
1678843072536 -1.620875 4.321534 9.311050
1678843072585 -1.352724 4.077325 8.738836
1678843072600 -0.883460 4.050989 8.350976
1678843072606 -0.541090 3.792415 9.229648
1678843072628 -0.260968 3.761291 10.199299
1678843072667 -0.756568 4.015076 10.572795
1678843072679 -0.447716 3.775656 10.639832
1678843072702 0.330400 3.730166 10.036493
1678843072727 0.076614 4.486734 8.293514
1678843072754 -0.679953 5.001487 5.571307
1678843072779 -3.292027 4.141969 7.927202
1678843072803 -4.199430 2.683900 15.148114
1678843072834 -2.387019 1.776498 15.710752
1678843072868 0.775721 2.437297 8.707711
1678843072888 0.687136 3.663129 5.291186
1678843072920 -1.177947 4.604050 5.676652
1678843072933 -2.779668 5.329493 7.323863
1678843072976 -2.078167 5.267244 7.546524
1678843072984 -1.247379 5.281609 6.880936
1678843073031 -1.443704 5.327099 6.974309
1678843073050 -1.165976 5.075707 8.597578
1678843073073 -0.402226 4.642357 8.851364
1678843073086 0.205901 4.647145 8.798691
1678843073132 0.323217 4.786009 8.092402
1678843073137 -0.237026 5.061342 7.781156
1678843073162 -0.433351 5.207389 8.360553
1678843073189 -0.155623 5.118803 8.623915
1678843073213 0.105345 4.929661 9.042900
1678843073239 -0.878672 5.011064 10.285490
1678843073264 -1.347936 4.982334 9.789890
1678843073290 -0.074220 4.915296 6.500257
1678843073316 -0.019154 4.812346 5.226542
1678843073349 -1.103727 4.158728 7.177817
1678843073367 -2.604892 3.591303 12.528857
1678843073399 -1.539472 3.533842 13.266272
1678843073425 0.138864 4.106056 8.159439
1678843073454 -0.093374 4.532224 5.513846
1678843073470 -1.924938 4.110844 7.960721
1678843073509 -3.464410 4.141969 12.179304
1678843073523 -2.513912 4.113238 11.326968
1678843073549 -0.984017 4.125209 7.668628
1678843073572 -1.187524 4.048595 5.461174
1678843073602 -1.470040 4.175488 7.661446
1678843073643 -0.737414 3.924097 7.788338
1678843073665 -1.328782 4.369418 7.240066
1678843073676 -1.477222 4.268862 7.170634
1678843073700 -1.513135 4.376601 7.946355
1678843073725 -1.905785 4.611232 8.781932
1678843073751 -1.776498 4.809951 8.549694
1678843073786 -1.429338 4.900931 8.331821
1678843073803 -1.110910 4.726154 8.149862
1678843073840 -1.522712 4.630386 9.521740
1678843073860 -2.061408 4.443638 11.295844
1678843073892 -1.980005 4.582502 9.390059
1678843073905 -1.987187 4.716578 7.773973
1678843073944 -2.762909 4.489128 8.305486
1678843073987 -3.660734 3.641581 12.339716
1678843073992 -3.837905 3.014300 14.044387
1678843074007 -2.322376 3.004723 9.859323
1678843074039 -1.716643 3.114856 6.052542
1678843074063 -3.016694 3.236961 7.187394
1678843074090 -3.184288 3.014300 9.564836
1678843074133 -2.099715 2.832341 9.303867
1678843074137 -1.295263 3.117251 7.809886
1678843074161 -0.828394 3.162740 7.283162
1678843074194 -0.921768 3.497929 7.352593
1678843074216 -1.170765 3.842694 7.991845
1678843074239 -0.926556 4.139575 7.680599
1678843074263 -0.907402 4.438850 7.654263
1678843074293 -0.787692 4.481946 7.872135
1678843074317 -0.337582 4.218584 8.576031
1678843074343 -0.280122 4.074931 9.323022
1678843074391 -0.581791 4.235343 9.861717
1678843074409 -0.126893 4.311957 9.744401
1678843074424 -0.110133 5.204995 8.916007
1678843074448 0.222661 5.087678 8.667010
1678843074468 -0.416591 4.505888 11.051635
1678843074494 -0.814029 3.512294 12.643779
1678843074543 -0.670376 2.602497 11.911154
1678843074561 0.311246 2.772485 8.456321
1678843074570 1.125275 2.983175 7.184999
1678843074596 0.217872 3.100491 7.661446
1678843074622 -1.443704 3.124433 9.761160
1678843074650 -2.291251 2.944868 10.654198
1678843074673 -1.980005 3.093309 9.789890
1678843074699 -1.256956 3.529053 8.765172
1678843074740 -0.656011 3.301604 9.030929
1678843074759 -0.857124 3.586514 9.454702
1678843074783 -1.403002 4.082114 8.884883
1678843074805 -1.268927 4.113238 7.953538
1678843074838 -1.077391 3.823540 7.225701
1678843074855 -1.359907 3.912126 7.326257
1678843074886 -1.228225 3.983952 7.460332
1678843074907 -1.302446 4.048595 7.745243
1678843074929 -1.814805 4.134786 8.712500
1678843074956 -2.085350 4.165911 9.138668
1678843074981 -2.434903 4.273650 9.722853
1678843075037 -3.031059 4.537012 10.326192
1678843075042 -2.640805 5.312734 8.585608
1678843075057 -1.053449 4.745308 6.799533
1678843075083 -0.727837 3.148375 9.392453
1678843075109 -3.459621 3.196259 12.248735
1678843075138 -4.232949 3.572149 12.864046
1678843075169 -1.520318 3.241749 7.690176
1678843075192 -0.450110 3.828329 4.965574
1678843075227 -1.247379 4.175488 6.560112
1678843075240 -1.795651 3.816358 8.643068
1678843075262 -2.056619 3.560178 9.236830
1678843075288 -1.776498 3.679888 8.808268
1678843075322 -1.807622 3.624821 8.058883
1678843075341 -1.891419 3.634398 7.675811
1678843075367 -1.944092 4.309563 7.709330
1678843075399 -1.362301 4.604050 7.881712
1678843075425 -0.440533 4.352659 7.316680
1678843075442 -0.581791 4.577713 8.243237
1678843075485 -0.378284 4.486734 8.489840
1678843075497 -0.658405 4.697424 9.500193
1678843075520 -1.046266 4.328717 9.591172
1678843075544 -0.428562 4.137180 9.255983
1678843075570 -0.272939 4.165911 9.569624
1678843075597 0.328006 4.436456 9.038112
1678843075626 1.252167 4.084508 9.880871
1678843075674 -0.076614 3.722984 13.347674
1678843075689 -1.623269 2.935291 13.567941
1678843075702 -1.055843 2.308010 11.111490
1678843075726 -0.193930 2.566584 7.790732
1678843075755 0.826000 2.782062 6.536170
1678843075788 0.799663 3.160346 6.596025
1678843075802 -0.248997 3.191471 7.920019
1678843075825 -1.575385 3.531447 10.129868
1678843075851 -1.434127 3.409343 10.582372
1678843075877 -0.727837 3.227384 9.339781
1678843075903 -0.727837 3.684676 7.948750
1678843075928 -0.500388 3.904943 7.149086
1678843075967 -1.151611 4.352659 7.206547
1678843075981 -1.613692 4.752491 7.038953
1678843076023 -1.719037 4.865018 7.086837
1678843076032 -1.403002 4.618415 8.113950
1678843076061 -1.053449 4.228160 8.810662
1678843076092 -1.874660 4.364630 9.085996
1678843076109 -2.528277 4.343082 9.263166
1678843076140 -2.456451 4.122815 9.351752
1678843076158 -2.372654 4.065354 10.196905
1678843076216 -2.181118 4.292804 9.526528
1678843076222 -1.855506 3.971981 10.149021
1678843076239 -2.298434 3.529053 10.352529
1678843076269 -2.291251 2.846706 10.532093
1678843076321 -2.585738 2.475605 11.623849
1678843076325 -1.683124 2.942474 9.323022
1678843076338 -0.837971 3.450045 6.754043
1678843076366 -2.020706 3.670311 8.140285
1678843076390 -2.554613 3.866636 9.220071
1678843076421 -1.845930 3.471592 9.519346
1678843076441 -1.041478 3.275268 9.191340
1678843076479 -0.883460 3.351882 8.382100
1678843076515 -1.161188 3.562572 7.766790
1678843076519 -1.362301 3.639187 8.090008
1678843076542 -0.806846 3.586514 7.924808
1678843076573 -0.210690 3.660734 7.144298
1678843076594 -0.052672 3.596091 8.090008
1678843076621 -0.256180 3.543418 8.937555
1678843076645 -0.830788 3.617639 10.182540
1678843076681 -0.469264 3.483563 9.773131
1678843076719 0.074220 3.859453 8.559271
1678843076722 0.323217 3.706224 7.165846
1678843076757 -1.201889 4.209007 10.455479
1678843076774 -1.448492 3.612850 13.915100
1678843076800 -0.612916 3.244143 11.882423
1678843076825 -0.277727 2.849100 9.090784
1678843076849 -0.974440 2.782062 8.307879
1678843076875 -1.185130 3.031059 7.941567
1678843076903 -0.648829 3.490746 6.442797
1678843076926 -0.876278 3.849876 6.447585
1678843076957 -1.795651 4.062960 8.913613
1678843076995 -1.589750 3.500323 11.607090
1678843077006 -1.060631 3.263297 11.123461
1678843077049 -0.543484 3.234566 8.705317
1678843077056 -1.616086 3.584120 8.777143
1678843077098 -1.568202 3.727772 8.034941
1678843077108 -0.931344 3.505111 7.331046
1678843077160 -0.926556 3.529053 7.671022
1678843077179 -1.565808 3.833117 7.941567
1678843077188 -1.764527 3.976769 8.559271
1678843077216 -1.766921 3.823540 10.108319
1678843077234 -2.252944 3.933673 10.577583
1678843077262 -2.341529 4.211401 9.524135
1678843077285 -2.207454 4.498705 8.046912
1678843077311 -1.944092 3.624821 11.520899
1678843077336 -1.934515 2.834735 14.707581
1678843077367 -0.751779 2.463634 11.707646
1678843077394 -0.081403 2.284068 7.314286
1678843077419 -0.409408 2.937685 5.547365
1678843077463 -1.175553 3.634398 5.899313
1678843077490 -1.948880 3.854665 7.062895
1678843077494 -1.900996 3.457227 9.634268
1678843077522 -1.817199 3.179500 11.128249
1678843077542 -1.043872 2.798822 10.714052
1678843077570 0.119710 2.516306 9.442732
1678843077594 -0.514753 3.028665 8.331821
1678843077621 -0.952892 3.588908 8.192958
1678843077655 -0.356736 3.715801 8.020576
1678843077670 -0.533907 3.782839 8.528147
1678843077695 -1.091756 3.617639 9.267955
1678843077724 -1.240196 3.229778 10.433931
1678843077759 -0.854730 2.573767 10.505757
1678843077772 -0.916979 2.245761 10.371682
1678843077805 -0.474052 2.363077 9.217676
1678843077825 -0.809240 2.224213 8.865729
1678843077856 -2.250550 2.913743 12.217611
1678843077874 -0.363919 3.102885 9.440337
1678843077906 0.007183 3.938462 6.919243
1678843077951 -1.663970 4.328717 9.169792
1678843077964 -2.468422 4.242526 10.132261
1678843077981 -1.237802 3.055001 9.873688
1678843078004 -0.577003 2.446874 9.416395
1678843078028 -0.416591 2.161964 9.093178
1678843078054 -0.785298 2.372654 8.784326
1678843078079 -0.866701 3.162740 8.501810
1678843078107 -0.811634 3.703830 7.934384
1678843078130 -1.144428 4.177882 7.709330
1678843078159 -1.508347 4.053383 7.845799
1678843078199 -1.654393 3.459621 9.320627
1678843078238 -1.728614 3.332729 10.630256
1678843078252 -1.137246 3.071761 9.524135
1678843078265 -1.089362 3.215413 8.604761
1678843078286 -1.271321 3.488352 8.841787
1678843078314 -1.060631 3.744531 8.705317
1678843078335 -1.359907 4.307169 8.336611
1678843078369 -1.565808 4.393360 8.528147
1678843078392 -1.616086 4.292804 8.858546
1678843078415 -1.678335 4.319140 8.906430
1678843078453 -1.709460 4.247314 9.121908
1678843078465 -1.347936 3.926491 9.119514
1678843078491 -0.974440 3.488352 9.509769
1678843078532 -1.498770 3.684676 9.761160
1678843078554 -1.618480 3.775656 9.016563
1678843078567 -1.503559 3.715801 8.283937
1678843078591 -1.271321 3.696647 8.042124
1678843078617 -1.247379 3.639187 8.482656
1678843078672 -1.458069 3.919308 8.748413
1678843078703 -1.302446 3.830723 9.085996
1678843078708 -1.122881 3.857059 8.712500
1678843078719 -1.223437 3.866636 8.755595
1678843078749 -1.151611 3.962404 8.633492
1678843078771 -1.199495 3.952827 8.803479
1678843078800 -1.118092 3.785233 8.985439
1678843078822 -1.161188 3.785233 9.059659
1678843078852 -1.216254 3.897760 9.011775
1678843078894 -1.122881 3.952827 9.107543
1678843078899 -0.921768 3.857059 8.916007
1678843078926 -1.077391 3.892972 9.054871
1678843078955 -0.926556 3.909731 9.093178
1678843078995 -0.991199 3.797204 8.971074
1678843079003 -1.256956 3.742137 8.305486
1678843079029 -1.312023 3.579332 9.720459
1678843079081 -1.211466 3.694253 9.564836
1678843079085 -0.979228 3.761291 9.449914
1678843079115 -0.916979 3.770868 8.836999
1678843079163 -0.804452 3.754108 9.071630
1678843079170 -0.703895 3.790021 9.038112
