# Created at Tue Mar 14 18:17:04 MST 2023
1678843025264 -0.123080 -0.023805 0.001214 -0.519430 0.204792 0.090278 0.824683
1678843025293 -0.133328 -0.022716 -0.005424 -0.516617 0.200381 0.092159 0.827321
1678843025335 -0.143585 -0.020231 -0.012871 -0.513987 0.198437 0.091373 0.829512
1678843025383 -0.154106 -0.018887 -0.020765 -0.513898 0.195171 0.091705 0.830306
1678843025405 -0.164090 -0.017222 -0.028477 -0.512741 0.188835 0.093001 0.832340
1678843025450 -0.170886 -0.015539 -0.037653 -0.510594 0.185046 0.091272 0.834698
1678843025487 -0.179724 -0.015552 -0.046443 -0.509877 0.181479 0.090234 0.836032
1678843025542 -0.196257 -0.013822 -0.063320 -0.508164 0.172838 0.086515 0.839292
1678843025605 -0.203994 -0.013321 -0.071881 -0.506830 0.170276 0.083785 0.840898
1678843025650 -0.217238 -0.014244 -0.090166 -0.511195 0.164543 0.077191 0.840028
1678843025717 -0.225586 -0.015246 -0.100176 -0.513779 0.162026 0.071595 0.839436
1678843025738 -0.236175 -0.022677 -0.122558 -0.527369 0.156086 0.065053 0.832639
1678843025823 -0.249674 -0.027699 -0.147526 -0.532585 0.148317 0.066226 0.830644
1678843025880 -0.260588 -0.034887 -0.177866 -0.537722 0.143139 0.063481 0.828454
1678843025928 -0.264540 -0.041301 -0.195603 -0.541156 0.141476 0.059609 0.826790
1678843025972 -0.273612 -0.051590 -0.237566 -0.544647 0.141135 0.048520 0.825280
1678843026035 -0.279217 -0.061922 -0.286339 -0.550016 0.143855 0.039043 0.821745
1678843026098 -0.282989 -0.065107 -0.314119 -0.554529 0.147271 0.035559 0.818257
1678843026129 -0.291317 -0.062905 -0.370086 -0.557238 0.153280 0.036674 0.815259
1678843026208 -0.295112 -0.058685 -0.398461 -0.557088 0.156075 0.038497 0.814746
1678843026230 -0.300041 -0.051493 -0.456293 -0.556242 0.156471 0.030833 0.815574
1678843026278 -0.301319 -0.048189 -0.485430 -0.553074 0.153826 0.027996 0.818329
1678843026322 -0.301474 -0.046895 -0.513938 -0.553904 0.153192 0.027487 0.817904
1678843026384 -0.304348 -0.047006 -0.574329 -0.563768 0.149922 0.039279 0.811262
1678843026430 -0.304420 -0.044721 -0.631054 -0.562909 0.145461 0.046357 0.812296
1678843026475 -0.303596 -0.041151 -0.657566 -0.556172 0.137523 0.049530 0.818112
1678843026526 -0.301938 -0.039369 -0.682904 -0.548968 0.132782 0.049780 0.823726
1678843026581 -0.300208 -0.041516 -0.739083 -0.545405 0.119897 0.047627 0.828185
1678843026634 -0.301925 -0.047176 -0.800602 -0.542245 0.106938 0.041017 0.832378
1678843026688 -0.302542 -0.050046 -0.832633 -0.542801 0.098411 0.037559 0.833230
1678843026729 -0.304630 -0.053674 -0.900188 -0.537540 0.083403 0.026334 0.838690
1678843026771 -0.306497 -0.053299 -0.934670 -0.533211 0.075352 0.021774 0.842339
1678843026813 -0.307850 -0.053046 -0.970570 -0.531854 0.067820 0.016155 0.843962
1678843026883 -0.307786 -0.049547 -1.042893 -0.537198 0.057307 -0.001400 0.841506
1678843026927 -0.305535 -0.042480 -1.077511 -0.529684 0.047971 -0.007709 0.846802
1678843026979 -0.293004 -0.040945 -1.145207 -0.535332 0.035551 -0.039507 0.842968
1678843027042 -0.270588 -0.037449 -1.198402 -0.523235 0.015616 -0.069561 0.849201
1678843027078 -0.257075 -0.038035 -1.226818 -0.518593 0.003858 -0.083157 0.850959
1678843027116 -0.242080 -0.037219 -1.257698 -0.517906 -0.007058 -0.092371 0.850407
1678843027174 -0.206150 -0.044646 -1.314919 -0.513483 -0.021285 -0.110525 0.850686
1678843027240 -0.164031 -0.051046 -1.386527 -0.507671 -0.032199 -0.120336 0.852498
1678843027277 -0.140863 -0.053443 -1.416234 -0.507240 -0.035015 -0.120713 0.852590
1678843027367 -0.066655 -0.050236 -1.506766 -0.506762 -0.046134 -0.113295 0.853363
1678843027410 -0.041126 -0.046041 -1.536093 -0.511372 -0.048543 -0.109684 0.850947
1678843027437 -0.015819 -0.041163 -1.562534 -0.514106 -0.057897 -0.104127 0.849412
1678843027504 0.036870 -0.033608 -1.613206 -0.507863 -0.072115 -0.108674 0.851507
1678843027550 0.063692 -0.038420 -1.640297 -0.513076 -0.076197 -0.113104 0.847440
1678843027582 0.089937 -0.037458 -1.665354 -0.517961 -0.083060 -0.114625 0.843610
1678843027638 0.141137 -0.032871 -1.712653 -0.507987 -0.094121 -0.114676 0.848493
1678843027703 0.165759 -0.031070 -1.736109 -0.503440 -0.101015 -0.110903 0.850908
1678843027739 0.216187 -0.031043 -1.786407 -0.497732 -0.113010 -0.105447 0.853447
1678843027804 0.268367 -0.040140 -1.836483 -0.497791 -0.127334 -0.105655 0.851368
1678843027841 0.295762 -0.045277 -1.863905 -0.498659 -0.135161 -0.109213 0.849201
1678843027897 0.349082 -0.051974 -1.920569 -0.500772 -0.153739 -0.110296 0.844645
1678843027936 0.375662 -0.052905 -1.951777 -0.508220 -0.154547 -0.113418 0.839621
1678843027981 0.400198 -0.051310 -1.980383 -0.510922 -0.159436 -0.115388 0.836794
1678843028043 0.447076 -0.042910 -2.037655 -0.495500 -0.163735 -0.123906 0.843989
1678843028118 0.484958 -0.043714 -2.086851 -0.502809 -0.161570 -0.141418 0.837304
1678843028149 0.504286 -0.039702 -2.114046 -0.496139 -0.163127 -0.145169 0.840334
1678843028191 0.523055 -0.036838 -2.140757 -0.485878 -0.160820 -0.151067 0.845717
1678843028247 0.561713 -0.034732 -2.198608 -0.478987 -0.150987 -0.157493 0.850277
1678843028311 0.599119 -0.044628 -2.257699 -0.481183 -0.130593 -0.155423 0.852791
1678843028342 0.614795 -0.048357 -2.285931 -0.481693 -0.121077 -0.147650 0.855284
1678843028407 0.629379 -0.052153 -2.313844 -0.482327 -0.108665 -0.138240 0.858162
1678843028444 0.653412 -0.056252 -2.365833 -0.494658 -0.087455 -0.109601 0.857702
1678843028498 0.674126 -0.062910 -2.418741 -0.523264 -0.044578 -0.083724 0.846875
1678843028550 0.684787 -0.058802 -2.443423 -0.522801 -0.039923 -0.066545 0.848915
1678843028610 0.698032 -0.057038 -2.487054 -0.526818 -0.017162 -0.052541 0.848179
1678843028641 0.705190 -0.057732 -2.512649 -0.535898 -0.009578 -0.041665 0.843200
1678843028697 0.705705 -0.058800 -2.556862 -0.532905 0.015336 -0.026524 0.845620
1678843028752 0.709678 -0.056525 -2.588514 -0.533531 0.028202 -0.015628 0.845166
1678843028796 0.703709 -0.059811 -2.612291 -0.534308 0.040978 -0.002525 0.844292
1678843028842 0.690652 -0.068084 -2.666883 -0.534622 0.068587 0.015096 0.842168
1678843028902 0.669341 -0.079149 -2.717453 -0.536033 0.089508 0.030350 0.838890
1678843028946 0.653210 -0.084221 -2.740211 -0.535210 0.097385 0.041083 0.838080
1678843029014 0.637899 -0.087627 -2.767454 -0.536080 0.111249 0.051154 0.835240
1678843029081 0.589354 -0.090129 -2.841769 -0.540659 0.154569 0.079157 0.823122
1678843029105 0.572046 -0.088559 -2.864559 -0.534620 0.168071 0.080512 0.824288
1678843029139 0.550691 -0.089378 -2.884213 -0.537061 0.186026 0.078837 0.818990
1678843029213 0.512004 -0.089022 -2.926313 -0.544320 0.215952 0.091307 0.805446
1678843029251 0.493223 -0.085406 -2.943722 -0.538964 0.229738 0.093810 0.804946
1678843029317 0.459516 -0.084120 -2.981575 -0.536278 0.252518 0.104324 0.798597
1678843029353 0.444636 -0.086762 -2.995108 -0.535321 0.265076 0.109782 0.794427
1678843029405 0.412477 -0.086374 -3.030900 -0.523658 0.282811 0.123735 0.794034
1678843029463 0.377448 -0.092315 -3.065329 -0.521625 0.309063 0.137761 0.783204
1678843029506 0.358449 -0.095859 -3.082748 -0.523008 0.322903 0.147341 0.774911
1678843029550 0.335960 -0.095320 -3.103740 -0.522216 0.337308 0.157045 0.767366
1678843029603 0.296453 -0.094014 -3.135118 -0.524776 0.368944 0.177657 0.746277
1678843029638 0.277835 -0.089139 -3.148903 -0.517830 0.379291 0.186102 0.743879
1678843029688 0.255897 -0.085077 -3.165915 -0.507505 0.392456 0.188925 0.743454
1678843029760 0.193342 -0.090262 -3.210463 -0.515283 0.425713 0.212981 0.712664
1678843029827 0.182124 -0.097843 -3.216994 -0.515519 0.437654 0.219471 0.703229
1678843029843 0.162502 -0.097319 -3.231208 -0.512443 0.445097 0.225599 0.698853
1678843029903 0.121872 -0.096866 -3.257377 -0.503060 0.458233 0.228406 0.696264
1678843029937 0.098965 -0.098864 -3.272729 -0.500274 0.465653 0.228761 0.693225
1678843029995 0.072569 -0.096937 -3.287913 -0.499099 0.469629 0.232402 0.690172
1678843030044 0.020947 -0.103994 -3.323402 -0.496358 0.475545 0.233220 0.687818
1678843030091 -0.006319 -0.105313 -3.340408 -0.496980 0.475355 0.234830 0.686952
1678843030136 -0.059284 -0.106270 -3.381183 -0.493112 0.468174 0.235459 0.694415
1678843030185 -0.085578 -0.108854 -3.401167 -0.491840 0.464209 0.232371 0.699005
1678843030236 -0.140018 -0.109242 -3.446886 -0.502813 0.454255 0.229569 0.698662
1678843030284 -0.162930 -0.104772 -3.468976 -0.502432 0.447060 0.222486 0.705833
1678843030332 -0.186703 -0.103169 -3.493672 -0.505676 0.444887 0.208273 0.709217
1678843030379 -0.233568 -0.101801 -3.542396 -0.518750 0.437295 0.194609 0.708378
1678843030431 -0.274852 -0.095829 -3.592278 -0.516454 0.429593 0.175871 0.719579
1678843030479 -0.295737 -0.096369 -3.618112 -0.519050 0.424324 0.173508 0.721409
1678843030532 -0.316577 -0.097754 -3.644415 -0.519722 0.420293 0.172587 0.723502
1678843030578 -0.356458 -0.102114 -3.696879 -0.521593 0.417839 0.168530 0.724534
1678843030632 -0.394588 -0.105405 -3.748981 -0.518914 0.415390 0.169524 0.727627
1678843030673 -0.409749 -0.106572 -3.769158 -0.517247 0.415412 0.172211 0.728170
1678843030733 -0.428768 -0.104835 -3.792074 -0.509842 0.414137 0.178190 0.732666
1678843030758 -0.471582 -0.104162 -3.834324 -0.502234 0.427932 0.195335 0.725589
1678843030813 -0.496909 -0.104270 -3.853157 -0.503200 0.434880 0.218341 0.714140
1678843030864 -0.550317 -0.101386 -3.893255 -0.497164 0.445555 0.248910 0.701678
1678843030915 -0.573664 -0.099663 -3.907869 -0.497510 0.453025 0.256419 0.693904
1678843030960 -0.620968 -0.095707 -3.930032 -0.485671 0.470054 0.268964 0.686171
1678843031041 -0.647069 -0.094161 -3.937455 -0.477927 0.482859 0.274933 0.680327
1678843031069 -0.702471 -0.094797 -3.947598 -0.462069 0.502975 0.296408 0.667571
1678843031120 -0.731985 -0.098490 -3.951548 -0.454782 0.513581 0.302577 0.661706
1678843031171 -0.791534 -0.108554 -3.952839 -0.445493 0.530847 0.317858 0.647073
1678843031234 -0.823865 -0.113280 -3.953787 -0.441234 0.540116 0.323992 0.639231
1678843031275 -0.886725 -0.115969 -3.950994 -0.428365 0.554013 0.338581 0.628439
1678843031333 -0.920159 -0.115361 -3.948377 -0.425565 0.568764 0.339849 0.616363
1678843031382 -0.953082 -0.115025 -3.943347 -0.425894 0.583041 0.341784 0.601548
1678843031438 -1.045297 -0.106553 -3.929769 -0.417754 0.603510 0.340046 0.587900
1678843031474 -1.076649 -0.108645 -3.922074 -0.423321 0.609531 0.347475 0.573178
1678843031512 -1.106644 -0.109992 -3.912473 -0.424563 0.613603 0.359378 0.560433
1678843031566 -1.160221 -0.107403 -3.891443 -0.413690 0.631806 0.365995 0.543810
1678843031632 -1.213047 -0.109489 -3.866648 -0.401205 0.651339 0.377896 0.521523
1678843031676 -1.238767 -0.113529 -3.852918 -0.396864 0.662397 0.382780 0.507157
1678843031735 -1.264807 -0.117524 -3.839278 -0.392212 0.672515 0.387996 0.493308
1678843031770 -1.314347 -0.124229 -3.808485 -0.380718 0.692113 0.401578 0.463431
1678843031839 -1.366470 -0.128846 -3.777595 -0.370644 0.708524 0.420785 0.428435
1678843031873 -1.392239 -0.130079 -3.763344 -0.361791 0.717020 0.427112 0.415409
1678843031919 -1.417301 -0.131287 -3.748511 -0.356098 0.725472 0.436952 0.394916
1678843031973 -1.460920 -0.130933 -3.715968 -0.336856 0.733104 0.470478 0.357403
1678843032018 -1.481345 -0.123615 -3.701059 -0.322629 0.743713 0.472157 0.346221
1678843032060 -1.518737 -0.110559 -3.668363 -0.299767 0.756931 0.488018 0.314696
1678843032116 -1.535717 -0.106352 -3.650667 -0.286990 0.761071 0.499420 0.298308
1678843032166 -1.565125 -0.095638 -3.616597 -0.263495 0.774423 0.506064 0.273385
1678843032216 -1.579918 -0.093243 -3.599314 -0.254325 0.781328 0.506205 0.261919
1678843032265 -1.621308 -0.094143 -3.554109 -0.232511 0.796163 0.504284 0.240334
1678843032315 -1.636184 -0.094998 -3.531634 -0.220280 0.806548 0.498765 0.228455
1678843032349 -1.652709 -0.096182 -3.509376 -0.211483 0.814230 0.496222 0.214635
1678843032437 -1.685952 -0.101884 -3.456255 -0.190122 0.816421 0.506788 0.201187
1678843032462 -1.698687 -0.109839 -3.429750 -0.184924 0.817155 0.509974 0.194902
1678843032501 -1.732481 -0.110833 -3.370996 -0.170827 0.816570 0.519157 0.185762
1678843032569 -1.762749 -0.108090 -3.315708 -0.160147 0.816086 0.524941 0.181093
1678843032624 -1.777481 -0.104872 -3.288022 -0.158094 0.819774 0.520429 0.179249
1678843032642 -1.790949 -0.106465 -3.259414 -0.164179 0.819061 0.523401 0.168033
1678843032707 -1.816218 -0.102236 -3.202273 -0.155866 0.819195 0.529889 0.154412
1678843032759 -1.827485 -0.094459 -3.173387 -0.149873 0.821528 0.529265 0.150029
1678843032809 -1.850185 -0.092455 -3.116389 -0.140246 0.825569 0.529212 0.136755
1678843032842 -1.861143 -0.093816 -3.086771 -0.135753 0.828164 0.528463 0.128227
1678843032900 -1.867470 -0.094974 -3.063407 -0.132322 0.830558 0.528070 0.117502
1678843032940 -1.886019 -0.101440 -3.001162 -0.121929 0.836026 0.526656 0.093952
1678843032994 -1.901183 -0.109677 -2.941355 -0.114016 0.840891 0.525041 0.065071
1678843033055 -1.907253 -0.112080 -2.911754 -0.105261 0.841655 0.526851 0.054454
1678843033086 -1.913612 -0.114747 -2.880022 -0.098442 0.840726 0.531187 0.036453
1678843033142 -1.923019 -0.116097 -2.817917 -0.078540 0.832553 0.548348 0.000853
1678843033220 -1.930445 -0.111292 -2.765381 -0.061827 0.829752 0.554379 -0.018797
1678843033248 -1.933911 -0.110760 -2.737096 -0.056035 0.825785 0.560457 -0.028761
1678843033282 -1.927404 -0.110701 -2.725051 -0.047750 0.823405 0.564233 -0.036947
1678843033329 -1.928579 -0.110207 -2.697319 0.041630 -0.823173 -0.564313 0.046951
1678843033386 -1.922945 -0.111134 -2.647447 0.026435 -0.822940 -0.564212 0.061110
1678843033432 -1.921188 -0.114458 -2.617442 0.020688 -0.822739 -0.563854 0.068851
1678843033469 -1.911406 -0.127809 -2.555575 0.008755 -0.822299 -0.563264 0.080504
1678843033545 -1.893517 -0.136641 -2.493210 0.002315 -0.819019 -0.566365 0.091832
1678843033576 -1.885913 -0.138987 -2.459575 -0.001879 -0.818056 -0.567496 0.093428
1678843033609 -1.876667 -0.139785 -2.425496 -0.006786 -0.817031 -0.568317 0.097105
1678843033680 -1.850618 -0.140419 -2.365963 -0.012731 -0.808911 -0.578025 0.106716
1678843033735 -1.840247 -0.136674 -2.334015 -0.014950 -0.809480 -0.577082 0.107214
1678843033763 -1.819669 -0.134934 -2.273269 -0.004788 -0.804707 -0.581460 0.119698
1678843033825 -1.809622 -0.132049 -2.241495 -0.003478 -0.803728 -0.581879 0.124204
1678843033871 -1.789823 -0.124272 -2.176994 -0.002226 -0.807255 -0.574755 0.134129
1678843033911 -1.779448 -0.122656 -2.145387 -0.003585 -0.808224 -0.572274 0.138797
1678843033969 -1.756736 -0.126162 -2.080209 -0.009279 -0.804604 -0.573353 0.154247
1678843034023 -1.745697 -0.128871 -2.040281 -0.011840 -0.803398 -0.572957 0.161656
1678843034070 -1.723266 -0.135398 -1.974845 -0.015154 -0.803726 -0.567852 0.177026
1678843034134 -1.712396 -0.139036 -1.941252 -0.015858 -0.802619 -0.566584 0.185833
1678843034171 -1.701292 -0.141361 -1.907002 -0.018621 -0.802947 -0.563567 0.193187
1678843034238 -1.676583 -0.144720 -1.840256 -0.031502 -0.785998 -0.575663 0.223220
1678843034282 -1.649992 -0.130297 -1.780118 -0.064064 -0.786902 -0.570722 0.225740
1678843034343 -1.624929 -0.119794 -1.721317 -0.077383 -0.781706 -0.570693 0.239285
1678843034372 -1.609402 -0.116453 -1.707923 -0.092369 -0.779604 -0.570156 0.242091
1678843034435 -1.594364 -0.112566 -1.680998 -0.103319 -0.779548 -0.566780 0.245746
1678843034466 -1.560582 -0.109007 -1.634175 -0.118343 -0.782189 -0.555026 0.257142
1678843034538 -1.520755 -0.114381 -1.583323 -0.133243 -0.783712 -0.544787 0.266926
1678843034568 -1.498410 -0.118603 -1.556672 -0.136560 -0.783381 -0.540753 0.274321
1678843034619 -1.474939 -0.122811 -1.530041 -0.139329 -0.783269 -0.537382 0.279817
1678843034664 -1.425017 -0.127836 -1.484592 -0.145268 -0.781114 -0.535505 0.286344
1678843034728 -1.370881 -0.125611 -1.434177 -0.149344 -0.780701 -0.532507 0.290926
1678843034769 -1.340037 -0.126847 -1.411928 -0.151526 -0.775256 -0.536235 0.297440
1678843034813 -1.311354 -0.120923 -1.388862 -0.154097 -0.773173 -0.536491 0.301057
1678843034871 -1.258945 -0.106992 -1.346053 -0.151017 -0.782513 -0.522326 0.303385
1678843034933 -1.204909 -0.103336 -1.300676 -0.140051 -0.776632 -0.527211 0.315081
1678843034976 -1.175932 -0.102257 -1.277614 -0.139746 -0.774063 -0.526745 0.322237
1678843035030 -1.122377 -0.102069 -1.233644 -0.144183 -0.770423 -0.525548 0.330844
1678843035079 -1.097905 -0.102555 -1.212037 -0.145183 -0.769113 -0.523770 0.336233
1678843035118 -1.071982 -0.105132 -1.189086 -0.146234 -0.767412 -0.522808 0.341126
1678843035182 -1.020005 -0.111422 -1.142467 -0.147755 -0.765546 -0.517783 0.352149
1678843035231 -0.993267 -0.115878 -1.118670 -0.149983 -0.763160 -0.515730 0.359324
1678843035276 -0.939098 -0.124886 -1.072296 -0.161251 -0.757109 -0.511660 0.372811
1678843035338 -0.912749 -0.126762 -1.049177 -0.166169 -0.756148 -0.507010 0.378904
1678843035365 -0.851629 -0.130360 -0.996457 -0.181278 -0.735386 -0.509312 0.408591
1678843035434 -0.823743 -0.127484 -0.977805 -0.197839 -0.730021 -0.505651 0.415026
1678843035469 -0.768133 -0.119635 -0.935020 -0.222579 -0.719967 -0.501080 0.425470
1678843035540 -0.717973 -0.111876 -0.903993 -0.234624 -0.715495 -0.491760 0.437254
1678843035574 -0.696817 -0.108081 -0.894759 -0.239897 -0.712290 -0.487207 0.444659
1678843035628 -0.669903 -0.108306 -0.880786 -0.246235 -0.708337 -0.483464 0.451542
1678843035671 -0.607829 -0.112183 -0.847747 -0.257817 -0.701944 -0.472456 0.466466
1678843035724 -0.577304 -0.116090 -0.835070 -0.262971 -0.698630 -0.467919 0.473090
1678843035763 -0.515144 -0.122967 -0.813110 -0.268385 -0.693617 -0.458733 0.486239
1678843035827 -0.450144 -0.126884 -0.793326 -0.278043 -0.690855 -0.446207 0.496298
1678843035868 -0.417031 -0.127698 -0.783498 -0.282071 -0.689325 -0.440945 0.500834
1678843035905 -0.383939 -0.128844 -0.774459 -0.284652 -0.680910 -0.441933 0.509931
1678843035982 -0.320731 -0.124697 -0.753784 -0.288646 -0.676167 -0.435603 0.519356
1678843036039 -0.259559 -0.123694 -0.742042 -0.305722 -0.657647 -0.442470 0.527498
1678843036075 -0.232398 -0.121511 -0.743024 -0.308178 -0.655445 -0.435594 0.534487
1678843036134 -0.177283 -0.118516 -0.738710 -0.318666 -0.639196 -0.430758 0.551659
1678843036170 -0.156498 -0.115689 -0.745148 -0.326313 -0.630951 -0.424019 0.561807
1678843036237 -0.103469 -0.113699 -0.745636 -0.338569 -0.609383 -0.409209 0.588703
1678843036276 -0.082406 -0.109430 -0.748658 -0.344718 -0.598010 -0.399989 0.602961
1678843036328 -0.057697 -0.109439 -0.749497 -0.349136 -0.584688 -0.390643 0.619389
1678843036365 -0.008115 -0.112319 -0.750313 -0.364337 -0.557641 -0.372493 0.646176
1678843036451 0.041460 -0.117633 -0.752485 -0.386695 -0.517597 -0.362782 0.671528
1678843036473 0.059417 -0.117249 -0.756374 -0.399374 -0.503620 -0.351978 0.680426
1678843036547 0.090984 -0.115188 -0.765943 -0.425068 -0.478494 -0.331655 0.693084
1678843036581 0.102210 -0.112554 -0.773092 -0.439044 -0.464381 -0.328542 0.695450
1678843036618 0.115086 -0.109968 -0.779676 -0.447297 -0.457592 -0.320114 0.698614
1678843036675 0.145467 -0.106184 -0.795694 -0.451211 -0.440970 -0.306190 0.712883
1678843036727 0.157170 -0.107644 -0.808686 -0.456794 -0.427812 -0.301895 0.719149
1678843036780 0.185515 -0.110578 -0.834565 -0.462912 -0.406871 -0.285460 0.733949
1678843036833 0.192607 -0.113403 -0.853703 -0.469447 -0.392932 -0.276996 0.740606
1678843036908 0.205371 -0.120705 -0.894749 -0.481251 -0.362429 -0.260701 0.754373
1678843036937 0.216906 -0.131005 -0.945437 -0.494564 -0.330216 -0.244716 0.765818
1678843036980 0.223469 -0.136638 -0.973402 -0.499861 -0.316093 -0.236737 0.770831
1678843037037 0.243752 -0.148142 -1.028740 -0.508845 -0.291037 -0.225907 0.778036
1678843037072 0.253305 -0.152358 -1.060694 -0.511765 -0.281430 -0.221579 0.780894
1678843037155 0.264252 -0.154912 -1.092690 -0.510445 -0.272540 -0.222415 0.784665
1678843037183 0.285994 -0.153786 -1.159741 -0.514236 -0.253758 -0.225761 0.787528
1678843037239 0.306720 -0.141770 -1.222473 -0.518316 -0.255139 -0.218741 0.786388
1678843037281 0.321699 -0.137106 -1.249536 -0.510060 -0.250866 -0.229091 0.790204
1678843037331 0.346984 -0.127224 -1.306511 -0.502260 -0.242539 -0.240347 0.794445
1678843037389 0.363042 -0.122811 -1.333493 -0.499938 -0.238657 -0.238577 0.797613
1678843037440 0.390045 -0.116561 -1.390277 -0.500943 -0.227993 -0.230102 0.802576
1678843037479 0.404400 -0.117120 -1.418373 -0.499812 -0.223570 -0.228272 0.805044
1678843037534 0.421705 -0.117491 -1.443964 -0.497362 -0.220820 -0.227705 0.807477
1678843037598 0.481232 -0.118440 -1.519120 -0.490014 -0.213934 -0.227847 0.813759
1678843037632 0.503301 -0.119729 -1.544910 -0.485806 -0.210575 -0.227840 0.817153
1678843037676 0.527289 -0.121016 -1.572644 -0.482879 -0.204667 -0.228352 0.820241
1678843037751 0.576366 -0.118937 -1.627427 -0.483322 -0.193948 -0.224263 0.823705
1678843037794 0.625964 -0.110152 -1.686322 -0.489048 -0.178349 -0.211299 0.827271
1678843037833 0.650541 -0.100385 -1.712202 -0.482845 -0.178738 -0.204326 0.832565
1678843037876 0.676295 -0.091634 -1.740960 -0.476632 -0.175140 -0.202059 0.837448
1678843037944 0.725403 -0.075834 -1.792183 -0.468484 -0.169781 -0.193135 0.845220
1678843037995 0.773364 -0.064794 -1.841596 -0.459607 -0.163872 -0.187278 0.852546
1678843038045 0.799089 -0.061766 -1.867208 -0.458181 -0.163940 -0.184122 0.853987
1678843038087 0.823770 -0.061102 -1.891750 -0.455737 -0.168032 -0.179465 0.855489
1678843038141 0.875402 -0.065434 -1.942245 -0.451331 -0.171263 -0.176268 0.857846
1678843038184 0.902504 -0.069469 -1.966015 -0.449939 -0.175746 -0.175425 0.857843
1678843038232 0.959738 -0.078950 -2.017433 -0.448841 -0.183665 -0.179373 0.855941
1678843038314 1.021802 -0.085786 -2.067276 -0.448381 -0.195795 -0.189430 0.851314
1678843038363 1.055814 -0.085103 -2.096817 -0.452053 -0.199596 -0.197979 0.846530
1678843038401 1.087355 -0.084857 -2.120210 -0.453646 -0.210782 -0.202794 0.841814
1678843038448 1.153598 -0.087128 -2.166188 -0.462587 -0.223158 -0.222913 0.828567
1678843038498 1.187100 -0.087721 -2.188825 -0.467104 -0.227269 -0.236199 0.821202
1678843038546 1.253162 -0.082841 -2.223554 -0.452381 -0.247528 -0.250785 0.819261
1678843038605 1.320732 -0.088033 -2.258893 -0.445540 -0.260207 -0.264907 0.814623
1678843038660 1.389602 -0.099556 -2.290157 -0.442465 -0.267042 -0.275336 0.810619
1678843038727 1.424683 -0.105650 -2.304959 -0.441924 -0.270754 -0.276845 0.809168
1678843038752 1.459988 -0.111217 -2.318956 -0.440688 -0.272870 -0.277800 0.808804
1678843038811 1.527297 -0.118272 -2.344137 -0.439893 -0.277024 -0.272338 0.809681
1678843038865 1.595422 -0.121770 -2.373010 -0.461120 -0.266087 -0.262722 0.804701
1678843038904 1.628865 -0.116508 -2.384879 -0.465205 -0.269883 -0.254518 0.803722
1678843038941 1.661396 -0.110698 -2.395336 -0.458841 -0.276942 -0.248173 0.806956
1678843039035 1.758187 -0.096147 -2.438926 -0.470635 -0.284642 -0.236775 0.800887
1678843039061 1.787360 -0.092609 -2.454294 -0.469496 -0.284377 -0.234032 0.802454
1678843039103 1.815636 -0.090641 -2.470861 -0.469283 -0.284053 -0.231212 0.803510
1678843039151 1.841596 -0.089383 -2.489263 -0.467459 -0.288171 -0.224999 0.804869
1678843039205 1.895012 -0.093602 -2.530197 -0.464916 -0.285798 -0.216306 0.809558
1678843039264 1.938787 -0.099662 -2.570738 -0.464293 -0.283141 -0.209030 0.812755
1678843039304 1.965080 -0.102474 -2.594172 -0.458841 -0.283189 -0.208072 0.816073
1678843039349 1.997741 -0.102221 -2.620053 -0.451745 -0.280033 -0.207930 0.821141
1678843039432 2.049492 -0.104542 -2.674450 -0.451829 -0.268388 -0.204987 0.825711
1678843039459 2.098316 -0.105776 -2.727973 -0.468402 -0.269594 -0.192237 0.819123
1678843039509 2.123396 -0.105587 -2.751897 -0.467463 -0.268401 -0.195957 0.819170
1678843039566 2.170402 -0.109872 -2.799181 -0.477005 -0.260113 -0.205400 0.814014
1678843039619 2.193671 -0.110500 -2.823599 -0.478396 -0.256912 -0.203712 0.814638
1678843039668 2.234071 -0.115191 -2.872102 -0.482899 -0.250134 -0.196676 0.815819
1678843039713 2.256777 -0.117799 -2.896931 -0.483255 -0.246270 -0.190519 0.818241
1678843039767 2.303999 -0.123676 -2.943731 -0.485223 -0.237880 -0.186808 0.820411
1678843039817 2.329539 -0.129331 -2.969706 -0.485039 -0.234915 -0.186693 0.821400
1678843039861 2.379249 -0.131546 -3.014992 -0.479159 -0.229815 -0.194918 0.824378
1678843039914 2.406957 -0.135365 -3.041631 -0.475746 -0.222859 -0.202082 0.826537
1678843039958 2.466035 -0.133047 -3.100373 -0.479229 -0.210012 -0.206145 0.826885
1678843040012 2.494299 -0.130672 -3.127378 -0.477313 -0.198660 -0.213165 0.829015
1678843040065 2.520380 -0.123586 -3.147617 -0.473100 -0.201384 -0.210274 0.831508
1678843040143 2.601215 -0.106662 -3.221523 -0.469514 -0.197880 -0.204966 0.835696
1678843040196 2.650704 -0.100374 -3.265940 -0.473393 -0.200033 -0.196377 0.835058
1678843040269 2.669827 -0.099501 -3.282800 -0.472634 -0.201103 -0.195930 0.835336
1678843040318 2.725665 -0.102131 -3.330298 -0.468371 -0.209420 -0.194403 0.836050
1678843040360 2.786714 -0.107748 -3.379136 -0.461611 -0.217805 -0.200254 0.836286
1678843040413 2.818173 -0.109357 -3.403191 -0.454707 -0.224671 -0.202437 0.837725
1678843040471 2.879483 -0.109911 -3.447862 -0.444325 -0.244645 -0.205031 0.837070
1678843040520 2.911907 -0.111052 -3.471707 -0.445128 -0.245466 -0.212058 0.834649
1678843040559 2.939401 -0.114612 -3.490351 -0.448295 -0.249161 -0.216534 0.830700
1678843040600 3.002526 -0.113409 -3.528468 -0.443775 -0.262296 -0.233038 0.824595
1678843040678 3.064091 -0.110786 -3.557525 -0.440229 -0.273490 -0.255377 0.816201
1678843040724 3.095111 -0.107014 -3.571232 -0.432683 -0.280845 -0.260111 0.816244
1678843040752 3.128789 -0.102290 -3.587806 -0.430271 -0.284420 -0.264271 0.814944
1678843040848 3.231685 -0.103008 -3.626036 -0.431946 -0.290516 -0.264848 0.811713
1678843040881 3.267563 -0.105275 -3.635671 -0.431299 -0.291663 -0.263391 0.812120
1678843040907 3.304701 -0.107977 -3.643967 -0.431791 -0.293495 -0.261054 0.811953
1678843040955 3.374567 -0.115129 -3.650225 -0.429346 -0.295905 -0.259739 0.812796
1678843041006 3.414290 -0.115375 -3.653712 -0.424135 -0.299216 -0.258078 0.814846
1678843041047 3.456623 -0.115621 -3.659985 -0.422019 -0.300026 -0.256589 0.816117
1678843041113 3.537805 -0.113688 -3.669782 -0.438173 -0.285195 -0.255590 0.813229
1678843041176 3.620885 -0.105400 -3.675592 -0.432445 -0.291506 -0.258703 0.813074
1678843041250 3.692896 -0.095678 -3.673175 -0.425333 -0.301792 -0.264241 0.811290
1678843041273 3.730124 -0.091104 -3.674189 -0.422905 -0.305393 -0.265068 0.810941
1678843041315 3.767479 -0.087160 -3.675268 -0.420469 -0.311079 -0.264606 0.810197
1678843041370 3.838219 -0.081651 -3.674927 -0.416691 -0.326365 -0.257652 0.808375
1678843041432 3.876405 -0.080929 -3.675997 -0.414199 -0.334706 -0.255901 0.806800
1678843041460 3.950954 -0.083702 -3.676078 -0.405802 -0.354026 -0.255692 0.802877
1678843041529 4.032382 -0.086545 -3.674893 -0.395635 -0.379019 -0.259222 0.795375
1678843041567 4.071386 -0.087085 -3.673807 -0.387534 -0.392744 -0.259346 0.792660
1678843041618 4.111329 -0.088774 -3.673844 -0.384930 -0.393156 -0.263760 0.792267
1678843041671 4.184074 -0.092494 -3.671051 -0.396377 -0.411785 -0.270984 0.774523
1678843041736 4.256320 -0.098635 -3.661259 -0.390131 -0.422933 -0.297826 0.761725
1678843041773 4.291675 -0.100524 -3.656947 -0.392637 -0.429658 -0.308392 0.752412
1678843041826 4.357420 -0.100782 -3.649400 -0.385346 -0.439853 -0.319244 0.745735
1678843041867 4.383031 -0.103737 -3.644739 -0.383063 -0.444702 -0.322202 0.742758
1678843041917 4.412210 -0.108793 -3.644137 -0.381332 -0.444151 -0.324754 0.742866
1678843041969 4.471889 -0.114453 -3.642320 -0.381130 -0.441467 -0.324733 0.744577
1678843042013 4.498949 -0.115613 -3.642832 -0.378776 -0.439764 -0.320710 0.748520
1678843042051 4.524368 -0.114699 -3.644926 -0.376388 -0.439540 -0.310024 0.754336
1678843042109 4.572484 -0.114826 -3.658052 -0.403655 -0.407122 -0.296111 0.763959
1678843042160 4.612992 -0.109969 -3.671624 -0.402414 -0.389828 -0.277326 0.780504
1678843042216 4.630944 -0.109730 -3.678802 -0.407574 -0.376897 -0.278821 0.783639
1678843042248 4.632262 -0.115018 -3.688929 -0.415342 -0.371083 -0.275634 0.783463
1678843042317 4.663045 -0.115232 -3.708627 -0.414008 -0.354930 -0.269589 0.793690
1678843042348 4.696677 -0.098087 -3.716990 -0.418276 -0.349306 -0.263771 0.795899
1678843042387 4.712097 -0.099733 -3.729500 -0.419882 -0.341527 -0.256250 0.800871
1678843042440 4.732863 -0.097859 -3.754204 -0.425262 -0.330217 -0.239597 0.807900
1678843042477 4.745036 -0.099656 -3.767221 -0.424669 -0.328410 -0.229438 0.811888
1678843042550 4.772466 -0.101644 -3.794326 -0.429458 -0.300951 -0.224398 0.821365
1678843042580 4.780828 -0.102381 -3.808941 -0.435632 -0.297315 -0.210741 0.823053
1678843042639 4.796937 -0.108874 -3.838105 -0.458271 -0.267061 -0.205625 0.822426
1678843042700 4.809389 -0.108696 -3.865548 -0.466131 -0.246681 -0.188922 0.828359
1678843042777 4.815881 -0.110385 -3.895816 -0.476963 -0.216748 -0.168586 0.834928
1678843042809 4.818154 -0.110835 -3.913270 -0.479194 -0.199395 -0.157967 0.840036
1678843042871 4.818535 -0.111455 -3.930091 -0.479779 -0.180166 -0.148559 0.845744
1678843042915 4.822220 -0.115458 -3.969736 -0.485943 -0.135974 -0.123900 0.854412
1678843042957 4.829080 -0.120774 -4.009527 -0.489632 -0.086869 -0.104289 0.861300
1678843043012 4.833988 -0.123856 -4.027021 -0.488237 -0.064532 -0.094201 0.865209
1678843043064 4.847463 -0.132489 -4.060485 -0.488799 -0.025304 -0.072049 0.869048
1678843043104 4.854610 -0.137581 -4.076911 -0.492808 -0.004763 -0.062174 0.867901
1678843043164 4.868956 -0.145868 -4.104061 -0.516676 0.036983 -0.037334 0.854567
1678843043230 4.888259 -0.141495 -4.129297 -0.528827 0.049210 -0.020478 0.847054
1678843043270 4.898792 -0.137761 -4.137858 -0.530925 0.052357 -0.019196 0.845582
1678843043302 4.908167 -0.132182 -4.145297 -0.526504 0.057990 -0.020494 0.847945
1678843043374 4.919820 -0.123196 -4.165363 -0.522147 0.070997 -0.015433 0.849755
1678843043409 4.923650 -0.119442 -4.173690 -0.520468 0.075380 -0.011964 0.850463
1678843043458 4.926183 -0.117046 -4.182593 -0.516036 0.084832 -0.012674 0.852261
1678843043514 4.924355 -0.112266 -4.193654 -0.515633 0.094826 -0.011106 0.851474
1678843043545 4.921586 -0.112296 -4.214320 -0.517847 0.114910 -0.001853 0.847718
1678843043609 4.911136 -0.113547 -4.236744 -0.512594 0.132828 0.008347 0.848254
1678843043631 4.906302 -0.113921 -4.247264 -0.509534 0.141812 0.012711 0.848589
1678843043695 4.899720 -0.117419 -4.273141 -0.506184 0.159770 0.021264 0.847230
1678843043751 4.890497 -0.120557 -4.286058 -0.506080 0.165831 0.029578 0.845877
1678843043773 4.880779 -0.123219 -4.300534 -0.504487 0.173954 0.036623 0.844921
1678843043836 4.857462 -0.128980 -4.332158 -0.505745 0.188847 0.053823 0.840037
1678843043882 4.847306 -0.131170 -4.347655 -0.501744 0.197990 0.058408 0.840024
1678843043934 4.817822 -0.135160 -4.382863 -0.497513 0.224496 0.065421 0.835346
1678843043972 4.802311 -0.137562 -4.398572 -0.508282 0.236070 0.076746 0.824640
1678843044041 4.767190 -0.133636 -4.427813 -0.511003 0.251289 0.096426 0.816353
1678843044080 4.753324 -0.130434 -4.441172 -0.507707 0.254976 0.102273 0.816555
1678843044144 4.718954 -0.126647 -4.464229 -0.502436 0.272320 0.106328 0.813692
1678843044170 4.699714 -0.126086 -4.473961 -0.500221 0.286395 0.113677 0.809219
1678843044248 4.659666 -0.123068 -4.488541 -0.494737 0.318307 0.141234 0.796221
1678843044276 4.637070 -0.122424 -4.496319 -0.492234 0.332321 0.156629 0.789136
1678843044345 4.601062 -0.123069 -4.506838 -0.485834 0.371842 0.171750 0.772140
1678843044378 4.581244 -0.123000 -4.516722 -0.480385 0.391961 0.174194 0.765019
1678843044455 4.544147 -0.124547 -4.528097 -0.471030 0.428718 0.188716 0.747474
1678843044507 4.505861 -0.128282 -4.541997 -0.464551 0.465811 0.204209 0.724921
1678843044535 4.487789 -0.128792 -4.550451 -0.460291 0.484326 0.206619 0.714751
1678843044570 4.468901 -0.128050 -4.558377 -0.454284 0.501761 0.207431 0.706282
1678843044632 4.434232 -0.126519 -4.578999 -0.441178 0.530047 0.212240 0.692363
1678843044680 4.414330 -0.127680 -4.591354 -0.444191 0.542776 0.228787 0.675089
1678843044738 4.380498 -0.126632 -4.612002 -0.440659 0.553200 0.263877 0.655865
1678843044781 4.369826 -0.127836 -4.624826 -0.439267 0.557961 0.269938 0.650276
1678843044831 4.355781 -0.128120 -4.637732 -0.441514 0.561159 0.273860 0.644335
1678843044887 4.331316 -0.127573 -4.658229 -0.442627 0.566025 0.282182 0.635665
1678843044933 4.299152 -0.127408 -4.675626 -0.439788 0.569535 0.290658 0.630661
1678843044977 4.286270 -0.120872 -4.680952 -0.437718 0.571390 0.292723 0.629468
1678843045018 4.266315 -0.123034 -4.687539 -0.436822 0.575065 0.294656 0.625832
1678843045068 4.221569 -0.130866 -4.698058 -0.433724 0.578904 0.305467 0.619228
1678843045155 4.173281 -0.137810 -4.706947 -0.429398 0.580715 0.313284 0.616637
1678843045168 4.147715 -0.143257 -4.705399 -0.426911 0.580643 0.317547 0.616250
1678843045234 4.094759 -0.148513 -4.712789 -0.423002 0.579609 0.320456 0.618409
1678843045282 4.066923 -0.151741 -4.715362 -0.420567 0.578820 0.317560 0.622292
1678843045339 4.009265 -0.155343 -4.720122 -0.424691 0.585238 0.307422 0.618567
1678843045377 3.981086 -0.157818 -4.718693 -0.429479 0.592968 0.300503 0.611257
1678843045412 3.953715 -0.154950 -4.716530 -0.425735 0.594729 0.298871 0.612963
1678843045470 3.898158 -0.151494 -4.712521 -0.421993 0.595905 0.304114 0.611829
1678843045537 3.841390 -0.152585 -4.707204 -0.434539 0.604654 0.302131 0.595219
1678843045566 3.816257 -0.149999 -4.702701 -0.432117 0.608793 0.305107 0.591233
1678843045614 3.792316 -0.146127 -4.697972 -0.427031 0.612463 0.307682 0.589801
1678843045672 3.747784 -0.142666 -4.683875 -0.417577 0.622540 0.313405 0.582967
1678843045733 3.698451 -0.146708 -4.671380 -0.414968 0.634631 0.319420 0.568345
1678843045767 3.673929 -0.146191 -4.662770 -0.411453 0.642583 0.322845 0.559969
1678843045805 3.647889 -0.149127 -4.655343 -0.407068 0.650137 0.328154 0.551301
1678843045870 3.620078 -0.153938 -4.647941 -0.402216 0.658628 0.332953 0.541824
1678843045920 3.568475 -0.157912 -4.634439 -0.389284 0.674049 0.342579 0.526075
1678843045972 3.518276 -0.159143 -4.619838 -0.384048 0.692081 0.357121 0.495980
1678843046029 3.470828 -0.152136 -4.604785 -0.366928 0.702593 0.380814 0.476138
1678843046076 3.450046 -0.148891 -4.595129 -0.356639 0.705424 0.387825 0.474106
1678843046136 3.408116 -0.146753 -4.581026 -0.350929 0.713224 0.397403 0.458509
1678843046182 3.391840 -0.145218 -4.571424 -0.346423 0.716296 0.408160 0.447568
1678843046235 3.356109 -0.146075 -4.549040 -0.331460 0.725749 0.424191 0.428351
1678843046282 3.339731 -0.146711 -4.534505 -0.322761 0.731159 0.428749 0.421195
1678843046335 3.302437 -0.156708 -4.505383 -0.310997 0.739536 0.444461 0.398526
1678843046391 3.284524 -0.162609 -4.487710 -0.305753 0.741860 0.452733 0.388834
1678843046434 3.248717 -0.170867 -4.449056 -0.295376 0.747494 0.460948 0.376209
1678843046479 3.231569 -0.175778 -4.427707 -0.290905 0.750487 0.460788 0.373923
1678843046531 3.193162 -0.178442 -4.384446 -0.288493 0.756885 0.454089 0.371081
1678843046569 3.174296 -0.179021 -4.360792 -0.286655 0.758088 0.452137 0.372431
1678843046636 3.132170 -0.178658 -4.313286 -0.295416 0.758652 0.456573 0.358773
1678843046669 3.111028 -0.174789 -4.292340 -0.300018 0.760237 0.452722 0.356472
1678843046740 3.076032 -0.162210 -4.249455 -0.296852 0.762692 0.443303 0.365598
1678843046781 3.058048 -0.159595 -4.228189 -0.303362 0.763898 0.437756 0.364419
1678843046826 3.022103 -0.158482 -4.188008 -0.315165 0.764966 0.432352 0.358566
1678843046880 3.005021 -0.157879 -4.166754 -0.315039 0.765274 0.434751 0.355103
1678843046930 2.971168 -0.158389 -4.124886 -0.309165 0.766854 0.440586 0.349623
1678843046981 2.952560 -0.160909 -4.101956 -0.306382 0.767128 0.445441 0.345293
1678843047038 2.917010 -0.169035 -4.057621 -0.300519 0.767748 0.455780 0.335434
1678843047089 2.880260 -0.177975 -4.012839 -0.295367 0.769996 0.461861 0.326418
1678843047168 2.843525 -0.186702 -3.965819 -0.289122 0.773639 0.468429 0.313793
1678843047195 2.824832 -0.190680 -3.940217 -0.284476 0.774959 0.473793 0.306649
1678843047233 2.805927 -0.193167 -3.914875 -0.281093 0.777426 0.476294 0.299566
1678843047328 2.769435 -0.193700 -3.861975 -0.276869 0.784570 0.483878 0.271396
1678843047345 2.752358 -0.190168 -3.834512 -0.269973 0.786362 0.489894 0.262207
1678843047399 2.719712 -0.182088 -3.783576 -0.257132 0.788898 0.495665 0.256591
1678843047437 2.704935 -0.181762 -3.759458 -0.261048 0.789864 0.495955 0.248994
1678843047477 2.691069 -0.180568 -3.734665 -0.259453 0.790833 0.497461 0.244539
1678843047545 2.668377 -0.178443 -3.681534 -0.245295 0.794156 0.505931 0.230611
1678843047594 2.658159 -0.178917 -3.653347 -0.234052 0.795115 0.511312 0.227094
1678843047639 2.637388 -0.184888 -3.594291 -0.221390 0.798786 0.516796 0.214122
1678843047693 2.616796 -0.193074 -3.531111 -0.213582 0.799617 0.522421 0.205115
1678843047749 2.607834 -0.193244 -3.501182 -0.212335 0.801579 0.520331 0.204060
1678843047775 2.596747 -0.193963 -3.469329 -0.214416 0.804494 0.514919 0.204140
1678843047842 2.575178 -0.190500 -3.402625 -0.219187 0.807225 0.508982 0.203183
1678843047910 2.558409 -0.177004 -3.334574 -0.220248 0.808706 0.507022 0.201032
1678843047937 2.551899 -0.170132 -3.302822 -0.219570 0.811496 0.501212 0.205064
1678843047972 2.542969 -0.163960 -3.271160 -0.225515 0.813063 0.495548 0.206164
1678843048042 2.522604 -0.158527 -3.206513 -0.240357 0.816099 0.486619 0.198528
1678843048082 2.513559 -0.153844 -3.174682 -0.238248 0.818349 0.483993 0.198226
1678843048130 2.492187 -0.150703 -3.110211 -0.230013 0.822161 0.482551 0.195677
1678843048198 2.467777 -0.154011 -3.047803 -0.221496 0.824398 0.483433 0.193908
1678843048258 2.447078 -0.159721 -3.002306 -0.217767 0.825054 0.485341 0.190542
1678843048279 2.431811 -0.163898 -2.970974 -0.212648 0.825065 0.488164 0.189063
1678843048336 2.395043 -0.170983 -2.905959 -0.207657 0.825687 0.490676 0.185354
1678843048404 2.356857 -0.175735 -2.847153 -0.214224 0.826433 0.490070 0.175921
1678843048445 2.337919 -0.174724 -2.818148 -0.214294 0.826982 0.490508 0.171990
1678843048471 2.314812 -0.167323 -2.778899 -0.212489 0.825264 0.495062 0.169419
1678843048540 2.273985 -0.161687 -2.723500 -0.213813 0.827556 0.489196 0.173558
1678843048591 2.252399 -0.159828 -2.696875 -0.217305 0.827928 0.487512 0.172178
1678843048649 2.206961 -0.160158 -2.644054 -0.218071 0.828902 0.485448 0.172357
1678843048674 2.182841 -0.157433 -2.619780 -0.216915 0.830354 0.480972 0.179237
1678843048733 2.130922 -0.156055 -2.571769 -0.216505 0.829971 0.477165 0.191278
1678843048777 2.102124 -0.155463 -2.548155 -0.218014 0.829230 0.472818 0.203202
1678843048824 2.071713 -0.155242 -2.524941 -0.224287 0.831129 0.462975 0.211125
1678843048872 2.007929 -0.155394 -2.478287 -0.227773 0.829126 0.451331 0.238685
1678843048934 1.940601 -0.159548 -2.438424 -0.240460 0.817591 0.444629 0.275734
1678843048982 1.908665 -0.160929 -2.429657 -0.254116 0.812150 0.433360 0.296709
1678843049028 1.838066 -0.167089 -2.397956 -0.286414 0.789929 0.434579 0.324223
1678843049073 1.805125 -0.166010 -2.388542 -0.297248 0.781692 0.426915 0.344014
1678843049155 1.734521 -0.171678 -2.369090 -0.343130 0.766018 0.412388 0.354139
1678843049171 1.704976 -0.172855 -2.369329 -0.356367 0.758546 0.402257 0.368512
1678843049219 1.672024 -0.174860 -2.365365 -0.370283 0.753017 0.387173 0.382038
1678843049270 1.607342 -0.185648 -2.367473 -0.398305 0.732413 0.372349 0.407775
1678843049315 1.571961 -0.192345 -2.366347 -0.406776 0.721363 0.371371 0.419825
1678843049364 1.485642 -0.200762 -2.354199 -0.414824 0.706832 0.367701 0.439437
1678843049444 1.411774 -0.202569 -2.361026 -0.411967 0.702772 0.358660 0.455805
1678843049472 1.374448 -0.201806 -2.364421 -0.407083 0.699727 0.361199 0.462818
1678843049517 1.337118 -0.200410 -2.368969 -0.404590 0.696492 0.364384 0.467366
1678843049569 1.262885 -0.188833 -2.381418 -0.398234 0.688271 0.374635 0.476804
1678843049631 1.191740 -0.182528 -2.396320 -0.394886 0.681592 0.363701 0.497211
1678843049670 1.156366 -0.180963 -2.405644 -0.398937 0.676884 0.361215 0.502196
1678843049729 1.086324 -0.176669 -2.424781 -0.398692 0.667857 0.352790 0.520145
1678843049776 1.053200 -0.175661 -2.435844 -0.398379 0.663563 0.346180 0.530225
1678843049829 1.019256 -0.176714 -2.446861 -0.398669 0.657483 0.343278 0.539389
1678843049869 0.949008 -0.182387 -2.471035 -0.401900 0.643065 0.339186 0.556683
1678843049915 0.912798 -0.187126 -2.483992 -0.404766 0.634823 0.336305 0.565742
1678843049966 0.842769 -0.194023 -2.515233 -0.412566 0.615528 0.322839 0.588804
1678843050022 0.807322 -0.197655 -2.531706 -0.418528 0.608141 0.311121 0.598500
1678843050059 0.737298 -0.200738 -2.565434 -0.429084 0.587065 0.287186 0.623511
1678843050108 0.703463 -0.201339 -2.582401 -0.439138 0.572808 0.283828 0.631261
1678843050161 0.641520 -0.199959 -2.618171 -0.453109 0.540377 0.266231 0.657119
1678843050226 0.581811 -0.206160 -2.659920 -0.491617 0.516573 0.239184 0.658982
1678843050277 0.554212 -0.206531 -2.680640 -0.498723 0.502392 0.225070 0.669493
1678843050299 0.526991 -0.207004 -2.701436 -0.503457 0.494482 0.206604 0.677741
1678843050363 0.467141 -0.210602 -2.744170 -0.514738 0.476081 0.186815 0.688107
1678843050441 0.438257 -0.213751 -2.766810 -0.516193 0.470261 0.179082 0.693058
1678843050459 0.387311 -0.218564 -2.814940 -0.518372 0.459107 0.166570 0.701973
1678843050511 0.360361 -0.220842 -2.841171 -0.517685 0.455017 0.161407 0.706335
1678843050547 0.330983 -0.218821 -2.872173 -0.515630 0.452563 0.157228 0.710346
1678843050593 0.281185 -0.214596 -2.926037 -0.510971 0.445846 0.157547 0.717850
1678843050659 0.254708 -0.213621 -2.950872 -0.511870 0.445437 0.157818 0.717404
1678843050691 0.230625 -0.208771 -2.976835 -0.512188 0.442136 0.161669 0.718361
1678843050748 0.188027 -0.198284 -3.026735 -0.504667 0.435838 0.160348 0.727767
1678843050866 0.119957 -0.192296 -3.104373 -0.507077 0.430193 0.160110 0.729501
1678843050878 0.099318 -0.184506 -3.132663 -0.504801 0.425499 0.161638 0.733485
1678843050928 0.077310 -0.184325 -3.159207 -0.502435 0.422519 0.161426 0.736871
1678843051006 0.031645 -0.195132 -3.228748 -0.503161 0.410027 0.162441 0.743182
1678843051036 0.008020 -0.200748 -3.258196 -0.504589 0.405272 0.162090 0.744897
1678843051064 -0.026457 -0.207018 -3.294797 -0.505350 0.398293 0.160333 0.748517
1678843051139 -0.073404 -0.215979 -3.357312 -0.509684 0.385680 0.153674 0.753564
1678843051172 -0.085987 -0.218264 -3.384757 -0.508589 0.374135 0.151707 0.760490
1678843051234 -0.131909 -0.220591 -3.450150 -0.517318 0.362841 0.139827 0.762350
1678843051264 -0.135948 -0.223752 -3.476377 -0.521441 0.347878 0.138222 0.766795
1678843051314 -0.155158 -0.223922 -3.509353 -0.524829 0.335080 0.131212 0.771400
1678843051364 -0.172272 -0.233370 -3.565713 -0.547381 0.315700 0.101691 0.768353
1678843051430 -0.201829 -0.233816 -3.628631 -0.547622 0.293575 0.077294 0.779712
1678843051467 -0.217651 -0.237222 -3.662924 -0.549148 0.284154 0.067663 0.783016
1678843051500 -0.233312 -0.242835 -3.697313 -0.552621 0.276887 0.060536 0.783759
1678843051572 -0.265117 -0.254829 -3.769835 -0.558607 0.268038 0.055632 0.782955
1678843051632 -0.291106 -0.263444 -3.841527 -0.558022 0.263802 0.053051 0.784988
1678843051685 -0.305725 -0.267282 -3.881435 -0.557447 0.260944 0.054001 0.786286
1678843051719 -0.328085 -0.265350 -3.951750 -0.558648 0.261620 0.059546 0.784807
1678843051770 -0.340374 -0.260080 -3.985340 -0.561053 0.260732 0.069783 0.782540
1678843051833 -0.361576 -0.243920 -4.050711 -0.546097 0.249473 0.078405 0.795860
1678843051873 -0.366996 -0.241645 -4.079610 -0.545175 0.248058 0.075144 0.797248
1678843051907 -0.379212 -0.239831 -4.112671 -0.547590 0.248811 0.076730 0.795205
1678843051973 -0.403553 -0.234752 -4.181503 -0.541667 0.245164 0.081474 0.799908
1678843052016 -0.415757 -0.234312 -4.213655 -0.538693 0.243862 0.084722 0.801975
1678843052077 -0.439541 -0.235716 -4.277836 -0.534441 0.238323 0.092104 0.805662
1678843052116 -0.451812 -0.239432 -4.311452 -0.532392 0.234976 0.091743 0.808040
1678843052165 -0.464573 -0.242583 -4.348620 -0.532603 0.229695 0.090730 0.809532
1678843052222 -0.485284 -0.254089 -4.420023 -0.539901 0.213363 0.080030 0.810295
1678843052264 -0.498607 -0.259964 -4.488614 -0.548771 0.190749 0.059926 0.811710
1678843052333 -0.512212 -0.255692 -4.559603 -0.564233 0.160949 0.046051 0.808465
1678843052370 -0.504208 -0.257627 -4.579724 -0.561092 0.141149 0.031495 0.815022
1678843052431 -0.506911 -0.255601 -4.648351 -0.570107 0.117170 -0.015570 0.813024
1678843052480 -0.506504 -0.255181 -4.674033 -0.568383 0.102710 -0.031928 0.815703
1678843052509 -0.508023 -0.251601 -4.706731 -0.560194 0.086118 -0.045052 0.822640
1678843052560 -0.505818 -0.250928 -4.762423 -0.553137 0.068037 -0.060214 0.828121
1678843052606 -0.508173 -0.253715 -4.799390 -0.552744 0.060624 -0.060204 0.828960
1678843052659 -0.512899 -0.260166 -4.875628 -0.547161 0.055409 -0.060988 0.832962
1678843052700 -0.513327 -0.262057 -4.913132 -0.544221 0.050952 -0.056570 0.835480
1678843052745 -0.511031 -0.263663 -4.951847 -0.540097 0.050007 -0.053297 0.838424
1678843052815 -0.511307 -0.265449 -5.024894 -0.542637 0.054396 -0.045869 0.836948
1678843052866 -0.509423 -0.261079 -5.092363 -0.551373 0.055518 -0.038765 0.831506
1678843052918 -0.510435 -0.254671 -5.123589 -0.547065 0.049555 -0.035033 0.834887
1678843052949 -0.509618 -0.251594 -5.151396 -0.540119 0.044750 -0.037158 0.839576
1678843053010 -0.514451 -0.251587 -5.215619 -0.547151 0.051621 -0.036575 0.834640
1678843053059 -0.518174 -0.252532 -5.247496 -0.551249 0.052564 -0.028304 0.832202
1678843053093 -0.522618 -0.252462 -5.309438 -0.551143 0.055282 -0.018584 0.832370
1678843053157 -0.525031 -0.257559 -5.368082 -0.550179 0.054813 -0.009943 0.833187
1678843053211 -0.526764 -0.262949 -5.402535 -0.548213 0.058275 -0.010436 0.834241
1678843053257 -0.526226 -0.267946 -5.433629 -0.548026 0.057894 -0.007836 0.834418
1678843053294 -0.527359 -0.275723 -5.504910 -0.549158 0.053742 -0.010345 0.833925
1678843053347 -0.526630 -0.276215 -5.537513 -0.544680 0.045989 -0.015845 0.837232
1678843053381 -0.526475 -0.273867 -5.571429 -0.540329 0.041628 -0.023008 0.840108
1678843053437 -0.527561 -0.265486 -5.638463 -0.540233 0.031540 -0.032793 0.840284
1678843053516 -0.527755 -0.258189 -5.696952 -0.530478 0.014650 -0.047435 0.846243
1678843053540 -0.522758 -0.256603 -5.714622 -0.534342 0.016442 -0.065649 0.842555
1678843053564 -0.522057 -0.257287 -5.745530 -0.540743 0.017249 -0.077880 0.837397
1678843053606 -0.522158 -0.254905 -5.774688 -0.539552 0.011040 -0.080974 0.837977
1678843053662 -0.519476 -0.251180 -5.832101 -0.530572 0.000042 -0.091054 0.842735
1678843053712 -0.519582 -0.253396 -5.863335 -0.530147 -0.002083 -0.091483 0.842953
1678843053752 -0.522623 -0.258980 -5.893682 -0.531669 -0.001653 -0.090209 0.842133
1678843053835 -0.524199 -0.276310 -5.999810 -0.537996 0.013211 -0.080212 0.839018
1678843053868 -0.524157 -0.281030 -6.035814 -0.542642 0.020197 -0.074464 0.836413
1678843053900 -0.524035 -0.282862 -6.071052 -0.545644 0.025665 -0.067219 0.834922
1678843053955 -0.523885 -0.278927 -6.137046 -0.548239 0.040096 -0.052402 0.833715
1678843054013 -0.525154 -0.273759 -6.169607 -0.550650 0.047226 -0.043320 0.832272
1678843054046 -0.531548 -0.266497 -6.215702 -0.550269 0.049214 -0.033739 0.832853
1678843054122 -0.532525 -0.258451 -6.273942 -0.545188 0.055167 -0.028327 0.836017
1678843054155 -0.535513 -0.256578 -6.324364 -0.551576 0.068695 -0.019122 0.831071
1678843054200 -0.539052 -0.254532 -6.350941 -0.547948 0.073481 -0.011436 0.833200
1678843054245 -0.544304 -0.252215 -6.389158 -0.545892 0.079827 -0.004392 0.834032
1678843054299 -0.555975 -0.255345 -6.445522 -0.541651 0.089128 0.010308 0.835802
1678843054342 -0.565292 -0.259488 -6.482959 -0.542163 0.095655 0.015691 0.834664
1678843054401 -0.580658 -0.266127 -6.544811 -0.541881 0.106670 0.024500 0.833299
1678843054454 -0.589172 -0.267597 -6.579560 -0.539414 0.110312 0.025377 0.834398
1678843054494 -0.607493 -0.261872 -6.648553 -0.535083 0.120939 0.024769 0.835731
1678843054537 -0.617706 -0.257524 -6.684188 -0.533005 0.124422 0.025525 0.836524
1678843054642 -0.642719 -0.240619 -6.766261 -0.526232 0.116318 0.025979 0.841947
1678843054666 -0.648778 -0.240165 -6.795846 -0.527291 0.117564 0.014751 0.841383
1678843054718 -0.654726 -0.242007 -6.825506 -0.531337 0.120898 0.002702 0.838485
1678843054752 -0.668074 -0.248194 -6.878025 -0.535742 0.125982 -0.002845 0.834926
1678843054797 -0.676434 -0.252151 -6.907364 -0.536230 0.132009 -0.003544 0.833677
1678843054852 -0.684792 -0.258568 -6.944717 -0.537692 0.137577 0.000152 0.831841
1678843054903 -0.704629 -0.274142 -7.005833 -0.540197 0.149227 0.011257 0.828125
1678843054962 -0.725680 -0.292310 -7.069650 -0.534135 0.166919 0.022302 0.828456
1678843055012 -0.737418 -0.301951 -7.101314 -0.531124 0.178680 0.029366 0.827719
1678843055059 -0.758021 -0.319425 -7.164388 -0.520248 0.196925 0.047672 0.829632
1678843055107 -0.771071 -0.326741 -7.196113 -0.523791 0.212998 0.056501 0.822850
1678843055152 -0.782990 -0.329749 -7.224309 -0.530724 0.225950 0.067886 0.814046
1678843055207 -0.796614 -0.327302 -7.250817 -0.527844 0.234296 0.080138 0.812443
1678843055242 -0.822986 -0.318010 -7.299040 -0.523692 0.242717 0.096493 0.810879
1678843055303 -0.844690 -0.312152 -7.342142 -0.527210 0.247375 0.087393 0.808219
1678843055349 -0.858370 -0.309942 -7.364921 -0.526601 0.251879 0.085912 0.807383
1678843055390 -0.893308 -0.312994 -7.418943 -0.524827 0.253652 0.093704 0.807116
1678843055432 -0.908962 -0.314981 -7.441819 -0.523822 0.251464 0.097693 0.807980
1678843055469 -0.927318 -0.318677 -7.472218 -0.520105 0.247357 0.099803 0.811385
1678843055552 -0.967807 -0.326566 -7.536104 -0.508084 0.237456 0.095288 0.822426
1678843055576 -0.985647 -0.327067 -7.571326 -0.507507 0.231296 0.090016 0.825128
1678843055636 -1.024341 -0.325022 -7.643504 -0.516593 0.232733 0.081597 0.819944
1678843055681 -1.042917 -0.317532 -7.671875 -0.511140 0.225478 0.083478 0.825183
1678843055735 -1.077306 -0.306379 -7.723261 -0.508042 0.217232 0.074113 0.830187
1678843055780 -1.096605 -0.304706 -7.743237 -0.507664 0.208164 0.073089 0.832828
1678843055829 -1.130286 -0.304075 -7.783925 -0.505690 0.199635 0.069166 0.836444
1678843055877 -1.149706 -0.309802 -7.809194 -0.508147 0.202013 0.064365 0.834766
1678843055923 -1.169898 -0.316814 -7.834632 -0.509928 0.203431 0.064915 0.833292
1678843055968 -1.209948 -0.334406 -7.883419 -0.514713 0.204522 0.076798 0.829062
1678843056014 -1.229323 -0.343392 -7.909904 -0.517213 0.205631 0.079674 0.826958
1678843056066 -1.263047 -0.357615 -7.960749 -0.521363 0.210098 0.072361 0.823895
1678843056119 -1.281060 -0.363432 -7.986994 -0.526508 0.213750 0.067054 0.820124
1678843056145 -1.301205 -0.367202 -8.012562 -0.534647 0.229513 0.062184 0.810931
1678843056212 -1.339797 -0.359210 -8.065539 -0.535042 0.242064 0.062286 0.807004
1678843056244 -1.358949 -0.352530 -8.085323 -0.528880 0.240142 0.065572 0.811368
1678843056302 -1.398464 -0.346137 -8.132927 -0.534612 0.245207 0.073730 0.805374
1678843056337 -1.419540 -0.342878 -8.155941 -0.529958 0.253241 0.074779 0.805867
1678843056378 -1.438913 -0.339215 -8.180333 -0.525963 0.260879 0.079863 0.805560
1678843056432 -1.476685 -0.335498 -8.233661 -0.518936 0.263231 0.099409 0.807176
1678843056491 -1.492719 -0.335091 -8.260138 -0.513933 0.263186 0.100074 0.810304
1678843056534 -1.524121 -0.340481 -8.319855 -0.506549 0.260179 0.089740 0.817106
1678843056576 -1.535431 -0.344804 -8.351000 -0.506594 0.249428 0.083890 0.821043
1678843056629 -1.546134 -0.353276 -8.415633 -0.507090 0.216659 0.052800 0.832545
1678843056676 -1.547759 -0.357156 -8.448954 -0.508722 0.193994 0.031561 0.838196
1678843056711 -1.547620 -0.359827 -8.482246 -0.514846 0.175406 0.008346 0.839104
1678843056774 -1.553725 -0.358259 -8.562209 -0.515495 0.120584 -0.024576 0.848010
1678843056816 -1.547469 -0.357662 -8.591585 -0.520346 0.101165 -0.045580 0.846716
1678843056860 -1.537596 -0.356105 -8.664980 -0.521625 0.059826 -0.084680 0.846852
1678843056932 -1.509879 -0.356353 -8.712313 -0.509991 0.016152 -0.120707 0.851515
1678843056965 -1.495241 -0.360429 -8.737509 -0.511203 -0.002057 -0.133401 0.849041
1678843057012 -1.478053 -0.366346 -8.762526 -0.512391 -0.019891 -0.146054 0.846007
1678843057065 -1.436416 -0.377565 -8.808980 -0.504448 -0.055395 -0.175897 0.843519
1678843057130 -1.418450 -0.381989 -8.836931 -0.500315 -0.072587 -0.185953 0.842519
1678843057154 -1.392815 -0.382618 -8.857659 -0.498694 -0.092585 -0.190940 0.840401
1678843057205 -1.339839 -0.371547 -8.894751 -0.503342 -0.136455 -0.174517 0.835207
1678843057253 -1.289679 -0.355173 -8.929362 -0.501362 -0.189155 -0.155269 0.829908
1678843057310 -1.262242 -0.350183 -8.940394 -0.493046 -0.214917 -0.158236 0.828057
1678843057337 -1.234481 -0.350594 -8.951971 -0.488223 -0.231341 -0.170320 0.824082
1678843057400 -1.179268 -0.357963 -8.974588 -0.483599 -0.245083 -0.204314 0.815060
1678843057439 -1.151208 -0.358078 -8.982119 -0.481967 -0.255241 -0.215520 0.810007
1678843057472 -1.126845 -0.359772 -8.990414 -0.478507 -0.272732 -0.222210 0.804532
1678843057534 -1.076343 -0.365822 -9.005840 -0.468952 -0.303612 -0.235039 0.795400
1678843057575 -1.049112 -0.370445 -9.012030 -0.466852 -0.320581 -0.242733 0.787628
1678843057612 -1.020711 -0.375163 -9.018141 -0.465890 -0.334345 -0.251556 0.779666
1678843057662 -0.962558 -0.374564 -9.024946 -0.455757 -0.362553 -0.264609 0.768650
1678843057722 -0.931882 -0.375155 -9.028387 -0.445967 -0.380347 -0.271142 0.763500
1678843057748 -0.894692 -0.368368 -9.030466 -0.430636 -0.395031 -0.281336 0.761153
1678843057806 -0.832099 -0.363802 -9.035584 -0.404262 -0.432084 -0.293224 0.750929
1678843057838 -0.800658 -0.362190 -9.039244 -0.404464 -0.448467 -0.300960 0.738045
1678843057876 -0.767561 -0.360354 -9.041197 -0.402004 -0.453867 -0.315179 0.730109
1678843057938 -0.710551 -0.351166 -9.035609 -0.381266 -0.508340 -0.326693 0.699641
1678843057981 -0.681351 -0.351874 -9.029847 -0.372856 -0.531437 -0.341193 0.679809
1678843058016 -0.651154 -0.357532 -9.021084 -0.365097 -0.538790 -0.371255 0.662253
1678843058070 -0.595714 -0.361909 -8.999970 -0.337639 -0.571726 -0.407747 0.626795
1678843058164 -0.579337 -0.360942 -8.987020 -0.323770 -0.586206 -0.415293 0.615684
1678843058189 -0.510958 -0.366013 -8.958828 -0.319819 -0.619699 -0.422306 0.579091
1678843058253 -0.466690 -0.366212 -8.951927 -0.320115 -0.623373 -0.424769 0.573153
1678843058269 -0.440953 -0.371274 -8.943830 -0.320944 -0.627341 -0.425369 0.567891
1678843058330 -0.387681 -0.379610 -8.930777 -0.318612 -0.632171 -0.422208 0.566204
1678843058369 -0.352144 -0.379348 -8.927992 -0.316416 -0.632919 -0.418812 0.569114
1678843058420 -0.324946 -0.379777 -8.923979 -0.314321 -0.636190 -0.413831 0.570271
1678843058469 -0.264226 -0.376892 -8.917061 -0.320211 -0.627714 -0.421002 0.571137
1678843058527 -0.210380 -0.368617 -8.905468 -0.319795 -0.626764 -0.429575 0.566007
1678843058558 -0.180948 -0.362743 -8.899364 -0.312557 -0.634948 -0.427410 0.562556
1678843058595 -0.155796 -0.357497 -8.892649 -0.303600 -0.638627 -0.428710 0.562308
1678843058657 -0.100205 -0.347580 -8.884684 -0.296351 -0.634735 -0.430814 0.568935
1678843058706 -0.074487 -0.342896 -8.882952 -0.298498 -0.631298 -0.426074 0.575172
1678843058755 -0.026674 -0.334784 -8.882998 -0.302123 -0.631979 -0.410295 0.583937
1678843058809 -0.001945 -0.332564 -8.883444 -0.304105 -0.631616 -0.404393 0.587407
1678843058859 0.024220 -0.333113 -8.883657 -0.306608 -0.629549 -0.401927 0.590012
1678843058902 0.077142 -0.338545 -8.884293 -0.306269 -0.625692 -0.400095 0.595511
1678843058952 0.134895 -0.347049 -8.884155 -0.309636 -0.618607 -0.402516 0.599526
1678843059009 0.163907 -0.351170 -8.885073 -0.312159 -0.617245 -0.400559 0.600931
1678843059063 0.221201 -0.359775 -8.885050 -0.311362 -0.619289 -0.395548 0.602559
1678843059124 0.283408 -0.366025 -8.880330 -0.303041 -0.622190 -0.401332 0.599983
1678843059160 0.315714 -0.368272 -8.875491 -0.297288 -0.616713 -0.413001 0.600596
1678843059198 0.346337 -0.367043 -8.868906 -0.295306 -0.608483 -0.428893 0.598827
1678843059299 0.392610 -0.349685 -8.850781 -0.272541 -0.645139 -0.424122 0.574141
1678843059336 0.435723 -0.344481 -8.826954 -0.247700 -0.661291 -0.444690 0.550989
1678843059364 0.463221 -0.345526 -8.814301 -0.240693 -0.660746 -0.461547 0.540792
1678843059425 0.502897 -0.342730 -8.789900 -0.231665 -0.673930 -0.468778 0.521917
1678843059464 0.518118 -0.340443 -8.776375 -0.227736 -0.682184 -0.468996 0.512644
1678843059527 0.538449 -0.337753 -8.748768 -0.223371 -0.698068 -0.462809 0.498612
1678843059556 0.550638 -0.337144 -8.735064 -0.223239 -0.703878 -0.460859 0.492270
1678843059625 0.562712 -0.337917 -8.721113 -0.223187 -0.707464 -0.460044 0.487895
1678843059643 0.577135 -0.339171 -8.708454 -0.226094 -0.709823 -0.458397 0.484670
1678843059682 0.602314 -0.345416 -8.678440 -0.231096 -0.713989 -0.458824 0.475705
1678843059743 0.619720 -0.350378 -8.660293 -0.229044 -0.715797 -0.462202 0.470683
1678843059797 0.633263 -0.355338 -8.642014 -0.224722 -0.717044 -0.465630 0.467480
1678843059824 0.662854 -0.364336 -8.602489 -0.213553 -0.721581 -0.470433 0.460879
1678843059874 0.677289 -0.363297 -8.582808 -0.209402 -0.724051 -0.469959 0.459390
1678843059909 0.695162 -0.365122 -8.560973 -0.208363 -0.725779 -0.468158 0.458974
1678843059967 0.732610 -0.366078 -8.515215 -0.211925 -0.734113 -0.458354 0.453957
1678843060010 0.752000 -0.367139 -8.490259 -0.213929 -0.736920 -0.454671 0.452170
1678843060057 0.774438 -0.368971 -8.463811 -0.216868 -0.733673 -0.459166 0.451507
1678843060103 0.814997 -0.370716 -8.412853 -0.234719 -0.718541 -0.471311 0.454393
1678843060162 0.848012 -0.367040 -8.367386 -0.245393 -0.717699 -0.475447 0.445691
1678843060216 0.861582 -0.363455 -8.348560 -0.241770 -0.717895 -0.476098 0.446660
1678843060258 0.888301 -0.359252 -8.317569 -0.232050 -0.718320 -0.472711 0.454657
1678843060305 0.903069 -0.357735 -8.305379 -0.234199 -0.717859 -0.471835 0.455194
1678843060357 0.933887 -0.360050 -8.282931 -0.236810 -0.714724 -0.469683 0.460965
1678843060404 0.950943 -0.364873 -8.270506 -0.240794 -0.709229 -0.475385 0.461543
1678843060435 0.974043 -0.369848 -8.252949 -0.242056 -0.705604 -0.478959 0.462743
1678843060496 0.991930 -0.374633 -8.240005 -0.242154 -0.704988 -0.480289 0.462251
1678843060530 1.023441 -0.381066 -8.219260 -0.244958 -0.705189 -0.481729 0.458957
1678843060605 1.068370 -0.388774 -8.198363 -0.249910 -0.709682 -0.479376 0.451768
1678843060644 1.094314 -0.393055 -8.185640 -0.250377 -0.711450 -0.480000 0.448052
1678843060690 1.119909 -0.397167 -8.175304 -0.246880 -0.714488 -0.481713 0.443295
1678843060727 1.172236 -0.403295 -8.154778 -0.240979 -0.726501 -0.484592 0.423433
1678843060771 1.198829 -0.405891 -8.143435 -0.228210 -0.722575 -0.495983 0.424036
1678843060804 1.225946 -0.408314 -8.132387 -0.215863 -0.711311 -0.512629 0.429711
1678843060869 1.275409 -0.402647 -8.115157 -0.213327 -0.717907 -0.515189 0.416751
1678843060919 1.297493 -0.398654 -8.104207 -0.196661 -0.722669 -0.514614 0.417429
1678843060961 1.339929 -0.395702 -8.077391 -0.181300 -0.725678 -0.521646 0.410373
1678843061008 1.359382 -0.393522 -8.062599 -0.177489 -0.729637 -0.521120 0.405661
1678843061072 1.393186 -0.394068 -8.026892 -0.173481 -0.733529 -0.523086 0.397770
1678843061096 1.407312 -0.394148 -8.007195 -0.173140 -0.735661 -0.523695 0.393153
1678843061156 1.416299 -0.390384 -7.990993 -0.175832 -0.740452 -0.520978 0.386517
1678843061185 1.435519 -0.392390 -7.942478 -0.168394 -0.745615 -0.527587 0.370614
1678843061248 1.442363 -0.391139 -7.916375 -0.155971 -0.755459 -0.527694 0.355660
1678843061301 1.452611 -0.389746 -7.859158 -0.113778 -0.770004 -0.527007 0.341193
1678843061345 1.459350 -0.388799 -7.829848 -0.101442 -0.774205 -0.526749 0.335933
1678843061388 1.467283 -0.384268 -7.801242 -0.098361 -0.777898 -0.523920 0.332729
1678843061438 1.482831 -0.373155 -7.743102 -0.093633 -0.785187 -0.515535 0.330055
1678843061497 1.491578 -0.364170 -7.684164 -0.077775 -0.798462 -0.501417 0.324022
1678843061541 1.496866 -0.365119 -7.652596 -0.069726 -0.792192 -0.510194 0.327525
1678843061574 1.497927 -0.365630 -7.620859 -0.067856 -0.793213 -0.516386 0.315521
1678843061632 1.489416 -0.365675 -7.556492 -0.051973 -0.797507 -0.530881 0.281863
1678843061669 1.482268 -0.366840 -7.524768 -0.040816 -0.797387 -0.539554 0.267188
1678843061711 1.473521 -0.363919 -7.495084 -0.033888 -0.805057 -0.537722 0.248172
1678843061763 1.453676 -0.356754 -7.437610 -0.024820 -0.822095 -0.527011 0.214019
1678843061814 1.444043 -0.355220 -7.409108 -0.021539 -0.829313 -0.523815 0.193375
1678843061855 1.423426 -0.358281 -7.351212 -0.006155 -0.837413 -0.522881 0.159053
1678843061931 1.401062 -0.361866 -7.292831 0.012814 -0.846299 -0.518606 0.121087
1678843061969 1.388202 -0.364527 -7.264445 0.025743 -0.850484 -0.515160 0.103073
1678843062029 1.359726 -0.373409 -7.209909 0.048240 -0.858896 -0.506496 0.058583
1678843062055 1.343362 -0.374177 -7.183712 -0.060217 0.862830 0.500638 -0.035493
1678843062099 1.325551 -0.374089 -7.158881 -0.071328 0.866513 0.493975 -0.007491
1678843062166 1.287578 -0.378757 -7.110900 -0.102981 0.866564 0.486461 0.042631
1678843062200 1.267014 -0.377506 -7.092667 -0.115728 0.866269 0.480228 0.074604
1678843062239 1.244647 -0.376313 -7.078001 -0.131097 0.864326 0.474043 0.105062
1678843062321 1.199082 -0.374423 -7.049455 -0.171110 0.850753 0.475802 0.143364
1678843062364 1.162259 -0.365225 -7.033689 -0.182896 0.847381 0.459868 0.192395
1678843062425 1.145291 -0.361363 -7.027029 -0.184990 0.845895 0.452753 0.212731
1678843062469 1.107940 -0.357858 -7.007906 -0.186151 0.837686 0.452042 0.243493
1678843062523 1.072907 -0.365351 -6.998696 -0.192767 0.825805 0.457718 0.267171
1678843062571 1.054617 -0.371021 -6.996345 -0.199872 0.818776 0.461504 0.276895
1678843062621 1.035949 -0.376884 -6.995832 -0.207972 0.811743 0.463143 0.288651
1678843062658 1.016268 -0.383283 -6.996701 -0.218948 0.804685 0.462935 0.300391
1678843062727 0.976066 -0.397478 -7.005229 -0.245976 0.791181 0.458601 0.321270
1678843062764 0.926069 -0.411184 -7.006386 -0.272661 0.778981 0.456510 0.332330
1678843062824 0.872651 -0.416539 -7.014506 -0.289394 0.771030 0.448085 0.347827
1678843062854 0.841340 -0.416879 -7.013752 -0.291517 0.768629 0.442867 0.357905
1678843062909 0.808236 -0.416735 -7.011906 -0.290881 0.766410 0.439085 0.367707
1678843062946 0.769247 -0.411483 -7.008659 -0.292487 0.764522 0.440720 0.368406
1678843063005 0.697919 -0.411758 -6.999365 -0.299742 0.757723 0.455019 0.359122
1678843063042 0.663825 -0.398804 -6.999239 -0.296129 0.752971 0.457787 0.368475
1678843063111 0.601720 -0.388493 -6.996018 -0.299194 0.749538 0.448560 0.384018
1678843063137 0.575368 -0.392942 -6.991600 -0.303783 0.750555 0.442856 0.385048
1678843063179 0.548720 -0.389513 -6.987009 -0.303459 0.750216 0.442570 0.386291
1678843063243 0.500778 -0.385188 -6.974691 -0.302123 0.751177 0.441633 0.386543
1678843063297 0.450944 -0.385397 -6.962380 -0.305042 0.751443 0.433860 0.392490
1678843063354 0.420601 -0.394521 -6.951606 -0.309440 0.753280 0.426270 0.393840
1678843063386 0.394114 -0.397370 -6.943426 -0.312160 0.755336 0.419406 0.395123
1678843063454 0.335304 -0.405041 -6.923291 -0.309917 0.753983 0.415606 0.403402
1678843063506 0.277880 -0.407644 -6.905593 -0.305422 0.752716 0.407016 0.417700
1678843063563 0.218618 -0.406996 -6.888103 -0.313789 0.745899 0.418460 0.412386
1678843063590 0.191542 -0.403082 -6.881267 -0.310757 0.743636 0.414714 0.422430
1678843063629 0.162253 -0.399093 -6.875053 -0.313113 0.740980 0.408968 0.430876
1678843063706 0.107311 -0.402693 -6.861748 -0.338084 0.738096 0.403402 0.422114
1678843063743 0.079843 -0.406926 -6.851760 -0.338436 0.735566 0.408822 0.421032
1678843063806 0.031993 -0.408240 -6.835623 -0.334377 0.734046 0.411495 0.424312
1678843063834 0.008145 -0.411410 -6.827141 -0.332891 0.733246 0.416261 0.422210
1678843063897 -0.015326 -0.416404 -6.817936 -0.331820 0.734098 0.420995 0.416843
1678843063943 -0.059526 -0.419310 -6.799825 -0.326631 0.738516 0.429820 0.403933
1678843063969 -0.083350 -0.423552 -6.788791 -0.321948 0.741858 0.434519 0.396471
1678843064038 -0.125995 -0.432104 -6.764561 -0.309433 0.754410 0.440773 0.375281
1678843064096 -0.172684 -0.436002 -6.734061 -0.287673 0.771288 0.447617 0.349283
1678843064157 -0.199084 -0.435262 -6.719493 -0.281922 0.775628 0.460828 0.326433
1678843064177 -0.222427 -0.437922 -6.701256 -0.277866 0.775226 0.482660 0.298085
1678843064241 -0.253184 -0.426922 -6.675595 -0.250369 0.783646 0.493647 0.282006
1678843064289 -0.272464 -0.420382 -6.664759 -0.250369 0.789854 0.488584 0.273371
1678843064344 -0.290311 -0.413012 -6.652354 -0.244661 0.793191 0.489312 0.267513
1678843064377 -0.320164 -0.397351 -6.620144 -0.219236 0.806334 0.488902 0.250470
1678843064448 -0.358025 -0.383582 -6.581315 -0.192767 0.817094 0.491798 0.230940
1678843064487 -0.381420 -0.376792 -6.540579 -0.169404 0.828388 0.490837 0.210132
1678843064525 -0.391834 -0.375516 -6.517965 -0.157091 0.832396 0.492928 0.198650
1678843064575 -0.407406 -0.375083 -6.493580 -0.145262 0.836960 0.494446 0.184177
1678843064626 -0.423722 -0.376762 -6.444096 -0.123476 0.843280 0.497045 0.163030
1678843064676 -0.432421 -0.379889 -6.417618 -0.116596 0.845440 0.498305 0.152735
1678843064726 -0.448152 -0.389632 -6.362484 -0.110329 0.844088 0.506931 0.135515
1678843064769 -0.448523 -0.396847 -6.335667 -0.110790 0.840814 0.514310 0.127444
1678843064834 -0.465022 -0.406284 -6.273476 -0.123413 0.825169 0.541068 0.105405
1678843064866 -0.470280 -0.405254 -6.241858 -0.119733 0.819014 0.551468 0.103746
1678843064911 -0.476101 -0.400057 -6.212686 -0.117902 0.816743 0.554487 0.107586
1678843064961 -0.493597 -0.391330 -6.154949 -0.127810 0.812703 0.556888 0.114252
1678843065016 -0.501743 -0.387613 -6.127991 -0.140106 0.812106 0.555491 0.110831
1678843065052 -0.511128 -0.385093 -6.101000 -0.147181 0.813107 0.553503 0.104058
1678843065103 -0.520502 -0.366273 -6.052088 -0.138323 0.817951 0.549553 0.099070
1678843065165 -0.531186 -0.343758 -6.002107 -0.126863 0.826624 0.540585 0.091466
1678843065196 -0.533688 -0.336263 -5.980439 -0.123484 0.830346 0.536657 0.085299
1678843065247 -0.535378 -0.330609 -5.958796 -0.121201 0.833815 0.532985 0.077397
1678843065289 -0.532051 -0.326787 -5.942134 -0.117920 0.836915 0.529989 0.069142
1678843065343 -0.530989 -0.323339 -5.899120 -0.115422 0.840287 0.527363 0.049844
1678843065388 -0.527279 -0.323640 -5.881784 -0.115263 0.840557 0.527885 0.038933
1678843065448 -0.521321 -0.322122 -5.838859 -0.112794 0.843486 0.525063 0.010841
1678843065476 -0.515899 -0.320005 -5.815458 -0.106797 0.838291 0.534533 -0.011746
1678843065537 -0.501573 -0.310220 -5.774881 -0.074815 0.838640 0.538797 -0.027972
1678843065570 -0.495417 -0.306138 -5.755812 -0.071092 0.843718 0.530722 -0.037686
1678843065643 -0.480069 -0.305726 -5.713395 0.060506 -0.843615 -0.530008 0.061189
1678843065675 -0.471312 -0.307370 -5.692570 0.048427 -0.840464 -0.534847 0.072206
1678843065727 -0.451681 -0.308750 -5.647205 0.033897 -0.841868 -0.531299 0.088487
1678843065766 -0.444921 -0.309160 -5.622384 0.031940 -0.843875 -0.527443 0.093056
1678843065839 -0.426695 -0.315398 -5.571714 0.042114 -0.849102 -0.516657 0.101576
1678843065871 -0.416937 -0.318142 -5.544621 0.049936 -0.851694 -0.511517 0.102350
1678843065908 -0.409213 -0.321105 -5.518378 0.057835 -0.856202 -0.504483 0.095235
1678843065974 -0.401882 -0.324750 -5.488485 0.072769 -0.858371 -0.499582 0.091223
1678843066024 -0.383240 -0.330872 -5.405632 -0.080334 0.842210 0.528430 -0.070642
1678843066075 -0.381411 -0.331060 -5.380603 -0.090371 0.843456 0.526506 -0.056627
1678843066127 -0.386973 -0.331662 -5.332914 -0.119207 0.843982 0.521886 -0.033456
1678843066199 -0.391234 -0.330450 -5.277164 -0.124819 0.845851 0.518291 -0.018209
1678843066242 -0.394446 -0.330928 -5.247507 -0.123669 0.847011 0.516843 -0.012304
1678843066334 -0.405021 -0.338072 -5.183495 -0.126472 0.846234 0.517570 -0.003791
1678843066347 -0.410727 -0.342296 -5.152947 -0.127490 0.846159 0.517457 0.000444
1678843066383 -0.421625 -0.344744 -5.085906 -0.133893 0.850598 0.508465 0.004384
1678843066456 -0.427160 -0.344889 -5.051406 -0.138213 0.853220 0.502891 0.003575
1678843066497 -0.438003 -0.340314 -4.984435 -0.139522 0.857435 0.495314 -0.001836
1678843066540 -0.443890 -0.337259 -4.949739 -0.137437 0.858291 0.494393 -0.004863
1678843066576 -0.449296 -0.333365 -4.914513 -0.133618 0.855102 0.500775 -0.013111
1678843066630 -0.464804 -0.322231 -4.852091 -0.117527 0.853649 0.507403 -0.003641
1678843066669 -0.472093 -0.315305 -4.824111 -0.115593 0.855094 0.505420 -0.001621
1678843066728 -0.480643 -0.313191 -4.794711 -0.113533 0.854545 0.506816 -0.000588
1678843066771 -0.495199 -0.313252 -4.736153 -0.099694 0.851333 0.515066 0.000619
1678843066835 -0.510794 -0.317766 -4.678282 -0.091030 0.850526 0.517993 -0.001487
1678843066871 -0.519673 -0.321867 -4.643492 -0.085572 0.850123 0.519584 0.000286
1678843066911 -0.528179 -0.326179 -4.612852 -0.082665 0.850556 0.519344 0.001808
1678843066968 -0.547338 -0.336336 -4.545861 -0.079208 0.848146 0.523800 0.002915
1678843067033 -0.567098 -0.344287 -4.476295 -0.079107 0.847009 0.525567 0.009845
1678843067070 -0.574841 -0.347859 -4.443227 -0.078246 0.847267 0.525127 0.016075
1678843067104 -0.584883 -0.346632 -4.407450 -0.075797 0.849195 0.521978 0.025714
1678843067167 -0.604572 -0.342150 -4.333792 -0.079177 0.846521 0.525429 0.032521
1678843067230 -0.629129 -0.332037 -4.263532 -0.084605 0.849922 0.517217 0.054415
1678843067267 -0.642187 -0.329231 -4.228521 -0.098223 0.848549 0.516912 0.055852
1678843067329 -0.671901 -0.325027 -4.162856 -0.122007 0.845733 0.515436 0.064617
1678843067364 -0.685939 -0.323164 -4.129413 -0.129487 0.848905 0.507228 0.072895
1678843067400 -0.700686 -0.321651 -4.098488 -0.137412 0.850525 0.501566 0.078463
1678843067461 -0.730018 -0.323769 -4.034567 -0.145041 0.854402 0.491892 0.083678
1678843067512 -0.745268 -0.327226 -4.000937 -0.144383 0.854823 0.491379 0.083529
1678843067555 -0.775046 -0.332787 -3.937523 -0.136315 0.857307 0.489270 0.084008
1678843067596 -0.791972 -0.337483 -3.904444 -0.130563 0.858123 0.489667 0.082483
1678843067642 -0.809837 -0.341790 -3.873141 -0.126513 0.856809 0.493755 0.077971
1678843067711 -0.849613 -0.353630 -3.808147 -0.126721 0.842425 0.520740 0.055603
1678843067769 -0.888931 -0.349005 -3.769711 -0.124520 0.843425 0.517404 0.073640
1678843067828 -0.933090 -0.346066 -3.719811 -0.146899 0.842278 0.511968 0.082926
1678843067866 -0.952485 -0.355518 -3.702065 -0.154080 0.836449 0.519700 0.080771
1678843067928 -0.991533 -0.357350 -3.653032 -0.150967 0.832057 0.525468 0.093665
1678843067973 -1.011703 -0.358156 -3.628912 -0.152311 0.832892 0.522883 0.098415
1678843068040 -1.031830 -0.360215 -3.604284 -0.150355 0.833768 0.520702 0.105324
1678843068067 -1.072691 -0.370695 -3.546253 -0.147094 0.831269 0.524015 0.112975
1678843068137 -1.115936 -0.383984 -3.489085 -0.148002 0.825841 0.530339 0.121748
1678843068175 -1.139775 -0.390235 -3.460287 -0.155359 0.823257 0.530945 0.127315
1678843068267 -1.189077 -0.394926 -3.402722 -0.176915 0.819142 0.526055 0.144823
1678843068279 -1.215335 -0.392934 -3.370255 -0.184955 0.815211 0.527959 0.149940
1678843068343 -1.260455 -0.377260 -3.313865 -0.185608 0.813164 0.520876 0.181663
1678843068390 -1.284580 -0.367170 -3.286043 -0.190857 0.815404 0.508294 0.200816
1678843068441 -1.329805 -0.363647 -3.235354 -0.226831 0.809141 0.499111 0.211486
1678843068496 -1.373227 -0.363260 -3.183144 -0.246052 0.806650 0.487367 0.226380
1678843068555 -1.393381 -0.362931 -3.158114 -0.254250 0.808991 0.476277 0.232487
1678843068596 -1.433798 -0.368408 -3.101960 -0.267451 0.815199 0.455193 0.238160
1678843068643 -1.449941 -0.371421 -3.075083 -0.267989 0.816491 0.452695 0.237889
1678843068695 -1.486205 -0.384484 -3.011288 -0.259578 0.816587 0.460419 0.231991
1678843068741 -1.509392 -0.389970 -2.973273 -0.255112 0.817588 0.466404 0.221213
1678843068785 -1.545578 -0.401837 -2.911214 -0.245803 0.808340 0.492658 0.208458
1678843068862 -1.602495 -0.398400 -2.834687 -0.239152 0.803331 0.509652 0.194217
1678843068900 -1.621243 -0.391353 -2.810282 -0.232005 0.803125 0.508987 0.205174
1678843068936 -1.640513 -0.386139 -2.786805 -0.233013 0.803270 0.504595 0.214117
1678843068997 -1.676410 -0.388819 -2.734405 -0.235509 0.802722 0.509734 0.200860
1678843069044 -1.694662 -0.388137 -2.705355 -0.224542 0.802101 0.516049 0.199771
1678843069082 -1.710766 -0.388167 -2.676154 -0.214087 0.803263 0.519854 0.196688
1678843069131 -1.741395 -0.391807 -2.614238 -0.193975 0.810637 0.521118 0.183516
1678843069195 -1.763970 -0.395963 -2.561078 -0.177300 0.813817 0.525529 0.173454
1678843069243 -1.774586 -0.401385 -2.534529 -0.171972 0.813838 0.528759 0.168842
1678843069286 -1.790735 -0.407632 -2.501466 -0.170828 0.813257 0.530528 0.167243
1678843069333 -1.814670 -0.414588 -2.446273 -0.180653 0.812485 0.529314 0.164497
1678843069390 -1.842236 -0.405383 -2.377161 -0.181845 0.816968 0.526146 0.150552
1678843069462 -1.870059 -0.394134 -2.300996 -0.166541 0.815060 0.530456 0.162965
1678843069499 -1.884005 -0.393166 -2.267304 -0.176549 0.809804 0.537767 0.154449
1678843069552 -1.893583 -0.390610 -2.237572 -0.187063 0.808299 0.538369 0.147713
1678843069611 -1.918273 -0.380590 -2.178002 -0.197887 0.816793 0.521841 0.146192
1678843069654 -1.939174 -0.378368 -2.115854 -0.196898 0.823878 0.515191 0.130514
1678843069698 -1.943914 -0.379808 -2.090237 -0.193008 0.825224 0.518364 0.114246
1678843069740 -1.953132 -0.383359 -2.059150 -0.186515 0.825785 0.523143 0.098048
1678843069799 -1.976481 -0.390148 -1.994559 -0.166901 0.831546 0.524950 0.071424
1678843069855 -1.987017 -0.395041 -1.968425 -0.156947 0.832373 0.528239 0.059041
1678843069894 -2.008091 -0.406071 -1.924430 -0.146024 0.822862 0.549107 0.007450
1678843069936 -2.019847 -0.405938 -1.904531 -0.125621 0.819356 0.559302 0.007465
1678843069990 -2.032086 -0.403533 -1.891961 -0.111021 0.817742 0.564403 0.020517
1678843070029 -2.066082 -0.408285 -1.858266 -0.135732 0.811370 0.568493 0.008423
1678843070088 -2.076522 -0.405542 -1.851075 -0.133160 0.809632 0.571482 0.013115
1678843070129 -2.101613 -0.399033 -1.816039 -0.122848 0.813025 0.568767 0.020078
1678843070203 -2.123661 -0.400092 -1.778036 -0.115088 0.812708 0.570725 0.023091
1678843070241 -2.134640 -0.402495 -1.757876 -0.113230 0.811831 0.572406 0.021458
1678843070286 -2.152564 -0.405423 -1.726246 -0.108506 0.810052 0.575635 0.026196
1678843070333 -2.163172 -0.408745 -1.705229 -0.108423 0.810477 0.574962 0.028116
1678843070395 -2.180361 -0.420780 -1.657357 -0.106319 0.807161 0.579926 0.029548
1678843070436 -2.189193 -0.426090 -1.631581 -0.108939 0.805159 0.582331 0.027229
1678843070497 -2.195278 -0.431600 -1.604464 -0.114542 0.801771 0.586042 0.024461
1678843070532 -2.218062 -0.429430 -1.551089 -0.122846 0.803655 0.581324 0.033310
1678843070588 -2.225423 -0.425101 -1.525740 -0.121716 0.805153 0.579627 0.030776
1678843070630 -2.239295 -0.410660 -1.474169 -0.087798 0.806464 0.582565 0.050253
1678843070679 -2.242552 -0.406925 -1.450715 -0.082938 0.804119 0.586678 0.048194
1678843070741 -2.247133 -0.398424 -1.408398 -0.075251 0.803913 0.588489 0.041738
1678843070776 -2.246850 -0.393103 -1.387106 -0.068416 0.808448 0.583031 0.042504
1678843070824 -2.238653 -0.392019 -1.349769 -0.066214 0.802779 0.592316 0.017990
1678843070871 -2.232468 -0.390991 -1.331692 -0.058664 0.804708 0.590710 0.008075
1678843070906 -2.223058 -0.388454 -1.313681 -0.050391 0.807952 0.587069 -0.004888
1678843070963 -2.198546 -0.389458 -1.274830 0.020119 -0.805639 -0.590540 0.042475
1678843071002 -2.186934 -0.393586 -1.247143 0.001956 -0.798744 -0.598444 0.062191
1678843071100 -2.163915 -0.402001 -1.206858 -0.024218 -0.787656 -0.607375 0.100530
1678843071123 -2.152538 -0.406177 -1.186434 -0.034341 -0.787070 -0.605104 0.114847
1678843071164 -2.130014 -0.412450 -1.145707 -0.046738 -0.786661 -0.597844 0.146842
1678843071216 -2.120285 -0.410234 -1.128029 -0.056843 -0.788912 -0.591208 0.157673
1678843071297 -2.095654 -0.401893 -1.087217 -0.086063 -0.793657 -0.572749 0.186174
1678843071311 -2.080905 -0.399443 -1.064030 -0.100367 -0.780666 -0.577906 0.215667
1678843071360 -2.058282 -0.380241 -1.027476 -0.125631 -0.779410 -0.564918 0.240009
1678843071418 -2.040845 -0.359786 -0.997733 -0.105725 -0.791190 -0.545457 0.255574
1678843071459 -2.028543 -0.352838 -0.983614 -0.099745 -0.788790 -0.538692 0.278697
1678843071502 -2.013030 -0.347655 -0.972594 -0.105376 -0.782034 -0.533246 0.304905
1678843071570 -1.980553 -0.336392 -0.951662 -0.134062 -0.773308 -0.519461 0.337909
1678843071671 -1.948124 -0.329139 -0.927210 -0.148512 -0.766117 -0.508564 0.363828
1678843071685 -1.931883 -0.324777 -0.903610 -0.152895 -0.761144 -0.506430 0.375249
1678843071740 -1.897132 -0.320471 -0.871389 -0.164678 -0.753808 -0.502945 0.389489
1678843071778 -1.879272 -0.318916 -0.858941 -0.167698 -0.754796 -0.496553 0.394456
1678843071861 -1.840527 -0.316771 -0.827185 -0.179332 -0.762570 -0.481592 0.392933
1678843071890 -1.797571 -0.328761 -0.789808 -0.189125 -0.764075 -0.485768 0.380067
1678843071940 -1.778278 -0.331830 -0.768654 -0.191216 -0.772119 -0.484089 0.364592
1678843071990 -1.758932 -0.333038 -0.747358 -0.189794 -0.784938 -0.476592 0.347433
1678843072035 -1.711027 -0.332981 -0.706519 -0.189511 -0.809024 -0.463225 0.308202
1678843072080 -1.687264 -0.338560 -0.691084 -0.189705 -0.817371 -0.458394 0.292903
1678843072147 -1.620535 -0.347295 -0.655664 -0.194038 -0.796671 -0.486205 0.302109
1678843072204 -1.552566 -0.340359 -0.643629 -0.212656 -0.794365 -0.485127 0.297343
1678843072269 -1.489091 -0.333515 -0.641272 -0.205606 -0.791726 -0.477092 0.321372
1678843072297 -1.455664 -0.333357 -0.642728 -0.211451 -0.783673 -0.478763 0.334560
1678843072354 -1.388180 -0.331878 -0.644736 -0.221504 -0.766237 -0.475685 0.370865
1678843072404 -1.355417 -0.331819 -0.649822 -0.230905 -0.756634 -0.469850 0.391701
1678843072436 -1.323190 -0.332150 -0.656013 -0.239222 -0.746897 -0.463252 0.412692
1678843072495 -1.250707 -0.335213 -0.664307 -0.253841 -0.720946 -0.451672 0.460211
1678843072570 -1.171127 -0.339497 -0.674065 -0.270270 -0.683506 -0.444051 0.512438
1678843072599 -1.135932 -0.342341 -0.684750 -0.276327 -0.665607 -0.435968 0.539020
1678843072639 -1.101075 -0.344751 -0.696063 -0.282734 -0.647581 -0.426837 0.564368
1678843072695 -1.032286 -0.347634 -0.717354 -0.301140 -0.612705 -0.411243 0.603975
1678843072742 -1.000689 -0.349581 -0.727121 -0.310431 -0.598207 -0.403088 0.619114
1678843072794 -0.949623 -0.346718 -0.748508 -0.324203 -0.580292 -0.379129 0.643750
1678843072836 -0.923195 -0.345941 -0.754422 -0.332647 -0.577894 -0.367596 0.648273
1678843072906 -0.898056 -0.349634 -0.761387 -0.346476 -0.558571 -0.366778 0.658352
1678843072951 -0.853016 -0.344850 -0.778206 -0.388437 -0.528901 -0.349436 0.668786
1678843072996 -0.818412 -0.321938 -0.796959 -0.392058 -0.520101 -0.330005 0.683288
1678843073057 -0.799689 -0.320653 -0.805912 -0.396374 -0.508431 -0.326116 0.691400
1678843073084 -0.777591 -0.319991 -0.813634 -0.403920 -0.494973 -0.317949 0.700541
1678843073139 -0.735239 -0.321843 -0.839065 -0.426999 -0.462151 -0.299721 0.717116
1678843073228 -0.647461 -0.327375 -0.870912 -0.446605 -0.439166 -0.272545 0.730340
1678843073267 -0.622345 -0.329278 -0.884059 -0.448293 -0.433199 -0.268443 0.734378
1678843073332 -0.573525 -0.334019 -0.908556 -0.444666 -0.427892 -0.267608 0.739977
1678843073363 -0.548109 -0.333379 -0.922218 -0.438116 -0.433387 -0.264128 0.741935
1678843073408 -0.516492 -0.330327 -0.938721 -0.433288 -0.436474 -0.262793 0.743432
1678843073464 -0.462361 -0.335695 -0.969445 -0.448618 -0.425908 -0.281114 0.733702
1678843073508 -0.440285 -0.335736 -0.981712 -0.449538 -0.432067 -0.277709 0.730829
1678843073555 -0.393794 -0.335822 -1.012936 -0.443926 -0.421721 -0.288257 0.736199
1678843073608 -0.380161 -0.336158 -1.026705 -0.450054 -0.418352 -0.290905 0.733354
1678843073671 -0.341264 -0.330151 -1.067837 -0.443761 -0.410678 -0.282167 0.744850
1678843073703 -0.321414 -0.330515 -1.088477 -0.446029 -0.405304 -0.279046 0.747610
1678843073737 -0.301620 -0.332036 -1.109522 -0.447243 -0.398611 -0.277145 0.751181
1678843073802 -0.260535 -0.336177 -1.152947 -0.453100 -0.377081 -0.276097 0.759131
1678843073871 -0.220916 -0.343883 -1.200876 -0.455886 -0.357610 -0.268914 0.769395
1678843073899 -0.195406 -0.348959 -1.229395 -0.456908 -0.345392 -0.265222 0.775627
1678843073966 -0.154909 -0.354127 -1.281381 -0.459818 -0.323181 -0.253475 0.787320
1678843074005 -0.135063 -0.355690 -1.308302 -0.462766 -0.310946 -0.243988 0.793492
1678843074045 -0.116390 -0.356779 -1.336131 -0.475586 -0.289745 -0.237067 0.796030
1678843074102 -0.080294 -0.350715 -1.393938 -0.499924 -0.255562 -0.211018 0.800147
1678843074158 -0.059251 -0.343204 -1.450394 -0.509344 -0.219105 -0.186435 0.811051
1678843074195 -0.051387 -0.340466 -1.478490 -0.518122 -0.202657 -0.170653 0.813239
1678843074248 -0.045504 -0.338320 -1.507339 -0.522453 -0.186743 -0.153952 0.817600
1678843074312 -0.048131 -0.338500 -1.551563 -0.529144 -0.156274 -0.125991 0.824446
1678843074351 -0.039465 -0.344132 -1.610575 -0.532560 -0.132799 -0.100854 0.829803
1678843074407 -0.029088 -0.348699 -1.647903 -0.536088 -0.121799 -0.090361 0.830428
1678843074462 -0.020229 -0.356826 -1.711143 -0.544422 -0.105757 -0.077445 0.828506
1678843074506 -0.004897 -0.359118 -1.751615 -0.543775 -0.102967 -0.075154 0.829493
1678843074558 0.006762 -0.362619 -1.818246 -0.542333 -0.092643 -0.084386 0.830765
1678843074607 0.013062 -0.357378 -1.851204 -0.548093 -0.088430 -0.088605 0.826997
1678843074643 0.018772 -0.352983 -1.881406 -0.548172 -0.091183 -0.087418 0.826772
1678843074703 0.031232 -0.352367 -1.938679 -0.549094 -0.084581 -0.097205 0.825768
1678843074756 0.045187 -0.348565 -1.994502 -0.553813 -0.074810 -0.112570 0.821598
1678843074806 0.053007 -0.346499 -2.026915 -0.549447 -0.077048 -0.114022 0.824118
1678843074840 0.059065 -0.343784 -2.053908 -0.542985 -0.077149 -0.116792 0.827994
1678843074912 0.075537 -0.337714 -2.114754 -0.535543 -0.074366 -0.113822 0.833492
1678843074948 0.081855 -0.336307 -2.142830 -0.534727 -0.071156 -0.110241 0.834776
1678843075013 0.095513 -0.338462 -2.205510 -0.530445 -0.060417 -0.102605 0.839315
1678843075045 0.101400 -0.340641 -2.235554 -0.528608 -0.054971 -0.098319 0.841359
1678843075100 0.111790 -0.344153 -2.299617 -0.520770 -0.040651 -0.086804 0.848299
1678843075153 0.113679 -0.343354 -2.330120 -0.514196 -0.032625 -0.077172 0.853570
1678843075189 0.115096 -0.343307 -2.361594 -0.515321 -0.014825 -0.072355 0.853809
1678843075235 0.117112 -0.344386 -2.425709 -0.534192 0.016284 -0.057133 0.843273
1678843075297 0.113248 -0.339129 -2.480189 -0.532608 0.032862 -0.036786 0.844923
1678843075349 0.107959 -0.341248 -2.503992 -0.534555 0.045967 -0.033481 0.843218
1678843075392 0.104788 -0.342189 -2.531711 -0.535655 0.061518 -0.026828 0.841765
1678843075435 0.094911 -0.342358 -2.581263 -0.544237 0.090304 -0.003062 0.834052
1678843075513 0.081003 -0.347041 -2.633704 -0.551633 0.105825 0.022637 0.827037
1678843075533 0.074825 -0.351821 -2.663239 -0.553509 0.110545 0.031674 0.824866
1678843075597 0.062827 -0.361992 -2.725540 -0.554994 0.112512 0.042693 0.823104
1678843075637 0.055720 -0.364910 -2.752612 -0.553357 0.111222 0.045290 0.824242
1678843075696 0.044330 -0.371534 -2.817717 -0.553920 0.098414 0.048118 0.825331
1678843075751 0.043510 -0.365978 -2.853320 -0.558618 0.094984 0.040736 0.822961
1678843075771 0.040555 -0.363649 -2.885142 -0.560526 0.090667 0.031186 0.822567
1678843075832 0.036341 -0.354070 -2.952148 -0.553330 0.064842 0.026241 0.830020
1678843075889 0.033815 -0.352512 -3.009676 -0.552196 0.052447 0.000577 0.832063
1678843075934 0.030422 -0.353550 -3.038903 -0.555521 0.046976 -0.012754 0.830077
1678843075970 0.028958 -0.352670 -3.066609 -0.555046 0.044325 -0.022458 0.830334
1678843076029 0.026624 -0.351296 -3.122591 -0.549197 0.034957 -0.034243 0.834259
1678843076087 0.024116 -0.357291 -3.182876 -0.544406 0.039535 -0.049633 0.836418
1678843076140 0.022149 -0.360746 -3.211510 -0.545913 0.039732 -0.052460 0.835254
1678843076189 0.020501 -0.365456 -3.244354 -0.547223 0.041645 -0.055883 0.834080
1678843076251 0.015717 -0.373752 -3.313211 -0.547066 0.050706 -0.058957 0.833469
1678843076287 0.008723 -0.377130 -3.380106 -0.546531 0.061237 -0.061744 0.832911
1678843076338 0.004591 -0.376568 -3.415627 -0.549824 0.066303 -0.062899 0.830266
1678843076381 0.000880 -0.374828 -3.447214 -0.555399 0.070524 -0.060710 0.826361
1678843076429 -0.006470 -0.368439 -3.502890 -0.553044 0.070972 -0.051843 0.828503
1678843076498 -0.013642 -0.364727 -3.561357 -0.552954 0.072060 -0.044039 0.828921
1678843076538 -0.015846 -0.363690 -3.584966 -0.553061 0.071263 -0.036468 0.829286
1678843076574 -0.019057 -0.361705 -3.613032 -0.552396 0.068502 -0.030524 0.830201
1678843076638 -0.024608 -0.359360 -3.652137 -0.550511 0.059471 -0.020945 0.832443
1678843076695 -0.028743 -0.363655 -3.709160 -0.547398 0.043993 -0.020721 0.835458
1678843076733 -0.027780 -0.366065 -3.736748 -0.545749 0.034329 -0.025503 0.836857
1678843076784 -0.028022 -0.368331 -3.764388 -0.541897 0.020875 -0.030701 0.839625
1678843076827 -0.025788 -0.374363 -3.820310 -0.538188 -0.006056 -0.052269 0.841181
1678843076867 -0.024237 -0.376017 -3.846714 -0.542231 -0.017428 -0.064538 0.837566
1678843076909 -0.022185 -0.372931 -3.869725 -0.543415 -0.033870 -0.074058 0.835505
1678843076946 -0.017676 -0.367925 -3.914191 -0.541427 -0.066469 -0.098798 0.832272
1678843077027 -0.014006 -0.371138 -3.962013 -0.534873 -0.087890 -0.130188 0.830203
1678843077060 -0.011714 -0.373824 -3.985100 -0.536971 -0.093030 -0.145842 0.825674
1678843077120 -0.007403 -0.374799 -4.027892 -0.532571 -0.114022 -0.164547 0.822370
1678843077176 -0.004212 -0.374919 -4.048419 -0.531022 -0.125794 -0.170268 0.820488
1678843077255 0.002525 -0.377828 -4.089108 -0.528867 -0.141598 -0.179835 0.817257
1678843077279 0.006801 -0.381611 -4.110685 -0.527545 -0.145262 -0.185232 0.816262
1678843077308 0.010724 -0.382677 -4.128959 -0.524652 -0.145859 -0.190886 0.816718
1678843077358 0.018577 -0.385838 -4.171843 -0.514918 -0.147722 -0.196993 0.821116
1678843077429 0.025178 -0.383680 -4.213877 -0.527222 -0.142113 -0.196049 0.814497
1678843077457 0.028524 -0.377152 -4.231080 -0.526820 -0.149898 -0.190255 0.814736
1678843077516 0.036654 -0.372469 -4.257287 -0.517290 -0.163668 -0.193914 0.817326
1678843077566 0.041837 -0.373546 -4.274008 -0.517895 -0.167194 -0.199832 0.814799
1678843077600 0.045571 -0.375748 -4.282749 -0.519113 -0.169532 -0.205527 0.812120
1678843077669 0.054672 -0.374039 -4.311346 -0.519112 -0.188380 -0.208788 0.807120
1678843077718 0.066701 -0.373968 -4.336340 -0.514402 -0.217207 -0.215630 0.801071
1678843077768 0.073803 -0.375247 -4.347719 -0.510820 -0.231972 -0.222519 0.797331
1678843077828 0.088337 -0.380897 -4.375417 -0.504870 -0.262983 -0.238964 0.786665
1678843077867 0.094712 -0.380578 -4.384194 -0.498565 -0.280070 -0.248003 0.781977
1678843077913 0.106143 -0.380063 -4.393401 -0.483210 -0.314790 -0.275684 0.769034
1678843077973 0.109556 -0.378119 -4.397888 -0.473106 -0.336181 -0.285298 0.762730
1678843078027 0.120153 -0.373812 -4.412827 -0.449441 -0.362454 -0.308695 0.755868
1678843078062 0.124287 -0.371686 -4.416636 -0.449428 -0.369811 -0.315545 0.749457
1678843078100 0.126348 -0.371133 -4.417906 -0.452308 -0.378756 -0.320455 0.741127
1678843078157 0.130063 -0.367631 -4.418681 -0.444162 -0.398421 -0.324288 0.734042
1678843078216 0.135025 -0.369075 -4.421612 -0.434731 -0.418364 -0.326741 0.727475
1678843078268 0.137295 -0.370767 -4.421266 -0.432860 -0.421730 -0.330675 0.724866
1678843078304 0.141227 -0.370808 -4.424343 -0.435124 -0.423473 -0.335082 0.720457
1678843078364 0.141635 -0.371453 -4.423060 -0.435402 -0.429759 -0.340053 0.714210
1678843078397 0.142025 -0.369446 -4.420440 -0.432519 -0.434534 -0.342031 0.712125
1678843078437 0.141922 -0.370340 -4.419560 -0.428209 -0.440151 -0.344231 0.710218
1678843078488 0.142378 -0.371491 -4.419149 -0.424129 -0.443349 -0.346945 0.709356
1678843078532 0.143804 -0.368168 -4.424271 -0.423948 -0.446357 -0.350928 0.705608
1678843078570 0.145020 -0.368255 -4.424866 -0.424131 -0.446812 -0.351823 0.704764
1678843078614 0.146577 -0.366177 -4.426688 -0.421610 -0.450524 -0.352321 0.703664
1678843078661 0.146957 -0.365307 -4.427006 -0.420701 -0.452960 -0.350583 0.703512
1678843078722 0.147569 -0.365377 -4.435484 -0.423861 -0.453932 -0.348583 0.701982
1678843078752 0.147774 -0.365903 -4.436197 -0.425116 -0.453945 -0.347771 0.701616
1678843078792 0.148144 -0.366108 -4.438700 -0.424871 -0.454207 -0.346765 0.702093
1678843078842 0.148395 -0.366841 -4.439395 -0.425267 -0.454037 -0.346024 0.702329
1678843078890 0.149215 -0.368664 -4.440928 -0.428116 -0.452324 -0.345377 0.702022
1678843078928 0.150074 -0.369244 -4.442042 -0.429228 -0.451564 -0.345510 0.701766
1678843078998 0.150465 -0.369925 -4.443252 -0.430685 -0.450535 -0.345320 0.701628
1678843079023 0.151369 -0.370863 -4.444273 -0.432914 -0.448091 -0.344850 0.702053
1678843079064 0.152356 -0.371384 -4.444375 -0.433904 -0.446603 -0.345887 0.701879
1678843079106 0.153775 -0.372208 -4.444915 -0.435736 -0.443581 -0.346990 0.702117
1678843079159 0.153915 -0.372060 -4.445708 -0.434200 -0.445059 -0.344538 0.703340
