# Created at Tue Mar 14 18:17:04 MST 2023
1678843025264 -0.109651 -0.031450 0.003061 0.528046 -0.206675 -0.087631 -0.819008
1678843025293 -0.119864 -0.030296 -0.003566 0.525256 -0.202267 -0.089478 -0.821698
1678843025335 -0.130134 -0.027834 -0.011004 0.522638 -0.200348 -0.088681 -0.823921
1678843025383 -0.140638 -0.026442 -0.018838 0.522549 -0.197083 -0.088980 -0.824732
1678843025405 -0.150582 -0.024683 -0.026461 0.521402 -0.190748 -0.090219 -0.826810
1678843025450 -0.157398 -0.023016 -0.035567 0.519260 -0.186992 -0.088459 -0.829203
1678843025487 -0.166241 -0.023016 -0.044278 0.518542 -0.183443 -0.087387 -0.830558
1678843025542 -0.182807 -0.021282 -0.060945 0.516820 -0.174858 -0.083589 -0.833868
1678843025605 -0.190582 -0.020825 -0.069433 0.515481 -0.172333 -0.080837 -0.835491
1678843025650 -0.203897 -0.021773 -0.087422 0.519792 -0.166646 -0.074171 -0.834592
1678843025717 -0.212318 -0.022835 -0.097248 0.522337 -0.164172 -0.068541 -0.833975
1678843025738 -0.222956 -0.030161 -0.119178 0.535816 -0.158227 -0.061894 -0.827064
1678843025823 -0.236406 -0.034991 -0.143921 0.541000 -0.150425 -0.062974 -0.825061
1678843025880 -0.247343 -0.042101 -0.174029 0.546090 -0.145250 -0.060161 -0.822842
1678843025928 -0.251347 -0.048528 -0.191613 0.549485 -0.143607 -0.056261 -0.821144
1678843025972 -0.260594 -0.058994 -0.233335 0.552907 -0.143354 -0.045156 -0.819576
1678843026035 -0.266346 -0.069475 -0.281922 0.558203 -0.146131 -0.035688 -0.815954
1678843026098 -0.270168 -0.072706 -0.309639 0.562675 -0.149551 -0.032223 -0.812400
1678843026129 -0.278472 -0.070518 -0.365697 0.565376 -0.155528 -0.033388 -0.809349
1678843026208 -0.282239 -0.066300 -0.394159 0.565237 -0.158304 -0.035239 -0.808829
1678843026230 -0.287306 -0.059278 -0.451886 0.564362 -0.158778 -0.027581 -0.809645
1678843026278 -0.288642 -0.056042 -0.480978 0.561200 -0.156180 -0.024729 -0.812435
1678843026322 -0.288803 -0.054738 -0.509452 0.562022 -0.155548 -0.024211 -0.812004
1678843026384 -0.291434 -0.054424 -0.569810 0.571873 -0.152111 -0.035939 -0.805315
1678843026430 -0.291386 -0.051952 -0.626578 0.571047 -0.147591 -0.042977 -0.806396
1678843026475 -0.290526 -0.048316 -0.653093 0.564361 -0.139669 -0.046094 -0.812321
1678843026526 -0.288882 -0.046576 -0.678456 0.557199 -0.134971 -0.046321 -0.818026
1678843026581 -0.287197 -0.048656 -0.734398 0.553635 -0.122137 -0.044054 -0.822575
1678843026634 -0.289042 -0.054335 -0.795605 0.550450 -0.109269 -0.037329 -0.826844
1678843026688 -0.289726 -0.057159 -0.827402 0.550977 -0.100778 -0.033786 -0.827724
1678843026729 -0.292048 -0.060910 -0.894574 0.545676 -0.085915 -0.022434 -0.833278
1678843026771 -0.294021 -0.060596 -0.928899 0.541339 -0.077935 -0.017811 -0.836995
1678843026813 -0.295497 -0.060384 -0.964590 0.539951 -0.070468 -0.012125 -0.838654
1678843026883 -0.295790 -0.057014 -1.036370 0.545161 -0.060093 0.005547 -0.836157
1678843026927 -0.293703 -0.050081 -1.070846 0.537643 -0.050861 0.011919 -0.841552
1678843026979 -0.281867 -0.048889 -1.137787 0.543070 -0.038707 0.043850 -0.837648
1678843027042 -0.260211 -0.045892 -1.190451 0.530836 -0.019114 0.074045 -0.844017
1678843027078 -0.247072 -0.046649 -1.218576 0.526116 -0.007504 0.087732 -0.845842
1678843027116 -0.232352 -0.045866 -1.249166 0.525352 0.003327 0.097042 -0.845326
1678843027174 -0.196944 -0.053493 -1.306019 0.520809 0.017371 0.115308 -0.845671
1678843027240 -0.155137 -0.060024 -1.377444 0.514939 0.028170 0.125196 -0.847567
1678843027277 -0.131997 -0.062403 -1.407107 0.514501 0.030981 0.125597 -0.847676
1678843027367 -0.057681 -0.058966 -1.497522 0.514038 0.042163 0.118283 -0.848526
1678843027410 -0.032082 -0.054597 -1.526755 0.518638 0.044629 0.114711 -0.846088
1678843027437 -0.006712 -0.049469 -1.553033 0.521361 0.054048 0.109252 -0.844586
1678843027504 0.045757 -0.041941 -1.603522 0.515081 0.068197 0.113906 -0.846798
1678843027550 0.072431 -0.046668 -1.630407 0.520224 0.072270 0.118389 -0.842691
1678843027582 0.098572 -0.045546 -1.655243 0.525049 0.079150 0.119989 -0.838845
1678843027638 0.149683 -0.041033 -1.702526 0.515093 0.090161 0.120106 -0.843875
1678843027703 0.174340 -0.039184 -1.725974 0.510571 0.097067 0.116381 -0.846375
1678843027739 0.224795 -0.039046 -1.776206 0.504884 0.109086 0.111017 -0.849039
1678843027804 0.276821 -0.047975 -1.826026 0.504887 0.123417 0.111353 -0.847029
1678843027841 0.304043 -0.053057 -1.853271 0.505699 0.131224 0.114983 -0.844883
1678843027897 0.357117 -0.059502 -1.909571 0.507718 0.149818 0.116239 -0.840396
1678843027936 0.383590 -0.060309 -1.940617 0.515101 0.150639 0.119392 -0.835299
1678843027981 0.408009 -0.058624 -1.969083 0.517755 0.155530 0.121413 -0.832465
1678843028043 0.454670 -0.050641 -2.026486 0.502349 0.159676 0.129914 -0.839804
1678843028118 0.492114 -0.051566 -2.075478 0.509516 0.157398 0.147424 -0.832998
1678843028149 0.511347 -0.047736 -2.102741 0.502852 0.158889 0.151164 -0.836088
1678843028191 0.530020 -0.045206 -2.129636 0.492619 0.156476 0.157004 -0.841541
1678843028247 0.568641 -0.043448 -2.187735 0.485764 0.146544 0.163315 -0.846101
1678843028311 0.606316 -0.053505 -2.247135 0.488043 0.126164 0.161072 -0.848500
1678843028342 0.622291 -0.057225 -2.275569 0.488638 0.116710 0.153219 -0.850961
1678843028407 0.637237 -0.061015 -2.303749 0.489375 0.104374 0.143703 -0.853796
1678843028444 0.662162 -0.064681 -2.356107 0.501892 0.083465 0.114927 -0.853188
1678843028498 0.683813 -0.070868 -2.409521 0.530627 0.040956 0.088764 -0.841949
1678843028550 0.694904 -0.066536 -2.434477 0.530279 0.036450 0.071545 -0.844013
1678843028610 0.708613 -0.064727 -2.478621 0.534412 0.013835 0.057347 -0.843163
1678843028641 0.716054 -0.065149 -2.504332 0.543516 0.006400 0.046433 -0.838089
1678843028697 0.717024 -0.066302 -2.549259 0.540681 -0.018390 0.031051 -0.840453
1678843028752 0.721280 -0.063969 -2.581290 0.541388 -0.031150 0.020038 -0.839957
1678843028796 0.715624 -0.067147 -2.605479 0.542252 -0.043797 0.006817 -0.839046
1678843028842 0.702991 -0.075409 -2.660858 0.542700 -0.071229 -0.011064 -0.836828
1678843028902 0.682003 -0.086403 -2.712045 0.544205 -0.091987 -0.026514 -0.833472
1678843028946 0.666071 -0.091364 -2.735135 0.543447 -0.099761 -0.037326 -0.832659
1678843029014 0.650945 -0.094721 -2.762799 0.544373 -0.113514 -0.047528 -0.829767
1678843029081 0.602841 -0.097113 -2.838372 0.549081 -0.156499 -0.075942 -0.817466
1678843029105 0.585508 -0.095767 -2.861556 0.543094 -0.170008 -0.077449 -0.818626
1678843029139 0.564088 -0.096822 -2.881506 0.545521 -0.187947 -0.075943 -0.813213
1678843029213 0.525506 -0.096495 -2.924301 0.552787 -0.217671 -0.088690 -0.799487
1678843029251 0.506672 -0.093069 -2.942112 0.547473 -0.231443 -0.091349 -0.798976
1678843029317 0.472972 -0.091884 -2.980642 0.544835 -0.254099 -0.102104 -0.792567
1678843029353 0.458079 -0.094583 -2.994533 0.543896 -0.266588 -0.107693 -0.788359
1678843029405 0.425905 -0.094238 -3.031111 0.532341 -0.284218 -0.121869 -0.788023
1678843029463 0.390809 -0.100232 -3.066331 0.530340 -0.310290 -0.136177 -0.777120
1678843029506 0.371795 -0.103737 -3.084168 0.531726 -0.323995 -0.145898 -0.768770
1678843029550 0.349257 -0.103183 -3.105624 0.530946 -0.338275 -0.155759 -0.761187
1678843029603 0.309608 -0.101837 -3.137935 0.533487 -0.369606 -0.176705 -0.739971
1678843029638 0.290883 -0.096963 -3.152175 0.526586 -0.379880 -0.185286 -0.737609
1678843029688 0.268717 -0.093081 -3.169628 0.516304 -0.393041 -0.188282 -0.737224
1678843029760 0.205922 -0.098167 -3.215095 0.523992 -0.425902 -0.212686 -0.706260
1678843029827 0.194562 -0.105779 -3.221946 0.524202 -0.437736 -0.219309 -0.696781
1678843029843 0.174829 -0.105244 -3.236447 0.521133 -0.445107 -0.225531 -0.692413
1678843029903 0.133914 -0.104956 -3.263011 0.511772 -0.458227 -0.228513 -0.689854
1678843029937 0.110857 -0.107064 -3.278521 0.508978 -0.465635 -0.228959 -0.686806
1678843029995 0.084398 -0.105121 -3.293855 0.507802 -0.469565 -0.232650 -0.683754
1678843030044 0.032649 -0.112254 -3.329486 0.505057 -0.475468 -0.233542 -0.681399
1678843030091 0.005400 -0.113534 -3.346514 0.505678 -0.475257 -0.235150 -0.680533
1678843030136 -0.047470 -0.114379 -3.387254 0.501866 -0.468117 -0.235711 -0.688068
1678843030185 -0.073720 -0.116976 -3.407135 0.500612 -0.464206 -0.232582 -0.692680
1678843030236 -0.127905 -0.117248 -3.452487 0.511543 -0.454251 -0.229635 -0.692277
1678843030284 -0.150739 -0.112830 -3.474328 0.511177 -0.447157 -0.222469 -0.699468
1678843030332 -0.174534 -0.111494 -3.498653 0.514378 -0.445127 -0.208212 -0.702798
1678843030379 -0.221260 -0.110256 -3.546780 0.527358 -0.437626 -0.194417 -0.701840
1678843030431 -0.262596 -0.104584 -3.596193 0.525057 -0.430160 -0.175591 -0.713053
1678843030479 -0.283401 -0.105087 -3.621855 0.527646 -0.424916 -0.173162 -0.714878
1678843030532 -0.304185 -0.106432 -3.648066 0.528323 -0.420902 -0.172195 -0.716983
1678843030578 -0.344051 -0.110834 -3.700377 0.530177 -0.418486 -0.168103 -0.717999
1678843030632 -0.382160 -0.114084 -3.752504 0.527526 -0.416050 -0.169081 -0.721131
1678843030673 -0.397311 -0.115204 -3.772763 0.525878 -0.416054 -0.171774 -0.721696
1678843030733 -0.416323 -0.113361 -3.795896 0.518541 -0.414763 -0.177766 -0.726282
1678843030758 -0.459267 -0.112543 -3.838832 0.510984 -0.428381 -0.195093 -0.719252
1678843030813 -0.484540 -0.112240 -3.858224 0.511973 -0.435056 -0.218186 -0.707817
1678843030864 -0.538019 -0.108848 -3.899195 0.505996 -0.445399 -0.248913 -0.695435
1678843030915 -0.561462 -0.107067 -3.914073 0.506324 -0.452759 -0.256509 -0.687640
1678843030960 -0.609135 -0.103113 -3.936911 0.494517 -0.469662 -0.269289 -0.679967
1678843031041 -0.635532 -0.101639 -3.944748 0.486779 -0.482401 -0.275429 -0.674148
1678843031069 -0.691456 -0.102107 -3.955809 0.470956 -0.502292 -0.297200 -0.661495
1678843031120 -0.721262 -0.105824 -3.960117 0.463672 -0.512829 -0.303517 -0.655662
1678843031171 -0.781294 -0.115810 -3.962041 0.454363 -0.529903 -0.319039 -0.641070
1678843031234 -0.813890 -0.120543 -3.963271 0.450084 -0.539086 -0.325300 -0.633238
1678843031275 -0.877249 -0.123103 -3.961069 0.437220 -0.552826 -0.340107 -0.622535
1678843031333 -0.911081 -0.122707 -3.958664 0.434350 -0.567512 -0.341556 -0.610418
1678843031382 -0.944372 -0.122578 -3.953801 0.434585 -0.581697 -0.343659 -0.595536
1678843031438 -1.037210 -0.114460 -3.940459 0.426360 -0.602134 -0.342185 -0.581860
1678843031474 -1.068694 -0.116538 -3.932873 0.431839 -0.608000 -0.349679 -0.567077
1678843031512 -1.098850 -0.117729 -3.923499 0.433030 -0.611895 -0.361645 -0.554330
1678843031566 -1.153108 -0.115288 -3.902820 0.422080 -0.629981 -0.368525 -0.537737
1678843031632 -1.206748 -0.117439 -3.878451 0.409493 -0.649324 -0.380724 -0.515502
1678843031676 -1.232903 -0.121578 -3.864877 0.405069 -0.660277 -0.385767 -0.501136
1678843031735 -1.259366 -0.125649 -3.851385 0.400338 -0.670289 -0.391134 -0.487294
1678843031770 -1.309829 -0.132436 -3.820912 0.388680 -0.689642 -0.405028 -0.457464
1678843031839 -1.362881 -0.137023 -3.790341 0.378413 -0.705727 -0.424522 -0.422532
1678843031873 -1.389155 -0.138267 -3.776214 0.369491 -0.714122 -0.431003 -0.409563
1678843031919 -1.414750 -0.139485 -3.761491 0.363676 -0.722395 -0.440999 -0.389108
1678843031973 -1.459499 -0.138677 -3.729392 0.344267 -0.729578 -0.474781 -0.351822
1678843032018 -1.480568 -0.131443 -3.714488 0.329970 -0.740152 -0.476655 -0.340727
1678843032060 -1.519158 -0.118298 -3.681859 0.306925 -0.753124 -0.492828 -0.309391
1678843032116 -1.536759 -0.113937 -3.664216 0.294061 -0.757108 -0.504370 -0.293131
1678843032166 -1.567266 -0.103247 -3.630002 0.270400 -0.770334 -0.511313 -0.268381
1678843032216 -1.582518 -0.100941 -3.612587 0.261141 -0.777205 -0.511592 -0.256967
1678843032265 -1.624891 -0.102007 -3.567052 0.239153 -0.792005 -0.509969 -0.235511
1678843032315 -1.640317 -0.103047 -3.544296 0.226811 -0.802412 -0.504636 -0.223682
1678843032349 -1.657301 -0.104383 -3.521780 0.217892 -0.810073 -0.502241 -0.209901
1678843032437 -1.691288 -0.109767 -3.468567 0.196463 -0.812152 -0.512965 -0.196669
1678843032462 -1.704241 -0.117665 -3.442002 0.191225 -0.812838 -0.516199 -0.190438
1678843032501 -1.738508 -0.118385 -3.383195 0.177086 -0.812157 -0.525466 -0.181455
1678843032569 -1.769102 -0.115428 -3.327872 0.166390 -0.811623 -0.531308 -0.176903
1678843032624 -1.783928 -0.112318 -3.300072 0.164307 -0.815349 -0.526846 -0.175049
1678843032642 -1.797375 -0.114060 -3.271381 0.170299 -0.814539 -0.529810 -0.163788
1678843032707 -1.823019 -0.109744 -3.214087 0.161891 -0.814566 -0.536372 -0.150261
1678843032759 -1.834496 -0.101961 -3.185081 0.155860 -0.816898 -0.535809 -0.145921
1678843032809 -1.857602 -0.099998 -3.127803 0.146120 -0.820898 -0.535874 -0.132717
1678843032842 -1.868774 -0.101422 -3.098001 0.141550 -0.823470 -0.535192 -0.124218
1678843032900 -1.875307 -0.102677 -3.074428 0.138023 -0.825823 -0.534865 -0.113513
1678843032940 -1.894361 -0.109317 -3.011677 0.127417 -0.831216 -0.533610 -0.090031
1678843032994 -1.909982 -0.117826 -2.951272 0.119239 -0.835974 -0.532150 -0.061198
1678843033055 -1.916352 -0.120188 -2.921433 0.110396 -0.836691 -0.534035 -0.050664
1678843033086 -1.923009 -0.122881 -2.889389 0.103428 -0.835651 -0.538441 -0.032743
1678843033142 -1.933120 -0.124010 -2.826724 0.083259 -0.827193 -0.555709 0.002587
1678843033220 -1.941038 -0.119058 -2.773728 0.066385 -0.824282 -0.561842 0.022051
1678843033248 -1.944688 -0.118437 -2.745288 0.060520 -0.820224 -0.567935 0.031927
1678843033282 -1.938404 -0.118269 -2.733046 0.052172 -0.817789 -0.571749 0.040013
1678843033329 -1.939754 -0.117796 -2.705047 -0.045959 0.817522 0.571882 -0.049959
1678843033386 -1.934491 -0.118640 -2.654697 -0.030631 0.817259 0.571888 -0.063974
1678843033432 -1.932876 -0.121967 -2.624456 -0.024810 0.817038 0.571575 -0.071661
1678843033469 -1.923365 -0.135260 -2.562185 -0.012765 0.816576 0.571068 -0.083201
1678843033545 -1.905635 -0.144064 -2.499557 -0.006227 0.813228 0.574196 -0.094445
1678843033576 -1.898116 -0.146332 -2.465846 -0.002021 0.812257 0.575343 -0.095994
1678843033609 -1.888973 -0.147071 -2.431635 0.002918 0.811219 0.576187 -0.099617
1678843033680 -1.863075 -0.147548 -2.371979 0.008925 0.802976 0.585872 -0.109109
1678843033735 -1.852743 -0.143785 -2.339971 0.011153 0.803557 0.584946 -0.109591
1678843033763 -1.832005 -0.142325 -2.279219 0.001098 0.798658 0.589260 -0.122135
1678843033825 -1.821940 -0.139516 -2.247387 -0.000169 0.797649 0.589675 -0.126648
1678843033871 -1.802103 -0.132015 -2.182603 -0.001303 0.801192 0.582602 -0.136619
1678843033911 -1.791747 -0.130477 -2.150845 0.000110 0.802164 0.580148 -0.141284
1678843033969 -1.769142 -0.134060 -2.085300 0.005951 0.798473 0.581259 -0.156660
1678843034023 -1.758144 -0.136824 -2.045183 0.008586 0.797241 0.580882 -0.164040
1678843034070 -1.735734 -0.143568 -1.979317 0.012068 0.797550 0.575835 -0.179392
1678843034134 -1.724855 -0.147325 -1.945526 0.012863 0.796413 0.574582 -0.188190
1678843034171 -1.713771 -0.149738 -1.911040 0.015708 0.796741 0.571600 -0.195526
1678843034238 -1.689255 -0.153065 -1.843718 0.028851 0.779565 0.583673 -0.225325
1678843034282 -1.663164 -0.138119 -1.782857 0.061457 0.780583 0.578905 -0.227557
1678843034343 -1.638246 -0.127532 -1.723554 0.074914 0.775354 0.578926 -0.240952
1678843034372 -1.622920 -0.123928 -1.709818 0.089934 0.773280 0.578450 -0.243608
1678843034435 -1.607998 -0.119905 -1.682564 0.100933 0.773265 0.575135 -0.247169
1678843034466 -1.574290 -0.116321 -1.635057 0.116114 0.775997 0.563508 -0.258466
1678843034538 -1.534532 -0.121615 -1.583576 0.131151 0.777605 0.553380 -0.268143
1678843034568 -1.512154 -0.125906 -1.556657 0.134557 0.777284 0.549377 -0.275515
1678843034619 -1.488656 -0.130159 -1.529816 0.137394 0.777183 0.546033 -0.280993
1678843034664 -1.438741 -0.135158 -1.484100 0.143408 0.775029 0.544181 -0.287458
1678843034728 -1.384596 -0.132932 -1.433473 0.147542 0.774632 0.541210 -0.292007
1678843034769 -1.353743 -0.134174 -1.411114 0.149780 0.769125 0.544914 -0.298464
1678843034813 -1.325058 -0.128239 -1.387933 0.152388 0.767029 0.545171 -0.302046
1678843034871 -1.272511 -0.114533 -1.344919 0.149376 0.776483 0.531085 -0.304483
1678843034933 -1.218275 -0.111236 -1.299607 0.138511 0.770472 0.535891 -0.316241
1678843034976 -1.189224 -0.110262 -1.276411 0.138281 0.767872 0.535417 -0.323388
1678843035030 -1.135625 -0.110102 -1.232180 0.142814 0.764213 0.534229 -0.331938
1678843035079 -1.111097 -0.110652 -1.210426 0.143876 0.762895 0.532456 -0.337315
1678843035118 -1.085128 -0.113279 -1.187352 0.144982 0.761181 0.531495 -0.342192
1678843035182 -1.033011 -0.119720 -1.140426 0.146634 0.759313 0.526488 -0.353203
1678843035231 -1.006200 -0.124238 -1.116425 0.148945 0.756917 0.524441 -0.360351
1678843035276 -0.951955 -0.133208 -1.069530 0.160373 0.750866 0.520403 -0.373712
1678843035338 -0.925542 -0.135086 -1.046135 0.165373 0.749932 0.515783 -0.379765
1678843035365 -0.864176 -0.138745 -0.992654 0.180798 0.729042 0.518038 -0.409203
1678843035434 -0.836298 -0.135614 -0.973508 0.197449 0.723720 0.514424 -0.415465
1678843035469 -0.780658 -0.127381 -0.929988 0.222332 0.713720 0.509905 -0.425640
1678843035540 -0.730298 -0.119554 -0.898393 0.234543 0.709307 0.500631 -0.437312
1678843035574 -0.709005 -0.115760 -0.888871 0.239915 0.706122 0.496092 -0.444663
1678843035628 -0.681970 -0.115951 -0.874610 0.246344 0.702186 0.492360 -0.451476
1678843035671 -0.619577 -0.119805 -0.840957 0.258134 0.695852 0.481387 -0.466287
1678843035724 -0.588905 -0.123697 -0.828017 0.263380 0.692561 0.476860 -0.472858
1678843035763 -0.526422 -0.130651 -0.805630 0.268974 0.687583 0.467687 -0.485954
1678843035827 -0.461123 -0.134495 -0.785344 0.278793 0.684913 0.455207 -0.495939
1678843035868 -0.427872 -0.135281 -0.775303 0.282892 0.683421 0.449962 -0.500442
1678843035905 -0.394603 -0.136508 -0.766107 0.285574 0.674959 0.450906 -0.509471
1678843035982 -0.331132 -0.132404 -0.745146 0.289698 0.670240 0.444575 -0.518852
1678843036039 -0.269854 -0.131160 -0.733072 0.306861 0.651659 0.451372 -0.526726
1678843036075 -0.242465 -0.129017 -0.733831 0.309422 0.649493 0.444504 -0.533697
1678843036134 -0.186888 -0.126055 -0.729060 0.320133 0.633232 0.439611 -0.550704
1678843036170 -0.165770 -0.123204 -0.735161 0.327928 0.625020 0.432857 -0.560757
1678843036237 -0.111858 -0.121337 -0.734982 0.340559 0.603490 0.417972 -0.587468
1678843036276 -0.090284 -0.117132 -0.737667 0.346914 0.592150 0.408711 -0.601635
1678843036328 -0.064988 -0.117278 -0.738201 0.351563 0.578847 0.399303 -0.617978
1678843036365 -0.014315 -0.120201 -0.738412 0.367168 0.551878 0.381041 -0.644535
1678843036451 0.036344 -0.125491 -0.740064 0.389908 0.511858 0.371128 -0.669505
1678843036473 0.054852 -0.124952 -0.743645 0.402755 0.497971 0.360277 -0.678243
1678843036547 0.087405 -0.122493 -0.752676 0.428727 0.473038 0.339878 -0.690588
1678843036581 0.098942 -0.119646 -0.759630 0.442774 0.458978 0.336706 -0.692762
1678843036618 0.112160 -0.116897 -0.766051 0.451114 0.452273 0.328263 -0.695837
1678843036675 0.143313 -0.113209 -0.781975 0.455269 0.435722 0.314239 -0.710021
1678843036727 0.155402 -0.114683 -0.794920 0.460964 0.422588 0.309864 -0.716181
1678843036780 0.184654 -0.117674 -0.820741 0.467351 0.401745 0.293301 -0.730862
1678843036833 0.192250 -0.120465 -0.839839 0.474023 0.387869 0.284755 -0.737410
1678843036908 0.206051 -0.127761 -0.880894 0.486109 0.357483 0.268267 -0.750957
1678843036937 0.218606 -0.138021 -0.931650 0.499686 0.325398 0.252075 -0.762160
1678843036980 0.225637 -0.143638 -0.959672 0.505103 0.311338 0.244003 -0.767074
1678843037037 0.246642 -0.155146 -1.015146 0.514268 0.286372 0.233001 -0.774099
1678843037072 0.256475 -0.159375 -1.047169 0.517259 0.276799 0.228605 -0.776894
1678843037155 0.267560 -0.162094 -1.079287 0.515992 0.267880 0.229361 -0.780632
1678843037183 0.289510 -0.161150 -1.146489 0.519839 0.249064 0.232556 -0.783359
1678843037239 0.310392 -0.148942 -1.209158 0.523939 0.250526 0.225567 -0.782205
1678843037281 0.325186 -0.144650 -1.236378 0.515680 0.246118 0.235845 -0.786051
1678843037331 0.350316 -0.135178 -1.293556 0.507886 0.237646 0.246996 -0.790297
1678843037389 0.366494 -0.130862 -1.320630 0.505611 0.233759 0.245186 -0.793472
1678843037440 0.393899 -0.124651 -1.377553 0.506730 0.223153 0.236629 -0.798395
1678843037479 0.408375 -0.125279 -1.405731 0.505643 0.218733 0.234759 -0.800856
1678843037534 0.425746 -0.125742 -1.431402 0.503224 0.215971 0.234160 -0.803300
1678843037598 0.485395 -0.126960 -1.506780 0.495952 0.209035 0.234217 -0.809616
1678843037632 0.507526 -0.128392 -1.532691 0.491784 0.205650 0.234166 -0.813033
1678843037676 0.531591 -0.129826 -1.560558 0.488898 0.199715 0.234616 -0.816118
1678843037751 0.580926 -0.127827 -1.615495 0.489419 0.189019 0.230438 -0.819536
1678843037794 0.631073 -0.118967 -1.674559 0.495280 0.173539 0.217366 -0.823003
1678843037833 0.655859 -0.109264 -1.700579 0.489160 0.173951 0.210379 -0.828374
1678843037876 0.681739 -0.100670 -1.729518 0.483013 0.170336 0.208061 -0.833304
1678843037944 0.731182 -0.085009 -1.781019 0.474994 0.165003 0.199067 -0.841146
1678843037995 0.779397 -0.074153 -1.830723 0.466229 0.159091 0.193130 -0.848541
1678843038045 0.805213 -0.071115 -1.856377 0.464832 0.159179 0.189971 -0.850003
1678843038087 0.829981 -0.070397 -1.880923 0.462415 0.163301 0.185344 -0.851559
1678843038141 0.881677 -0.074742 -1.931467 0.458038 0.166539 0.182162 -0.853980
1678843038184 0.908754 -0.078746 -1.955195 0.456640 0.171026 0.181354 -0.854015
1678843038232 0.965791 -0.088213 -2.006490 0.455485 0.178914 0.185366 -0.852152
1678843038314 1.027432 -0.095051 -2.056111 0.454903 0.190971 0.195523 -0.847564
1678843038363 1.061146 -0.094349 -2.085491 0.458480 0.194724 0.204112 -0.842744
1678843038401 1.092402 -0.093998 -2.108670 0.459977 0.205891 0.209028 -0.838055
1678843038448 1.157874 -0.096140 -2.154242 0.468666 0.218165 0.229272 -0.824737
1678843038498 1.190920 -0.096705 -2.176705 0.473039 0.222199 0.242600 -0.817317
1678843038546 1.256324 -0.092058 -2.211419 0.458178 0.242293 0.257298 -0.815576
1678843038605 1.323318 -0.097374 -2.246716 0.451195 0.254846 0.271493 -0.811029
1678843038660 1.391786 -0.108964 -2.277954 0.448014 0.261595 0.281960 -0.807062
1678843038727 1.426768 -0.115037 -2.292722 0.447443 0.265298 0.283498 -0.805631
1678843038752 1.462017 -0.120614 -2.306718 0.446195 0.267404 0.284465 -0.805286
1678843038811 1.529429 -0.127602 -2.331865 0.445424 0.271602 0.279041 -0.806205
1678843038865 1.597911 -0.130646 -2.360472 0.466677 0.260832 0.269414 -0.800997
1678843038904 1.631515 -0.125174 -2.372227 0.470783 0.264719 0.261263 -0.800018
1678843038941 1.664148 -0.119384 -2.382720 0.464463 0.271806 0.254962 -0.803362
1678843039035 1.761080 -0.104344 -2.426018 0.476237 0.279670 0.243679 -0.797248
1678843039061 1.790341 -0.100815 -2.441411 0.475126 0.279421 0.240932 -0.798831
1678843039103 1.818704 -0.098830 -2.457988 0.474937 0.279117 0.238110 -0.799895
1678843039151 1.844780 -0.097508 -2.476377 0.473147 0.283283 0.231931 -0.801306
1678843039205 1.898495 -0.101734 -2.517393 0.470696 0.280962 0.223215 -0.806028
1678843039264 1.942521 -0.107766 -2.557988 0.470144 0.278355 0.215919 -0.809235
1678843039304 1.968868 -0.110700 -2.581516 0.464729 0.278383 0.214944 -0.812606
1678843039349 2.001623 -0.110653 -2.607562 0.457689 0.275186 0.214751 -0.817726
1678843039432 2.053644 -0.113079 -2.662118 0.457859 0.263547 0.211710 -0.822245
1678843039459 2.102715 -0.113761 -2.715360 0.474428 0.264945 0.199037 -0.815540
1678843039509 2.127718 -0.113652 -2.739308 0.473474 0.263716 0.202741 -0.815581
1678843039566 2.174551 -0.117912 -2.786519 0.482941 0.255388 0.212139 -0.810272
1678843039619 2.197912 -0.118528 -2.810960 0.484354 0.252203 0.210431 -0.810872
1678843039668 2.238593 -0.123116 -2.859494 0.488919 0.245496 0.203356 -0.811995
1678843039713 2.261525 -0.125694 -2.884388 0.489337 0.241680 0.197171 -0.814410
1678843039767 2.308969 -0.131585 -2.931283 0.491365 0.233319 0.193397 -0.816530
1678843039817 2.334559 -0.137279 -2.957304 0.491198 0.230350 0.193255 -0.817506
1678843039861 2.384145 -0.139793 -3.002736 0.485318 0.225144 0.201411 -0.820494
1678843039914 2.411771 -0.143857 -3.029510 0.481908 0.218103 0.208498 -0.822633
1678843039958 2.470904 -0.141656 -3.088357 0.485405 0.205226 0.212459 -0.822876
1678843040012 2.499130 -0.139535 -3.115533 0.483504 0.193794 0.219368 -0.824952
1678843040065 2.525271 -0.132483 -3.135823 0.479321 0.196522 0.216489 -0.827504
1678843040143 2.606314 -0.115625 -3.209867 0.475809 0.193039 0.211141 -0.831722
1678843040196 2.655999 -0.109127 -3.254213 0.479718 0.195284 0.202591 -0.831079
1678843040269 2.675124 -0.108254 -3.271072 0.478962 0.196355 0.202150 -0.831370
1678843040318 2.730908 -0.110864 -3.318532 0.474692 0.204672 0.200682 -0.832168
1678843040360 2.791705 -0.116602 -3.367352 0.467886 0.212984 0.206579 -0.832494
1678843040413 2.823037 -0.118311 -3.391428 0.460968 0.219806 0.208796 -0.834026
1678843040471 2.884033 -0.118896 -3.435998 0.450519 0.239732 0.211524 -0.833558
1678843040520 2.916245 -0.120088 -3.459802 0.451263 0.240500 0.218556 -0.831116
1678843040559 2.943543 -0.123582 -3.478327 0.454362 0.244181 0.223072 -0.827145
1678843040600 3.006020 -0.122495 -3.516326 0.449673 0.257180 0.239660 -0.821106
1678843040678 3.066779 -0.120021 -3.545291 0.445912 0.268197 0.262065 -0.812745
1678843040724 3.097583 -0.116379 -3.559050 0.438326 0.275488 0.266831 -0.812883
1678843040752 3.131093 -0.111701 -3.575627 0.435872 0.279025 0.271009 -0.811612
1678843040848 3.233865 -0.112313 -3.613753 0.437500 0.285134 0.271643 -0.808395
1678843040881 3.269771 -0.114571 -3.623387 0.436861 0.286291 0.270195 -0.808817
1678843040907 3.306946 -0.117222 -3.631650 0.437358 0.288147 0.267877 -0.808660
1678843040955 3.376824 -0.124393 -3.637925 0.434922 0.290559 0.266575 -0.809541
1678843041006 3.416571 -0.124709 -3.641470 0.429730 0.293863 0.264925 -0.811659
1678843041047 3.458946 -0.124983 -3.647771 0.427631 0.294675 0.263436 -0.812957
1678843041113 3.540312 -0.122836 -3.657444 0.443799 0.279908 0.262370 -0.809849
1678843041176 3.623228 -0.114634 -3.663286 0.438039 0.286176 0.265514 -0.809770
1678843041250 3.694946 -0.105003 -3.660884 0.430858 0.296401 0.271109 -0.808089
1678843041273 3.732102 -0.100450 -3.661903 0.428414 0.299990 0.271957 -0.807779
1678843041315 3.769390 -0.096493 -3.662962 0.425960 0.305678 0.271534 -0.807086
1678843041370 3.840093 -0.090839 -3.662507 0.422161 0.321027 0.264700 -0.805391
1678843041432 3.878198 -0.090064 -3.663526 0.419643 0.329386 0.263011 -0.803884
1678843041460 3.952455 -0.092807 -3.663547 0.411163 0.348705 0.262932 -0.800135
1678843041529 4.033373 -0.095627 -3.662294 0.400848 0.373675 0.266627 -0.792841
1678843041567 4.072163 -0.096200 -3.661217 0.392688 0.387392 0.266833 -0.790268
1678843041618 4.111989 -0.097982 -3.661315 0.390058 0.387758 0.271237 -0.789891
1678843041671 4.184050 -0.101251 -3.658185 0.401258 0.406433 0.278648 -0.772114
1678843041736 4.255318 -0.107573 -3.648558 0.394734 0.417376 0.305530 -0.759364
1678843041773 4.290193 -0.109360 -3.644222 0.397086 0.424054 0.316148 -0.750035
1678843041826 4.355451 -0.109719 -3.636812 0.389655 0.434161 0.327042 -0.743449
1678843041867 4.380886 -0.112680 -3.632185 0.387317 0.438991 0.330026 -0.740509
1678843041917 4.410015 -0.117797 -3.631635 0.385577 0.438412 0.332566 -0.740625
1678843041969 4.469754 -0.123497 -3.629836 0.385397 0.435719 0.332522 -0.742325
1678843042013 4.496993 -0.124727 -3.630370 0.383104 0.434028 0.328482 -0.746291
1678843042051 4.522760 -0.123836 -3.632430 0.380823 0.433870 0.317797 -0.752154
1678843042109 4.571758 -0.123608 -3.645225 0.408325 0.401605 0.303738 -0.761398
1678843042160 4.613187 -0.118888 -3.658872 0.407374 0.384404 0.284827 -0.777916
1678843042216 4.631314 -0.118689 -3.666082 0.412587 0.371457 0.286235 -0.780936
1678843042248 4.632785 -0.123833 -3.676114 0.420383 0.365693 0.283031 -0.780666
1678843042317 4.664066 -0.124236 -3.695974 0.419213 0.349543 0.276854 -0.790842
1678843042348 4.697946 -0.107011 -3.704304 0.423543 0.343975 0.271010 -0.792998
1678843042387 4.713719 -0.108653 -3.716851 0.425252 0.336245 0.263437 -0.797935
1678843042440 4.735138 -0.106641 -3.741558 0.430806 0.325071 0.246722 -0.804899
1678843042477 4.747637 -0.108377 -3.754597 0.430304 0.323338 0.236554 -0.808908
1678843042550 4.775661 -0.110525 -3.781952 0.435273 0.295894 0.231304 -0.818219
1678843042580 4.784432 -0.111016 -3.796506 0.441539 0.292392 0.217649 -0.819865
1678843042639 4.801060 -0.117283 -3.825676 0.464269 0.262246 0.212359 -0.818892
1678843042700 4.814253 -0.116974 -3.853300 0.472316 0.242014 0.195520 -0.824694
1678843042777 4.821687 -0.118520 -3.883886 0.483381 0.212268 0.174974 -0.831065
1678843042809 4.824472 -0.118986 -3.901615 0.485754 0.194995 0.164217 -0.836094
1678843042871 4.825347 -0.119692 -3.918780 0.486485 0.175829 0.154647 -0.841725
1678843042915 4.830160 -0.123720 -3.959206 0.492958 0.131843 0.129627 -0.850180
1678843042957 4.837971 -0.129223 -3.999948 0.496927 0.082899 0.109594 -0.856843
1678843043012 4.843305 -0.132421 -4.017964 0.495673 0.060636 0.099301 -0.860680
1678843043064 4.857560 -0.141111 -4.052367 0.496475 0.021599 0.076796 -0.864377
1678843043104 4.865042 -0.146192 -4.069215 0.500572 0.001167 0.066747 -0.863117
1678843043164 4.880125 -0.154112 -4.097026 0.524537 -0.040221 0.041601 -0.849419
1678843043230 4.899837 -0.149369 -4.122501 0.536730 -0.052224 0.024673 -0.841775
1678843043270 4.910408 -0.145614 -4.131105 0.538827 -0.055345 0.023368 -0.840271
1678843043302 4.919766 -0.140201 -4.138713 0.534437 -0.061013 0.024597 -0.842644
1678843043374 4.931548 -0.131346 -4.159179 0.530153 -0.073992 0.019399 -0.844444
1678843043409 4.935453 -0.127605 -4.167668 0.528508 -0.078350 0.015883 -0.845156
1678843043458 4.937977 -0.125403 -4.176827 0.524114 -0.087827 0.016487 -0.846947
1678843043514 4.936190 -0.120716 -4.188112 0.523735 -0.097803 0.014822 -0.846118
1678843043545 4.933618 -0.120772 -4.209264 0.526009 -0.117776 0.005383 -0.842268
1678843043609 4.923341 -0.122110 -4.232284 0.520854 -0.135613 -0.005008 -0.842790
1678843043631 4.918571 -0.122544 -4.243101 0.517841 -0.144564 -0.009470 -0.843120
1678843043695 4.912102 -0.126124 -4.269521 0.514565 -0.162443 -0.018209 -0.841727
1678843043751 4.903015 -0.129168 -4.282687 0.514503 -0.168420 -0.026583 -0.840365
1678843043773 4.893393 -0.131800 -4.297461 0.512955 -0.176476 -0.033714 -0.839403
1678843043836 4.870326 -0.137367 -4.329628 0.514289 -0.191180 -0.051057 -0.834476
1678843043882 4.860192 -0.139613 -4.345452 0.510332 -0.200290 -0.055748 -0.834468
1678843043934 4.830671 -0.143813 -4.381371 0.506156 -0.226717 -0.063040 -0.829718
1678843043972 4.815324 -0.146004 -4.397306 0.516909 -0.238106 -0.074446 -0.818883
1678843044041 4.780413 -0.141816 -4.427135 0.519686 -0.253092 -0.094274 -0.810545
1678843044080 4.766587 -0.138564 -4.440723 0.516429 -0.256734 -0.100171 -0.810774
1678843044144 4.732116 -0.134950 -4.464277 0.511194 -0.274038 -0.104420 -0.807886
1678843044170 4.712847 -0.134421 -4.474447 0.509007 -0.288028 -0.111922 -0.803384
1678843044248 4.672807 -0.131235 -4.490219 0.503615 -0.319630 -0.139834 -0.790351
1678843044276 4.650217 -0.130440 -4.498582 0.501155 -0.333471 -0.155389 -0.783259
1678843044345 4.613840 -0.131291 -4.510204 0.494768 -0.372782 -0.170951 -0.766169
1678843044378 4.593730 -0.131455 -4.520571 0.489313 -0.392855 -0.173627 -0.759007
1678843044455 4.556130 -0.133195 -4.532980 0.479957 -0.429412 -0.188580 -0.741407
1678843044507 4.517273 -0.137099 -4.547848 0.473434 -0.466265 -0.204506 -0.718773
1678843044535 4.498837 -0.137813 -4.556678 0.469136 -0.484716 -0.207134 -0.708559
1678843044570 4.479559 -0.137293 -4.564948 0.463097 -0.502117 -0.208159 -0.700064
1678843044632 4.444204 -0.136041 -4.586217 0.449955 -0.530321 -0.213330 -0.686142
1678843044680 4.424146 -0.137036 -4.598991 0.452918 -0.542802 -0.230022 -0.668820
1678843044738 4.390157 -0.135398 -4.620490 0.449403 -0.552813 -0.265272 -0.649665
1678843044781 4.379371 -0.136544 -4.633502 0.448000 -0.557493 -0.271398 -0.644081
1678843044831 4.365283 -0.136800 -4.646483 0.450219 -0.560620 -0.275353 -0.638114
1678843044887 4.340724 -0.136156 -4.667174 0.451303 -0.565364 -0.283736 -0.629430
1678843044933 4.308447 -0.135861 -4.684809 0.448467 -0.568777 -0.292271 -0.624458
1678843044977 4.295498 -0.129306 -4.690221 0.446402 -0.570611 -0.294366 -0.623279
1678843045018 4.275443 -0.131484 -4.696893 0.445489 -0.574252 -0.296346 -0.619639
1678843045068 4.230560 -0.139141 -4.707695 0.442392 -0.577966 -0.307224 -0.613073
1678843045155 4.182168 -0.145936 -4.716806 0.438085 -0.579701 -0.315085 -0.610532
1678843045168 4.156567 -0.151283 -4.715370 0.435615 -0.579594 -0.319360 -0.610179
1678843045234 4.103588 -0.156444 -4.722855 0.431738 -0.578554 -0.322273 -0.612387
1678843045282 4.075751 -0.159710 -4.725399 0.429323 -0.577816 -0.319372 -0.616289
1678843045339 4.017993 -0.163647 -4.729974 0.433378 -0.584300 -0.309284 -0.612470
1678843045377 3.989680 -0.166410 -4.728415 0.438083 -0.592047 -0.302432 -0.605060
1678843045412 3.962222 -0.163589 -4.726286 0.434352 -0.593841 -0.300830 -0.606789
1678843045470 3.906586 -0.160029 -4.722436 0.430628 -0.594971 -0.306105 -0.605697
1678843045537 3.849741 -0.161357 -4.716976 0.443030 -0.603627 -0.304184 -0.588924
1678843045566 3.824468 -0.158771 -4.712592 0.440595 -0.607725 -0.307219 -0.584947
1678843045614 3.800366 -0.154887 -4.708006 0.435518 -0.611376 -0.309856 -0.583552
1678843045672 3.755438 -0.151436 -4.694205 0.426054 -0.621388 -0.315737 -0.576772
1678843045733 3.705723 -0.155553 -4.681920 0.423366 -0.633358 -0.321913 -0.562130
1678843045767 3.680922 -0.155089 -4.673454 0.419810 -0.641245 -0.325449 -0.553758
1678843045805 3.654590 -0.158029 -4.666207 0.415388 -0.648718 -0.330871 -0.545107
1678843045870 3.626449 -0.162870 -4.658978 0.410493 -0.657129 -0.335797 -0.535647
1678843045920 3.574166 -0.166853 -4.645835 0.397500 -0.672415 -0.345667 -0.519968
1678843045972 3.523239 -0.168129 -4.631535 0.392097 -0.690176 -0.360477 -0.489871
1678843046029 3.475025 -0.160771 -4.617033 0.374934 -0.700411 -0.384399 -0.470198
1678843046076 3.453943 -0.157362 -4.607589 0.364668 -0.703192 -0.391491 -0.468265
1678843046136 3.411566 -0.155174 -4.593650 0.358879 -0.710840 -0.401207 -0.452708
1678843046182 3.394998 -0.153487 -4.584225 0.354330 -0.713770 -0.412040 -0.441821
1678843046235 3.358516 -0.154140 -4.562130 0.339290 -0.723015 -0.428279 -0.422738
1678843046282 3.341753 -0.154728 -4.547690 0.330560 -0.728369 -0.432948 -0.415649
1678843046335 3.303736 -0.164561 -4.518757 0.318682 -0.736517 -0.448850 -0.393089
1678843046391 3.285521 -0.170344 -4.501178 0.313394 -0.738729 -0.457193 -0.383455
1678843046434 3.249199 -0.178501 -4.462609 0.302953 -0.744250 -0.465541 -0.370921
1678843046479 3.231871 -0.183428 -4.441256 0.298468 -0.747244 -0.465436 -0.368662
1678843046531 3.193289 -0.186308 -4.397874 0.296013 -0.753696 -0.458816 -0.365795
1678843046569 3.174382 -0.186913 -4.374205 0.294181 -0.754929 -0.456881 -0.367151
1678843046636 3.132273 -0.186656 -4.326636 0.302836 -0.755364 -0.461313 -0.353421
1678843046669 3.111199 -0.182945 -4.305593 0.307402 -0.756962 -0.457460 -0.351059
1678843046740 3.076225 -0.170487 -4.262633 0.304281 -0.759557 -0.448058 -0.360180
1678843046781 3.058377 -0.168067 -4.241239 0.310757 -0.760793 -0.442493 -0.358920
1678843046826 3.022642 -0.167222 -4.200874 0.322480 -0.761854 -0.437057 -0.352939
1678843046880 3.005506 -0.166600 -4.179634 0.322334 -0.762123 -0.439468 -0.349482
1678843046930 2.971408 -0.167004 -4.137845 0.316441 -0.763636 -0.445359 -0.344063
1678843046981 2.952663 -0.169439 -4.114973 0.313643 -0.763851 -0.450241 -0.339770
1678843047038 2.916814 -0.177392 -4.070749 0.307740 -0.764340 -0.460638 -0.329989
1678843047089 2.879778 -0.186262 -4.026003 0.302539 -0.766500 -0.466787 -0.321026
1678843047168 2.842664 -0.194947 -3.978990 0.296217 -0.770035 -0.473450 -0.308458
1678843047195 2.823732 -0.198851 -3.953417 0.291534 -0.771282 -0.478866 -0.301364
1678843047233 2.804615 -0.201345 -3.928051 0.288104 -0.773699 -0.481424 -0.294308
1678843047328 2.767556 -0.202020 -3.874992 0.283671 -0.780645 -0.489164 -0.266162
1678843047345 2.750151 -0.198406 -3.847530 0.276724 -0.782353 -0.495252 -0.257045
1678843047399 2.717062 -0.190160 -3.796615 0.263865 -0.784840 -0.501123 -0.251551
1678843047437 2.702280 -0.189953 -3.772422 0.267714 -0.785756 -0.501421 -0.243914
1678843047477 2.688303 -0.188766 -3.747601 0.266087 -0.786693 -0.502955 -0.239473
1678843047545 2.665018 -0.186497 -3.694420 0.251849 -0.789904 -0.511558 -0.225683
1678843047594 2.654443 -0.186785 -3.666251 0.240602 -0.790823 -0.517011 -0.222279
1678843047639 2.633139 -0.192672 -3.607080 0.227856 -0.794411 -0.522624 -0.209422
1678843047693 2.612215 -0.200757 -3.543846 0.219993 -0.795164 -0.528316 -0.200499
1678843047749 2.603196 -0.200983 -3.513863 0.218731 -0.797143 -0.526253 -0.199441
1678843047775 2.592150 -0.201859 -3.481928 0.220793 -0.800104 -0.520858 -0.199474
1678843047842 2.570683 -0.198604 -3.415127 0.225533 -0.802874 -0.514926 -0.198444
1678843047910 2.553907 -0.185195 -3.347018 0.226568 -0.804361 -0.512980 -0.196271
1678843047937 2.547415 -0.178409 -3.315215 0.225906 -0.807225 -0.507190 -0.200281
1678843047972 2.538649 -0.172419 -3.283488 0.231838 -0.808836 -0.501509 -0.201305
1678843048042 2.518578 -0.167429 -3.218627 0.246571 -0.811881 -0.492556 -0.193493
1678843048082 2.509460 -0.162794 -3.186735 0.244453 -0.814159 -0.489962 -0.193194
1678843048130 2.487812 -0.159644 -3.122174 0.236197 -0.817993 -0.488602 -0.190700
1678843048198 2.463139 -0.162872 -3.059726 0.227673 -0.820234 -0.489551 -0.189001
1678843048258 2.442296 -0.168542 -3.014202 0.223924 -0.820865 -0.491492 -0.185672
1678843048279 2.426874 -0.172619 -2.982881 0.218805 -0.820855 -0.494343 -0.184248
1678843048336 2.389926 -0.179638 -2.917838 0.213794 -0.821448 -0.496894 -0.180589
1678843048404 2.351802 -0.184585 -2.858914 0.220271 -0.822137 -0.496286 -0.171090
1678843048445 2.332819 -0.183612 -2.829861 0.220308 -0.822663 -0.496738 -0.167157
1678843048471 2.309642 -0.176118 -2.790652 0.218496 -0.820894 -0.501291 -0.164622
1678843048540 2.268887 -0.170581 -2.735209 0.219836 -0.823258 -0.495430 -0.168724
1678843048591 2.247379 -0.168812 -2.708548 0.223308 -0.823630 -0.493736 -0.167305
1678843048649 2.201959 -0.169195 -2.655694 0.224068 -0.824622 -0.491677 -0.167467
1678843048674 2.177878 -0.166481 -2.631429 0.222958 -0.826153 -0.487203 -0.174340
1678843048733 2.126088 -0.165043 -2.583518 0.222641 -0.825865 -0.483366 -0.186376
1678843048777 2.097475 -0.164426 -2.559998 0.224238 -0.825219 -0.478975 -0.198278
1678843048824 2.067313 -0.164399 -2.536731 0.230542 -0.827233 -0.469101 -0.206108
1678843048872 2.003967 -0.164530 -2.490247 0.234224 -0.825464 -0.457354 -0.233616
1678843048934 1.937535 -0.168524 -2.450762 0.247195 -0.814141 -0.450392 -0.270583
1678843048982 1.906278 -0.170043 -2.442044 0.260978 -0.808875 -0.438955 -0.291429
1678843049028 1.837116 -0.176069 -2.410631 0.293482 -0.786698 -0.439741 -0.318750
1678843049073 1.804812 -0.174998 -2.401243 0.304443 -0.778603 -0.431899 -0.338460
1678843049155 1.735716 -0.181075 -2.381437 0.350307 -0.763002 -0.416978 -0.348197
1678843049171 1.706786 -0.182352 -2.381525 0.363610 -0.755662 -0.406678 -0.362456
1678843049219 1.674424 -0.184580 -2.377279 0.377565 -0.750307 -0.391443 -0.375842
1678843049270 1.611023 -0.195391 -2.379037 0.405703 -0.729899 -0.376227 -0.401380
1678843049315 1.576141 -0.201934 -2.377870 0.414254 -0.718896 -0.375075 -0.413401
1678843049364 1.490445 -0.210155 -2.365639 0.422431 -0.704477 -0.371182 -0.432999
1678843049444 1.416749 -0.211991 -2.372369 0.419673 -0.700587 -0.362078 -0.449390
1678843049472 1.379437 -0.211082 -2.375878 0.414860 -0.697565 -0.364595 -0.456469
1678843049517 1.342153 -0.209544 -2.380519 0.412417 -0.694329 -0.367751 -0.461063
1678843049569 1.268017 -0.197569 -2.393230 0.406179 -0.686074 -0.377932 -0.470625
1678843049631 1.197131 -0.191286 -2.408000 0.402952 -0.679606 -0.366903 -0.491069
1678843049670 1.161975 -0.189704 -2.417234 0.407026 -0.674935 -0.364341 -0.496032
1678843049729 1.092266 -0.185383 -2.436225 0.406886 -0.666075 -0.355788 -0.514006
1678843049776 1.059308 -0.184412 -2.447171 0.406624 -0.661893 -0.349116 -0.524092
1678843049829 1.025566 -0.185408 -2.458122 0.406970 -0.655884 -0.346133 -0.533276
1678843049869 0.955802 -0.190918 -2.482136 0.410307 -0.641582 -0.341849 -0.550599
1678843049915 0.919877 -0.195585 -2.494970 0.413224 -0.633404 -0.338854 -0.559663
1678843049966 0.850529 -0.202459 -2.525760 0.421126 -0.614329 -0.325115 -0.582712
1678843050022 0.815379 -0.206233 -2.541889 0.427103 -0.607085 -0.313275 -0.592359
1678843050059 0.746043 -0.209507 -2.574859 0.437724 -0.586329 -0.289032 -0.617313
1678843050108 0.712671 -0.209985 -2.591493 0.447797 -0.572118 -0.285473 -0.625031
1678843050161 0.651607 -0.208503 -2.626384 0.461845 -0.539945 -0.267443 -0.650871
1678843050226 0.592718 -0.214917 -2.666742 0.500177 -0.516309 -0.239982 -0.652423
1678843050277 0.565405 -0.215358 -2.686885 0.507277 -0.502294 -0.225677 -0.662903
1678843050299 0.538277 -0.216087 -2.707120 0.511979 -0.494586 -0.207095 -0.671099
1678843050363 0.478730 -0.219790 -2.749017 0.523215 -0.476393 -0.187054 -0.681400
1678843050441 0.449898 -0.223008 -2.771391 0.524664 -0.470667 -0.179249 -0.686346
1678843050459 0.399051 -0.227910 -2.819067 0.526837 -0.459669 -0.166600 -0.695264
1678843050511 0.372114 -0.230239 -2.845143 0.526156 -0.455649 -0.161392 -0.699640
1678843050547 0.342716 -0.228279 -2.876056 0.524113 -0.453260 -0.157191 -0.703671
1678843050593 0.292983 -0.223979 -2.929907 0.519509 -0.446588 -0.157451 -0.711252
1678843050659 0.266523 -0.222989 -2.954727 0.520404 -0.446172 -0.157716 -0.710799
1678843050691 0.242529 -0.218015 -2.980716 0.520741 -0.442839 -0.161531 -0.711779
1678843050748 0.199947 -0.207505 -3.030618 0.513287 -0.436618 -0.160165 -0.721282
1678843050866 0.131981 -0.201435 -3.108127 0.515698 -0.430979 -0.159858 -0.723020
1678843050878 0.111406 -0.193562 -3.136412 0.513455 -0.426295 -0.161343 -0.727053
1678843050928 0.089420 -0.193357 -3.162945 0.511113 -0.423339 -0.161107 -0.730474
1678843051006 0.043951 -0.203974 -3.232296 0.511872 -0.410868 -0.161986 -0.736841
1678843051036 0.020401 -0.209526 -3.261637 0.513302 -0.406121 -0.161579 -0.738565
1678843051064 -0.013990 -0.215736 -3.298077 0.514072 -0.399175 -0.159745 -0.742207
1678843051139 -0.060802 -0.224649 -3.360180 0.518389 -0.386638 -0.152935 -0.747258
1678843051172 -0.073267 -0.226829 -3.387409 0.517321 -0.375149 -0.150849 -0.754246
1678843051234 -0.119115 -0.229204 -3.452232 0.525981 -0.363954 -0.138817 -0.756050
1678843051264 -0.122974 -0.232173 -3.478099 0.530100 -0.349019 -0.137041 -0.760526
1678843051314 -0.142106 -0.232298 -3.510655 0.533466 -0.336301 -0.129884 -0.765144
1678843051364 -0.159255 -0.241901 -3.565725 0.555797 -0.317128 -0.100081 -0.761908
1678843051430 -0.188975 -0.242547 -3.627773 0.555970 -0.295286 -0.075450 -0.773311
1678843051467 -0.204863 -0.246005 -3.661689 0.557458 -0.285968 -0.065716 -0.776623
1678843051500 -0.220564 -0.251624 -3.695754 0.560885 -0.278764 -0.058503 -0.777352
1678843051572 -0.252354 -0.263527 -3.767922 0.566817 -0.269942 -0.053490 -0.776523
1678843051632 -0.278363 -0.272145 -3.839500 0.566228 -0.265741 -0.050867 -0.778576
1678843051685 -0.292954 -0.275936 -3.879383 0.565663 -0.262883 -0.051789 -0.779895
1678843051719 -0.315223 -0.273890 -3.949793 0.566879 -0.263497 -0.057338 -0.778415
1678843051770 -0.327334 -0.268377 -3.983518 0.569310 -0.262496 -0.067560 -0.776155
1678843051833 -0.348423 -0.252079 -4.049087 0.554494 -0.251259 -0.076117 -0.789691
1678843051873 -0.353889 -0.249862 -4.077915 0.553565 -0.249884 -0.072844 -0.791086
1678843051907 -0.366073 -0.247997 -4.110979 0.555971 -0.250606 -0.074430 -0.789020
1678843051973 -0.390353 -0.242843 -4.179926 0.550107 -0.246952 -0.079157 -0.793808
1678843052016 -0.402517 -0.242353 -4.212161 0.547164 -0.245638 -0.082402 -0.795917
1678843052077 -0.426183 -0.243578 -4.276437 0.542970 -0.240058 -0.089743 -0.799689
1678843052116 -0.438451 -0.247282 -4.310015 0.540933 -0.236731 -0.089355 -0.802101
1678843052165 -0.451198 -0.250384 -4.347059 0.541140 -0.231467 -0.088288 -0.803614
1678843052222 -0.471958 -0.261822 -4.417833 0.548352 -0.215221 -0.077399 -0.804362
1678843052264 -0.485477 -0.267711 -4.485487 0.557082 -0.192782 -0.057038 -0.805755
1678843052333 -0.499192 -0.263112 -4.555405 0.572371 -0.163059 -0.042818 -0.802477
1678843052370 -0.491435 -0.265126 -4.574950 0.569173 -0.143436 -0.028078 -0.809123
1678843052431 -0.495003 -0.263527 -4.642219 0.577880 -0.119866 0.019248 -0.807042
1678843052480 -0.494953 -0.263238 -4.667411 0.576066 -0.105577 0.035738 -0.809768
1678843052509 -0.496802 -0.259821 -4.699751 0.567838 -0.089162 0.048993 -0.816829
1678843052560 -0.494989 -0.259304 -4.755022 0.560714 -0.071268 0.064303 -0.822427
1678843052606 -0.497368 -0.262007 -4.791861 0.560311 -0.063860 0.064361 -0.823305
1678843052659 -0.502139 -0.268510 -4.868091 0.554749 -0.058687 0.065177 -0.827382
1678843052700 -0.502490 -0.270326 -4.905623 0.551843 -0.054209 0.060793 -0.829961
1678843052745 -0.500132 -0.271940 -4.944438 0.547760 -0.053257 0.057516 -0.832955
1678843052815 -0.500228 -0.273605 -5.017620 0.550334 -0.057562 0.050056 -0.831453
1678843052866 -0.498175 -0.268968 -5.085054 0.559055 -0.058570 0.042971 -0.825942
1678843052918 -0.499135 -0.262498 -5.116292 0.554783 -0.052601 0.039283 -0.829401
1678843052949 -0.498389 -0.259523 -5.144098 0.547859 -0.047855 0.041430 -0.834173
1678843053010 -0.503176 -0.259465 -5.208339 0.554864 -0.054678 0.040805 -0.829139
1678843053059 -0.506717 -0.260200 -5.240275 0.558982 -0.055522 0.032540 -0.826679
1678843053093 -0.510952 -0.259988 -5.302405 0.558931 -0.058151 0.022794 -0.826858
1678843053157 -0.513195 -0.264935 -5.361176 0.558016 -0.057608 0.014156 -0.827707
1678843053211 -0.514928 -0.270413 -5.395723 0.556066 -0.061083 0.014609 -0.828762
1678843053257 -0.514341 -0.275360 -5.426848 0.555893 -0.060680 0.012012 -0.828949
1678843053294 -0.515536 -0.283111 -5.497995 0.556997 -0.056546 0.014565 -0.828459
1678843053347 -0.514950 -0.283688 -5.530446 0.552505 -0.048872 0.020123 -0.831832
1678843053381 -0.514963 -0.281496 -5.564256 0.548135 -0.044603 0.027312 -0.834753
1678843053437 -0.516294 -0.273172 -5.630969 0.547969 -0.034608 0.037191 -0.834955
1678843053516 -0.516886 -0.266107 -5.689119 0.538157 -0.017909 0.051957 -0.841051
1678843053540 -0.512280 -0.264787 -5.706532 0.541902 -0.019843 0.070163 -0.837273
1678843053564 -0.511847 -0.265562 -5.737194 0.548197 -0.020724 0.082404 -0.832022
1678843053606 -0.512052 -0.263177 -5.766223 0.546981 -0.014550 0.085552 -0.832635
1678843053662 -0.509671 -0.259651 -5.823481 0.537970 -0.003692 0.095702 -0.837506
1678843053712 -0.509800 -0.261856 -5.854680 0.537540 -0.001573 0.096149 -0.837737
1678843053752 -0.512807 -0.267396 -5.885021 0.539061 -0.001983 0.094877 -0.836903
1678843053835 -0.514066 -0.284625 -5.991422 0.545444 -0.016723 0.084765 -0.833682
1678843053868 -0.513853 -0.289249 -6.027539 0.550111 -0.023631 0.078968 -0.831014
1678843053900 -0.513537 -0.290972 -6.062914 0.553147 -0.029016 0.071683 -0.829486
1678843053955 -0.512992 -0.286918 -6.129320 0.555838 -0.043296 0.056742 -0.828221
1678843054013 -0.514033 -0.281637 -6.162093 0.558298 -0.050327 0.047602 -0.826744
1678843054046 -0.520217 -0.274239 -6.208361 0.557973 -0.052229 0.038002 -0.827341
1678843054122 -0.521068 -0.266260 -6.266874 0.552963 -0.058159 0.032518 -0.830537
1678843054155 -0.523816 -0.264276 -6.317574 0.559382 -0.071561 0.023207 -0.825489
1678843054200 -0.527193 -0.262210 -6.344413 0.555824 -0.076293 0.015463 -0.827647
1678843054245 -0.532295 -0.259875 -6.382889 0.553826 -0.082583 0.008352 -0.828485
1678843054299 -0.543672 -0.262907 -6.439721 0.549696 -0.091765 -0.006450 -0.830284
1678843054342 -0.552878 -0.267018 -6.477356 0.550239 -0.098234 -0.011894 -0.829123
1678843054401 -0.568070 -0.273625 -6.539564 0.550014 -0.109161 -0.020810 -0.827729
1678843054454 -0.576571 -0.275160 -6.574440 0.547571 -0.112806 -0.021730 -0.828835
1678843054494 -0.594912 -0.269646 -6.643709 0.543276 -0.123455 -0.021239 -0.830156
1678843054537 -0.605117 -0.265357 -6.679460 0.541218 -0.126940 -0.022036 -0.830953
1678843054642 -0.630138 -0.248442 -6.761494 0.534478 -0.118874 -0.022433 -0.836480
1678843054666 -0.636402 -0.248211 -6.790918 0.535481 -0.120220 -0.011214 -0.835872
1678843054718 -0.642569 -0.250269 -6.820394 0.539449 -0.123642 0.000816 -0.832891
1678843054752 -0.656012 -0.256556 -6.872850 0.543805 -0.128750 0.006328 -0.829252
1678843054797 -0.664385 -0.260592 -6.902286 0.544293 -0.134776 0.006969 -0.827968
1678843054852 -0.672670 -0.266985 -6.939777 0.545770 -0.140297 0.003225 -0.826100
1678843054903 -0.692297 -0.282454 -7.001245 0.548323 -0.151818 -0.007985 -0.822332
1678843054962 -0.713194 -0.300711 -7.065686 0.542361 -0.169422 -0.019224 -0.822661
1678843055012 -0.724844 -0.310398 -7.097744 0.539406 -0.181121 -0.026414 -0.821912
1678843055059 -0.745232 -0.327864 -7.161663 0.528683 -0.199229 -0.044937 -0.823883
1678843055107 -0.758186 -0.335153 -7.193786 0.532245 -0.215177 -0.053916 -0.817011
1678843055152 -0.769950 -0.338005 -7.222307 0.539182 -0.227962 -0.065409 -0.808107
1678843055207 -0.783443 -0.335440 -7.249239 0.536368 -0.236193 -0.077756 -0.806521
1678843055242 -0.809643 -0.325952 -7.297983 0.532301 -0.244463 -0.094213 -0.804995
1678843055303 -0.831490 -0.320309 -7.340956 0.535762 -0.249184 -0.085146 -0.802257
1678843055349 -0.845222 -0.318194 -7.363805 0.535149 -0.253699 -0.083713 -0.801402
1678843055390 -0.880068 -0.321122 -7.418030 0.533415 -0.255402 -0.091530 -0.801162
1678843055432 -0.895656 -0.323006 -7.440951 0.532432 -0.253184 -0.095501 -0.802056
1678843055469 -0.913976 -0.326643 -7.471370 0.528747 -0.249083 -0.097582 -0.805520
1678843055552 -0.954527 -0.334628 -7.535185 0.516784 -0.239308 -0.093006 -0.816710
1678843055576 -0.972410 -0.335174 -7.570205 0.516191 -0.233212 -0.087673 -0.819434
1678843055636 -1.011195 -0.333233 -7.642112 0.525191 -0.234680 -0.079237 -0.814138
1678843055681 -1.029727 -0.325671 -7.670466 0.519779 -0.227447 -0.081063 -0.819467
1678843055735 -1.064231 -0.314652 -7.721585 0.516661 -0.219321 -0.071625 -0.824518
1678843055780 -1.083503 -0.312895 -7.741371 0.516281 -0.210276 -0.070511 -0.827203
1678843055829 -1.117216 -0.312266 -7.781858 0.514301 -0.201807 -0.066510 -0.830870
1678843055877 -1.136713 -0.318097 -7.807054 0.516725 -0.204216 -0.061724 -0.829145
1678843055923 -1.156895 -0.325094 -7.832498 0.518497 -0.205616 -0.062282 -0.827649
1678843055968 -1.196741 -0.342393 -7.881421 0.523303 -0.206564 -0.074161 -0.823398
1678843056014 -1.216066 -0.351302 -7.907933 0.525800 -0.207630 -0.077041 -0.821273
1678843056066 -1.249906 -0.365689 -7.958674 0.529897 -0.212140 -0.069756 -0.818132
1678843056119 -1.267996 -0.371603 -7.984813 0.534990 -0.215810 -0.064469 -0.814282
1678843056145 -1.288255 -0.375573 -8.010462 0.543057 -0.231554 -0.059729 -0.804925
1678843056212 -1.326909 -0.367731 -8.063673 0.543447 -0.244082 -0.059956 -0.800934
1678843056244 -1.346030 -0.361031 -8.083585 0.537338 -0.242167 -0.063243 -0.805372
1678843056302 -1.385417 -0.354470 -8.131330 0.543065 -0.247111 -0.071434 -0.799321
1678843056337 -1.406549 -0.351342 -8.154595 0.538441 -0.255150 -0.072580 -0.799820
1678843056378 -1.425917 -0.347712 -8.179292 0.534487 -0.262748 -0.077755 -0.799526
1678843056432 -1.463460 -0.343684 -8.233132 0.527576 -0.264942 -0.097353 -0.801244
1678843056491 -1.479511 -0.343311 -8.259705 0.522605 -0.264918 -0.098033 -0.804420
1678843056534 -1.511080 -0.348956 -8.319309 0.515228 -0.262059 -0.087691 -0.811280
1678843056576 -1.522402 -0.353273 -8.350144 0.515255 -0.251383 -0.081731 -0.815254
1678843056629 -1.533405 -0.361998 -8.413610 0.515626 -0.218960 -0.050307 -0.826834
1678843056676 -1.535288 -0.366023 -8.446116 0.517152 -0.196519 -0.028836 -0.832528
1678843056711 -1.535488 -0.368855 -8.478573 0.523126 -0.178139 -0.005416 -0.833413
1678843056774 -1.542157 -0.367262 -8.556980 0.523562 -0.123669 0.028041 -0.842497
1678843056816 -1.536336 -0.366741 -8.585602 0.528251 -0.104429 0.049246 -0.841202
1678843056860 -1.527408 -0.365339 -8.657689 0.529240 -0.063455 0.088736 -0.841430
1678843056932 -1.500731 -0.365842 -8.704038 0.517368 -0.020171 0.125124 -0.846326
1678843056965 -1.486498 -0.369870 -8.728755 0.518450 -0.002067 0.137987 -0.843899
1678843057012 -1.469734 -0.375734 -8.753313 0.519503 0.015666 0.150805 -0.840910
1678843057065 -1.429127 -0.387083 -8.799057 0.511305 0.050881 0.180932 -0.838595
1678843057130 -1.411566 -0.391513 -8.826729 0.507072 0.067973 0.191126 -0.837692
1678843057154 -1.386237 -0.392005 -8.847133 0.505358 0.087929 0.196286 -0.835675
1678843057205 -1.333259 -0.380126 -8.883556 0.509930 0.131987 0.180284 -0.830692
1678843057253 -1.283231 -0.362908 -8.917497 0.507865 0.184884 0.161506 -0.825716
1678843057310 -1.256202 -0.357833 -8.928262 0.499454 0.210606 0.164669 -0.824060
1678843057337 -1.228982 -0.358310 -8.939625 0.494495 0.226924 0.176872 -0.820181
1678843057400 -1.174881 -0.366018 -8.962016 0.489587 0.240380 0.210948 -0.811186
1678843057439 -1.147285 -0.366162 -8.969412 0.487829 0.250453 0.222228 -0.806170
1678843057472 -1.123378 -0.367787 -8.977532 0.484242 0.267899 0.229050 -0.800797
1678843057534 -1.073721 -0.373805 -8.992741 0.474464 0.298678 0.242099 -0.791874
1678843057575 -1.047006 -0.378329 -8.998778 0.472213 0.315607 0.249921 -0.784185
1678843057612 -1.019111 -0.382963 -9.004769 0.471100 0.329324 0.258848 -0.776279
1678843057662 -0.961823 -0.382356 -9.011496 0.460731 0.357438 0.272087 -0.765463
1678843057722 -0.931632 -0.383019 -9.014959 0.450818 0.375170 0.278726 -0.760475
1678843057748 -0.894934 -0.376514 -9.017207 0.435381 0.389732 0.288976 -0.758318
1678843057806 -0.833280 -0.372230 -9.022554 0.408764 0.426657 0.301056 -0.748493
1678843057838 -0.802437 -0.370430 -9.026162 0.408767 0.443030 0.308914 -0.735667
1678843057876 -0.769864 -0.368643 -9.028228 0.406151 0.448329 0.323151 -0.727747
1678843057938 -0.714303 -0.359302 -9.022884 0.384940 0.502789 0.334997 -0.697711
1678843057981 -0.686031 -0.359934 -9.017384 0.376218 0.525825 0.349623 -0.678035
1678843058016 -0.656840 -0.365687 -9.009110 0.368131 0.532964 0.379671 -0.660515
1678843058070 -0.603051 -0.370218 -8.989047 0.340084 0.565662 0.416247 -0.625386
1678843058164 -0.587122 -0.369377 -8.976511 0.326041 0.580091 0.423834 -0.614457
1678843058189 -0.519794 -0.373946 -8.948769 0.321632 0.613684 0.431050 -0.578049
1678843058253 -0.475702 -0.374051 -8.941951 0.321851 0.617364 0.433533 -0.572121
1678843058269 -0.450100 -0.379010 -8.933898 0.322617 0.621354 0.434162 -0.566869
1678843058330 -0.396840 -0.387356 -8.920862 0.320273 0.626216 0.431031 -0.565235
1678843058369 -0.361198 -0.387176 -8.918044 0.318119 0.626977 0.427638 -0.568178
1678843058420 -0.333919 -0.387649 -8.913993 0.316052 0.630283 0.422681 -0.569382
1678843058469 -0.273247 -0.384680 -8.907053 0.321935 0.621751 0.429803 -0.570134
1678843058527 -0.219622 -0.376363 -8.895630 0.321432 0.620744 0.438352 -0.564983
1678843058558 -0.190263 -0.370580 -8.889668 0.314153 0.628948 0.436220 -0.561644
1678843058595 -0.165140 -0.365527 -8.883140 0.305178 0.632593 0.437510 -0.561495
1678843058657 -0.109415 -0.355877 -8.875274 0.297991 0.628631 0.439558 -0.568166
1678843058706 -0.083490 -0.351230 -8.873377 0.300228 0.625215 0.434812 -0.574376
1678843058755 -0.035276 -0.343117 -8.873059 0.304010 0.626009 0.419079 -0.583149
1678843058809 -0.010388 -0.340884 -8.873360 0.306054 0.625689 0.413193 -0.586614
1678843058859 0.015875 -0.341409 -8.873472 0.308598 0.623638 0.410726 -0.589192
1678843058902 0.068962 -0.346926 -8.874043 0.308328 0.619771 0.408870 -0.594679
1678843058952 0.126796 -0.355437 -8.873847 0.311738 0.612653 0.411251 -0.598622
1678843059009 0.155874 -0.359517 -8.874681 0.314287 0.611308 0.409297 -0.600001
1678843059063 0.213268 -0.368138 -8.874594 0.313525 0.613389 0.404306 -0.601658
1678843059124 0.275328 -0.374550 -8.870121 0.305145 0.616228 0.410070 -0.599160
1678843059160 0.307506 -0.376982 -8.865543 0.299354 0.610625 0.421661 -0.599772
1678843059198 0.337894 -0.375834 -8.859229 0.297299 0.602251 0.437461 -0.597942
1678843059299 0.383615 -0.358541 -8.841679 0.274238 0.639014 0.432861 -0.573660
1678843059336 0.426012 -0.353561 -8.818865 0.249042 0.655025 0.453401 -0.550771
1678843059364 0.453125 -0.354622 -8.806715 0.241860 0.654354 0.470192 -0.540595
1678843059425 0.492364 -0.351740 -8.782824 0.232588 0.667540 0.477455 -0.521851
1678843059464 0.507412 -0.349401 -8.769494 0.228552 0.675827 0.477709 -0.512655
1678843059527 0.527551 -0.346609 -8.742059 0.224047 0.691826 0.471615 -0.498758
1678843059556 0.539637 -0.345915 -8.728412 0.223851 0.697683 0.469703 -0.492451
1678843059625 0.551636 -0.346628 -8.714509 0.223753 0.701299 0.468911 -0.488095
1678843059643 0.565998 -0.347776 -8.701812 0.226632 0.703695 0.467293 -0.484859
1678843059682 0.590976 -0.353784 -8.671834 0.231538 0.707913 0.467761 -0.475867
1678843059743 0.608269 -0.358718 -8.653851 0.229419 0.709709 0.471133 -0.470865
1678843059797 0.621744 -0.363725 -8.635755 0.225047 0.710928 0.474543 -0.467700
1678843059824 0.651239 -0.372871 -8.596621 0.213782 0.715425 0.479318 -0.461215
1678843059874 0.665679 -0.371903 -8.577035 0.209614 0.717897 0.478843 -0.459777
1678843059909 0.683568 -0.373749 -8.555199 0.208576 0.719641 0.477053 -0.459384
1678843059967 0.720994 -0.374575 -8.509293 0.212118 0.728099 0.467331 -0.454399
1678843060010 0.740373 -0.375573 -8.484268 0.214116 0.730954 0.463680 -0.452616
1678843060057 0.762740 -0.377323 -8.457844 0.217035 0.727676 0.468157 -0.451899
1678843060103 0.803140 -0.378686 -8.406682 0.234889 0.712460 0.480254 -0.454514
1678843060162 0.835917 -0.374635 -8.361203 0.245463 0.711649 0.484413 -0.445699
1678843060216 0.849514 -0.371146 -8.342443 0.241847 0.711825 0.485050 -0.446701
1678843060258 0.876450 -0.367283 -8.311466 0.232217 0.712219 0.481640 -0.454799
1678843060305 0.891224 -0.365727 -8.299213 0.234377 0.711769 0.480771 -0.455315
1678843060357 0.922151 -0.368070 -8.276595 0.237059 0.708633 0.478617 -0.461051
1678843060404 0.939147 -0.372802 -8.264167 0.241034 0.703091 0.484288 -0.461551
1678843060435 0.962230 -0.377760 -8.246619 0.242299 0.699430 0.487837 -0.462714
1678843060496 0.980096 -0.382534 -8.233701 0.242388 0.698804 0.489161 -0.462214
1678843060530 1.011524 -0.388852 -8.212971 0.245153 0.699015 0.490608 -0.458892
1678843060605 1.056327 -0.396347 -8.192053 0.250038 0.703577 0.488304 -0.451685
1678843060644 1.082199 -0.400562 -8.179388 0.250463 0.705358 0.488937 -0.447972
1678843060690 1.107713 -0.404680 -8.169221 0.246906 0.708395 0.490650 -0.443258
1678843060727 1.159716 -0.410647 -8.149175 0.240776 0.720463 0.493564 -0.423503
1678843060771 1.186292 -0.413508 -8.138239 0.227967 0.716396 0.504856 -0.424179
1678843060804 1.213431 -0.416225 -8.127593 0.215621 0.704919 0.521350 -0.429873
1678843060869 1.262694 -0.410414 -8.110662 0.212935 0.711548 0.523927 -0.416963
1678843060919 1.284907 -0.406801 -8.100032 0.196268 0.716270 0.523317 -0.417821
1678843060961 1.327306 -0.404045 -8.073750 0.180800 0.719211 0.530285 -0.410907
1678843061008 1.346731 -0.401884 -8.059106 0.176939 0.723188 0.529766 -0.406251
1678843061072 1.380447 -0.402395 -8.023640 0.172838 0.727089 0.531729 -0.398413
1678843061096 1.394510 -0.402414 -8.004037 0.172445 0.729237 0.532345 -0.393807
1678843061156 1.403408 -0.398516 -7.987850 0.175076 0.734093 0.529670 -0.387177
1678843061185 1.422448 -0.400421 -7.939860 0.167446 0.739252 0.536251 -0.371353
1678843061248 1.429239 -0.399234 -7.914268 0.154859 0.749137 0.536353 -0.356564
1678843061301 1.439820 -0.398549 -7.858120 0.112501 0.763654 0.535561 -0.342564
1678843061345 1.446667 -0.397790 -7.829137 0.100107 0.767853 0.535269 -0.337441
1678843061388 1.454630 -0.393306 -7.800597 0.097001 0.771580 0.532452 -0.334291
1678843061438 1.470275 -0.382327 -7.742448 0.092272 0.778949 0.524106 -0.331718
1678843061497 1.479289 -0.373705 -7.683659 0.076394 0.792345 0.510021 -0.325932
1678843061541 1.484670 -0.374783 -7.652339 0.068351 0.785957 0.518708 -0.329458
1678843061574 1.485603 -0.375133 -7.620957 0.066337 0.786974 0.524870 -0.317462
1678843061632 1.476972 -0.374937 -7.557738 0.050059 0.791257 0.539245 -0.283940
1678843061669 1.469855 -0.376040 -7.526636 0.038724 0.791100 0.547826 -0.269348
1678843061711 1.461123 -0.373040 -7.497386 0.031609 0.798862 0.545986 -0.250440
1678843061763 1.441325 -0.365768 -7.440507 0.022232 0.816143 0.535306 -0.216482
1678843061814 1.431685 -0.364092 -7.412392 0.018756 0.823483 0.532111 -0.195913
1678843061855 1.411266 -0.367053 -7.355381 0.003038 0.831720 0.531093 -0.161778
1678843061931 1.389246 -0.370611 -7.297939 -0.016286 0.840784 0.526716 -0.124046
1678843061969 1.376661 -0.373354 -7.270020 -0.029376 0.845057 0.523202 -0.106182
1678843062029 1.348744 -0.382266 -7.216479 -0.052266 0.853711 0.514399 -0.061967
1678843062055 1.332718 -0.383078 -7.190760 0.064439 -0.857782 -0.508463 0.039024
1678843062099 1.315271 -0.382978 -7.166464 0.075787 -0.861637 -0.501711 0.011162
1678843062166 1.278319 -0.387744 -7.119601 0.107870 -0.861924 -0.493921 -0.038643
1678843062200 1.258292 -0.386452 -7.101945 0.120884 -0.861811 -0.487545 -0.070481
1678843062239 1.236558 -0.385272 -7.087824 0.136502 -0.860036 -0.481192 -0.100788
1678843062321 1.192425 -0.383473 -7.060224 0.176846 -0.846537 -0.482535 -0.138784
1678843062364 1.156447 -0.374204 -7.044994 0.189003 -0.843523 -0.466393 -0.187680
1678843062425 1.139775 -0.370290 -7.038522 0.191249 -0.842198 -0.459205 -0.207985
1678843062469 1.102888 -0.366462 -7.019849 0.192673 -0.834142 -0.458336 -0.238772
1678843062523 1.068429 -0.373625 -7.011093 0.199509 -0.822309 -0.463811 -0.262459
1678843062571 1.050511 -0.379170 -7.008952 0.206705 -0.815275 -0.467472 -0.272159
1678843062621 1.032274 -0.384938 -7.008632 0.214905 -0.808264 -0.468976 -0.283878
1678843062658 1.013101 -0.391308 -7.009654 0.225972 -0.801239 -0.468620 -0.295548
1678843062727 0.974016 -0.405595 -7.018348 0.253139 -0.787810 -0.463978 -0.316228
1678843062764 0.924988 -0.419409 -7.019553 0.279885 -0.775620 -0.461616 -0.327092
1678843062824 0.872307 -0.424884 -7.027638 0.296702 -0.767782 -0.452998 -0.342450
1678843062854 0.841220 -0.425242 -7.026876 0.298887 -0.765474 -0.447722 -0.352507
1678843062909 0.808264 -0.425068 -7.025050 0.298320 -0.763340 -0.443898 -0.362315
1678843062946 0.769348 -0.419771 -7.021832 0.299936 -0.761435 -0.445507 -0.363013
1678843063005 0.698149 -0.419814 -7.012678 0.307156 -0.754440 -0.459729 -0.353730
1678843063042 0.664151 -0.406639 -7.012682 0.303632 -0.749717 -0.462447 -0.363146
1678843063111 0.602392 -0.396386 -7.009414 0.306789 -0.746438 -0.453135 -0.378654
1678843063137 0.576158 -0.400999 -7.004891 0.311362 -0.747502 -0.447416 -0.379621
1678843063179 0.549524 -0.397560 -7.000305 0.311047 -0.747173 -0.447126 -0.380869
1678843063243 0.501541 -0.393252 -6.987980 0.309712 -0.748147 -0.446204 -0.381126
1678843063297 0.451861 -0.393607 -6.975570 0.312649 -0.748507 -0.438405 -0.387025
1678843063354 0.421623 -0.402937 -6.964656 0.317027 -0.750411 -0.430808 -0.388306
1678843063386 0.395194 -0.405965 -6.956355 0.319731 -0.752531 -0.423946 -0.389537
1678843063454 0.336459 -0.413619 -6.936224 0.317543 -0.751259 -0.420124 -0.397834
1678843063506 0.279134 -0.416245 -6.918502 0.313137 -0.750154 -0.411510 -0.412158
1678843063563 0.220100 -0.415392 -6.901122 0.321492 -0.743183 -0.422862 -0.406828
1678843063590 0.193119 -0.411435 -6.894303 0.318531 -0.741012 -0.419085 -0.416901
1678843063629 0.164038 -0.407497 -6.888030 0.320931 -0.738445 -0.413283 -0.425323
1678843063706 0.109622 -0.411434 -6.874415 0.345784 -0.735510 -0.407590 -0.416329
1678843063743 0.082184 -0.415535 -6.864512 0.346146 -0.732923 -0.412987 -0.415269
1678843063806 0.034300 -0.416723 -6.848465 0.342128 -0.731403 -0.415657 -0.418601
1678843063834 0.010400 -0.419787 -6.840062 0.340643 -0.730552 -0.420428 -0.416528
1678843063897 -0.013182 -0.424721 -6.830914 0.339548 -0.731337 -0.425188 -0.411180
1678843063943 -0.057747 -0.427547 -6.812909 0.334292 -0.735622 -0.434110 -0.398318
1678843063969 -0.081835 -0.431747 -6.801934 0.329570 -0.738895 -0.438882 -0.390896
1678843064038 -0.125247 -0.440374 -6.777723 0.316920 -0.751315 -0.445366 -0.369779
1678843064096 -0.173054 -0.444331 -6.747202 0.294993 -0.768055 -0.452537 -0.343920
1678843064157 -0.199974 -0.443506 -6.732663 0.289104 -0.772175 -0.465872 -0.321137
1678843064177 -0.223828 -0.445929 -6.714528 0.284888 -0.771441 -0.487788 -0.292884
1678843064241 -0.255616 -0.434663 -6.688875 0.257317 -0.779747 -0.499026 -0.277048
1678843064289 -0.275067 -0.428372 -6.677858 0.257227 -0.785960 -0.494043 -0.268371
1678843064344 -0.293173 -0.421015 -6.665391 0.251476 -0.789275 -0.494844 -0.262552
1678843064377 -0.324028 -0.405358 -6.632917 0.225924 -0.802401 -0.494723 -0.245683
1678843064448 -0.362911 -0.391486 -6.593799 0.199315 -0.813103 -0.497896 -0.226356
1678843064487 -0.387244 -0.384698 -6.552653 0.175782 -0.824361 -0.497205 -0.205710
1678843064525 -0.398135 -0.383354 -6.529843 0.163383 -0.828324 -0.499422 -0.194329
1678843064575 -0.414203 -0.382901 -6.505194 0.151437 -0.832832 -0.501075 -0.179949
1678843064626 -0.431331 -0.384461 -6.455277 0.129483 -0.839078 -0.503891 -0.158983
1678843064676 -0.440321 -0.387580 -6.428601 0.122518 -0.841193 -0.505231 -0.148745
1678843064726 -0.456381 -0.397249 -6.373274 0.116130 -0.839692 -0.513916 -0.131613
1678843064769 -0.456814 -0.404412 -6.346448 0.116544 -0.836309 -0.521281 -0.123572
1678843064834 -0.473189 -0.413718 -6.284441 0.129052 -0.820277 -0.547884 -0.101558
1678843064866 -0.478539 -0.412417 -6.252934 0.125392 -0.814025 -0.558249 -0.099989
1678843064911 -0.484359 -0.407072 -6.223857 0.123606 -0.811750 -0.561245 -0.103864
1678843064961 -0.501532 -0.398340 -6.166355 0.133578 -0.807696 -0.563544 -0.110463
1678843065016 -0.509411 -0.394868 -6.139427 0.145833 -0.807065 -0.562090 -0.106927
1678843065052 -0.518693 -0.392576 -6.112357 0.152837 -0.808035 -0.560094 -0.100079
1678843065103 -0.528350 -0.373799 -6.063221 0.143925 -0.812912 -0.556244 -0.095140
1678843065165 -0.539411 -0.351430 -6.012863 0.132372 -0.821660 -0.547433 -0.087579
1678843065196 -0.542062 -0.344052 -5.990994 0.128927 -0.825397 -0.543571 -0.081417
1678843065247 -0.543886 -0.338544 -5.969133 0.126561 -0.828866 -0.539962 -0.073510
1678843065289 -0.540716 -0.334841 -5.952246 0.123196 -0.831962 -0.537032 -0.065264
1678843065343 -0.539875 -0.331646 -5.908828 0.120512 -0.835271 -0.534496 -0.045968
1678843065388 -0.536251 -0.332065 -5.891309 0.120255 -0.835483 -0.535049 -0.035059
1678843065448 -0.530538 -0.330902 -5.847813 0.117517 -0.838308 -0.532335 -0.006970
1678843065476 -0.525393 -0.328780 -5.824122 0.111343 -0.832929 -0.541841 0.015511
1678843065537 -0.511902 -0.318612 -5.782949 0.079233 -0.833238 -0.546304 0.031428
1678843065570 -0.505861 -0.314733 -5.763509 0.075392 -0.838353 -0.538319 0.041152
1678843065643 -0.490827 -0.314436 -5.720508 -0.064584 0.838168 0.537713 -0.064556
1678843065675 -0.482373 -0.315923 -5.699405 -0.052418 0.834948 0.542608 -0.075432
1678843065727 -0.463076 -0.317301 -5.653469 -0.037724 0.836342 0.539184 -0.091592
1678843065766 -0.456354 -0.317793 -5.628464 -0.035710 0.838367 0.535368 -0.096161
1678843065839 -0.437894 -0.324478 -5.577573 -0.045764 0.843628 0.524603 -0.104828
1678843065871 -0.427953 -0.327447 -5.550475 -0.053560 0.846245 0.519451 -0.105700
1678843065908 -0.420033 -0.330571 -5.524336 -0.061502 0.850834 0.512403 -0.098699
1678843065974 -0.412350 -0.334497 -5.494618 -0.076453 0.853032 0.507440 -0.094849
1678843066024 -0.393570 -0.340043 -5.412799 0.084311 -0.836683 -0.536049 0.074190
1678843066075 -0.391466 -0.340261 -5.388116 0.094472 -0.837990 -0.534053 0.060280
1678843066127 -0.396246 -0.341108 -5.341099 0.123501 -0.838602 -0.529241 0.037395
1678843066199 -0.400298 -0.339869 -5.285609 0.129243 -0.840565 -0.525599 0.022218
1678843066242 -0.403510 -0.340290 -5.256016 0.128144 -0.841770 -0.524153 0.016312
1678843066334 -0.413974 -0.347363 -5.192196 0.131028 -0.841021 -0.524838 0.007821
1678843066347 -0.419632 -0.351555 -5.161732 0.132085 -0.840964 -0.524709 0.003595
1678843066383 -0.430341 -0.354217 -5.094652 0.138492 -0.845491 -0.515718 -0.000241
1678843066456 -0.435766 -0.354534 -5.060072 0.142783 -0.848151 -0.510150 0.000635
1678843066497 -0.446597 -0.350175 -4.992868 0.144015 -0.852406 -0.502620 0.006097
1678843066540 -0.452550 -0.347140 -4.958080 0.141899 -0.853261 -0.501724 0.009110
1678843066576 -0.458096 -0.343170 -4.922798 0.138027 -0.849982 -0.508115 0.017291
1678843066630 -0.473971 -0.331580 -4.860503 0.122054 -0.848553 -0.514784 0.007648
1678843066669 -0.481296 -0.324639 -4.832500 0.120133 -0.850031 -0.512819 0.005622
1678843066728 -0.489893 -0.322458 -4.803124 0.118088 -0.849479 -0.514217 0.004564
1678843066771 -0.504785 -0.322142 -4.744595 0.104293 -0.846230 -0.522501 0.003192
1678843066835 -0.520599 -0.326491 -4.686645 0.095622 -0.845407 -0.525468 0.005206
1678843066871 -0.529599 -0.330454 -4.651855 0.090188 -0.845011 -0.527077 0.003376
1678843066911 -0.538164 -0.334705 -4.621207 0.087296 -0.845460 -0.526852 0.001830
1678843066968 -0.557400 -0.344709 -4.554278 0.083865 -0.843023 -0.531299 0.000667
1678843067033 -0.577123 -0.352543 -4.484870 0.083834 -0.841904 -0.533039 -0.006273
1678843067070 -0.584849 -0.356034 -4.451899 0.083029 -0.842198 -0.532590 -0.012508
1678843067104 -0.594886 -0.354711 -4.416217 0.080660 -0.844209 -0.529448 -0.022152
1678843067167 -0.614451 -0.350137 -4.342782 0.084114 -0.841527 -0.532841 -0.028949
1678843067230 -0.638725 -0.340010 -4.272834 0.089714 -0.845098 -0.524580 -0.050755
1678843067267 -0.651450 -0.337413 -4.237978 0.103341 -0.843701 -0.524193 -0.052070
1678843067329 -0.680514 -0.333498 -4.172668 0.127190 -0.840884 -0.522553 -0.060622
1678843067364 -0.694303 -0.331813 -4.139284 0.134715 -0.844154 -0.514319 -0.068794
1678843067400 -0.708808 -0.330462 -4.108418 0.142668 -0.845834 -0.508620 -0.074266
1678843067461 -0.737909 -0.332821 -4.044466 0.150308 -0.849808 -0.498933 -0.079367
1678843067512 -0.753178 -0.336281 -4.010819 0.149647 -0.850235 -0.498427 -0.079221
1678843067555 -0.783162 -0.341764 -3.947308 0.141580 -0.852761 -0.496380 -0.079758
1678843067596 -0.800247 -0.346386 -3.914163 0.135818 -0.853580 -0.496816 -0.078284
1678843067642 -0.818247 -0.350604 -3.882824 0.131742 -0.852215 -0.500922 -0.073827
1678843067711 -0.858176 -0.362168 -3.817943 0.131838 -0.837471 -0.527826 -0.051594
1678843067769 -0.897404 -0.357364 -3.779738 0.129792 -0.838595 -0.524465 -0.069638
1678843067828 -0.940918 -0.354741 -3.730090 0.152227 -0.837490 -0.518887 -0.078706
1678843067866 -0.960138 -0.364150 -3.712511 0.159411 -0.831560 -0.526534 -0.076532
1678843067928 -0.999142 -0.365659 -3.663768 0.156435 -0.827186 -0.532244 -0.089489
1678843067973 -1.019233 -0.366482 -3.639690 0.157813 -0.828064 -0.529649 -0.094216
1678843068040 -1.039346 -0.368479 -3.615120 0.155913 -0.828999 -0.527469 -0.101134
1678843068067 -1.080207 -0.378748 -3.557247 0.152734 -0.826514 -0.530756 -0.108835
1678843068137 -1.123324 -0.391795 -3.500337 0.153741 -0.821068 -0.537003 -0.117641
1678843068175 -1.146909 -0.398058 -3.471694 0.161146 -0.818487 -0.537535 -0.123152
1678843068267 -1.195449 -0.402906 -3.414466 0.182831 -0.814450 -0.532459 -0.140466
1678843068279 -1.221424 -0.400895 -3.382161 0.190918 -0.810507 -0.534274 -0.145532
1678843068343 -1.266137 -0.384996 -3.326115 0.191828 -0.808680 -0.527091 -0.177239
1678843068390 -1.289896 -0.375030 -3.298378 0.197200 -0.811117 -0.514458 -0.196300
1678843068441 -1.334000 -0.371963 -3.247822 0.233212 -0.804904 -0.505016 -0.206641
1678843068496 -1.376697 -0.371847 -3.195651 0.252507 -0.802548 -0.493119 -0.221338
1678843068555 -1.396564 -0.371783 -3.170512 0.260713 -0.805002 -0.481997 -0.227329
1678843068596 -1.436591 -0.377798 -3.114052 0.273879 -0.811402 -0.460894 -0.232797
1678843068643 -1.452732 -0.380878 -3.087124 0.274405 -0.812714 -0.458406 -0.232509
1678843068695 -1.489299 -0.393765 -3.023391 0.265977 -0.812730 -0.466186 -0.226708
1678843068741 -1.512747 -0.399203 -2.985344 0.261442 -0.813634 -0.472229 -0.215983
1678843068785 -1.549291 -0.410514 -2.923588 0.252121 -0.804102 -0.498471 -0.203425
1678843068862 -1.606544 -0.406776 -2.847162 0.245407 -0.798882 -0.515484 -0.189313
1678843068900 -1.625347 -0.399547 -2.822860 0.238359 -0.798752 -0.514826 -0.200335
1678843068936 -1.644475 -0.394339 -2.799425 0.239429 -0.798979 -0.510409 -0.209256
1678843068997 -1.680472 -0.397078 -2.746953 0.241825 -0.798312 -0.515562 -0.195992
1678843069044 -1.699032 -0.396155 -2.717957 0.230878 -0.797654 -0.521927 -0.195025
1678843069082 -1.715462 -0.396031 -2.688736 0.220417 -0.798792 -0.525802 -0.192044
1678843069131 -1.746824 -0.399605 -2.626564 0.200207 -0.806138 -0.527264 -0.179027
1678843069195 -1.769972 -0.403594 -2.573241 0.183468 -0.809269 -0.531810 -0.169117
1678843069243 -1.780782 -0.408934 -2.546646 0.178113 -0.809250 -0.535078 -0.164563
1678843069286 -1.796977 -0.415145 -2.513582 0.176961 -0.808649 -0.536851 -0.162982
1678843069333 -1.820689 -0.422281 -2.458389 0.186752 -0.807850 -0.535588 -0.160145
1678843069390 -1.848406 -0.413345 -2.389024 0.187809 -0.812292 -0.532492 -0.146160
1678843069462 -1.876470 -0.401652 -2.313020 0.172638 -0.810441 -0.536828 -0.158735
1678843069499 -1.890242 -0.400732 -2.279389 0.182589 -0.805052 -0.544061 -0.150169
1678843069552 -1.899621 -0.398367 -2.249638 0.193038 -0.803482 -0.544614 -0.143345
1678843069611 -1.924068 -0.388886 -2.189825 0.203788 -0.812096 -0.528118 -0.141640
1678843069654 -1.945188 -0.387004 -2.127319 0.202638 -0.819169 -0.521577 -0.125922
1678843069698 -1.950204 -0.388527 -2.101489 0.198615 -0.820416 -0.524821 -0.109692
1678843069740 -1.959756 -0.392096 -2.070195 0.191996 -0.820869 -0.529677 -0.093565
1678843069799 -1.983875 -0.398938 -2.005059 0.172157 -0.826532 -0.531699 -0.067102
1678843069855 -1.994776 -0.403786 -1.978697 0.162106 -0.827292 -0.535074 -0.054817
1678843069894 -2.016512 -0.414855 -1.934132 0.150780 -0.817363 -0.556032 -0.003428
1678843069936 -2.028790 -0.414239 -1.914191 0.130420 -0.813812 -0.566293 -0.003677
1678843069990 -2.041299 -0.411354 -1.901766 0.115963 -0.812249 -0.571418 -0.016884
1678843070029 -2.074774 -0.416505 -1.868220 0.140564 -0.805720 -0.575357 -0.004601
1678843070088 -2.085248 -0.413603 -1.861129 0.138046 -0.803984 -0.578331 -0.009333
1678843070129 -2.110543 -0.406928 -1.826045 0.127795 -0.807461 -0.575680 -0.016369
1678843070203 -2.132758 -0.407798 -1.788038 0.120072 -0.807159 -0.577666 -0.019460
1678843070241 -2.143795 -0.410159 -1.767858 0.118205 -0.806263 -0.579352 -0.017853
1678843070286 -2.161798 -0.412886 -1.736308 0.113537 -0.804488 -0.582576 -0.022652
1678843070333 -2.172393 -0.416196 -1.715311 0.113469 -0.804929 -0.581902 -0.024568
1678843070395 -2.189622 -0.428070 -1.667520 0.111395 -0.801580 -0.586841 -0.026048
1678843070436 -2.198411 -0.433392 -1.641775 0.114000 -0.799537 -0.589221 -0.023721
1678843070497 -2.204384 -0.438931 -1.614737 0.119587 -0.796088 -0.592879 -0.020926
1678843070532 -2.226894 -0.436865 -1.561526 0.127955 -0.798038 -0.588117 -0.029676
1678843070588 -2.234302 -0.432595 -1.536094 0.126796 -0.799542 -0.586446 -0.027142
1678843070630 -2.248814 -0.417338 -1.484513 0.093080 -0.801004 -0.589513 -0.046934
1678843070679 -2.252198 -0.413460 -1.461031 0.088215 -0.798623 -0.593632 -0.044943
1678843070741 -2.257010 -0.404886 -1.418541 0.080477 -0.798387 -0.595495 -0.038564
1678843070776 -2.256876 -0.399570 -1.397098 0.073633 -0.802993 -0.590111 -0.039358
1678843070824 -2.248929 -0.398574 -1.359445 0.071234 -0.797124 -0.599413 -0.014917
1678843070871 -2.242984 -0.397596 -1.341072 0.063589 -0.799038 -0.597887 -0.005060
1678843070906 -2.233841 -0.395177 -1.322665 0.055185 -0.802274 -0.594348 0.007850
1678843070963 -2.210178 -0.396093 -1.282758 -0.024575 0.799819 0.598037 -0.045132
1678843071002 -2.199023 -0.400004 -1.254550 -0.006251 0.792800 0.606014 -0.064624
1678843071100 -2.176634 -0.408289 -1.213251 0.020263 0.781507 0.615062 -0.102641
1678843071123 -2.165461 -0.412515 -1.192351 0.030532 0.780897 0.612870 -0.116865
1678843071164 -2.143161 -0.419124 -1.150688 0.043264 0.780431 0.605745 -0.148758
1678843071216 -2.133575 -0.416968 -1.132524 0.053496 0.782715 0.599206 -0.159521
1678843071297 -2.109291 -0.408702 -1.090357 0.083059 0.787565 0.581006 -0.187816
1678843071311 -2.094681 -0.406284 -1.066404 0.097644 0.774418 0.586183 -0.217097
1678843071360 -2.072225 -0.387044 -1.028705 0.123201 0.773228 0.573367 -0.241228
1678843071418 -2.054348 -0.367459 -0.998729 0.103507 0.785064 0.553958 -0.257083
1678843071459 -2.041773 -0.361014 -0.984172 0.097782 0.782600 0.547199 -0.280266
1678843071502 -2.026097 -0.356107 -0.972471 0.103700 0.775782 0.541782 -0.306400
1678843071570 -1.993572 -0.344786 -0.950166 0.132782 0.767095 0.528137 -0.339126
1678843071671 -1.960936 -0.337638 -0.924798 0.147544 0.759916 0.517308 -0.364900
1678843071685 -1.944585 -0.333345 -0.900880 0.152055 0.754917 0.515177 -0.376260
1678843071740 -1.909740 -0.328992 -0.868131 0.164006 0.747574 0.511715 -0.390363
1678843071778 -1.891792 -0.327471 -0.855437 0.167101 0.748605 0.505360 -0.395322
1678843071861 -1.853055 -0.325119 -0.823241 0.178774 0.756554 0.490525 -0.393764
1678843071890 -1.810395 -0.336699 -0.785967 0.188422 0.758107 0.494731 -0.380804
1678843071940 -1.791311 -0.339521 -0.765024 0.190357 0.766246 0.493099 -0.365355
1678843071990 -1.772117 -0.340572 -0.743954 0.188780 0.779215 0.485674 -0.348291
1678843072035 -1.724578 -0.340083 -0.703669 0.188136 0.803615 0.472435 -0.309214
1678843072080 -1.700950 -0.345490 -0.688464 0.188191 0.812081 0.467645 -0.293967
1678843072147 -1.634325 -0.354078 -0.653209 0.192525 0.791088 0.495305 -0.302963
1678843072204 -1.566549 -0.346630 -0.640921 0.211108 0.788862 0.494284 -0.298015
1678843072269 -1.502718 -0.340325 -0.638090 0.204328 0.786164 0.486250 -0.322115
1678843072297 -1.469194 -0.340194 -0.639207 0.210308 0.778046 0.487907 -0.335204
1678843072354 -1.401298 -0.338978 -0.640298 0.220757 0.760487 0.484804 -0.371336
1678843072404 -1.368255 -0.339003 -0.644745 0.230404 0.750861 0.478976 -0.392051
1678843072436 -1.335700 -0.339445 -0.650315 0.238972 0.741105 0.472380 -0.412932
1678843072495 -1.262369 -0.342852 -0.657390 0.254155 0.715067 0.460747 -0.460214
1678843072570 -1.181733 -0.347522 -0.665983 0.271199 0.677487 0.452984 -0.512120
1678843072599 -1.145885 -0.350618 -0.676111 0.277588 0.659550 0.444830 -0.538577
1678843072639 -1.110347 -0.353252 -0.686900 0.284321 0.641502 0.435624 -0.563798
1678843072695 -1.040381 -0.356311 -0.707286 0.303257 0.606627 0.419892 -0.603100
1678843072742 -1.008266 -0.358274 -0.716670 0.312763 0.592155 0.411684 -0.618100
1678843072794 -0.956171 -0.355393 -0.737370 0.326926 0.574379 0.387688 -0.642578
1678843072836 -0.929432 -0.354440 -0.742974 0.335474 0.572087 0.376185 -0.647038
1678843072906 -0.903917 -0.358034 -0.749669 0.349447 0.552758 0.375278 -0.656895
1678843072951 -0.858035 -0.352493 -0.765612 0.391661 0.523304 0.357890 -0.666835
1678843072996 -0.822666 -0.329598 -0.784097 0.395534 0.514625 0.338431 -0.681307
1678843073057 -0.803575 -0.328353 -0.792958 0.399973 0.502962 0.334474 -0.689331
1678843073084 -0.780973 -0.327652 -0.800516 0.407676 0.489556 0.326242 -0.698356
1678843073139 -0.737498 -0.329252 -0.825566 0.431078 0.456882 0.307861 -0.714599
1678843073228 -0.648557 -0.334414 -0.857075 0.450995 0.434136 0.280600 -0.727594
1678843073267 -0.623199 -0.336329 -0.870212 0.452755 0.428192 0.276461 -0.731597
1678843073332 -0.574202 -0.341244 -0.894789 0.449198 0.422857 0.275572 -0.737206
1678843073363 -0.548759 -0.340692 -0.908496 0.442670 0.428358 0.272116 -0.739260
1678843073408 -0.517134 -0.337723 -0.925043 0.437855 0.431439 0.270791 -0.740821
1678843073464 -0.463413 -0.342912 -0.955697 0.453030 0.420787 0.289063 -0.730852
1678843073508 -0.441388 -0.342820 -0.967899 0.453924 0.426994 0.285713 -0.728009
1678843073555 -0.394922 -0.343269 -0.999318 0.448337 0.416511 0.296149 -0.733354
1678843073608 -0.381339 -0.343490 -1.013027 0.454434 0.413145 0.298788 -0.730429
1678843073671 -0.341967 -0.337728 -1.054260 0.448310 0.405482 0.289977 -0.741967
1678843073703 -0.321926 -0.338084 -1.074889 0.450632 0.400129 0.286824 -0.744687
1678843073737 -0.301940 -0.339653 -1.095954 0.451905 0.393441 0.284875 -0.748219
1678843073802 -0.260413 -0.343920 -1.139447 0.457894 0.371898 0.283674 -0.756012
1678843073871 -0.220208 -0.351767 -1.187477 0.460859 0.352451 0.276349 -0.766171
1678843073899 -0.194358 -0.356953 -1.216083 0.461987 0.340240 0.272563 -0.772343
1678843073966 -0.153118 -0.362248 -1.268227 0.465117 0.318091 0.260652 -0.783929
1678843074005 -0.132793 -0.363815 -1.295224 0.468199 0.305922 0.251081 -0.790038
1678843074045 -0.113619 -0.364788 -1.323078 0.481128 0.284807 0.244031 -0.792370
1678843074102 -0.076333 -0.358295 -1.380935 0.505713 0.250909 0.217793 -0.796156
1678843074158 -0.054085 -0.350753 -1.437803 0.515445 0.214654 0.192943 -0.806854
1678843074195 -0.045589 -0.347824 -1.466062 0.524360 0.198364 0.177057 -0.808919
1678843074248 -0.039059 -0.345566 -1.495167 0.528851 0.182597 0.160239 -0.813203
1678843074312 -0.040594 -0.345594 -1.539942 0.535817 0.152374 0.132045 -0.819906
1678843074351 -0.031038 -0.351070 -1.599482 0.539463 0.129117 0.106720 -0.825178
1678843074407 -0.020295 -0.355531 -1.637031 0.543074 0.118222 0.096143 -0.825742
1678843074462 -0.010976 -0.363468 -1.700537 0.551492 0.102331 0.083115 -0.823697
1678843074506 0.004439 -0.365773 -1.741091 0.550872 0.099557 0.080797 -0.824682
1678843074558 0.015995 -0.369591 -1.807837 0.549423 0.089137 0.089928 -0.825895
1678843074607 0.022230 -0.364345 -1.840735 0.555137 0.084917 0.094126 -0.822041
1678843074643 0.027941 -0.359894 -1.870900 0.555213 0.087682 0.092965 -0.821832
1678843074703 0.040235 -0.359497 -1.928176 0.556094 0.080997 0.102691 -0.820764
1678843074756 0.053911 -0.355947 -1.983937 0.560723 0.071115 0.117977 -0.816464
1678843074806 0.061679 -0.353972 -2.016371 0.556368 0.073316 0.119435 -0.819032
1678843074840 0.067674 -0.351439 -2.043445 0.549930 0.073356 0.122183 -0.822963
1678843074912 0.084252 -0.345523 -2.104494 0.542560 0.070556 0.119165 -0.828523
1678843074948 0.090686 -0.344120 -2.132674 0.541782 0.067372 0.115553 -0.829807
1678843075013 0.104625 -0.346382 -2.195689 0.537606 0.056672 0.107808 -0.834353
1678843075045 0.110660 -0.348600 -2.225905 0.535823 0.051251 0.103467 -0.836398
1678843075100 0.121435 -0.352258 -2.290480 0.528141 0.036988 0.091799 -0.843370
1678843075153 0.123607 -0.351520 -2.321348 0.521683 0.029010 0.082072 -0.848687
1678843075189 0.125246 -0.351582 -2.353185 0.522877 0.011257 0.077096 -0.848840
1678843075235 0.127779 -0.352426 -2.417723 0.541800 -0.019610 0.061650 -0.838014
1678843075297 0.124430 -0.347040 -2.472800 0.540371 -0.036009 0.041146 -0.839649
1678843075349 0.119262 -0.349224 -2.496863 0.542350 -0.049069 0.037723 -0.837870
1678843075392 0.116280 -0.350214 -2.524951 0.543507 -0.064547 0.030928 -0.836347
1678843075435 0.106963 -0.350151 -2.575246 0.552203 -0.093051 0.006917 -0.828472
1678843075513 0.093579 -0.354411 -2.628251 0.559696 -0.108279 -0.018906 -0.821376
1678843075533 0.087572 -0.359041 -2.657988 0.561607 -0.112899 -0.027984 -0.819187
1678843075597 0.075773 -0.368990 -2.720476 0.563134 -0.114751 -0.039018 -0.817429
1678843075637 0.068706 -0.371863 -2.747589 0.561517 -0.113446 -0.041607 -0.818595
1678843075696 0.057350 -0.378253 -2.812470 0.562073 -0.100616 -0.044310 -0.819748
1678843075751 0.056408 -0.372729 -2.847816 0.566704 -0.097232 -0.036880 -0.817333
1678843075771 0.053280 -0.370505 -2.879376 0.568552 -0.092998 -0.027281 -0.816919
1678843075832 0.048901 -0.360812 -2.945905 0.561338 -0.067274 -0.022112 -0.824552
1678843075889 0.045852 -0.359622 -3.002838 0.560067 -0.055133 0.003666 -0.826602
1678843075934 0.042181 -0.360784 -3.031718 0.563295 -0.049769 0.017058 -0.824579
1678843075970 0.040509 -0.360058 -3.059248 0.562769 -0.047212 0.026785 -0.824830
1678843076029 0.037885 -0.358887 -3.114990 0.556877 -0.037987 0.038638 -0.828825
1678843076087 0.035061 -0.365298 -3.175242 0.552043 -0.042731 0.053966 -0.830969
1678843076140 0.033036 -0.368777 -3.203817 0.553525 -0.042945 0.056796 -0.829783
1678843076189 0.031322 -0.373545 -3.236629 0.554813 -0.044881 0.060204 -0.828579
1678843076251 0.026506 -0.382006 -3.305616 0.554657 -0.053967 0.063191 -0.827919
1678843076287 0.019484 -0.385569 -3.372678 0.554129 -0.064523 0.065875 -0.827308
1678843076338 0.015348 -0.385028 -3.408218 0.557404 -0.069578 0.066993 -0.824604
1678843076381 0.011710 -0.383202 -3.439812 0.562963 -0.073746 0.064782 -0.820632
1678843076429 0.004550 -0.376715 -3.495660 0.560673 -0.074127 0.055905 -0.822816
1678843076498 -0.002451 -0.372885 -3.554257 0.560627 -0.075144 0.048092 -0.823248
1678843076538 -0.004496 -0.371704 -3.577955 0.560773 -0.074278 0.040530 -0.823635
1678843076574 -0.007593 -0.369592 -3.606064 0.560138 -0.071467 0.034612 -0.824584
1678843076638 -0.012978 -0.366994 -3.645163 0.558299 -0.062363 0.025113 -0.826911
1678843076695 -0.017167 -0.371146 -3.701943 0.555177 -0.046907 0.025026 -0.830031
1678843076733 -0.016343 -0.373552 -3.729309 0.553494 -0.037299 0.029893 -0.831480
1678843076784 -0.016757 -0.375816 -3.756687 0.549610 -0.023917 0.035205 -0.834337
1678843076827 -0.015133 -0.381969 -3.811894 0.545744 0.002794 0.057009 -0.836006
1678843076867 -0.013925 -0.383614 -3.837874 0.549666 0.014078 0.069395 -0.832378
1678843076909 -0.012203 -0.380458 -3.860457 0.550744 0.030443 0.079068 -0.830363
1678843076946 -0.008533 -0.375479 -3.904114 0.548526 0.062821 0.104093 -0.827247
1678843077027 -0.005823 -0.379030 -3.951385 0.541747 0.083941 0.135645 -0.825266
1678843077060 -0.003980 -0.381816 -3.974213 0.543714 0.088962 0.151345 -0.820704
1678843077120 -0.000366 -0.382865 -4.016596 0.539140 0.109783 0.170215 -0.817497
1678843077176 0.002547 -0.382943 -4.036924 0.537517 0.121506 0.176034 -0.815674
1678843077255 0.008851 -0.385815 -4.077344 0.535246 0.137230 0.185729 -0.812517
1678843077279 0.012941 -0.389644 -4.098855 0.533880 0.140845 0.191151 -0.811539
1678843077308 0.016708 -0.390835 -4.117134 0.530963 0.141380 0.196798 -0.812010
1678843077358 0.024393 -0.394270 -4.160127 0.521236 0.143141 0.202886 -0.816493
1678843077429 0.031061 -0.391878 -4.202028 0.533496 0.137604 0.201933 -0.809735
1678843077457 0.034473 -0.385199 -4.219162 0.533105 0.145440 0.196211 -0.810029
1678843077516 0.042355 -0.380613 -4.245313 0.523548 0.159138 0.199958 -0.812766
1678843077566 0.047329 -0.381694 -4.261939 0.524092 0.162623 0.205906 -0.810237
1678843077600 0.050872 -0.383895 -4.270595 0.525252 0.164924 0.211621 -0.807544
1678843077669 0.059633 -0.381977 -4.298913 0.525141 0.183765 0.215045 -0.802628
1678843077718 0.071075 -0.381719 -4.323573 0.520272 0.212544 0.222118 -0.796747
1678843077768 0.077773 -0.382962 -4.334800 0.516585 0.227253 0.229119 -0.793095
1678843077828 0.091367 -0.388501 -4.362180 0.510379 0.258146 0.245797 -0.782597
1678843077867 0.097222 -0.388194 -4.370857 0.503945 0.275155 0.254953 -0.778028
1678843077913 0.107305 -0.387817 -4.379958 0.488250 0.309640 0.282851 -0.765331
1678843077973 0.110091 -0.385915 -4.384429 0.477988 0.330945 0.292599 -0.759202
1678843078027 0.119625 -0.382014 -4.399612 0.454082 0.356974 0.316107 -0.752632
1678843078062 0.123406 -0.379812 -4.403393 0.453957 0.364297 0.323010 -0.746241
1678843078100 0.125118 -0.379068 -4.404574 0.456714 0.373244 0.327998 -0.737915
1678843078157 0.128366 -0.375532 -4.405381 0.448435 0.392886 0.331957 -0.730994
1678843078216 0.132897 -0.376970 -4.408370 0.438883 0.412814 0.334534 -0.724606
1678843078268 0.134990 -0.378676 -4.408063 0.436960 0.416151 0.338483 -0.722021
1678843078304 0.138732 -0.378634 -4.411125 0.439156 0.417879 0.342906 -0.717589
1678843078364 0.138848 -0.379185 -4.409845 0.439336 0.424150 0.347922 -0.711358
1678843078397 0.139094 -0.377195 -4.407266 0.436413 0.428909 0.349925 -0.709319
1678843078437 0.138833 -0.378135 -4.406450 0.432060 0.434504 0.352152 -0.707474
1678843078488 0.139167 -0.379361 -4.406113 0.427952 0.437671 0.354873 -0.706658
1678843078532 0.140405 -0.376000 -4.411260 0.427709 0.440659 0.358875 -0.702917
1678843078570 0.141582 -0.376075 -4.411857 0.427879 0.441110 0.359772 -0.702072
1678843078614 0.143060 -0.374017 -4.413713 0.425336 0.444816 0.360290 -0.701013
1678843078661 0.143446 -0.373138 -4.414023 0.424428 0.447268 0.358570 -0.700885
1678843078722 0.144071 -0.373100 -4.422433 0.427581 0.448272 0.356591 -0.699335
1678843078752 0.144289 -0.373588 -4.423120 0.428837 0.448298 0.355785 -0.698960
1678843078792 0.144686 -0.373796 -4.425618 0.428600 0.448567 0.354781 -0.699442
1678843078842 0.144960 -0.374519 -4.426301 0.429002 0.448404 0.354041 -0.699676
1678843078890 0.145815 -0.376283 -4.427790 0.431856 0.446705 0.353391 -0.699335
1678843078928 0.146679 -0.376841 -4.428891 0.432967 0.445949 0.353522 -0.699065
1678843078998 0.147087 -0.377494 -4.430079 0.434426 0.444925 0.353329 -0.698909
1678843079023 0.148043 -0.378402 -4.431070 0.436667 0.442489 0.352847 -0.699302
1678843079064 0.149025 -0.378915 -4.431170 0.437654 0.440995 0.353875 -0.699110
1678843079106 0.150464 -0.379730 -4.431699 0.439490 0.437966 0.354959 -0.699313
1678843079159 0.150657 -0.379605 -4.432493 0.437973 0.439457 0.352517 -0.700563
