# Created at Tue Mar 14 18:17:04 MST 2023
1678843025247 0.095906 0.108734 -0.145386
1678843025251 -0.408058 0.115454 -0.105069
1678843025268 -0.324369 -0.007330 0.011606
1678843025273 0.258396 0.241292 0.029932
1678843025278 0.163712 0.320093 0.026878
1678843025283 0.064752 -0.079412 0.067806
1678843025288 0.046426 -0.193644 0.109956
1678843025295 0.115454 -0.047647 0.098960
1678843025301 0.157603 0.035430 0.051924
1678843025306 0.131336 -0.100793 -0.008552
1678843025310 0.080634 -0.229685 -0.047647
1678843025314 -0.058032 -0.158825 -0.054978
1678843025316 -0.249844 -0.028100 -0.037263
1678843025321 -0.319483 0.000611 -0.024435
1678843025324 -0.226020 -0.022602 0.009163
1678843025330 -0.128282 -0.029932 0.056810
1678843025333 -0.108123 -0.076358 0.032987
1678843025337 -0.063530 -0.227242 -0.001833
1678843025342 0.116064 -0.331700 -0.001222
1678843025345 0.259618 -0.289550 -0.064752
1678843025348 0.154549 -0.025656 -0.084299
1678843025351 -0.010385 -0.172875 -0.086132
1678843025354 0.018326 -0.411723 -0.114232
1678843025357 0.182038 -0.291383 -0.169210
1678843025360 0.179594 -0.155160 -0.175929
1678843025379 0.056200 -0.171653 -0.150273
1678843025407 0.033598 -0.147829 -0.204029
1678843025439 0.100793 -0.147219 -0.252898
1678843025484 0.161879 -0.257174 -0.224798
1678843025491 0.127671 0.000611 -0.204640
1678843025508 -0.049480 0.096517 -0.216246
1678843025558 -0.171653 -0.118508 -0.307265
1678843025570 -0.096517 -0.062919 -0.357967
1678843025593 -0.087354 0.161879 -0.420886
1678843025610 -0.266337 0.199142 -0.513738
1678843025639 -0.575435 -0.039095 -0.183260
1678843025686 -0.526566 -0.362243 -0.094684
1678843025704 -0.168599 -0.265116 -0.120340
1678843025717 -0.007330 0.011606 -0.116675
1678843025738 -0.072693 0.030543 -0.142332
1678843025764 -0.213803 -0.100793 -0.194866
1678843025796 -0.223577 -0.131947 -0.194255
1678843025819 -0.217468 0.121562 -0.299324
1678843025841 -0.054367 0.248622 -0.324980
1678843025867 -0.044593 0.153938 -0.277333
1678843025900 -0.088575 0.139277 -0.266948
1678843025919 -0.105069 0.219301 -0.243124
1678843025952 -0.257174 0.261450 -0.173486
1678843025969 -0.318872 0.311541 -0.106291
1678843026004 -0.251676 0.324369 -0.039706
1678843026028 -0.106901 0.077580 0.080634
1678843026071 -0.046426 0.120340 0.227853
1678843026075 -0.025045 0.062919 0.220522
1678843026109 0.015882 0.106291 0.014661
1678843026129 0.038485 0.207083 -0.208305
1678843026168 0.168599 0.075747 -0.268170
1678843026189 0.314596 -0.103847 -0.204029
1678843026212 0.081856 0.029932 -0.139277
1678843026233 -0.294437 -0.043371 0.037874
1678843026264 -0.452651 -0.227853 0.212581
1678843026277 -0.430660 -0.331700 0.244346
1678843026320 -0.267559 -0.201586 0.190590
1678843026342 0.004276 -0.114843 0.086743
1678843026355 0.323148 -0.459982 -0.006109
1678843026384 0.525344 -0.584598 -0.089797
1678843026411 0.546724 -0.337808 -0.107512
1678843026434 0.345139 -0.111177 -0.155160
1678843026463 0.103847 -0.313374 -0.268170
1678843026484 0.074526 -0.458149 -0.335976
1678843026515 0.196088 -0.276111 -0.349415
1678843026534 0.197920 -0.160658 -0.375682
1678843026568 0.053756 -0.218079 -0.426384
1678843026610 -0.018326 -0.373850 -0.478918
1678843026614 0.169821 -0.280387 -0.507018
1678843026637 0.323148 -0.144164 -0.540616
1678843026664 0.345750 -0.119119 -0.521679
1678843026688 0.339641 -0.423940 -0.434936
1678843026716 0.086132 -0.131336 -0.553444
1678843026756 -0.262061 0.097128 -0.667676
1678843026767 -0.255342 0.135001 -0.635300
1678843026813 0.323759 -0.363465 -0.548557
1678843026832 0.686002 -0.202196 -0.632246
1678843026842 0.171653 0.356134 -0.907746
1678843026869 -0.514959 0.233961 -1.163698
1678843026917 -0.244346 -0.138056 -1.080621
1678843026934 0.536340 -0.028711 -1.003041
1678843026945 0.708604 0.147829 -1.172861
1678843027006 0.430660 -0.068417 -1.112996
1678843027021 0.125227 -0.373850 -0.891252
1678843027034 0.106901 -0.088575 -0.751364
1678843027048 0.149051 0.095295 -0.733649
1678843027073 0.162490 -0.186314 -0.675617
1678843027099 0.225409 -0.266337 -0.535729
1678843027127 0.263283 -0.095906 -0.423330
1678843027150 0.200364 -0.061087 -0.263283
1678843027176 0.048869 -0.140499 -0.094684
1678843027229 -0.202807 -0.141721 -0.003665
1678843027242 -0.127671 -0.248622 0.056200
1678843027254 0.342085 -0.582155 0.002443
1678843027279 0.273057 -0.044593 -0.022602
1678843027311 -0.271835 -0.204640 0.103236
1678843027331 -0.343306 -0.596204 0.095906
1678843027375 0.174097 -0.678671 -0.127060
1678843027389 0.431882 -0.271835 -0.364687
1678843027410 0.136834 -0.135001 -0.388510
1678843027439 -0.350637 -0.150273 -0.358578
1678843027465 -0.503964 -0.199142 -0.330478
1678843027485 -0.201586 -0.423330 -0.274278
1678843027529 0.326202 -0.242514 -0.204029
1678843027547 0.505796 -0.163101 -0.174097
1678843027564 0.417832 -0.332311 -0.067806
1678843027590 0.349415 -0.468534 -0.000611
1678843027614 0.262672 -0.397062 -0.034208
1678843027639 0.193033 -0.286496 -0.068417
1678843027684 0.121562 -0.340252 -0.110567
1678843027703 0.043982 -0.413556 -0.204029
1678843027715 -0.062919 -0.320704 -0.340863
1678843027741 -0.090408 -0.302378 -0.439823
1678843027780 -0.065973 -0.344528 -0.416610
1678843027792 0.009163 -0.454484 -0.313985
1678843027818 -0.172875 -0.616363 -0.210138
1678843027843 -0.673784 0.116064 -0.132558
1678843027869 -0.415388 -0.229074 -0.213803
1678843027899 0.353691 -0.207694 -0.318261
1678843027926 0.684780 0.097738 -0.318872
1678843027946 0.326202 0.281609 -0.348804
1678843027982 -0.393397 0.290772 -0.442877
1678843028001 -0.515570 0.317039 -0.421497
1678843028032 0.015882 0.046426 -0.314596
1678843028049 0.568716 0.174707 -0.265726
1678843028074 0.637743 0.458149 -0.294437
1678843028101 0.392786 0.391565 -0.224798
1678843028126 0.108123 0.308487 -0.026878
1678843028151 -0.042761 0.521068 0.153938
1678843028177 -0.115454 0.552222 0.269392
1678843028203 -0.108734 0.417832 0.458149
1678843028236 -0.036652 0.289550 0.647517
1678843028280 0.070250 0.273057 0.770301
1678843028285 -0.001833 0.419664 0.907746
1678843028305 -0.241903 0.276111 1.024421
1678843028333 -0.309709 -0.192423 1.095281
1678843028360 -0.661567 0.395841 1.212568
1678843028389 -1.187522 0.948063 1.458135
1678843028426 -1.050688 0.448375 1.326799
1678843028434 -0.065363 -0.408058 1.095281
1678843028460 0.442877 -0.049480 0.867429
1678843028490 0.117897 0.488692 0.702495
1678843028531 -0.708604 0.417832 0.660956
1678843028548 -0.756251 0.021991 0.779464
1678843028562 -0.216857 -0.102014 0.794736
1678843028599 0.185092 0.493579 0.761138
1678843028614 0.165544 0.577879 0.819170
1678843028640 -0.080023 0.290772 0.959669
1678843028667 -0.145997 0.169210 1.090394
1678843028693 -0.039095 0.323148 1.059240
1678843028725 -0.050702 0.478307 0.919352
1678843028744 -0.087354 0.392175 0.805731
1678843028782 -0.095295 0.285274 0.748921
1678843028799 -0.128893 0.313985 0.717156
1678843028819 -0.111177 0.265116 0.710436
1678843028846 -0.019548 0.013439 0.810618
1678843028871 -0.110567 0.123395 0.940732
1678843028897 -0.348193 1.271211 1.072679
1678843028923 -0.345750 1.041525 1.102612
1678843028949 -0.355524 -0.114232 0.932180
1678843028974 -0.138666 -0.212581 0.782518
1678843029000 0.421497 0.439823 0.636522
1678843029027 0.257785 0.813062 0.442266
1678843029050 -0.503964 1.113607 0.511294
1678843029086 -0.812451 0.888809 0.780075
1678843029108 -0.249844 0.341474 0.861931
1678843029134 0.293826 0.435547 0.713491
1678843029157 0.162490 0.607200 0.591318
1678843029195 -0.031154 0.397062 0.622472
1678843029206 -0.081856 0.354302 0.711047
1678843029230 -0.157603 0.503964 0.714712
1678843029258 -0.075136 0.329256 0.709825
1678843029281 0.203418 0.055589 0.697608
1678843029312 0.355524 0.149662 0.734871
1678843029333 0.117286 0.463647 0.750143
1678843029365 -0.194255 0.514349 0.802677
1678843029384 -0.348804 0.454484 0.876592
1678843029412 -0.408058 0.512516 0.943787
1678843029436 -0.308487 0.556498 0.956004
1678843029461 -0.210138 0.498466 0.990823
1678843029495 -0.551000 0.846659 1.067182
1678843029514 -0.555277 0.502742 1.083064
1678843029543 0.096517 0.103847 0.897972
1678843029582 0.566272 0.346971 0.803899
1678843029597 0.461203 0.507629 0.759305
1678843029629 -0.197920 0.582155 0.733038
1678843029641 -0.822225 0.569326 0.745866
1678843029683 -0.798401 0.445932 0.759916
1678843029697 -0.511294 0.489303 0.783740
1678843029741 -0.242514 0.449597 0.769079
1678843029764 -0.060476 0.163712 0.624304
1678843029782 0.117286 0.102625 0.435547
1678843029808 0.266337 0.195477 0.376904
1678843029832 0.224188 0.337198 0.370795
1678843029847 0.099571 0.349415 0.359800
1678843029885 -0.076969 0.164323 0.359800
1678843029897 -0.078802 0.110567 0.308487
1678843029930 0.108123 0.111788 0.161268
1678843029955 0.092241 0.152105 0.047037
1678843029979 -0.108123 -0.003054 0.056200
1678843030001 -0.142332 -0.144775 0.017104
1678843030029 0.138056 -0.249844 -0.095906
1678843030072 0.431271 -0.516792 -0.208916
1678843030078 0.207694 -0.141110 -0.277333
1678843030103 -0.187536 -0.059865 -0.350026
1678843030131 -0.434325 -0.034819 -0.340252
1678843030156 -0.094073 -0.210749 -0.427606
1678843030181 0.454484 -0.324369 -0.648128
1678843030221 0.428827 0.230907 -0.827112
1678843030233 -0.181427 0.577268 -0.748921
1678843030257 -0.392175 0.177151 -0.554666
1678843030284 0.160047 -0.273057 -0.478918
1678843030308 0.605978 -0.073304 -0.564439
1678843030334 0.428827 0.062919 -0.598648
1678843030367 0.045204 -0.095295 -0.469755
1678843030386 -0.085521 -0.198531 -0.288939
1678843030417 0.045815 -0.212581 -0.193644
1678843030437 0.026878 0.009163 -0.199753
1678843030467 -0.015272 0.073304 -0.169821
1678843030489 0.026878 -0.089186 -0.061697
1678843030514 0.102625 -0.164934 0.010996
1678843030540 0.105680 -0.102625 -0.009774
1678843030574 0.002443 -0.037874 0.087354
1678843030614 0.066584 -0.231518 0.256563
1678843030639 0.427606 -0.518625 0.408058
1678843030646 0.379347 -0.055589 0.477086
1678843030668 -0.276111 0.321315 0.802677
1678843030699 -0.912022 0.132558 1.256550
1678843030719 -0.833831 -0.218079 1.359175
1678843030752 -0.428827 -0.299324 1.152703
1678843030771 -0.266337 -0.025045 0.814894
1678843030801 -0.314596 0.299935 0.664621
1678843030823 -0.340252 0.268170 0.646295
1678843030852 -0.015882 0.105069 0.709215
1678843030874 0.301157 0.177762 0.790460
1678843030909 0.260229 0.364076 0.882700
1678843030931 0.069639 0.384234 1.029919
1678843030955 -0.069028 0.108734 1.114829
1678843030976 0.006109 0.086132 1.066571
1678843031015 0.136834 0.274278 0.893696
1678843031034 0.091630 0.368963 0.813672
1678843031054 -0.141721 0.296270 0.839940
1678843031079 -0.167377 0.185703 0.813062
1678843031107 -0.059254 0.352469 0.775799
1678843031137 -0.071471 0.405615 0.787405
1678843031157 -0.035430 0.029932 0.774577
1678843031182 0.108734 0.000000 0.805731
1678843031209 0.054978 0.857655 0.766636
1678843031255 -0.058032 1.260826 0.766025
1678843031259 -0.360410 0.375071 0.629191
1678843031284 0.019548 -0.427606 0.464868
1678843031354 0.570548 0.334754 0.249233
1678843031365 0.299935 1.038471 0.164323
1678843031369 -0.451429 0.883311 0.376293
1678843031388 -0.926683 0.496633 0.634689
1678843031413 -0.682947 0.276722 0.767858
1678843031466 -0.075747 0.293826 0.709825
1678843031472 0.205251 0.523512 0.713491
1678843031492 0.034208 0.387899 0.805120
1678843031516 -0.071471 0.362854 0.934013
1678843031542 -0.128282 0.530842 0.962113
1678843031567 -0.153938 0.687834 0.935846
1678843031616 -0.164934 0.668287 0.902859
1678843031636 -0.170431 0.593150 0.912633
1678843031650 -0.175929 0.588874 0.950506
1678843031670 -0.260229 0.594372 1.066571
1678843031708 -0.448375 0.648128 1.152703
1678843031735 -0.549779 0.682947 1.121549
1678843031752 -0.424551 0.536951 1.060462
1678843031772 -0.087965 0.347582 1.018312
1678843031806 -0.240070 0.642019 1.116662
1678843031831 -0.941343 0.795957 1.364062
1678843031868 -1.144151 0.284052 1.492955
1678843031879 -0.606589 0.106901 1.334741
1678843031901 0.279165 0.213192 1.216844
1678843031927 0.348193 0.415388 1.172861
1678843031957 -0.175318 0.438601 1.210735
1678843031978 -0.608422 0.260839 1.334130
1678843032004 -0.494801 0.240070 1.387886
1678843032042 -0.283441 0.279776 1.277319
1678843032058 0.058643 0.302378 1.105055
1678843032081 0.225409 0.225409 0.967611
1678843032107 0.183260 0.350637 0.889420
1678843032143 0.125838 0.447764 0.911411
1678843032165 0.276111 0.280387 0.946841
1678843032184 0.481362 0.218690 0.988991
1678843032209 0.628580 0.425773 1.031751
1678843032249 0.390954 0.641409 0.933402
1678843032267 0.045815 0.257785 0.888809
1678843032295 -0.206472 -0.256563 0.868650
1678843032318 -0.256563 0.018937 0.725097
1678843032342 -0.181427 0.226631 0.520457
1678843032364 -0.043982 -0.293215 0.428827
1678843032408 -0.102625 -0.141110 0.527177
1678843032431 -0.437990 0.300546 0.640798
1678843032442 -0.507629 0.145386 0.489303
1678843032468 -0.022602 -0.273057 0.287718
1678843032504 0.457538 -0.217468 0.198531
1678843032549 0.254731 0.274889 0.120340
1678843032572 -0.429438 0.764803 0.036652
1678843032585 -0.525344 0.560774 0.210138
1678843032595 -0.111788 -0.034208 0.564439
1678843032638 0.126449 -0.003665 0.601091
1678843032646 0.109956 0.073915 0.408669
1678843032671 0.084910 0.063530 0.384234
1678843032698 0.029322 0.232740 0.508851
1678843032723 0.031765 0.310930 0.534507
1678843032749 0.106901 0.293826 0.503353
1678843032775 0.015272 0.429438 0.505186
1678843032800 -0.014661 0.466701 0.610254
1678843032834 0.077580 0.413556 0.677450
1678843032851 0.124006 0.461814 0.669508
1678843032890 0.116064 0.624304 0.637743
1678843032904 -0.001222 0.702495 0.694554
1678843032930 -0.156992 0.383013 0.732427
1678843032954 -0.075136 0.176540 0.837496
1678843032980 -0.406836 0.798401 0.938289
1678843033006 -0.749532 0.895528 1.111164
1678843033032 -0.729984 0.492968 1.071458
1678843033058 -0.410501 -0.117897 1.006706
1678843033084 -0.106291 0.084299 0.844216
1678843033108 -0.310930 0.440434 0.572992
1678843033134 -0.497244 0.372017 0.570548
1678843033184 -0.452651 0.099571 0.663400
1678843033202 -0.240681 0.124617 0.700662
1678843033211 -0.023213 0.324980 0.635300
1678843033237 -0.042761 0.205862 0.610254
1678843033262 -0.057421 -0.003665 0.626748
1678843033290 -0.036652 0.086743 0.604757
1678843033315 -0.021991 0.211970 0.538783
1678843033339 -0.006720 0.240681 0.499077
1678843033375 -0.018937 0.003665 0.507018
1678843033397 -0.080023 0.004887 0.461203
1678843033418 -0.119119 0.232740 0.352469
1678843033442 -0.193033 0.193644 0.274889
1678843033468 -0.182649 0.048869 0.252898
1678843033497 0.047647 -0.320093 0.297491
1678843033520 -0.255342 0.311541 0.387899
1678843033558 -0.559553 0.329256 0.346971
1678843033573 -0.356134 -0.025045 0.224798
1678843033612 -0.037263 -0.104458 0.168599
1678843033627 0.139277 0.004887 0.092241
1678843033648 -0.028100 0.458760 -0.060476
1678843033673 -0.386067 0.680504 -0.112399
1678843033700 -0.226631 0.395230 0.034208
1678843033730 0.217468 0.105680 0.169821
1678843033750 0.290161 0.235794 0.151495
1678843033776 0.195477 0.327424 0.153938
1678843033818 0.153327 0.188147 0.218690
1678843033871 0.104458 0.146608 0.321315
1678843033882 -0.119119 0.310930 0.409891
1678843033891 -0.235794 0.358578 0.438601
1678843033907 -0.070860 0.270613 0.378736
1678843033931 0.111788 0.276722 0.364687
1678843033958 0.167377 0.272446 0.390343
1678843034011 0.058643 0.364687 0.348804
1678843034022 0.006109 0.399506 0.341474
1678843034034 0.091630 0.411723 0.386067
1678843034061 0.124617 0.100182 0.451429
1678843034098 -0.521679 0.678671 0.607811
1678843034110 -1.111775 0.851546 1.020756
1678843034136 -0.802677 -0.090408 1.042136
1678843034163 0.186925 -1.002430 0.835053
1678843034203 0.438601 -0.255953 0.596815
1678843034214 0.035430 0.287107 0.479529
1678843034264 -0.448986 0.134390 0.571770
1678843034279 -0.349415 -0.268170 0.794736
1678843034289 -0.148440 -0.430660 0.822836
1678843034315 0.078802 -0.135612 0.638965
1678843034341 0.314596 0.079412 0.557109
1678843034370 0.238848 -0.100793 0.646906
1678843034406 0.144775 -0.174707 0.715323
1678843034430 0.185092 -0.147219 0.629802
1678843034444 0.219301 0.042150 0.507018
1678843034472 0.189368 0.205862 0.481362
1678843034511 0.177151 0.213803 0.424551
1678843034530 0.131947 0.077580 0.314596
1678843034552 -0.064752 0.021380 0.282831
1678843034603 -0.030543 0.133779 0.287107
1678843034624 0.136834 -0.087965 0.164323
1678843034634 0.139888 0.010996 0.153938
1678843034651 -0.153938 0.216246 0.296270
1678843034675 -0.374460 0.391565 0.302378
1678843034705 -0.241903 0.328035 0.229685
1678843034726 0.277333 -0.296881 0.280387
1678843034753 0.717767 -0.296270 0.124617
1678843034778 0.483194 0.314596 -0.123395
1678843034813 -0.102625 0.768468 -0.307265
1678843034831 -0.107512 0.467923 -0.084299
1678843034864 0.072693 0.237627 0.214414
1678843034883 -0.017715 0.438601 0.223577
1678843034909 -0.120951 0.347582 0.184481
1678843034932 -0.008552 0.007330 0.322537
1678843034961 0.063530 0.089797 0.309098
1678843035008 0.062308 0.267559 0.239459
1678843035025 -0.004276 0.221133 0.233961
1678843035036 0.076969 0.142332 0.266948
1678843035061 0.148440 0.222966 0.246790
1678843035087 0.130114 0.331700 0.307876
1678843035112 0.022602 0.286496 0.400728
1678843035138 -0.075136 0.240681 0.514349
1678843035163 -0.122173 0.199142 0.584598
1678843035189 0.069028 0.025656 0.511905
1678843035215 0.138666 0.183870 0.527177
1678843035240 -0.290161 0.679893 0.781907
1678843035266 -0.529620 0.890031 0.970665
1678843035315 -0.468534 0.324980 1.012815
1678843035338 -0.291383 -0.304822 1.119716
1678843035344 -0.311541 -0.200364 0.968221
1678843035368 -0.349415 0.050091 0.731206
1678843035394 -0.120340 0.252898 0.603535
1678843035430 0.095295 0.021380 0.577268
1678843035445 0.108734 -0.009774 0.603535
1678843035471 0.084299 0.171042 0.605978
1678843035510 -0.027489 0.216246 0.625526
1678843035536 -0.007330 0.091630 0.647517
1678843035559 0.147219 0.102625 0.670730
1678843035574 0.109345 0.212581 0.662789
1678843035630 0.015272 0.202807 0.616974
1678843035666 0.136223 0.102014 0.533896
1678843035671 0.211359 0.196088 0.456316
1678843035678 0.100793 0.237627 0.442877
1678843035702 0.010385 0.210138 0.531453
1678843035728 0.136834 0.052534 0.585209
1678843035758 0.431271 -0.369573 0.521068
1678843035780 0.064752 0.148440 0.467923
1678843035832 -0.218690 0.643241 0.499688
1678843035839 -0.051924 0.337198 0.313985
1678843035858 0.334754 0.002443 0.313985
1678843035883 -0.091630 0.215635 0.453262
1678843035909 -0.789849 0.492357 0.514959
1678843035945 -0.720210 0.249844 0.496633
1678843035967 0.070250 -0.075747 0.525955
1678843035985 0.381791 0.292604 0.522901
1678843036014 -0.079412 0.510072 0.593150
1678843036037 -0.327424 0.401949 0.701273
1678843036064 -0.099571 0.201586 0.862542
1678843036107 0.034208 0.495412 0.994489
1678843036114 0.066584 0.626748 1.015258
1678843036140 0.051924 0.500910 1.060462
1678843036167 0.078191 0.536340 1.125214
1678843036192 0.192423 0.678060 1.185689
1678843036217 0.197309 0.811840 1.166142
1678843036242 0.019548 0.766025 1.175305
1678843036268 -0.067195 0.415999 1.232115
1678843036293 -0.065363 0.750143 1.246776
1678843036319 -0.480751 1.025643 1.239446
1678843036357 -0.634078 0.674395 1.364673
1678843036372 -0.354302 0.392786 1.353067
1678843036431 -0.034819 0.048869 1.372003
1678843036446 -0.220522 0.131336 1.287704
1678843036455 -0.678671 0.373239 1.119105
1678843036474 -0.791681 0.335365 0.943787
1678843036501 -0.368352 0.016493 0.869261
1678843036526 0.183870 -0.017715 0.751975
1678843036550 0.342695 0.239459 0.670119
1678843036577 -0.029322 0.527788 0.713491
1678843036616 -0.267559 0.557720 0.808175
1678843036632 -0.036041 0.365297 0.823446
1678843036654 0.199142 0.363465 0.824057
1678843036679 0.080634 0.369573 0.905302
1678843036705 -0.134390 0.421497 1.033584
1678843036734 -0.183870 0.460592 1.096503
1678843036758 -0.092241 0.470366 1.054964
1678843036782 -0.147219 0.580933 1.019534
1678843036830 -0.250455 0.557720 1.058019
1678843036844 -0.227242 0.481362 1.077566
1678843036863 -0.174707 0.410501 1.045190
1678843036892 -0.138056 0.459982 0.926683
1678843036911 -0.174097 0.519235 0.795957
1678843036937 -0.209527 0.359800 0.738536
1678843036970 -0.143553 0.252898 0.697608
1678843036995 -0.079412 0.389121 0.464868
1678843037022 0.084299 0.544892 0.218079
1678843037042 0.096517 0.877203 0.086743
1678843037064 -0.313374 0.508851 0.287718
1678843037090 -0.540005 -0.246179 0.504575
1678843037115 -0.252287 -0.318872 0.375071
1678843037143 0.286496 -0.121562 -0.088575
1678843037169 0.393397 0.632856 -0.444710
1678843037202 0.028711 0.822225 -0.461203
1678843037218 0.029322 0.513127 -0.205862
1678843037244 0.237016 0.196088 -0.013439
1678843037271 0.200975 0.197309 0.172264
1678843037295 0.040317 0.215635 0.323759
1678843037328 0.003054 0.119119 0.455705
1678843037366 0.072693 0.152105 0.414777
1678843037384 0.095906 0.209527 0.248011
1678843037398 0.146608 0.175318 0.128282
1678843037430 0.181427 0.191201 0.081245
1678843037449 0.148440 0.200975 0.065363
1678843037475 0.123395 0.160047 0.078191
1678843037500 0.117897 0.152105 0.037874
1678843037530 0.240681 0.172264 0.056200
1678843037566 0.265116 0.331089 0.113621
1678843037579 0.129503 0.390954 0.143553
1678843037622 0.061697 0.271224 0.176540
1678843037630 0.086743 -0.042761 0.276111
1678843037661 -0.291383 0.510683 0.487470
1678843037681 -0.324369 0.364687 0.704328
1678843037707 0.036041 -0.067195 0.563829
1678843037731 0.502742 -0.202807 0.388510
1678843037770 0.601091 0.109345 0.251676
1678843037783 0.335976 0.287718 0.169210
1678843037820 0.241292 0.155771 0.273668
1678843037834 0.364076 0.026878 0.359189
1678843037863 0.507018 0.001833 0.321926
1678843037885 0.409891 0.168599 0.251066
1678843037915 0.144775 0.226631 0.151495
1678843037967 0.122173 -0.020769 0.153327
1678843037980 0.254120 -0.318872 0.144164
1678843037994 0.243735 -0.200364 0.078802
1678843038014 0.161268 0.075747 0.021991
1678843038040 0.193033 -0.188757 0.026267
1678843038073 0.155160 -0.289550 -0.032987
1678843038094 0.082467 -0.144775 -0.187536
1678843038129 0.054978 -0.120951 -0.210749
1678843038143 -0.021380 -0.204640 -0.244957
1678843038176 -0.005498 -0.346971 -0.350026
1678843038194 0.020159 -0.149662 -0.496633
1678843038234 -0.211970 -0.056200 -0.511905
1678843038245 -0.425162 -0.052534 -0.602924
1678843038282 -0.131336 -0.466701 -0.611476
1678843038303 -0.059254 -0.677450 -0.542448
1678843038334 -0.402560 -0.207083 -0.668287
1678843038349 -0.893696 0.271835 -0.878424
1678843038389 -0.638354 0.037874 -0.849103
1678843038404 0.248622 -0.444710 -0.740369
1678843038438 0.547335 -0.192423 -0.787405
1678843038453 0.309709 0.023824 -0.792292
1678843038476 0.106901 -0.075136 -0.721432
1678843038502 0.083078 -0.177762 -0.531453
1678843038530 0.028100 -0.055589 -0.409891
1678843038557 -0.029932 -0.007941 -0.441045
1678843038579 -0.000611 -0.033598 -0.372017
1678843038604 0.024435 -0.169821 -0.206472
1678843038643 0.058032 -0.113010 -0.143553
1678843038686 0.090408 -0.017104 -0.106901
1678843038700 0.084299 -0.098349 0.014050
1678843038714 0.177762 -0.313374 0.175318
1678843038733 -0.091630 -0.062919 0.326202
1678843038760 -0.806342 0.047647 0.609033
1678843038794 -0.883922 -0.250455 0.594372
1678843038810 0.141110 -0.551611 0.293215
1678843038847 0.693943 -0.428827 0.070250
1678843038866 0.379958 -0.164323 0.000000
1678843038888 -0.271835 -0.241292 0.115454
1678843038913 -0.400117 -0.375071 0.219911
1678843038939 -0.113010 -0.471588 0.190590
1678843038964 0.150273 -0.141110 0.144164
1678843038997 0.112399 0.120951 0.148440
1678843039017 0.076969 -0.156382 0.155160
1678843039050 0.314596 -0.371406 0.161268
1678843039067 0.452040 -0.152105 0.195477
1678843039107 0.146608 0.092852 0.263283
1678843039129 -0.076969 0.026267 0.314596
1678843039145 -0.012828 -0.016493 0.307876
1678843039169 0.205251 -0.002443 0.198531
1678843039197 0.372628 0.012828 0.010996
1678843039229 0.395230 0.223577 -0.015882
1678843039247 0.458149 0.364076 0.058643
1678843039272 0.524122 0.019548 0.162490
1678843039298 -0.171042 0.425162 0.271835
1678843039324 -0.819170 0.386678 0.483805
1678843039349 -0.626748 -0.482584 0.500910
1678843039375 0.007330 -0.624304 0.288328
1678843039405 0.091630 0.095295 -0.119730
1678843039426 -0.398284 0.455705 -0.314596
1678843039452 -0.638354 0.333532 -0.127060
1678843039477 -0.248622 -0.007330 0.127671
1678843039507 -0.006109 0.037263 0.221744
1678843039531 -0.216246 0.315206 0.165544
1678843039555 -0.130725 0.068417 0.265116
1678843039580 0.087354 -0.200975 0.467923
1678843039606 0.114843 0.043371 0.466701
1678843039652 0.007941 0.238237 0.290161
1678843039694 -0.053756 0.140499 0.267559
1678843039698 -0.070250 0.097738 0.188147
1678843039712 0.017715 0.163712 0.087965
1678843039747 0.106901 0.168599 -0.012828
1678843039760 0.106291 0.274278 -0.188757
1678843039800 0.069639 0.538172 -0.268170
1678843039841 0.046426 0.661567 -0.161879
1678843039858 -0.072082 0.114232 0.081856
1678843039871 -0.288939 0.335365 0.136834
1678843039890 -0.224188 0.763582 0.111177
1678843039914 -0.009163 0.813672 -0.066584
1678843039942 0.361632 -0.222966 0.080634
1678843039966 0.503964 -0.332922 0.127671
1678843039996 0.242514 0.273057 0.034819
1678843040046 -0.155771 0.319483 0.055589
1678843040064 -0.107512 -0.156992 0.260229
1678843040073 0.043371 -0.423330 0.340252
1678843040094 -0.074526 -0.143553 0.213803
1678843040122 -0.089186 0.039706 0.020769
1678843040146 0.097738 -0.094684 -0.035430
1678843040173 0.233961 -0.271835 -0.026878
1678843040197 0.181427 -0.195477 -0.122173
1678843040226 0.086743 -0.087354 -0.221133
1678843040253 0.149051 -0.122784 -0.274889
1678843040297 0.234572 -0.039706 -0.365297
1678843040302 0.419664 -0.155771 -0.392175
1678843040328 0.497244 -0.259007 -0.347582
1678843040352 0.432493 -0.543670 -0.381791
1678843040376 0.263283 -0.405615 -0.498466
1678843040402 -0.139277 0.094684 -0.421497
1678843040428 -0.423330 0.105069 -0.302989
1678843040466 -0.125227 -0.430049 -0.350026
1678843040495 0.164323 -0.472199 -0.551000
1678843040507 -0.064752 0.210749 -0.831388
1678843040530 -0.509462 0.487470 -0.944398
1678843040556 -0.257785 -0.063530 -0.813062
1678843040600 0.430660 -0.419664 -0.642019
1678843040614 0.425773 -0.070250 -0.557109
1678843040633 0.131336 -0.056200 -0.431882
1678843040659 -0.038485 -0.071471 -0.228464
1678843040687 -0.072693 -0.204640 -0.094073
1678843040713 -0.067806 -0.223577 -0.023824
1678843040737 0.042150 -0.026267 -0.040317
1678843040761 0.106901 0.014050 -0.012217
1678843040787 0.068417 -0.174707 0.085521
1678843040813 0.034208 -0.139888 0.060476
1678843040838 0.029322 -0.069028 -0.028100
1678843040864 0.100793 -0.051313 -0.024435
1678843040897 0.260229 0.011606 -0.030543
1678843040916 0.470977 -0.163712 -0.080634
1678843040943 0.197920 -0.003665 0.003665
1678843040966 -0.544892 0.264505 0.350637
1678843040995 -0.755640 0.265726 0.420275
1678843041021 -0.230907 -0.017715 0.201586
1678843041046 0.242514 -0.161879 -0.155771
1678843041069 0.218079 -0.021380 -0.339030
1678843041105 0.108123 0.039095 -0.333532
1678843041125 0.183260 -0.172264 -0.387899
1678843041149 0.235183 -0.224188 -0.302989
1678843041173 0.147829 -0.110567 -0.169210
1678843041213 0.152105 -0.163101 -0.179594
1678843041231 0.295659 -0.420275 -0.170431
1678843041259 0.254120 -0.467312 -0.053756
1678843041274 0.237627 -0.409280 -0.042150
1678843041300 0.234572 -0.375682 -0.155160
1678843041326 0.302378 -0.579100 -0.330478
1678843041359 0.342085 -0.435547 -0.358578
1678843041400 0.288939 -0.344528 -0.362243
1678843041418 0.265726 -0.480140 -0.459371
1678843041431 0.296881 -0.595594 -0.607200
1678843041455 0.450208 -0.627969 -0.650571
1678843041480 0.604146 -0.571770 -0.529009
1678843041507 0.087354 0.216857 -0.286496
1678843041531 -0.844827 0.020769 -0.147219
1678843041562 -0.580933 -1.022588 -0.412945
1678843041601 0.344528 -0.783740 -0.710436
1678843041609 0.263894 0.020159 -0.875370
1678843041634 -0.684780 0.035430 -1.050688
1678843041660 -0.782518 -0.224798 -0.894307
1678843041686 -0.175318 -0.414167 -0.621250
1678843041711 0.092241 -0.044593 -0.526566
1678843041746 0.043371 -0.072693 -0.524733
1678843041765 0.003665 -0.253509 -0.441045
1678843041788 0.064141 -0.033598 -0.273668
1678843041818 -0.023213 0.195477 -0.095295
1678843041854 -0.043371 -0.005498 0.000000
1678843041866 0.009774 0.100793 0.070860
1678843041904 0.114843 0.184481 0.149051
1678843041921 0.386678 0.095295 0.302989
1678843041959 0.623083 -0.142332 0.561996
1678843041975 -0.271224 0.833831 0.902859
1678843041996 -1.126436 0.702495 1.280984
1678843042023 -0.428217 -0.531453 1.244333
1678843042057 0.544281 -0.000611 0.932791
1678843042071 0.392175 1.023810 0.530231
1678843042107 -0.267559 0.929737 0.378126
1678843042128 -0.644463 0.155771 0.465479
1678843042148 -0.193644 0.092852 0.435547
1678843042199 0.237627 0.541227 0.402560
1678843042214 0.098960 0.492968 0.405615
1678843042228 -0.182649 0.112399 0.466090
1678843042251 -0.065973 0.116675 0.626748
1678843042276 0.127671 0.301767 0.681726
1678843042306 0.054367 0.229074 0.635911
1678843042337 -0.034819 0.040317 0.638354
1678843042383 0.110567 -0.042761 0.659734
1678843042399 0.404393 -0.130725 0.555277
1678843042411 0.102625 0.756862 0.440434
1678843042444 -0.401949 0.940732 0.637743
1678843042456 -0.166766 -0.122173 0.872316
1678843042482 -0.029932 -0.172875 0.909578
1678843042511 -0.506407 0.662789 0.714712
1678843042542 -1.027475 0.682336 0.666454
1678843042559 -0.772745 -0.057421 0.816727
1678843042586 -0.031765 0.036041 0.835664
1678843042610 0.242514 0.712880 0.759916
1678843042637 -0.057421 0.641409 0.908357
1678843042667 -0.354302 0.266337 1.149037
1678843042694 -0.238848 0.400117 1.185689
1678843042728 0.089797 0.670730 1.085508
1678843042742 0.070860 0.773355 1.076345
1678843042768 -0.113621 0.791071 1.243722
1678843042804 -0.109956 0.763582 1.395827
1678843042816 -0.081856 0.793514 1.395827
1678843042852 -0.164323 0.946841 1.320691
1678843042893 -0.098349 1.040914 1.208902
1678843042899 0.075747 0.945619 1.196074
1678843042935 0.094684 0.829555 1.207070
1678843042944 -0.038485 0.714101 1.205848
1678843042970 -0.057421 0.666454 1.142318
1678843042996 -0.207083 0.648739 1.069625
1678843043021 -0.507629 0.865596 1.220509
1678843043050 -0.992656 0.769690 1.341460
1678843043073 -1.061684 0.497855 1.218676
1678843043098 -0.731817 0.295048 0.890642
1678843043124 -0.372017 -0.064141 0.540616
1678843043153 -0.310930 -0.051924 0.299935
1678843043190 -0.156992 0.148440 0.127671
1678843043202 0.248011 0.291383 0.105680
1678843043245 0.453873 0.404393 0.216857
1678843043261 0.105680 0.349415 0.364076
1678843043295 -0.092241 0.024435 0.380569
1678843043304 0.064141 0.045204 0.329867
1678843043350 0.295659 0.462425 0.270002
1678843043358 0.218690 0.521068 0.304211
1678843043393 -0.133169 0.452040 0.420886
1678843043412 -0.291383 0.459982 0.535729
1678843043447 -0.103236 0.334143 0.573602
1678843043465 0.094684 0.202196 0.529620
1678843043496 0.116675 0.287718 0.530231
1678843043511 0.095295 0.385456 0.574213
1678843043535 0.130725 0.317039 0.540616
1678843043560 0.166155 0.305433 0.469145
1678843043588 0.095906 0.365297 0.497244
1678843043614 -0.105069 0.292604 0.598648
1678843043639 -0.120951 0.054367 0.618196
1678843043663 0.019548 0.105069 0.605978
1678843043695 -0.076969 0.351248 0.659734
1678843043727 -0.270002 0.182649 0.695165
1678843043769 -0.172264 -0.023213 0.640798
1678843043778 0.161879 0.252287 0.608422
1678843043792 0.293826 0.512516 0.540005
1678843043825 0.269392 0.616363 0.572992
1678843043864 -0.322537 0.572992 0.686002
1678843043870 -1.062295 0.508851 0.842383
1678843043894 -0.832609 0.099571 0.841772
1678843043938 -0.218690 0.082467 0.736093
1678843043945 -0.043982 0.242514 0.636522
1678843043971 0.106291 -0.081856 0.478918
1678843043997 0.147829 0.049480 0.304822
1678843044022 0.124006 0.419054 0.360410
1678843044048 0.041539 0.634078 0.633467
1678843044075 -0.067806 0.487470 0.845438
1678843044113 -0.117286 0.456927 1.054353
1678843044128 -0.205862 0.481973 1.321302
1678843044163 -0.288939 0.400117 1.375669
1678843044176 -0.268781 0.296270 1.211957
1678843044245 -0.125838 0.459982 1.180192
1678843044258 -0.076969 1.032973 1.114829
1678843044262 0.113010 1.170418 0.895528
1678843044280 0.233961 0.843605 0.871094
1678843044305 0.241292 0.676839 1.006706
1678843044330 -0.115454 0.850935 1.098336
1678843044357 -0.444099 0.871705 1.160033
1678843044382 -0.243124 0.810007 1.158201
1678843044426 0.037263 0.883311 1.021367
1678843044434 0.037874 0.959669 0.875981
1678843044469 0.110567 0.956615 0.833220
1678843044496 0.299324 0.831998 0.770912
1678843044512 0.430660 0.587652 0.687834
1678843044537 0.158825 0.631024 0.792292
1678843044563 -0.761749 0.803288 1.059851
1678843044595 -1.172250 0.405004 1.226617
1678843044613 -0.863153 -0.035430 1.174694
1678843044639 -0.422108 -0.036652 0.927904
1678843044673 -0.199753 0.136223 0.576046
1678843044712 -0.257174 0.244957 0.350637
1678843044791 -0.374460 0.263283 0.206472
1678843044797 -0.327424 0.213192 0.210749
1678843044802 -0.178373 0.068417 0.342085
1678843044806 -0.135612 -0.001833 0.387289
1678843044824 -0.160658 0.020769 0.310320
1678843044844 -0.089186 0.010996 0.237016
1678843044873 0.011606 -0.010996 0.235183
1678843044916 -0.005498 0.156992 0.252287
1678843044925 -0.150273 0.222966 0.281609
1678843044955 -0.242514 0.045815 0.362243
1678843045007 -0.135001 -0.095295 0.411112
1678843045012 -0.029322 -0.014661 0.315206
1678843045024 -0.068417 -0.043982 0.232129
1678843045059 -0.120340 -0.147219 0.268781
1678843045102 -0.067195 -0.120951 0.257785
1678843045118 -0.029322 -0.044593 0.189368
1678843045134 0.039095 -0.144164 0.078191
1678843045157 0.153938 -0.218690 -0.051313
1678843045178 0.311541 -0.106291 -0.155771
1678843045206 0.340863 -0.117897 -0.176540
1678843045258 0.043982 0.405004 -0.186925
1678843045275 -0.185703 1.072068 -0.037874
1678843045285 0.128282 0.641409 -0.142942
1678843045306 0.310930 -0.052534 0.082467
1678843045335 0.143553 -0.398895 0.354302
1678843045362 -0.010385 -0.045204 0.227853
1678843045383 -0.259618 0.359189 -0.084910
1678843045409 -0.414167 0.625526 -0.163712
1678843045435 -0.310320 0.659124 0.092241
1678843045461 -0.133169 0.336587 0.357356
1678843045512 0.029322 0.009774 0.392786
1678843045532 0.145997 0.031765 0.400728
1678843045539 0.172875 0.100793 0.466090
1678843045563 0.033598 0.155160 0.494801
1678843045588 -0.109956 0.240681 0.473421
1678843045615 -0.188757 0.362243 0.417832
1678843045643 -0.114232 0.442877 0.441045
1678843045665 -0.052534 0.460592 0.591318
1678843045691 -0.115454 0.386678 0.701884
1678843045721 -0.126449 0.357967 0.705549
1678843045750 -0.085521 0.448375 0.738536
1678843045771 -0.093462 0.478307 0.799012
1678843045794 -0.023824 0.284052 0.758084
1678843045820 0.090408 0.115454 0.712880
1678843045846 -0.199142 0.502742 0.777021
1678843045871 -0.686613 1.012204 0.967611
1678843045907 -0.629191 0.719599 1.075123
1678843045927 -0.379958 -0.010996 1.091005
1678843045948 -0.093462 -0.329256 0.968221
1678843045974 0.037874 -0.195477 0.769079
1678843046000 -0.029932 0.133779 0.541227
1678843046028 -0.218690 0.352469 0.448986
1678843046052 -0.400728 0.343306 0.618196
1678843046077 -0.523512 0.177151 0.858877
1678843046104 -0.439823 0.147829 0.970054
1678843046128 -0.182649 0.224798 0.843605
1678843046161 0.062919 0.155771 0.799623
1678843046180 -0.004887 0.163712 0.832609
1678843046218 -0.185703 0.273057 0.874148
1678843046231 -0.384234 0.362854 0.823446
1678843046258 -0.458760 0.206472 0.745256
1678843046282 -0.302378 0.172264 0.732427
1678843046308 -0.156992 0.190590 0.627359
1678843046333 -0.085521 0.126449 0.502742
1678843046373 0.101404 -0.022602 0.394619
1678843046389 0.177762 0.127060 0.230296
1678843046410 0.227853 0.167988 0.094684
1678843046436 0.264505 0.169210 0.035430
1678843046471 0.286496 -0.003665 0.001222
1678843046510 0.040317 -0.056200 0.061087
1678843046517 -0.356745 0.370795 0.114232
1678843046539 -0.446543 0.557720 0.004276
1678843046565 -0.020769 0.447153 -0.228464
1678843046590 0.315206 0.060476 -0.207083
1678843046617 0.426995 -0.229074 -0.083689
1678843046662 0.346971 -0.203418 -0.174707
1678843046674 0.163101 0.295659 -0.337198
1678843046693 -0.017715 0.549168 -0.466090
1678843046720 -0.034208 0.378126 -0.315817
1678843046744 -0.067195 0.165544 -0.073915
1678843046773 -0.176540 0.125838 0.143553
1678843046808 -0.137445 0.043982 0.265116
1678843046836 -0.066584 -0.001833 0.282831
1678843046848 -0.119119 -0.003054 0.295048
1678843046873 -0.254120 0.051924 0.350026
1678843046898 -0.296881 0.053756 0.412945
1678843046926 -0.261450 0.059865 0.376904
1678843046950 -0.226020 0.074526 0.355524
1678843046977 -0.225409 0.047647 0.338419
1678843047024 -0.096517 0.111788 0.304211
1678843047042 0.045204 0.243124 0.301157
1678843047055 -0.135001 0.191812 0.400728
1678843047078 -0.338419 0.111788 0.512516
1678843047104 -0.265116 0.119730 0.553444
1678843047129 -0.095906 0.180816 0.449597
1678843047163 -0.172875 0.378126 0.455705
1678843047181 -0.335365 0.671952 0.603535
1678843047208 -0.270002 0.608422 0.728151
1678843047236 -0.285274 0.333532 0.729984
1678843047259 -0.207083 -0.270002 0.700662
1678843047293 0.021991 -0.241903 0.523512
1678843047321 -0.008552 0.177151 0.255342
1678843047342 -0.183260 0.524122 0.036652
1678843047360 -0.120340 0.296270 0.138056
1678843047389 -0.070250 0.033598 0.378126
1678843047422 -0.145386 0.156382 0.593150
1678843047437 -0.212581 0.091019 0.728762
1678843047478 -0.127060 -0.233351 0.762971
1678843047496 -0.126449 -0.191201 0.686002
1678843047523 -0.108734 0.132558 0.582765
1678843047541 -0.023213 0.182038 0.514959
1678843047576 -0.142942 0.108734 0.455705
1678843047595 -0.201586 0.012828 0.376904
1678843047623 -0.021380 0.078802 0.249233
1678843047643 0.196088 0.041539 0.056810
1678843047680 0.323148 0.138666 -0.113010
1678843047720 0.401338 0.210749 -0.245568
1678843047739 0.208916 0.138056 -0.184481
1678843047759 -0.102625 0.134390 0.042150
1678843047771 -0.112399 0.103847 0.091630
1678843047797 0.103236 0.128893 -0.072693
1678843047834 0.364076 -0.062919 -0.062308
1678843047864 0.442266 -0.106901 -0.169210
1678843047878 0.248622 0.238848 -0.402560
1678843047915 0.087354 0.611476 -0.477697
1678843047927 0.107512 0.541227 -0.295048
1678843047952 0.181427 0.207694 -0.036652
1678843047979 0.223577 -0.020769 0.144164
1678843048019 0.215025 -0.062308 0.194255
1678843048039 0.128893 0.046426 0.274278
1678843048059 -0.039706 -0.078191 0.354913
1678843048079 0.007330 -0.161879 0.263894
1678843048119 0.141721 -0.007330 0.205862
1678843048139 -0.010996 0.087965 0.294437
1678843048159 -0.167377 0.007330 0.356745
1678843048182 -0.046426 -0.185703 0.309098
1678843048215 0.012828 -0.186314 0.226631
1678843048233 -0.074526 0.119119 0.163712
1678843048268 -0.145386 0.408058 0.097738
1678843048286 -0.164323 0.464258 -0.065363
1678843048323 0.092852 0.107512 -0.060476
1678843048336 -0.006109 0.248011 0.108123
1678843048377 -0.307265 0.060476 0.227853
1678843048390 -0.211359 -0.050702 0.105069
1678843048430 0.215635 -0.094684 -0.078191
1678843048439 0.346971 0.023213 -0.199142
1678843048465 0.133169 0.169821 -0.181427
1678843048493 -0.161268 0.216246 -0.062308
1678843048518 -0.080634 0.063530 0.014050
1678843048542 0.302989 -0.067195 -0.068417
1678843048568 0.420886 -0.299324 -0.187536
1678843048596 0.215025 -0.341474 -0.145997
1678843048625 0.103847 -0.226631 -0.166155
1678843048667 0.233961 -0.299935 -0.260229
1678843048686 0.324980 -0.576657 -0.474031
1678843048696 0.483194 -0.207694 -0.640798
1678843048723 0.718988 0.102014 -0.624304
1678843048760 0.625526 -0.401949 -0.514959
1678843048774 0.164934 -1.029919 -0.553444
1678843048799 -0.035430 -0.953561 -0.679893
1678843048825 0.100182 -0.691499 -0.948063
1678843048852 0.574213 -0.719599 -1.324967
1678843048876 0.478307 -0.545503 -1.548543
1678843048902 -0.283441 -0.205862 -1.485013
1678843048927 -0.711047 -0.334143 -1.245554
1678843048966 0.009163 -1.102001 -1.191187
1678843048986 0.359800 -0.477697 -1.397660
1678843049004 -0.095906 0.585209 -1.602300
1678843049030 -0.495412 0.363465 -1.526552
1678843049057 -0.069639 -0.272446 -1.335962
1678843049081 0.490525 -0.257174 -1.356732
1678843049107 0.576657 -0.070250 -1.434922
1678843049133 0.262061 -0.023213 -1.431257
1678843049160 -0.021380 -0.394008 -1.358564
1678843049186 -0.098349 -0.641409 -1.157590
1678843049214 -0.132558 -0.561996 -0.893696
1678843049253 -0.081856 -0.481362 -0.699441
1678843049262 0.100182 -0.420275 -0.566883
1678843049303 0.360410 -0.477697 -0.513738
1678843049314 0.482584 -0.350026 -0.408058
1678843049366 0.344528 -0.202807 -0.141721
1678843049376 0.142942 -0.421497 0.051924
1678843049395 0.113010 -0.723875 0.033598
1678843049417 -0.108734 -0.176540 0.000611
1678843049441 -0.273668 -0.320704 0.132558
1678843049467 -0.066584 -0.717156 0.087354
1678843049505 0.393397 -0.717156 -0.098349
1678843049518 0.557109 -0.425773 -0.412334
1678843049563 0.323759 -0.194866 -0.602924
1678843049569 -0.018326 -0.174097 -0.478918
1678843049606 -0.040928 -0.302989 -0.356134
1678843049637 0.320093 -0.442877 -0.428217
1678843049647 0.571770 -0.437380 -0.509462
1678843049672 0.428827 -0.367741 -0.523512
1678843049698 0.232129 -0.464868 -0.451429
1678843049730 0.141721 -0.500910 -0.432493
1678843049755 0.081856 -0.444710 -0.478307
1678843049775 0.073304 -0.528398 -0.521679
1678843049823 0.080023 -0.525955 -0.574824
1678843049836 0.055589 -0.443488 -0.695776
1678843049853 0.175318 -0.548557 -0.844827
1678843049878 0.345750 -0.543670 -0.964556
1678843049908 0.305433 -0.232740 -1.004873
1678843049948 0.421497 -0.074526 -1.109942
1678843049961 0.519846 -0.556498 -1.148427
1678843049980 0.153327 -0.620028 -1.117272
1678843050006 -0.372628 -0.486860 -0.951117
1678843050032 -0.260229 -0.653015 -1.042747
1678843050058 0.315206 -0.891863 -1.266324
1678843050086 0.240681 -0.418443 -1.460579
1678843050109 -0.521679 0.318261 -1.528996
1678843050134 -0.773355 0.297491 -1.539991
1678843050162 -0.045815 -0.345750 -1.390329
1678843050191 0.601091 -0.276111 -1.332297
1678843050213 0.447153 0.155160 -1.199129
1678843050247 0.003054 -0.035430 -1.103834
1678843050264 0.113621 -0.289550 -0.853379
1678843050290 0.284663 -0.221133 -0.631635
1678843050315 0.224798 -0.067195 -0.600481
1678843050345 0.225409 -0.104458 -0.568105
1678843050366 0.209527 -0.207083 -0.498466
1678843050391 0.209527 -0.178984 -0.442266
1678843050441 0.319483 -0.109345 -0.316428
1678843050448 0.285274 -0.102625 -0.185703
1678843050468 0.148440 -0.212581 -0.093462
1678843050495 0.235794 -0.423330 -0.050702
1678843050520 0.111788 -0.041539 -0.066584
1678843050548 -0.113010 -0.004887 0.011606
1678843050571 -0.156992 -0.296270 0.050091
1678843050600 0.135001 -0.387289 0.020159
1678843050636 0.361632 -0.251066 -0.035430
1678843050655 0.325591 -0.163712 -0.210749
1678843050674 0.111788 -0.117897 -0.245568
1678843050699 -0.099571 0.058643 -0.086743
1678843050727 -0.177151 -0.014050 0.026878
1678843050757 -0.036652 -0.394008 0.008552
1678843050795 0.189368 -0.379347 -0.089797
1678843050807 0.207083 -0.199142 -0.084910
1678843050828 0.097128 -0.337808 -0.019548
1678843050854 0.059254 -0.303600 -0.075136
1678843050879 -0.010385 -0.182649 -0.216246
1678843050912 -0.099571 -0.153938 -0.237016
1678843050957 -0.072693 -0.189368 -0.195477
1678843050972 0.014050 -0.309709 -0.262061
1678843050986 0.091019 -0.372628 -0.392175
1678843051009 0.066584 -0.260229 -0.428217
1678843051040 -0.091019 -0.119730 -0.413556
1678843051059 0.074526 -0.415999 -0.458760
1678843051084 0.289550 -0.637743 -0.489914
1678843051112 0.053756 -0.054367 -0.589485
1678843051137 -0.312152 0.157603 -0.533285
1678843051164 -0.252287 -0.523512 -0.611476
1678843051202 0.031154 -0.781297 -0.694554
1678843051223 0.001833 -0.278555 -0.913244
1678843051238 -0.436158 0.210138 -1.193631
1678843051264 -0.456316 0.196699 -1.343293
1678843051292 0.041539 -0.132558 -1.200961
1678843051316 0.446543 -0.212581 -0.993267
1678843051346 0.422719 -0.257785 -0.902248
1678843051370 0.182649 -0.171042 -0.803288
1678843051397 0.006720 -0.117286 -0.717767
1678843051431 -0.082467 -0.108734 -0.552833
1678843051444 -0.113010 -0.142942 -0.335976
1678843051470 -0.157603 -0.088575 -0.222966
1678843051495 -0.092852 -0.028100 -0.189368
1678843051521 0.119730 -0.094073 -0.130114
1678843051554 0.129503 -0.098349 -0.084299
1678843051593 0.027489 -0.156992 -0.023213
1678843051598 0.125838 -0.357967 0.040317
1678843051656 -0.067806 0.094073 0.083078
1678843051662 -0.437380 0.051313 0.337808
1678843051675 -0.360410 -0.416610 0.437380
1678843051701 0.301767 -0.850324 0.339641
1678843051726 0.701884 -0.507018 0.047647
1678843051767 0.462425 -0.097128 -0.249844
1678843051780 0.023824 0.031765 -0.176540
1678843051804 -0.241903 0.041539 0.075747
1678843051829 -0.064141 -0.133779 0.158825
1678843051862 0.241903 -0.294437 0.065973
1678843051881 0.314596 -0.168599 0.068417
1678843051907 0.148440 -0.215025 0.150884
1678843051932 0.045815 -0.281609 0.205251
1678843051961 0.098349 -0.315817 0.098960
1678843051986 0.172264 -0.271224 -0.023213
1678843052010 0.163712 -0.166155 -0.128893
1678843052050 0.045204 -0.224798 -0.204640
1678843052065 -0.109345 -0.352469 -0.351858
1678843052094 -0.145386 -0.254120 -0.548557
1678843052113 -0.154549 -0.020159 -0.787405
1678843052146 0.040928 -0.323148 -0.974330
1678843052165 -0.110567 -0.124617 -0.940122
1678843052199 -0.488081 -0.266948 -0.759305
1678843052216 -0.682336 -0.349415 -0.828333
1678843052248 -0.128282 -0.588874 -1.075123
1678843052266 0.487470 -0.638965 -1.356121
1678843052302 0.442877 -0.230907 -1.543656
1678843052321 -0.218690 0.344528 -1.678047
1678843052350 -0.291994 0.351248 -1.577254
1678843052369 0.252287 -0.102625 -1.331075
1678843052400 0.742201 -0.489303 -1.191187
1678843052427 0.759305 -0.235183 -1.093449
1678843052451 0.489914 -0.081856 -0.786794
1678843052472 0.051924 -0.291994 -0.442266
1678843052501 0.012217 -0.395841 -0.273057
1678843052541 0.211359 -0.272446 -0.192423
1678843052549 0.278555 0.008552 -0.133779
1678843052593 0.163101 -0.115454 0.000611
1678843052600 0.177762 -0.392786 0.080023
1678843052644 0.380569 -0.235794 0.151495
1678843052684 0.185092 -0.030543 0.237627
1678843052688 -0.067806 -0.138666 0.301767
1678843052702 -0.163101 0.026267 0.230296
1678843052743 -0.395841 0.307876 0.166766
1678843052755 -0.439823 -0.104458 0.202807
1678843052780 -0.127060 -0.389732 0.178373
1678843052805 0.361021 -0.440434 0.015882
1678843052831 0.598037 -0.277333 -0.225409
1678843052856 0.308487 0.031765 -0.249233
1678843052882 -0.259618 0.226020 0.040317
1678843052917 -0.603535 0.186314 0.361021
1678843052934 -0.359189 -0.201586 0.456927
1678843052962 -0.085521 -0.317039 0.328035
1678843052985 0.025656 0.029932 0.249233
1678843053035 -0.016493 -0.073915 0.307265
1678843053062 -0.032376 -0.285274 0.320093
1678843053067 0.053756 -0.144775 0.159436
1678843053094 0.105069 0.095295 0.059865
1678843053113 0.145997 0.211970 0.124006
1678843053139 0.010385 -0.131947 0.135612
1678843053164 -0.166766 -0.263894 0.035430
1678843053203 -0.066584 0.022602 -0.141110
1678843053219 0.185703 0.054367 -0.372628
1678843053256 0.414777 -0.331089 -0.568105
1678843053267 0.379958 -0.026267 -0.513738
1678843053294 0.178373 0.128282 -0.394008
1678843053319 -0.042761 -0.127671 -0.408669
1678843053345 -0.017715 -0.209527 -0.444099
1678843053374 0.405004 -0.458149 -0.505186
1678843053396 0.511905 -0.171653 -0.699441
1678843053425 0.033598 0.431271 -0.885755
1678843053472 -0.507629 0.762360 -0.887587
1678843053485 -0.522290 0.400728 -0.605367
1678843053513 -0.010996 -0.189979 -0.361632
1678843053526 0.433714 -0.225409 -0.380569
1678843053550 0.354913 -0.061087 -0.505796
1678843053576 0.265116 -0.044593 -0.344528
1678843053601 0.070860 -0.092852 -0.099571
1678843053627 -0.109956 -0.083689 0.019548
1678843053659 -0.091019 0.029322 0.094684
1678843053678 -0.101404 0.145386 0.212581
1678843053704 -0.150273 0.125227 0.339030
1678843053741 -0.238237 0.146608 0.425773
1678843053756 -0.320704 0.150273 0.490525
1678843053803 -0.383013 0.149051 0.513127
1678843053815 -0.203418 -0.033598 0.535729
1678843053833 -0.183260 0.190590 0.556498
1678843053859 -0.095906 0.150884 0.607200
1678843053894 -0.111788 -0.040317 0.677450
1678843053911 -0.259007 0.107512 0.687223
1678843053942 -0.048869 -0.222355 0.569326
1678843053961 0.340252 -0.334143 0.389121
1678843053995 0.294437 0.009774 0.199753
1678843054014 -0.156382 0.464868 0.173486
1678843054040 -0.475864 0.410501 0.351858
1678843054064 -0.269392 0.037874 0.521068
1678843054094 0.172264 -0.092852 0.583376
1678843054118 0.203418 0.037874 0.551000
1678843054142 0.083689 0.091019 0.572992
1678843054166 0.147829 -0.018326 0.582765
1678843054202 0.130114 -0.068417 0.524733
1678843054219 -0.024435 0.100182 0.470366
1678843054247 -0.100182 0.169210 0.476475
1678843054269 -0.128282 0.109345 0.486249
1678843054295 -0.015272 0.138056 0.398895
1678843054324 0.113621 0.162490 0.232740
1678843054346 0.193033 0.122173 0.138056
1678843054371 0.295659 -0.096517 0.103236
1678843054398 0.064752 0.390954 0.181427
1678843054441 -0.007941 0.533896 0.208916
1678843054460 0.172264 -0.035430 0.131947
1678843054474 0.102014 -0.070860 0.059254
1678843054500 0.115454 -0.169210 0.032376
1678843054527 0.256563 -0.309098 -0.100182
1678843054573 0.186925 -0.044593 -0.348193
1678843054588 -0.000611 0.471588 -0.563218
1678843054603 -0.217468 0.631635 -0.600481
1678843054630 -0.224798 0.359800 -0.336587
1678843054654 -0.161268 0.154549 -0.069028
1678843054686 -0.087354 0.237016 0.073304
1678843054713 -0.045815 0.346361 0.131947
1678843054737 -0.124617 0.257174 0.298102
1678843054757 -0.226631 0.088575 0.461814
1678843054788 -0.293215 0.087965 0.488081
1678843054808 -0.067195 0.158825 0.428217
1678843054838 0.175318 0.251066 0.457538
1678843054890 0.102014 0.248622 0.598648
1678843054895 0.055589 0.278555 0.740369
1678843054912 0.065363 0.371406 0.759916
1678843054937 0.128282 0.298102 0.769079
1678843054965 0.358578 -0.091630 0.803288
1678843054989 0.091019 0.377515 0.908357
1678843055014 -0.604146 0.650571 0.931570
1678843055039 -0.830777 0.425773 0.933402
1678843055065 -0.337808 0.233351 0.881479
1678843055095 0.304822 -0.288328 0.949895
1678843055118 0.069028 -0.133779 0.727540
1678843055142 -0.232129 0.150884 0.330478
1678843055181 -0.223577 0.167988 -0.069639
1678843055216 -0.035430 0.326202 -0.266337
1678843055227 0.113010 0.338419 -0.120951
1678843055245 0.029322 0.237016 0.104458
1678843055270 0.045204 -0.014661 0.215025
1678843055302 -0.023213 -0.151495 0.254731
1678843055334 -0.100182 -0.084910 0.224188
1678843055375 0.043982 -0.337198 0.112399
1678843055395 0.205251 -0.383013 0.012828
1678843055408 0.445321 -0.090408 -0.051313
1678843055430 0.503353 -0.155160 -0.193644
1678843055466 0.503353 -0.695165 -0.447764
1678843055479 0.156992 -0.133169 -0.480751
1678843055502 -0.317039 0.262672 -0.354302
1678843055531 -0.367130 0.355524 -0.231518
1678843055559 0.065363 -0.100182 -0.091019
1678843055578 0.447764 -0.621861 -0.079412
1678843055612 0.435547 -0.422108 -0.215025
1678843055636 0.104458 0.167988 -0.426995
1678843055658 -0.025656 -0.072082 -0.476475
1678843055681 0.131947 -0.567494 -0.306654
1678843055712 0.211970 -0.530231 -0.235183
1678843055735 0.089186 0.040317 -0.246179
1678843055758 -0.103847 0.348193 -0.259007
1678843055808 -0.111788 0.216246 -0.106291
1678843055812 -0.157603 0.028100 0.120340
1678843055835 -0.213803 -0.165544 0.262061
1678843055862 -0.273057 -0.125227 0.348193
1678843055887 -0.320093 -0.028100 0.253509
1678843055914 -0.149051 0.018937 0.093462
1678843055950 -0.037263 0.119730 -0.060476
1678843055965 -0.119119 0.370795 -0.179594
1678843055989 -0.173486 0.298713 -0.290772
1678843056015 -0.428827 0.615141 -0.103847
1678843056048 -0.618196 1.183857 0.280387
1678843056094 -0.522290 1.013425 0.308487
1678843056115 0.127671 0.029322 0.178373
1678843056131 0.497244 -0.420886 0.132558
1678843056144 0.351248 -0.213803 0.182649
1678843056170 -0.318872 -0.001222 0.291383
1678843056196 -0.471588 0.055589 0.219911
1678843056221 0.080634 0.261450 0.261450
1678843056274 0.345750 0.334754 0.426384
1678843056280 0.115454 0.212581 0.563829
1678843056303 -0.069639 -0.237627 0.675617
1678843056327 0.024435 -0.357356 0.596815
1678843056355 0.269392 -0.237627 0.335365
1678843056378 0.340252 -0.067195 0.026878
1678843056402 0.411112 0.067806 -0.166155
1678843056431 0.365908 0.035430 -0.307265
1678843056469 0.267559 -0.186925 -0.455705
1678843056493 0.102625 -0.510072 -0.722654
1678843056505 0.167988 -0.495412 -1.114218
1678843056529 0.440434 -0.251676 -1.455081
1678843056555 0.485638 -0.541837 -1.691486
1678843056585 0.154549 -0.518014 -1.885130
1678843056607 -0.097738 -0.146608 -1.813659
1678843056632 0.289550 -0.598648 -1.642617
1678843056664 0.426995 -1.238224 -1.717753
1678843056684 0.114232 -0.821003 -1.767233
1678843056710 -0.179594 -0.168599 -1.707979
1678843056735 -0.169821 -0.197309 -1.676825
1678843056765 0.283441 -0.565661 -1.620015
1678843056786 0.624915 -0.613920 -1.701871
1678843056818 0.682336 -0.475864 -1.670716
1678843056837 0.441045 -0.530842 -1.451416
1678843056863 0.034208 -0.543670 -1.261437
1678843056888 -0.054978 -0.552222 -1.182635
1678843056918 0.030543 -0.499688 -1.276708
1678843056954 0.212581 -0.378736 -1.388497
1678843056966 0.425162 -0.378126 -1.353677
1678843057005 0.456316 -0.473421 -1.138653
1678843057018 0.249844 -0.594983 -1.010371
1678843057054 0.235794 -0.919352 -0.848492
1678843057094 0.317650 -1.499063 -0.505796
1678843057100 0.026878 -1.295645 -0.121562
1678843057120 -0.085521 -1.458746 0.060476
1678843057150 0.213192 -1.706147 -0.230907
1678843057171 0.637132 -1.557706 -0.623083
1678843057197 0.674395 -1.279152 -1.003652
1678843057235 0.320704 -0.692721 -1.168585
1678843057253 -0.023824 -0.285885 -1.219287
1678843057273 -0.230907 0.125838 -1.225396
1678843057299 -0.184481 0.270613 -1.070847
1678843057333 -0.168599 -0.080634 -0.934624
1678843057352 -0.037874 -0.437380 -0.930348
1678843057376 0.200975 -0.773355 -0.978606
1678843057402 0.260229 -0.699441 -0.934624
1678843057429 0.247400 -0.451429 -0.855211
1678843057458 0.095906 -0.532064 -0.938289
1678843057479 -0.078802 -0.789849 -1.039082
1678843057507 -0.157603 -0.521679 -0.943787
1678843057531 -0.069639 -0.144775 -0.822836
1678843057560 0.178984 -0.574213 -0.910189
1678843057592 0.423330 -0.852157 -0.965167
1678843057613 0.458149 -0.517403 -1.129490
1678843057639 0.600481 -0.252287 -1.218676
1678843057660 0.773966 -0.018326 -1.283428
1678843057695 0.831998 -0.516181 -1.167974
1678843057710 0.372628 -1.127657 -1.034195
1678843057736 -0.267559 -0.962724 -0.973108
1678843057763 -0.518625 -0.107512 -0.960280
1678843057795 -0.003665 -0.129503 -1.056186
1678843057820 0.613309 -1.326799 -1.443475
1678843057839 0.578489 -1.764790 -1.755627
1678843057877 0.077580 -1.270600 -1.764790
1678843057893 -0.679893 -0.353691 -1.919339
1678843057922 -1.061073 0.215025 -2.098322
1678843057941 -0.392175 -0.459371 -2.079385
1678843057968 0.439823 -0.819170 -1.866804
1678843058004 0.578489 -0.447764 -1.467298
1678843058020 0.107512 -0.406836 -1.182024
1678843058061 -0.103236 -0.812451 -0.939511
1678843058070 0.004276 -1.009760 -0.638354
1678843058111 0.139888 -0.737925 -0.370184
1678843058121 0.013439 -0.352469 -0.259007
1678843058160 -0.172264 -0.335976 -0.253509
1678843058175 -0.031154 -0.350637 -0.196699
1678843058213 0.155160 -0.238237 -0.141721
1678843058228 0.147219 -0.108123 -0.056200
1678843058250 0.164934 0.102014 0.087965
1678843058275 0.337198 0.102014 0.153938
1678843058301 0.405004 -0.182649 0.050702
1678843058327 0.171653 0.148440 0.023824
1678843058357 -0.355524 0.245568 0.122784
1678843058400 -0.767247 0.054978 0.116675
1678843058414 -0.566883 0.135612 -0.106901
1678843058429 -0.020769 0.006109 -0.302989
1678843058455 0.418443 -0.318261 -0.409280
1678843058492 0.481973 -0.175929 -0.464258
1678843058507 0.322537 0.177151 -0.477086
1678843058543 0.136223 0.357356 -0.295048
1678843058559 0.034208 0.296881 -0.003054
1678843058598 0.098349 0.273057 0.356745
1678843058610 0.129503 0.200364 0.499077
1678843058637 0.258396 0.007330 0.470366
1678843058661 0.411112 -0.079412 0.436158
1678843058694 0.337198 -0.046426 0.392786
1678843058712 0.141110 0.009774 0.370795
1678843058739 -0.003665 0.063530 0.281609
1678843058763 0.006720 0.136834 0.140499
1678843058828 0.081856 0.200364 0.106291
1678843058833 0.029932 0.137445 0.140499
1678843058849 -0.118508 0.125227 0.147219
1678843058874 -0.222966 0.237627 0.101404
1678843058895 -0.145997 0.141721 0.182038
1678843058918 0.126449 -0.147829 0.262672
1678843058943 0.211359 -0.082467 0.147219
1678843058969 0.110567 0.018937 -0.039706
1678843058995 0.008552 0.054978 -0.147219
1678843059038 0.017104 0.055589 -0.340252
1678843059046 0.166155 0.056200 -0.483194
1678843059072 -0.436158 0.640187 -0.513127
1678843059102 -0.899805 0.709825 -0.488692
1678843059124 -0.357967 0.070860 -0.747088
1678843059150 0.801455 -0.894918 -1.024421
1678843059174 1.423927 -1.327410 -1.060462
1678843059200 0.782518 -0.808786 -1.202183
1678843059249 -0.312152 0.031154 -1.344514
1678843059276 -0.783129 0.279776 -1.276708
1678843059287 -0.504575 -0.045204 -1.042136
1678843059304 0.001222 -0.419054 -0.735482
1678843059330 0.163101 -0.432493 -0.567494
1678843059358 0.119730 -0.428827 -0.574824
1678843059380 0.308487 -0.568105 -0.518625
1678843059422 0.408669 -0.537561 -0.385456
1678843059436 0.298713 -0.471588 -0.246179
1678843059458 0.191201 -0.494190 -0.197920
1678843059484 0.149051 -0.411723 -0.211970
1678843059509 0.054978 -0.270613 -0.137445
1678843059534 0.010996 -0.290161 0.064141
1678843059569 -0.046426 -0.309709 0.136834
1678843059587 -0.088575 -0.326202 -0.048869
1678843059620 -0.113010 -0.293215 -0.226020
1678843059645 -0.113621 -0.153938 -0.341474
1678843059662 -0.052534 -0.034208 -0.385456
1678843059695 0.009163 0.044593 -0.411112
1678843059722 0.073304 -0.012217 -0.455705
1678843059765 0.102625 -0.064141 -0.441656
1678843059775 0.180816 -0.021991 -0.287107
1678843059819 0.185092 -0.009774 -0.095295
1678843059831 0.122784 -0.128893 0.019548
1678843059842 0.160658 -0.258396 0.073915
1678843059870 0.390954 -0.469755 0.111788
1678843059924 0.313985 -0.330478 0.122173
1678843059942 -0.108734 -0.159436 0.072082
1678843059960 -0.477697 0.173486 0.028100
1678843059972 -0.838107 0.507629 0.243124
1678843059995 -0.768468 0.040928 0.516181
1678843060025 -0.370795 -0.742812 0.377515
1678843060051 -0.313985 -0.365908 0.058643
1678843060073 -0.321315 0.043982 -0.086132
1678843060099 0.006720 0.130725 -0.146608
1678843060135 0.382402 0.246179 -0.172875
1678843060158 0.394008 0.361021 -0.107512
1678843060185 0.053145 0.197309 0.043371
1678843060200 -0.067806 -0.065363 0.131947
1678843060226 0.147219 0.018937 0.217468
1678843060253 0.131336 0.190590 0.222355
1678843060285 -0.274278 0.100182 0.136834
1678843060307 -0.555887 0.135612 0.106901
1678843060357 -0.350637 0.189368 0.075136
1678843060368 -0.083689 0.089797 -0.009774
1678843060382 -0.106291 -0.031154 -0.058643
1678843060405 -0.198531 -0.103847 -0.037874
1678843060432 -0.028711 -0.110567 -0.011606
1678843060459 0.058643 -0.157603 -0.001222
1678843060485 -0.011606 -0.325591 0.003054
1678843060526 -0.037263 -0.364687 -0.004276
1678843060538 -0.050702 -0.244346 -0.102625
1678843060559 0.003054 -0.101404 -0.315817
1678843060584 0.100182 -0.266337 -0.480140
1678843060610 0.072693 -0.498466 -0.502131
1678843060635 0.003054 -0.621250 -0.571770
1678843060662 -0.112399 0.239459 -0.766025
1678843060728 -0.629191 1.375058 -0.821003
1678843060739 -0.693332 0.876592 -0.497244
1678843060748 -0.393397 -0.376904 -0.237016
1678843060763 0.304822 -0.619417 -0.319483
1678843060789 0.709825 0.126449 -0.642630
1678843060816 0.483805 0.638965 -0.828333
1678843060840 0.133169 0.305433 -0.675617
1678843060866 -0.145997 -0.215025 -0.401949
1678843060891 0.077580 -0.267559 -0.341474
1678843060918 0.307876 -0.081856 -0.363465
1678843060943 0.097128 -0.084299 -0.295048
1678843060968 -0.125838 -0.241903 -0.185092
1678843060993 -0.062308 -0.197920 -0.227853
1678843061047 0.130114 -0.359189 -0.130114
1678843061062 0.111788 -0.562607 -0.041539
1678843061074 -0.102625 -0.147219 -0.265726
1678843061096 -0.152105 -0.183260 -0.703717
1678843061122 0.238848 -0.575435 -1.001819
1678843061150 0.572992 -0.361632 -1.265102
1678843061173 0.708604 0.201586 -1.350623
1678843061199 0.626137 0.309098 -1.241278
1678843061233 0.424551 0.127671 -0.954782
1678843061250 0.321926 -0.019548 -0.513738
1678843061286 0.282831 -0.185092 -0.118508
1678843061325 0.219911 -0.207083 -0.005498
1678843061329 0.335365 -0.039095 -0.091019
1678843061352 0.742201 0.021991 -0.284052
1678843061378 0.992045 -0.319483 -0.371406
1678843061403 0.439823 0.083689 -0.399506
1678843061429 -0.411723 0.760527 -0.394008
1678843061468 -0.511905 0.062919 -0.513738
1678843061480 -0.085521 -0.901026 -0.651793
1678843061524 -0.000611 -0.886976 -0.932791
1678843061531 -0.370184 -0.265116 -1.203405
1678843061557 -0.441045 -0.108734 -1.227839
1678843061583 -0.047647 -0.591928 -1.075123
1678843061627 0.573602 -0.858877 -0.904081
1678843061639 0.770301 -0.685391 -0.751364
1678843061659 0.480751 -0.819170 -0.684169
1678843061686 0.386678 -1.083675 -0.723875
1678843061711 0.431271 -0.929126 -0.839329
1678843061736 0.321926 -0.637743 -0.891863
1678843061769 0.116064 -0.581544 -0.954782
1678843061808 0.189979 -0.827112 -1.014036
1678843061821 0.356745 -0.786794 -1.039693
1678843061855 0.396452 -0.508240 -1.111164
1678843061864 0.419664 -0.464258 -1.199739
1678843061898 0.451429 -0.767247 -1.222341
1678843061917 0.475253 -0.857655 -1.246165
1678843061956 0.446543 -0.753808 -1.247387
1678843061971 0.538783 -0.780075 -1.291369
1678843061993 0.621250 -1.036027 -1.381777
1678843062045 0.554055 -1.113607 -1.442253
1678843062064 0.381791 -0.869872 -1.550987
1678843062071 0.128282 -0.560163 -1.662775
1678843062096 0.391565 -1.114829 -1.637730
1678843062121 0.672563 -1.448972 -1.635897
1678843062147 0.182038 -0.786184 -1.800220
1678843062172 -0.248622 -0.288328 -1.758070
1678843062199 -0.321315 -0.507629 -1.563815
1678843062223 0.106291 -0.901637 -1.328632
1678843062257 0.702495 -1.132544 -1.085508
1678843062276 0.731817 -0.868650 -0.979828
1678843062301 0.551611 -0.872926 -0.793514
1678843062341 0.334143 -1.070236 -0.564439
1678843062360 0.058032 -0.823446 -0.458149
1678843062377 -0.110567 -0.554055 -0.489914
1678843062412 -0.138056 -0.645074 -0.507018
1678843062430 -0.252287 -0.660345 -0.514349
1678843062454 -0.383623 -0.471588 -0.571159
1678843062480 -0.375682 -0.426995 -0.702495
1678843062507 -0.243124 -0.498466 -0.802066
1678843062530 -0.226631 -0.409280 -0.937678
1678843062557 -0.222966 -0.266948 -1.065960
1678843062583 -0.161268 -0.241903 -1.119716
1678843062612 -0.214414 -0.172264 -1.057408
1678843062659 -0.314596 -0.024435 -0.938900
1678843062668 -0.328645 0.039095 -0.877203
1678843062705 -0.197920 -0.014661 -0.871094
1678843062721 0.005498 -0.122173 -0.810007
1678843062740 0.151495 -0.177762 -0.694554
1678843062761 0.276111 -0.303600 -0.549168
1678843062792 0.413556 -0.519235 -0.448375
1678843062813 0.202196 -0.358578 -0.299935
1678843062842 -0.171653 -0.014661 -0.064752
1678843062863 -0.529009 0.015272 0.124617
1678843062932 -0.695165 0.274278 0.050702
1678843062938 -0.465479 -0.090408 -0.045204
1678843062945 0.148440 -0.855822 -0.152105
1678843062966 0.302378 -0.742201 -0.296270
1678843062993 0.252287 -0.095295 -0.485638
1678843063019 0.252287 0.352469 -0.551611
1678843063043 0.177762 0.094073 -0.281609
1678843063072 0.015882 -0.104458 -0.018937
1678843063099 0.029932 0.010996 0.075747
1678843063132 0.056200 0.010996 0.023213
1678843063148 0.065973 -0.045204 -0.052534
1678843063175 0.163101 -0.084910 -0.137445
1678843063214 0.238848 0.009774 -0.309709
1678843063234 0.302989 0.131947 -0.420886
1678843063250 0.340863 0.290772 -0.379958
1678843063274 0.327424 0.144775 -0.254120
1678843063306 0.120951 -0.115454 -0.131336
1678843063332 0.086743 -0.237627 -0.074526
1678843063351 0.466090 -0.331700 -0.138666
1678843063383 0.667065 -0.560163 -0.213803
1678843063401 0.173486 -0.204640 -0.227242
1678843063437 -0.700052 0.534507 -0.070860
1678843063457 -0.701273 0.036041 0.014050
1678843063483 -0.007330 -0.516181 -0.108734
1678843063509 0.452651 -0.496633 -0.276111
1678843063530 0.369573 -0.382402 -0.478918
1678843063556 0.012217 0.107512 -0.711047
1678843063583 -0.318261 0.579711 -0.720821
1678843063607 -0.546724 0.682947 -0.259618
1678843063632 -0.369573 -0.133779 0.068417
1678843063658 -0.029322 -0.435547 0.076969
1678843063690 0.087965 -0.086132 0.027489
1678843063711 -0.047037 -0.039095 0.106901
1678843063743 -0.256563 -0.075747 0.228464
1678843063761 -0.291383 0.080023 0.287107
1678843063821 -0.222355 0.226020 0.342695
1678843063825 -0.194866 0.185092 0.414777
1678843063842 -0.220522 0.160047 0.521068
1678843063871 -0.177151 0.199142 0.576657
1678843063892 -0.091630 0.225409 0.635300
1678843063917 -0.049480 0.405615 0.756251
1678843063940 0.009163 0.517403 0.892474
1678843063965 0.062308 0.516181 0.997543
1678843063996 0.207083 0.258396 1.097114
1678843064020 -0.270002 0.569937 1.224174
1678843064060 -1.054964 0.894918 1.359175
1678843064068 -1.533883 0.860098 1.354899
1678843064094 -0.889420 0.130725 1.400103
1678843064119 0.268781 -0.378126 1.161866
1678843064151 0.503964 0.280998 0.516792
1678843064170 0.263894 0.659124 0.213803
1678843064196 0.034819 0.226020 0.422108
1678843064223 0.189979 -0.015272 0.786184
1678843064255 0.384234 0.202807 0.968221
1678843064273 0.254731 0.198531 1.029308
1678843064299 0.076969 0.104458 1.040303
1678843064324 0.169210 0.117286 1.014036
1678843064350 0.311541 0.237016 0.973108
1678843064375 0.257174 0.273668 0.926072
1678843064422 0.202807 0.234572 0.945619
1678843064465 0.070250 0.181427 1.000597
1678843064470 0.019548 0.345139 1.070847
1678843064479 0.115454 0.394619 1.098336
1678843064503 0.106291 0.209527 1.008538
1678843064530 -0.003665 0.193033 0.819170
1678843064558 0.028711 0.276111 0.728151
1678843064581 -0.072693 0.357356 0.626137
1678843064607 -0.267559 0.328645 0.514959
1678843064631 -0.320093 0.252898 0.374460
1678843064658 -0.428827 0.332311 0.277333
1678843064686 -0.689667 0.324980 0.167988
1678843064710 -1.058630 0.660956 -0.016493
1678843064740 -1.211346 0.723875 0.091019
1678843064760 -0.886976 -0.012217 0.276111
1678843064808 -0.372017 -0.409891 0.131947
1678843064815 -0.093462 -0.175929 -0.125838
1678843064851 -0.132558 -0.135001 -0.311541
1678843064864 -0.152716 -0.037263 -0.448986
1678843064901 -0.132558 0.410501 -0.554666
1678843064919 -0.006109 0.715323 -0.436769
1678843064951 0.012217 0.532674 -0.069028
1678843064993 0.062308 -0.005498 0.266948
1678843064998 0.241292 -0.074526 0.368352
1678843065016 0.346971 0.079412 0.338419
1678843065047 0.403782 0.067806 0.380569
1678843065068 0.348804 0.031154 0.442266
1678843065093 0.297491 0.186925 0.387899
1678843065146 0.273057 0.367130 0.353080
1678843065161 0.228464 0.353080 0.394008
1678843065170 0.209527 0.299324 0.402560
1678843065195 0.218079 0.350637 0.386067
1678843065221 0.030543 0.475864 0.365908
1678843065264 -0.152716 0.580322 0.376904
1678843065278 -0.084299 0.504575 0.364076
1678843065298 0.150273 0.527177 0.413556
1678843065324 0.122173 0.686613 0.519846
1678843065351 -0.458149 0.970054 0.736093
1678843065378 -0.946230 0.799623 1.068403
1678843065406 -0.669508 -0.037263 1.217454
1678843065426 0.116064 -0.424551 1.058630
1678843065459 0.521068 0.133779 0.715323
1678843065477 0.510072 0.524122 0.440434
1678843065532 0.182038 0.483194 0.474642
1678843065551 -0.252898 0.405615 0.744034
1678843065562 -0.478918 0.224798 0.984715
1678843065584 -0.381180 0.074526 0.895528
1678843065606 -0.027489 0.152105 0.714712
1678843065634 0.228464 0.243735 0.558942
1678843065656 0.219301 0.154549 0.366519
1678843065682 0.275500 0.174097 0.164323
1678843065707 0.390343 0.332311 -0.021380
1678843065733 0.410501 0.466701 -0.211359
1678843065766 0.405004 0.389121 -0.310320
1678843065798 0.423940 0.009163 -0.438601
1678843065818 0.675006 -0.131947 -0.652404
1678843065835 0.468534 0.281609 -0.906524
1678843065861 -0.568716 0.557720 -0.767858
1678843065886 -1.167364 -0.015882 -0.397062
1678843065912 -0.684780 -0.787405 -0.189979
1678843065938 -0.030543 -0.878424 -0.374460
1678843065964 0.269392 -0.474031 -0.877203
1678843065989 0.217468 -0.031765 -1.289536
1678843066018 0.224188 -0.077580 -1.196685
1678843066049 0.271224 -0.266337 -0.800844
1678843066067 0.237627 -0.202807 -0.477086
1678843066109 0.147829 -0.293215 -0.306043
1678843066129 0.150273 -0.417221 -0.193033
1678843066162 0.160047 -0.275500 -0.083078
1678843066168 0.050091 -0.126449 -0.147829
1678843066229 -0.044593 -0.169821 -0.261450
1678843066234 -0.035430 -0.266948 -0.221744
1678843066245 0.106901 -0.101404 -0.151495
1678843066275 0.295048 0.047647 -0.160658
1678843066339 0.372628 0.021380 -0.263283
1678843066344 0.378126 0.138056 -0.248011
1678843066349 0.330478 0.292604 -0.096517
1678843066373 0.227853 0.261450 0.066584
1678843066398 0.202196 0.127060 0.092852
1678843066427 0.216857 -0.031765 0.138056
1678843066458 -0.261450 0.323148 0.324369
1678843066476 -0.609033 0.196088 0.434325
1678843066520 -0.414777 -0.359189 0.298102
1678843066526 0.022602 -0.774577 0.243735
1678843066552 0.185092 -0.411112 0.125227
1678843066578 0.141110 0.003665 0.000000
1678843066604 -0.115454 -0.151495 0.073304
1678843066628 -0.332922 -0.376293 0.294437
1678843066656 -0.277333 -0.301157 0.393397
1678843066681 -0.123395 -0.050702 0.283441
1678843066707 -0.056810 0.027489 0.203418
1678843066731 -0.111788 -0.170431 0.287107
1678843066768 -0.139277 -0.282831 0.270613
1678843066803 0.004887 -0.246790 0.156992
1678843066825 0.042150 -0.133169 0.080023
1678843066833 -0.103847 -0.046426 0.053145
1678843066859 -0.218079 -0.092241 0.088575
1678843066889 -0.135612 -0.210749 0.006720
1678843066910 -0.017715 -0.211359 -0.100793
1678843066936 -0.040317 -0.125838 -0.174707
1678843066962 0.008552 -0.257785 -0.156992
1678843066989 0.260229 -0.638965 -0.153327
1678843067014 0.247400 -0.372017 -0.215025
1678843067046 -0.053756 -0.059254 -0.230296
1678843067064 -0.286496 -0.108123 -0.144775
1678843067098 -0.039706 -0.412945 -0.281609
1678843067115 0.436769 -0.618806 -0.499688
1678843067141 0.463036 -0.232129 -0.639576
1678843067167 -0.074526 0.362243 -0.749532
1678843067192 -0.474031 0.619417 -0.886976
1678843067222 -0.064141 0.133169 -0.761749
1678843067243 0.543670 -0.315817 -0.624304
1678843067270 0.554666 -0.072693 -0.670730
1678843067294 0.368963 0.019548 -0.628580
1678843067320 0.299935 0.013439 -0.477697
1678843067347 0.371406 0.077580 -0.302989
1678843067371 0.269392 -0.022602 -0.153327
1678843067397 0.048258 -0.009163 0.020769
1678843067429 -0.032987 -0.003665 0.162490
1678843067455 0.126449 -0.141110 0.195477
1678843067474 0.224798 -0.166155 0.244957
1678843067501 0.026878 -0.107512 0.361021
1678843067539 -0.216857 0.079412 0.383623
1678843067559 -0.399506 0.083689 0.301767
1678843067592 -1.064738 0.599870 0.315817
1678843067603 -1.318247 0.555887 0.397062
1678843067651 -0.626137 -0.302989 0.089186
1678843067657 0.431271 -0.696386 -0.311541
1678843067681 0.904691 -0.426995 -0.606589
1678843067708 0.477086 -0.023824 -0.802677
1678843067776 -0.298102 0.310320 -0.751975
1678843067784 -0.715934 0.402560 -0.468534
1678843067789 -0.465479 -0.042761 -0.121562
1678843067807 -0.185092 -0.523512 -0.059254
1678843067832 -0.064752 -0.452651 -0.183260
1678843067858 0.138666 -0.149051 -0.251066
1678843067888 0.279776 -0.224188 -0.177151
1678843067909 0.172875 -0.453262 -0.100182
1678843067935 0.011606 -0.344528 -0.054367
1678843067967 -0.129503 -0.159436 -0.023824
1678843068003 -0.244346 -0.229074 -0.041539
1678843068030 -0.243735 -0.308487 -0.113621
1678843068038 -0.155160 -0.196088 -0.271224
1678843068063 -0.120951 -0.064752 -0.520457
1678843068089 -0.090408 -0.032987 -0.791681
1678843068114 0.156382 -0.210138 -0.926683
1678843068141 0.058643 0.011606 -0.823446
1678843068166 -0.247400 0.018326 -0.593150
1678843068198 -0.276722 -0.438601 -0.437990
1678843068217 0.366519 -0.792903 -0.527177
1678843068270 0.858266 -0.915076 -0.776410
1678843068277 0.892474 -0.626137 -0.992656
1678843068294 0.408058 0.033598 -1.123992
1678843068326 -0.197309 0.434936 -1.230893
1678843068362 -0.298102 0.359800 -1.036638
1678843068377 0.078191 -0.001222 -0.791071
1678843068396 0.442877 -0.086743 -0.745256
1678843068424 0.538783 0.027489 -0.736093
1678843068448 0.637132 0.244957 -0.667065
1678843068473 0.652404 0.279776 -0.590096
1678843068523 0.491136 0.240681 -0.432493
1678843068529 0.236405 0.127060 -0.132558
1678843068555 0.010996 0.006720 0.131336
1678843068576 -0.166155 -0.110567 0.308487
1678843068604 -0.245568 -0.000611 0.431882
1678843068627 -0.312152 0.320093 0.605367
1678843068653 -0.529620 0.237627 0.654237
1678843068678 -0.715934 -0.323148 0.542448
1678843068724 -1.090394 -0.012828 0.412334
1678843068729 -0.888198 0.432493 0.463036
1678843068755 -0.496633 0.083689 0.512516
1678843068780 -0.076358 -0.502742 0.284052
1678843068806 0.380569 -0.806953 -0.083689
1678843068832 0.377515 -0.400728 -0.411723
1678843068858 -0.002443 0.353080 -0.326813
1678843068885 -0.356745 0.500299 0.204640
1678843068912 -0.340252 0.039095 0.598037
1678843068934 -0.185092 -0.470366 0.632246
1678843068960 -0.099571 -0.298713 0.648739
1678843068985 0.061087 0.066584 0.728762
1678843069027 0.176540 0.176540 0.780686
1678843069038 0.091630 -0.129503 0.733038
1678843069075 0.025045 -0.198531 0.671952
1678843069096 -0.027489 0.056810 0.602313
1678843069114 -0.122784 0.083078 0.513127
1678843069139 -0.183870 0.009774 0.419664
1678843069177 -0.137445 -0.006109 0.141721
1678843069193 0.036041 0.089186 -0.132558
1678843069219 0.048258 0.025656 -0.262061
1678843069243 -0.285274 0.613920 -0.230296
1678843069271 -0.210138 0.835664 0.130114
1678843069294 0.234572 0.388510 0.320093
1678843069333 0.415999 -0.745866 0.288939
1678843069374 0.133779 -0.876592 0.229074
1678843069392 -0.291994 -0.167377 0.128282
1678843069422 -0.751364 0.589485 -0.179594
1678843069432 -0.610865 0.724486 -0.328645
1678843069446 0.164323 0.537561 -0.286496
1678843069472 0.618196 0.375682 -0.271224
1678843069498 0.467923 0.254120 -0.298102
1678843069527 0.313374 0.265726 -0.072693
1678843069550 0.230907 0.408058 0.291994
1678843069578 0.018326 0.621250 0.575435
1678843069600 -0.309098 0.655458 0.742201
1678843069636 -0.437990 0.582155 0.842994
1678843069653 -0.209527 0.420275 0.943176
1678843069691 -0.011606 0.288328 0.970665
1678843069705 -0.006109 0.404393 0.934624
1678843069729 -0.115454 0.275500 0.892474
1678843069756 -0.685391 0.499077 0.974941
1678843069788 -1.032362 1.253495 1.091616
1678843069805 -0.908357 1.069014 1.185079
1678843069833 -0.695776 -0.704328 1.050688
1678843069879 -0.251676 -1.483181 0.550390
1678843069900 -0.153327 -0.534507 -0.143553
1678843069911 -0.252287 0.904081 -0.497244
1678843069934 -0.334754 1.022588 -0.485638
1678843069962 -0.274278 -0.088575 -0.166766
1678843069989 0.090408 -0.730595 0.163712
1678843070010 0.208305 -0.365297 0.147829
1678843070035 0.140499 -0.083689 0.114232
1678843070076 0.021380 -0.219301 0.145386
1678843070098 -0.054978 -0.275500 0.133779
1678843070112 -0.079412 -0.087354 0.120951
1678843070138 -0.130114 0.022602 0.149662
1678843070170 -0.191201 -0.178984 0.118508
1678843070189 -0.102014 -0.293826 0.005498
1678843070215 0.095906 -0.114843 -0.093462
1678843070240 0.044593 -0.087354 -0.047037
1678843070266 -0.185092 -0.113010 0.031154
1678843070292 -0.187536 -0.100793 0.029322
1678843070326 -0.158214 0.007941 -0.052534
1678843070373 -0.248622 0.290161 -0.050091
1678843070403 -0.388510 0.352469 -0.219911
1678843070407 0.001833 -0.214414 -0.412334
1678843070422 0.287718 -0.096517 -0.408669
1678843070444 0.215635 0.271224 -0.210138
1678843070475 0.104458 0.113621 0.215025
1678843070496 0.061697 -0.905302 0.467923
1678843070521 0.098349 -1.373836 0.501520
1678843070565 -0.023213 -0.813062 0.517403
1678843070573 -0.359189 0.109345 0.211970
1678843070614 -0.539394 0.627969 0.159436
1678843070626 0.068417 -0.172875 0.412945
1678843070650 0.635300 -0.679282 0.358578
1678843070681 0.389121 -0.045815 0.288328
1678843070710 -0.377515 0.634078 0.377515
1678843070726 -0.604146 0.595594 0.533896
1678843070762 -0.114843 0.267559 0.694554
1678843070780 0.248622 0.182649 0.758695
1678843070809 0.249844 0.383623 0.885144
1678843070863 0.127060 0.499688 1.182024
1678843070876 -0.251676 0.383013 1.493566
1678843070885 -0.632246 0.192423 1.612073
1678843070906 -0.694554 0.344528 1.532661
1678843070931 -0.631635 0.551611 1.411710
1678843070957 -0.458760 0.485027 1.309695
1678843071002 -0.129503 0.266337 1.147205
1678843071041 0.121562 0.325591 0.917520
1678843071059 0.158825 0.551611 0.826501
1678843071071 0.161268 0.516181 0.954782
1678843071086 0.152105 0.445932 0.974330
1678843071111 0.482584 -0.142332 0.914465
1678843071136 0.731817 -0.117897 1.163698
1678843071164 0.374460 0.239459 1.442253
1678843071188 -0.494190 0.831388 1.620625
1678843071216 -0.863763 1.197907 1.737912
1678843071250 -0.175318 0.195477 1.532661
1678843071282 0.732427 -0.368963 0.711658
1678843071298 0.962724 -0.048258 0.025656
1678843071316 0.899805 0.596204 -0.255953
1678843071341 0.767247 0.993267 -0.050702
1678843071367 0.474642 1.312749 0.612087
1678843071392 0.175318 1.244333 1.178359
1678843071442 -0.036041 0.829555 1.403768
1678843071448 -0.010996 0.384234 1.452638
1678843071469 0.069028 0.040928 1.292591
1678843071496 0.102014 0.187536 1.053132
1678843071522 0.122173 0.474642 0.851546
1678843071546 0.061697 0.601702 0.671952
1678843071572 -0.032376 0.420275 0.657291
1678843071599 -0.131947 0.249844 0.659734
1678843071641 -0.167988 0.188147 0.513127
1678843071671 0.093462 0.147829 0.463036
1678843071676 0.345139 0.005498 0.403171
1678843071700 0.426384 -0.455095 0.409891
1678843071728 0.310930 -0.378126 0.381791
1678843071754 0.010996 -0.292604 0.294437
1678843071778 -0.307876 -0.262061 0.076358
1678843071802 -0.364687 -0.618196 -0.269392
1678843071833 -0.000611 -0.963335 -0.405615
1678843071857 0.467312 -1.006095 -0.487470
1678843071881 0.639576 -1.246165 -0.612698
1678843071905 0.431271 -1.307252 -0.684169
1678843071933 0.390954 -1.084286 -0.490525
1678843071959 0.450819 -1.231504 -0.417221
1678843071982 0.080023 -0.576046 -0.385456
1678843072007 -0.571159 0.499077 -0.073304
1678843072034 -1.682934 1.001208 0.394619
1678843072076 -1.436755 -0.138056 0.572992
1678843072092 0.040928 -0.947452 0.406225
1678843072110 0.863153 0.190590 0.164934
1678843072146 0.709215 0.808786 0.131947
1678843072164 0.149051 0.600481 0.307265
1678843072192 -0.298102 0.513127 0.652404
1678843072239 -0.204640 0.735482 0.792903
1678843072255 -0.059254 0.819781 0.821614
1678843072266 -0.024435 0.920574 0.951117
1678843072290 0.035430 0.852768 1.237613
1678843072315 0.087354 0.770301 1.344514
1678843072341 0.131336 0.889420 1.232115
1678843072384 0.196088 1.057408 1.219898
1678843072400 0.066584 1.129490 1.363451
1678843072422 -0.277944 1.188133 1.488679
1678843072443 -0.286496 1.312749 1.448362
1678843072468 0.007330 1.520444 1.475850
1678843072503 0.112399 1.306030 1.500285
1678843072533 0.066584 1.328632 1.532050
1678843072578 0.123395 1.215011 1.518000
1678843072597 -0.051924 1.113607 1.468520
1678843072605 -0.259618 0.869872 1.398270
1678843072626 -0.210749 0.651793 1.306030
1678843072664 -0.024435 0.766636 1.271211
1678843072676 0.188757 0.507018 1.270600
1678843072699 0.226020 0.188757 1.064738
1678843072724 0.244957 -0.342695 0.877813
1678843072751 -0.215635 0.231518 0.934624
1678843072776 -1.091616 1.130101 1.258382
1678843072802 -1.437366 0.890031 1.540602
1678843072833 -0.459371 -0.642019 1.521665
1678843072867 0.442266 -0.733649 1.123381
1678843072881 0.464258 0.113010 0.649961
1678843072918 0.103236 0.706771 0.502742
1678843072931 -0.114232 0.557109 0.673784
1678843072975 -0.082467 0.483805 1.009149
1678843072983 -0.122784 0.486249 1.152703
1678843073028 -0.350637 0.603535 1.287704
1678843073046 -0.414167 0.434325 1.349401
1678843073058 -0.253509 0.144164 1.240056
1678843073083 -0.015272 0.112399 1.021978
1678843073130 0.084299 0.045204 0.742812
1678843073135 0.031154 0.068417 0.535729
1678843073160 0.031154 0.217468 0.464868
1678843073187 0.070860 0.265726 0.387899
1678843073211 0.061087 0.210749 0.123395
1678843073238 0.209527 0.180816 -0.125227
1678843073263 0.509462 -0.103847 -0.145386
1678843073288 0.600481 -0.320093 -0.094684
1678843073314 0.017715 0.237627 -0.155160
1678843073348 -0.846048 0.485027 -0.216857
1678843073365 -1.142318 0.082467 -0.120340
1678843073398 -0.264505 -0.514959 -0.021380
1678843073423 0.565050 -0.276111 -0.089186
1678843073452 0.292604 0.641409 -0.128893
1678843073468 -0.604757 0.681726 -0.147219
1678843073505 -0.726930 0.133169 -0.007941
1678843073521 0.075747 -0.209527 0.276111
1678843073547 0.551611 0.299324 0.328035
1678843073570 0.246790 0.507018 0.292604
1678843073600 -0.059254 0.169821 0.401338
1678843073639 -0.039095 0.161268 0.355524
1678843073662 -0.020159 0.455095 0.376904
1678843073674 -0.167377 0.557109 0.460592
1678843073698 -0.279165 0.514959 0.476475
1678843073723 -0.193033 0.340252 0.487470
1678843073749 0.036041 0.403782 0.558331
1678843073785 0.127060 0.586431 0.627969
1678843073801 0.003054 0.564439 0.601702
1678843073838 -0.139277 0.502742 0.610865
1678843073855 0.020159 0.518625 0.699441
1678843073890 0.271224 0.276722 0.852157
1678843073903 0.001833 0.423330 0.948063
1678843073943 -0.665843 0.634078 1.193020
1678843073984 -1.097114 0.774577 1.326188
1678843073990 -0.746477 0.260229 1.373836
1678843074005 0.061697 -0.045204 1.376890
1678843074037 0.234572 0.481973 1.264491
1678843074062 -0.265726 0.679282 1.249830
1678843074089 -0.490525 0.387899 1.378723
1678843074132 -0.251066 0.164934 1.429425
1678843074137 -0.020769 0.257174 1.423927
1678843074159 0.014661 0.438601 1.361008
1678843074190 -0.096517 0.302989 1.222341
1678843074213 -0.065363 0.135001 1.116051
1678843074238 0.044593 0.153327 1.059851
1678843074262 0.059865 0.246790 1.018923
1678843074291 -0.058032 0.204640 0.962113
1678843074314 -0.204029 0.216246 0.858266
1678843074341 -0.284052 0.219301 0.685391
1678843074364 -0.243124 0.103847 0.507629
1678843074407 -0.012828 0.065363 0.301767
1678843074423 0.242514 0.048869 0.073915
1678843074441 0.221744 0.320093 -0.086743
1678843074466 -0.274889 0.670730 -0.112399
1678843074492 -0.522901 0.420886 -0.072693
1678843074540 -0.254120 -0.045815 -0.060476
1678843074559 0.166155 -0.227242 -0.021380
1678843074569 0.197920 0.124617 -0.046426
1678843074594 -0.275500 0.515570 -0.220522
1678843074620 -0.593761 0.652404 -0.305433
1678843074647 -0.343306 0.565050 -0.229685
1678843074671 0.040928 0.231518 -0.160658
1678843074697 0.282220 -0.051924 -0.156382
1678843074738 0.413556 0.047037 -0.197920
1678843074757 0.466090 0.215635 -0.076969
1678843074782 0.309709 0.092852 0.070250
1678843074802 0.176540 -0.027489 0.224798
1678843074835 0.076358 0.042761 0.277944
1678843074854 0.081856 0.077580 0.320093
1678843074884 0.175318 0.122784 0.381791
1678843074902 0.200364 0.278555 0.393397
1678843074928 0.123395 0.181427 0.373850
1678843074954 0.172264 0.083689 0.459982
1678843074979 0.235183 0.204029 0.512516
1678843075035 0.417832 0.317039 0.582765
1678843075041 0.543059 0.094073 0.751975
1678843075055 0.212581 0.430660 0.848492
1678843075081 -0.588263 1.088562 0.744034
1678843075107 -1.083675 0.650571 0.768468
1678843075135 -0.519846 0.204640 0.973108
1678843075166 0.174707 -0.119119 1.037860
1678843075190 0.094684 0.039095 0.767247
1678843075224 -0.188757 0.393397 0.562607
1678843075238 -0.205251 0.587652 0.582155
1678843075260 -0.128893 0.600481 0.778242
1678843075286 -0.239459 0.486860 1.008538
1678843075318 -0.391565 0.485638 1.093449
1678843075338 -0.554666 0.155771 1.003041
1678843075365 -0.493579 -0.171042 0.934013
1678843075396 -0.321315 0.047037 0.880868
1678843075423 -0.230907 0.091019 0.739147
1678843075440 -0.208916 -0.106291 0.558942
1678843075482 -0.161879 -0.189368 0.398895
1678843075495 -0.109345 -0.089186 0.233351
1678843075517 0.084299 -0.113621 0.169210
1678843075543 0.101404 -0.194255 0.034208
1678843075568 0.050702 -0.264505 -0.069639
1678843075594 -0.059254 -0.540005 -0.172264
1678843075623 -0.226631 -0.147829 -0.424551
1678843075668 -0.287107 0.300546 -0.602924
1678843075687 -0.010996 0.063530 -0.643852
1678843075702 0.307265 -0.401338 -0.583376
1678843075724 0.338419 -0.781297 -0.522901
1678843075751 0.255342 -0.511905 -0.606589
1678843075784 0.240070 0.094684 -0.762971
1678843075799 -0.040928 0.337198 -1.016480
1678843075824 -0.240681 0.196088 -0.979828
1678843075849 -0.076358 0.157603 -0.682336
1678843075876 0.132558 0.183870 -0.533896
1678843075901 0.193033 -0.140499 -0.479529
1678843075927 0.266948 -0.089797 -0.428217
1678843075966 0.312763 0.254731 -0.400117
1678843075980 0.235183 0.442266 -0.333532
1678843076022 0.013439 0.337808 -0.237627
1678843076029 -0.114843 0.081856 -0.134390
1678843076054 -0.135001 0.132558 -0.130114
1678843076091 -0.068417 0.282831 -0.098960
1678843076108 -0.025045 0.258396 0.037874
1678843076138 -0.004276 0.260229 0.157603
1678843076156 -0.003665 0.356134 0.128282
1678843076214 0.028100 0.164934 0.125227
1678843076221 -0.072082 0.459371 0.050702
1678843076235 -0.288328 0.308487 0.130725
1678843076267 -0.461203 0.144164 0.199142
1678843076285 -0.326202 0.031765 0.248011
1678843076324 0.152716 -0.244957 0.294437
1678843076336 0.230296 -0.095295 0.191812
1678843076365 0.050091 -0.001833 0.084910
1678843076388 -0.041539 -0.112399 0.230296
1678843076414 -0.061697 -0.244346 0.379958
1678843076439 -0.015882 -0.311541 0.329256
1678843076475 0.052534 -0.352469 0.215025
1678843076514 0.043982 -0.276111 0.120340
1678843076518 0.034819 -0.373850 0.115454
1678843076541 0.153327 -0.494190 0.043371
1678843076571 0.185092 -0.423940 -0.120951
1678843076592 0.099571 -0.364076 -0.329867
1678843076620 0.113621 -0.318872 -0.491747
1678843076643 0.193033 -0.355524 -0.602924
1678843076678 0.351858 -0.536340 -0.705549
1678843076717 0.370184 -0.593761 -0.875981
1678843076721 0.189368 -0.286496 -1.014036
1678843076756 -0.249844 0.027489 -1.108110
1678843076771 -0.302378 -0.243735 -0.975552
1678843076797 -0.053756 -0.561385 -1.001208
1678843076824 -0.024435 -0.438601 -1.127046
1678843076848 0.005498 -0.373850 -1.197296
1678843076874 0.172264 -0.442266 -1.186300
1678843076901 0.339030 -0.259618 -1.180192
1678843076924 0.076969 0.162490 -1.175305
1678843076955 -0.293826 0.285274 -1.076955
1678843076993 -0.270613 0.124006 -0.923628
1678843077002 0.071471 -0.252898 -0.849103
1678843077047 0.216857 -0.215025 -0.831388
1678843077053 0.093462 -0.308487 -0.792292
1678843077096 0.101404 -0.455095 -0.592539
1678843077104 0.070250 -0.277333 -0.511905
1678843077158 0.029322 -0.141110 -0.504575
1678843077174 0.015882 -0.079412 -0.464258
1678843077187 0.045815 0.128282 -0.330478
1678843077214 0.132558 0.250455 -0.270002
1678843077233 0.308487 0.139277 -0.257174
1678843077261 0.371406 0.089186 -0.194866
1678843077283 0.063530 0.131336 -0.029322
1678843077309 -0.625526 0.303600 0.120340
1678843077334 -0.554055 -0.302378 0.198531
1678843077365 0.090408 -0.624915 0.087965
1678843077392 0.497244 -0.325591 -0.175929
1678843077416 0.433714 -0.163101 -0.338419
1678843077458 0.114843 -0.194866 -0.432493
1678843077488 -0.122173 -0.037263 -0.442877
1678843077493 -0.223577 0.106291 -0.376293
1678843077520 -0.122173 -0.095295 -0.356134
1678843077540 0.005498 -0.441656 -0.353080
1678843077565 0.089797 -0.543670 -0.459982
1678843077592 0.156992 -0.496023 -0.618196
1678843077619 0.178373 -0.643852 -0.679893
1678843077652 0.170431 -0.614530 -0.767247
1678843077669 0.170431 -0.477086 -0.914465
1678843077693 0.072693 -0.445932 -0.982271
1678843077722 0.031154 -0.569326 -0.995099
1678843077753 0.173486 -0.521068 -1.018923
1678843077770 0.284052 -0.506407 -1.143540
1678843077803 0.332922 -0.667065 -1.320691
1678843077822 0.103847 -0.226020 -1.486235
1678843077852 0.153938 -0.301767 -1.453248
1678843077872 0.616363 -0.805731 -1.346347
1678843077904 0.673784 -0.343917 -1.393994
1678843077948 0.327424 0.120951 -1.191187
1678843077963 0.031765 -0.117286 -0.774577
1678843077979 -0.323759 -0.394008 -0.561385
1678843078002 -0.295659 -0.532064 -0.574824
1678843078026 0.012828 -0.356745 -0.549779
1678843078052 0.342085 -0.359800 -0.509462
1678843078078 0.402560 -0.444710 -0.496023
1678843078104 0.367741 -0.486249 -0.510683
1678843078129 0.244957 -0.335365 -0.521068
1678843078158 0.077580 -0.136834 -0.397673
1678843078197 -0.153938 -0.030543 -0.320704
1678843078205 -0.312152 -0.155160 -0.248011
1678843078250 -0.183260 -0.289550 -0.220522
1678843078263 -0.032987 -0.069639 -0.276111
1678843078285 0.096517 -0.056810 -0.280387
1678843078312 0.157603 -0.196699 -0.362854
1678843078334 0.205251 -0.142942 -0.402560
1678843078366 0.182038 0.001833 -0.346361
1678843078391 0.033598 -0.034819 -0.257785
1678843078413 -0.103847 -0.108734 -0.195477
1678843078450 -0.103847 -0.048258 -0.106291
1678843078463 -0.036652 -0.025045 -0.056810
1678843078488 -0.036652 -0.010996 -0.097128
1678843078527 0.067195 -0.040317 -0.132558
1678843078551 0.164934 -0.128893 -0.081245
1678843078564 0.143553 -0.133169 -0.012217
1678843078590 0.040928 -0.094073 0.037263
1678843078616 -0.083689 -0.081245 0.050091
1678843078670 -0.115454 -0.116064 0.060476
1678843078702 -0.034208 -0.047037 0.059865
1678843078707 0.055589 -0.020159 0.040317
1678843078718 0.043371 -0.015882 0.032987
1678843078747 -0.033598 -0.010996 0.060476
1678843078769 -0.082467 -0.025656 0.073304
1678843078798 -0.075747 0.008552 0.072082
1678843078821 -0.070860 0.011606 0.054367
1678843078848 -0.096517 0.014661 0.064141
1678843078892 -0.082467 -0.001833 0.087354
1678843078897 -0.047647 0.038485 0.086132
1678843078924 -0.059865 0.026878 0.072693
1678843078953 -0.099571 0.028100 0.047647
1678843078991 -0.111177 0.093462 0.023824
1678843079000 -0.180816 0.166155 0.023213
1678843079025 -0.074526 0.030543 0.054367
1678843079080 0.154549 -0.058032 0.060476
1678843079085 0.230907 -0.100182 0.029322
1678843079114 0.174707 -0.147219 -0.008552
1678843079161 0.059865 -0.132558 -0.010996
1678843079170 0.038485 -0.128282 -0.011606
