# Created at Tue Mar 14 18:17:04 MST 2023
1678843025249 0.203913 0.139813 0.365275 0.897466
1678843025271 0.196921 0.141185 0.364959 0.898941
1678843025282 0.199954 0.151978 0.365401 0.896328
1678843025294 0.202644 0.159871 0.363931 0.894947
1678843025305 0.205236 0.163210 0.364126 0.893674
1678843025313 0.208487 0.160390 0.361657 0.894434
1678843025322 0.204225 0.157551 0.361267 0.896078
1678843025332 0.210298 0.159498 0.362323 0.893900
1678843025341 0.214119 0.154330 0.362439 0.893853
1678843025348 0.222507 0.148971 0.359301 0.893981
1678843025356 0.224605 0.137136 0.357008 0.896266
1678843025370 0.225237 0.121768 0.353665 0.899645
1678843025441 0.224972 0.109536 0.348307 0.903367
1678843025493 0.227118 0.105146 0.342183 0.905689
1678843025565 0.224084 0.101578 0.336975 0.908799
1678843025610 0.220521 0.102454 0.326956 0.913221
1678843025685 0.209010 0.098577 0.321449 0.918296
1678843025714 0.213958 0.097221 0.317828 0.918562
1678843025761 0.225005 0.099886 0.314339 0.916835
1678843025827 0.232566 0.097691 0.308495 0.917170
1678843025879 0.245246 0.102044 0.303202 0.915156
1678843025951 0.255295 0.106889 0.298781 0.913307
1678843026002 0.249375 0.111085 0.298624 0.914492
1678843026038 0.243214 0.114525 0.301162 0.914895
1678843026111 0.242162 0.115570 0.307451 0.912949
1678843026181 0.228364 0.115617 0.304342 0.917529
1678843026215 0.225523 0.115685 0.298834 0.920030
1678843026274 0.212639 0.108405 0.302243 0.922866
1678843026342 0.186240 0.099696 0.305719 0.928392
1678843026387 0.196474 0.091345 0.302403 0.928228
1678843026439 0.208987 0.088943 0.296231 0.927718
1678843026513 0.213950 0.082719 0.286544 0.930202
1678843026567 0.221183 0.085069 0.274267 0.931997
1678843026614 0.227291 0.090812 0.257925 0.934648
1678843026669 0.235547 0.095310 0.239358 0.937092
1678843026724 0.243510 0.090845 0.224729 0.939120
1678843026822 0.238004 0.092636 0.205164 0.944818
1678843026867 0.249175 0.098395 0.185088 0.945501
1678843026927 0.236853 0.106160 0.161643 0.952104
1678843026960 0.241224 0.108398 0.133636 0.955093
1678843027028 0.243882 0.106264 0.109202 0.957760
1678843027070 0.244849 0.108103 0.085874 0.959682
1678843027119 0.244850 0.080152 0.074839 0.963340
1678843027171 0.249024 0.069175 0.069743 0.963503
1678843027237 0.247517 0.065428 0.068079 0.964272
1678843027277 0.252468 0.054877 0.065575 0.963820
1678843027314 0.251990 0.054252 0.065699 0.963972
1678843027381 0.247867 0.039217 0.062529 0.965978
1678843027433 0.254408 0.036375 0.050749 0.965079
1678843027468 0.245281 0.034247 0.042096 0.967932
1678843027539 0.235457 0.036122 0.030690 0.970728
1678843027589 0.237733 0.045624 0.020219 0.970048
1678843027641 0.244820 0.036966 0.016103 0.968730
1678843027703 0.247702 0.029695 0.011271 0.968316
1678843027739 0.247179 0.023625 0.002076 0.968680
1678843027801 0.255096 0.022977 -0.014518 0.966534
1678843027854 0.247567 0.018271 -0.022409 0.968439
1678843027923 0.248034 0.015271 -0.031698 0.968112
1678843027982 0.256428 0.024949 -0.040130 0.965408
1678843028042 0.245895 0.035928 -0.050224 0.967327
1678843028098 0.262433 0.047301 -0.056896 0.962109
1678843028155 0.266872 0.057126 -0.055449 0.960438
1678843028235 0.264062 0.071324 -0.041561 0.960967
1678843028284 0.254918 0.084528 -0.027879 0.962858
1678843028335 0.239381 0.097774 0.003094 0.965985
1678843028400 0.222781 0.106769 0.041670 0.968108
1678843028446 0.208802 0.102247 0.077792 0.969482
1678843028526 0.216054 0.104017 0.099391 0.965724
1678843028559 0.198181 0.106109 0.121068 0.966855
1678843028612 0.196885 0.127723 0.139396 0.962025
1678843028673 0.198247 0.149959 0.162381 0.954905
1678843028728 0.199426 0.157817 0.190508 0.948172
1678843028786 0.199646 0.163053 0.216806 0.941568
1678843028849 0.202704 0.164069 0.241177 0.934787
1678843028906 0.201700 0.170448 0.269443 0.926102
1678843028970 0.192943 0.175306 0.303744 0.916396
1678843029025 0.199710 0.180528 0.320706 0.908115
1678843029103 0.180744 0.200025 0.345958 0.898685
1678843029141 0.179698 0.206264 0.367800 0.888756
1678843029190 0.173869 0.197979 0.380420 0.886484
1678843029238 0.163177 0.179117 0.407467 0.880489
1678843029304 0.157242 0.163399 0.431528 0.873132
1678843029372 0.158294 0.172354 0.456780 0.858248
1678843029434 0.144848 0.179203 0.480889 0.845962
1678843029492 0.133786 0.184870 0.506905 0.831247
1678843029550 0.121255 0.187259 0.538021 0.812874
1678843029605 0.130526 0.200046 0.554549 0.797133
1678843029682 0.116080 0.202776 0.575215 0.783923
1678843029740 0.098196 0.199333 0.599935 0.768571
1678843029807 0.099215 0.197033 0.617043 0.755376
1678843029841 0.105560 0.208308 0.622807 0.746711
1678843029892 0.106364 0.214967 0.630408 0.738283
1678843029954 0.118201 0.218698 0.635327 0.731136
1678843029997 0.127536 0.216506 0.637848 0.728017
1678843030072 0.133575 0.212633 0.635126 0.730451
1678843030113 0.139936 0.210637 0.626862 0.736949
1678843030168 0.135562 0.204510 0.620175 0.745105
1678843030226 0.139435 0.212205 0.603185 0.756105
1678843030279 0.126176 0.214573 0.593085 0.765695
1678843030334 0.134602 0.221645 0.578291 0.773521
1678843030390 0.134533 0.221773 0.567901 0.781157
1678843030445 0.135118 0.218102 0.563124 0.785535
1678843030513 0.124698 0.207845 0.561644 0.791080
1678843030582 0.111873 0.200846 0.560856 0.795353
1678843030643 0.121513 0.196184 0.565125 0.792073
1678843030682 0.121507 0.208025 0.575912 0.781209
1678843030750 0.112585 0.194966 0.599253 0.768250
1678843030777 0.106376 0.180895 0.623270 0.753323
1678843030832 0.079922 0.183800 0.636952 0.744394
1678843030879 0.081164 0.186413 0.649576 0.732608
1678843030953 0.072937 0.208547 0.667433 0.711141
1678843031012 0.076417 0.209087 0.688105 0.690619
1678843031053 0.076280 0.214835 0.704240 0.672364
1678843031134 0.073493 0.220951 0.721513 0.652072
1678843031136 0.072028 0.222675 0.725789 0.646883
1678843031157 0.071234 0.223281 0.732178 0.639521
1678843031224 0.070826 0.228895 0.748042 0.618889
1678843031274 0.056542 0.236533 0.762243 0.599868
1678843031359 0.063352 0.240780 0.765597 0.593189
1678843031408 0.035598 0.248264 0.779558 0.573923
1678843031470 0.027024 0.243154 0.793915 0.556638
1678843031496 0.020143 0.242355 0.802738 0.544491
1678843031567 0.007852 0.242068 0.822148 0.515183
1678843031642 -0.002945 0.244781 0.836561 0.490143
1678843031705 -0.010944 0.243949 0.851905 0.463278
1678843031742 -0.019240 0.236859 0.870466 0.431065
1678843031806 -0.025437 0.233696 0.886597 0.398353
1678843031865 -0.040284 0.224887 0.901971 0.366403
1678843031899 -0.042782 0.211791 0.918891 0.330082
1678843031957 -0.045931 0.220148 0.927489 0.298646
1678843032041 -0.064474 0.199820 0.942389 0.260418
1678843032080 -0.071205 0.182569 0.953914 0.227257
1678843032122 -0.072898 0.188430 0.956749 0.209311
1678843032176 -0.076613 0.198846 0.959716 0.183130
1678843032251 -0.081240 0.223869 0.959374 0.151276
1678843032292 -0.081730 0.233294 0.959885 0.132346
1678843032349 -0.069017 0.245886 0.961234 0.103956
1678843032419 -0.061218 0.245021 0.963215 0.091836
1678843032469 -0.062289 0.235200 0.967061 0.074791
1678843032548 -0.056893 0.243349 0.965617 0.071606
1678843032582 -0.071088 0.238839 0.966214 0.065822
1678843032637 -0.072151 0.235014 0.968024 0.049911
1678843032658 -0.069507 0.226382 0.970588 0.043359
1678843032705 -0.069559 0.223776 0.971594 0.033020
1678843032764 -0.074440 0.226671 0.970970 0.017225
1678843032832 0.083526 -0.228190 -0.970027 0.000358
1678843032899 0.097378 -0.230360 -0.967872 0.026000
1678843032958 0.107896 -0.220748 -0.967835 0.054072
1678843032999 0.118775 -0.214600 -0.966549 0.074987
1678843033053 0.126116 -0.198007 -0.965859 0.109563
1678843033102 0.121930 -0.195683 -0.964258 0.130570
1678843033182 0.124137 -0.173891 -0.965467 0.149082
1678843033211 0.130632 -0.164786 -0.963263 0.167050
1678843033274 0.134933 -0.166870 -0.958731 0.186502
1678843033324 0.135494 -0.167543 -0.955761 0.200228
1678843033387 0.142557 -0.173985 -0.950275 0.215369
1678843033434 0.148783 -0.179961 -0.945988 0.224911
1678843033465 0.150958 -0.178485 -0.944747 0.229799
1678843033515 0.146628 -0.179022 -0.943818 0.235922
1678843033573 0.149711 -0.167142 -0.942349 0.248253
1678843033617 0.147344 -0.164752 -0.942297 0.251443
1678843033670 0.148750 -0.161680 -0.941729 0.254713
1678843033729 0.158299 -0.153635 -0.940674 0.257818
1678843033782 0.156995 -0.154394 -0.939368 0.262874
1678843033879 0.158293 -0.155280 -0.936609 0.271284
1678843033900 0.163624 -0.150218 -0.932642 0.284326
1678843033938 0.164461 -0.149841 -0.930047 0.292424
1678843034026 0.165082 -0.150029 -0.925108 0.307270
1678843034065 0.166065 -0.148036 -0.921299 0.318929
1678843034120 0.176102 -0.128837 -0.913526 0.343307
1678843034175 0.158183 -0.128578 -0.907483 0.367315
1678843034256 0.159778 -0.132542 -0.901579 0.379550
1678843034286 0.159264 -0.121134 -0.897185 0.393727
1678843034341 0.160483 -0.116559 -0.890394 0.409704
1678843034406 0.159616 -0.125724 -0.882573 0.424007
1678843034444 0.157169 -0.133124 -0.876125 0.435869
1678843034518 0.163691 -0.138135 -0.868599 0.446833
1678843034561 0.175373 -0.143771 -0.862408 0.452579
1678843034628 0.177644 -0.144183 -0.859214 0.457608
1678843034658 0.178284 -0.146027 -0.856398 0.462032
1678843034709 0.181131 -0.136809 -0.852769 0.470382
1678843034760 0.179777 -0.148710 -0.849506 0.473187
1678843034826 0.196414 -0.146139 -0.848401 0.469341
1678843034863 0.199401 -0.142236 -0.847496 0.470912
1678843034918 0.202646 -0.137025 -0.842726 0.479553
1678843034960 0.193873 -0.137764 -0.840529 0.486771
1678843035023 0.196566 -0.137738 -0.836460 0.492672
1678843035061 0.197219 -0.139675 -0.831846 0.499628
1678843035117 0.201988 -0.142247 -0.825027 0.508230
1678843035171 0.201893 -0.139674 -0.816882 0.521952
1678843035226 0.201312 -0.142355 -0.808644 0.534138
1678843035310 0.211445 -0.125635 -0.792951 0.557437
1678843035343 0.203287 -0.123932 -0.779665 0.579170
1678843035392 0.190234 -0.116696 -0.767136 0.601411
1678843035440 0.187916 -0.113210 -0.759611 0.612260
1678843035530 0.190712 -0.112451 -0.745606 0.628534
1678843035543 0.190895 -0.113613 -0.738761 0.636304
1678843035630 0.194307 -0.116074 -0.725739 0.649672
1678843035674 0.204092 -0.118907 -0.713076 0.660098
1678843035722 0.216980 -0.116141 -0.702622 0.667647
1678843035772 0.217898 -0.126433 -0.692427 0.676077
1678843035838 0.222415 -0.119034 -0.681318 0.687145
1678843035892 0.226529 -0.120605 -0.671878 0.694780
1678843035949 0.218802 -0.104298 -0.663984 0.707371
1678843035995 0.220309 -0.106577 -0.652921 0.716798
1678843036049 0.221821 -0.096235 -0.638715 0.730464
1678843036122 0.218535 -0.078720 -0.614140 0.754240
1678843036176 0.215808 -0.072390 -0.589445 0.775075
1678843036238 0.222311 -0.064265 -0.555733 0.798504
1678843036293 0.222517 -0.056670 -0.526026 0.818884
1678843036363 0.222668 -0.035670 -0.486601 0.844018
1678843036444 0.219511 -0.035833 -0.453262 0.863183
1678843036468 0.207874 -0.027952 -0.424468 0.880814
1678843036523 0.197896 -0.025155 -0.402534 0.893404
1678843036570 0.205000 -0.026626 -0.386698 0.898738
1678843036640 0.207704 -0.010927 -0.361916 0.908711
1678843036696 0.217993 0.021908 -0.344095 0.913016
1678843036744 0.224340 0.041235 -0.316792 0.920660
1678843036818 0.231271 0.051628 -0.286626 0.928275
1678843036863 0.240894 0.055318 -0.253284 0.935284
1678843036894 0.248269 0.051746 -0.234514 0.938450
1678843036943 0.259459 0.043207 -0.204891 0.942780
1678843037018 0.260478 0.040632 -0.182390 0.947224
1678843037060 0.265551 0.055593 -0.174563 0.946531
1678843037111 0.255755 0.057515 -0.162694 0.951216
1678843037164 0.258228 0.053852 -0.162598 0.950779
1678843037218 0.264384 0.075332 -0.168388 0.946611
1678843037283 0.262911 0.075681 -0.165645 0.947477
1678843037365 0.254070 0.066339 -0.151298 0.952972
1678843037418 0.258391 0.068940 -0.142492 0.952983
1678843037441 0.260047 0.068244 -0.140093 0.952939
1678843037480 0.260295 0.064255 -0.136549 0.953663
1678843037534 0.259087 0.048160 -0.129925 0.955863
1678843037621 0.265994 0.042600 -0.121056 0.955394
1678843037665 0.266840 0.047247 -0.109038 0.956386
1678843037716 0.263152 0.049423 -0.090447 0.959233
1678843037772 0.275045 0.044046 -0.083502 0.956785
1678843037826 0.269986 0.055502 -0.078611 0.958044
1678843037881 0.269056 0.059853 -0.073358 0.958460
1678843037974 0.275877 0.062426 -0.067016 0.956820
1678843038013 0.282619 0.054492 -0.066069 0.955401
1678843038072 0.287113 0.050929 -0.066777 0.954208
1678843038135 0.290287 0.046173 -0.073067 0.953028
1678843038174 0.291582 0.041337 -0.076582 0.952579
1678843038232 0.290661 0.031496 -0.085929 0.952439
1678843038245 0.286112 0.031484 -0.095173 0.952938
1678843038302 0.280273 0.026752 -0.111327 0.953067
1678843038384 0.265992 0.027469 -0.133274 0.954323
1678843038406 0.255686 0.032100 -0.151921 0.954209
1678843038460 0.264967 0.030959 -0.173946 0.947933
1678843038523 0.266532 0.032398 -0.193523 0.943642
1678843038577 0.265837 0.034882 -0.204758 0.941376
1678843038646 0.255036 0.031323 -0.212992 0.942661
1678843038708 0.251836 0.030910 -0.215590 0.942944
1678843038746 0.252366 0.025034 -0.211179 0.943975
1678843038799 0.232834 0.024297 -0.196573 0.952133
1678843038866 0.242394 0.007955 -0.195311 0.950282
1678843038935 0.236554 0.018422 -0.197562 0.951142
1678843038996 0.239899 0.034853 -0.200045 0.949324
1678843039048 0.242928 0.037605 -0.198556 0.948761
1678843039105 0.252181 0.031984 -0.195651 0.947155
1678843039147 0.252446 0.031027 -0.187470 0.948769
1678843039203 0.263758 0.029640 -0.183105 0.946586
1678843039264 0.280740 0.034718 -0.180928 0.941937
1678843039320 0.290032 0.041662 -0.171735 0.940560
1678843039383 0.274267 0.031235 -0.160634 0.947628
1678843039446 0.269674 0.039288 -0.163614 0.948137
1678843039505 0.256629 0.042012 -0.161052 0.952071
1678843039557 0.251012 0.044749 -0.153980 0.954610
1678843039620 0.249405 0.037756 -0.141380 0.957279
1678843039696 0.250086 0.040250 -0.134910 0.957933
1678843039715 0.250849 0.037609 -0.128061 0.958781
1678843039770 0.258540 0.027679 -0.124255 0.957576
1678843039851 0.268428 0.033763 -0.122665 0.954861
1678843039890 0.264052 0.043572 -0.116161 0.956496
1678843039945 0.266643 0.058322 -0.112106 0.955475
1678843040008 0.272683 0.053364 -0.110977 0.954191
1678843040071 0.260850 0.058893 -0.108273 0.957479
1678843040119 0.259537 0.051649 -0.103644 0.958765
1678843040150 0.259492 0.051509 -0.104006 0.958746
1678843040205 0.264099 0.045298 -0.107491 0.957416
1678843040297 0.268544 0.041869 -0.115304 0.955425
1678843040323 0.278805 0.031367 -0.124078 0.951782
1678843040363 0.283345 0.023357 -0.133629 0.949375
1678843040434 0.280492 0.024193 -0.148588 0.947977
1678843040503 0.277151 0.017589 -0.162460 0.946829
1678843040552 0.266391 0.026204 -0.181370 0.946284
1678843040596 0.263411 0.027974 -0.193656 0.944632
1678843040639 0.270709 0.024258 -0.211662 0.938790
1678843040698 0.268428 0.021893 -0.217449 0.938181
1678843040742 0.265941 0.016890 -0.218718 0.938697
1678843040797 0.263288 0.006010 -0.216682 0.940049
1678843040853 0.258113 -0.012736 -0.213117 0.942230
1678843040915 0.261293 -0.019923 -0.213322 0.941182
1678843040972 0.270108 -0.015409 -0.212438 0.938975
1678843041045 0.256906 -0.011012 -0.202563 0.944905
1678843041110 0.260855 -0.009756 -0.210876 0.942014
1678843041148 0.259352 0.000274 -0.223344 0.939603
1678843041224 0.266522 0.014864 -0.234080 0.934854
1678843041261 0.273046 0.012515 -0.242809 0.930770
1678843041294 0.276298 0.004903 -0.246237 0.928980
1678843041359 0.280235 -0.007629 -0.257129 0.924821
1678843041413 0.284843 -0.015806 -0.267496 0.920359
1678843041444 0.284628 -0.027648 -0.282861 0.915539
1678843041502 0.292276 -0.039840 -0.300987 0.906859
1678843041557 0.278442 -0.035025 -0.307584 0.909195
1678843041612 0.276200 -0.048461 -0.329450 0.901570
1678843041681 0.258665 -0.035848 -0.360960 0.895274
1678843041749 0.256072 -0.030058 -0.379092 0.888714
1678843041810 0.256953 -0.017432 -0.392685 0.882876
1678843041864 0.260714 -0.004211 -0.395260 0.880784
1678843041926 0.264431 0.005929 -0.392849 0.880745
1678843041995 0.271835 0.009208 -0.366448 0.889796
1678843042056 0.259986 0.001903 -0.336884 0.904938
1678843042113 0.272961 0.016094 -0.316921 0.908182
1678843042198 0.265340 0.031533 -0.302000 0.915094
1678843042220 0.272871 0.037716 -0.293842 0.915301
1678843042258 0.278065 0.040330 -0.279122 0.918229
1678843042314 0.285648 0.041683 -0.260208 0.921390
1678843042395 0.282849 0.038856 -0.245077 0.926512
1678843042417 0.288741 0.041084 -0.232261 0.927899
1678843042480 0.285380 0.045217 -0.206398 0.934834
1678843042522 0.281231 0.049101 -0.189499 0.939462
1678843042574 0.263558 0.057406 -0.169414 0.947914
1678843042623 0.266508 0.059371 -0.146171 0.950832
1678843042696 0.270189 0.072500 -0.106978 0.954095
1678843042744 0.278070 0.077149 -0.076582 0.954390
1678843042809 0.283604 0.085828 -0.036225 0.954406
1678843042859 0.281408 0.089894 0.015581 0.955241
1678843042935 0.269301 0.079286 0.061415 0.957820
1678843042970 0.261209 0.077043 0.101917 0.956790
1678843043009 0.256872 0.076873 0.127671 0.954886
1678843043066 0.236943 0.085738 0.168749 0.952906
1678843043112 0.217804 0.084980 0.195811 0.952365
1678843043201 0.208760 0.081876 0.209569 0.951733
1678843043262 0.214886 0.095852 0.215893 0.947643
1678843043309 0.208808 0.125344 0.218613 0.944932
1678843043392 0.213748 0.145357 0.227745 0.938784
1678843043464 0.204769 0.162640 0.251039 0.931986
1678843043507 0.205382 0.171942 0.259751 0.927784
1678843043555 0.210704 0.181367 0.274657 0.920474
1678843043622 0.219227 0.192285 0.291033 0.911189
1678843043690 0.228665 0.197583 0.306383 0.902664
1678843043731 0.233694 0.204076 0.324648 0.893501
1678843043785 0.235120 0.202292 0.338710 0.888297
1678843043863 0.239592 0.215443 0.357244 0.876674
1678843043894 0.220948 0.214702 0.383900 0.870463
1678843043951 0.216643 0.210300 0.404049 0.863472
1678843044006 0.208497 0.200230 0.415347 0.862510
1678843044070 0.189392 0.204307 0.428419 0.859562
1678843044116 0.166997 0.209009 0.447393 0.853385
1678843044167 0.144992 0.204337 0.481107 0.840095
1678843044258 0.135624 0.193877 0.518717 0.821554
1678843044289 0.133472 0.199239 0.551457 0.798989
1678843044344 0.131445 0.211880 0.577108 0.777673
1678843044400 0.124910 0.219421 0.607215 0.753354
1678843044472 0.128981 0.231299 0.638659 0.722482
1678843044511 0.129783 0.241148 0.650911 0.708039
1678843044573 0.120586 0.250437 0.673612 0.684826
1678843044636 0.105405 0.228476 0.706379 0.661602
1678843044722 0.105381 0.212746 0.723486 0.648230
1678843044801 0.092880 0.217017 0.728996 0.642528
1678843044808 0.086124 0.224976 0.730493 0.639022
1678843044860 0.078021 0.243668 0.731430 0.632098
1678843044894 0.078479 0.251040 0.731922 0.628578
1678843044955 0.075334 0.257994 0.736352 0.620926
1678843045012 0.077529 0.265579 0.740780 0.612129
1678843045058 0.080731 0.266628 0.743564 0.607869
1678843045124 0.086173 0.262686 0.748712 0.602495
1678843045160 0.092880 0.256180 0.750480 0.602101
1678843045215 0.099483 0.258192 0.746184 0.605516
1678843045284 0.081441 0.273675 0.745492 0.602255
1678843045335 0.084365 0.279596 0.744939 0.599812
1678843045394 0.086161 0.277537 0.748244 0.596390
1678843045434 0.069452 0.279587 0.750330 0.594989
1678843045530 0.063538 0.280953 0.758858 0.584091
1678843045562 0.058771 0.270928 0.767745 0.577678
1678843045619 0.055090 0.271538 0.776306 0.566199
1678843045657 0.049471 0.273759 0.782338 0.557275
1678843045711 0.044143 0.277048 0.793572 0.539943
1678843045769 0.042643 0.274213 0.805619 0.523419
1678843045819 0.041914 0.266986 0.820118 0.504350
1678843045869 0.035731 0.267628 0.832841 0.483192
1678843045945 0.022781 0.258720 0.855753 0.447473
1678843045996 0.031906 0.252069 0.866257 0.430164
1678843046052 0.024949 0.248293 0.874110 0.416725
1678843046114 0.000743 0.237502 0.886999 0.396012
1678843046170 -0.012964 0.233633 0.895839 0.377784
1678843046225 -0.014848 0.233337 0.905165 0.354980
1678843046281 -0.022306 0.230054 0.913920 0.333660
1678843046336 -0.027444 0.238893 0.917779 0.316003
1678843046398 -0.023826 0.243953 0.920201 0.305203
1678843046467 -0.022494 0.252558 0.919022 0.301840
1678843046522 -0.015655 0.258903 0.918806 0.297523
1678843046574 -0.031566 0.255343 0.920158 0.295149
1678843046668 -0.026907 0.265536 0.915392 0.301371
1678843046702 -0.034597 0.269666 0.911625 0.308259
1678843046763 -0.042050 0.262942 0.912073 0.311794
1678843046841 -0.037819 0.248166 0.919130 0.303618
1678843046862 -0.036842 0.246580 0.920678 0.300321
1678843046912 -0.037711 0.240598 0.925464 0.290184
1678843046967 -0.038091 0.235713 0.929852 0.279936
1678843047046 -0.039685 0.233987 0.933287 0.269539
1678843047078 -0.044056 0.236308 0.935403 0.259304
1678843047144 -0.046088 0.234032 0.940340 0.242621
1678843047204 -0.059222 0.232706 0.945141 0.221469
1678843047267 -0.061597 0.227755 0.951397 0.197935
1678843047348 -0.062324 0.222338 0.955086 0.185720
1678843047420 -0.079336 0.209539 0.957509 0.181594
1678843047472 -0.093342 0.206119 0.959379 0.168504
1678843047504 -0.090414 0.203680 0.963068 0.151132
1678843047573 -0.091725 0.204098 0.965155 0.135668
1678843047626 -0.086054 0.208406 0.966618 0.121702
1678843047689 -0.082323 0.214845 0.965704 0.120336
1678843047778 -0.089441 0.221311 0.963218 0.123425
1678843047844 -0.090545 0.226551 0.961690 0.125016
1678843047895 -0.090343 0.232647 0.959227 0.132655
1678843047947 -0.101928 0.233571 0.957114 0.137797
1678843048032 -0.090301 0.232545 0.959132 0.133548
1678843048065 -0.087418 0.234933 0.959858 0.125845
1678843048135 -0.083601 0.236983 0.960438 0.120035
1678843048177 -0.079197 0.235816 0.962270 0.110253
1678843048240 -0.052204 0.236906 0.965113 0.098523
1678843048296 -0.052750 0.234917 0.966206 0.092074
1678843048375 -0.058167 0.235140 0.966090 0.089423
1678843048433 -0.056319 0.232678 0.966969 0.087519
1678843048484 -0.054520 0.234425 0.966334 0.090946
1678843048524 -0.057085 0.232138 0.966789 0.090397
1678843048582 -0.048531 0.235606 0.966040 0.094350
1678843048639 -0.035920 0.242819 0.964325 0.099125
1678843048694 -0.019466 0.249699 0.962064 0.108189
1678843048760 -0.014851 0.267388 0.955112 0.126669
1678843048804 0.003799 0.268521 0.951754 0.148479
1678843048856 0.023420 0.257167 0.949382 0.178857
1678843048913 0.025686 0.261601 0.939143 0.221170
1678843048977 0.031744 0.248761 0.933037 0.257977
1678843049022 0.020465 0.251785 0.921284 0.295671
1678843049080 0.009976 0.246093 0.910650 0.331747
1678843049133 0.007667 0.257385 0.893596 0.367669
1678843049198 0.008527 0.252492 0.877644 0.407328
1678843049256 0.014608 0.244213 0.868937 0.430228
1678843049325 0.026691 0.245900 0.859353 0.447585
1678843049383 0.038484 0.249349 0.855186 0.452771
1678843049434 0.045923 0.242295 0.855338 0.455611
1678843049505 0.058757 0.232762 0.856275 0.457343
1678843049563 0.073058 0.237451 0.847994 0.468173
1678843049614 0.074789 0.236098 0.841201 0.480672
1678843049664 0.070502 0.226380 0.832989 0.499911
1678843049713 0.079585 0.228548 0.824649 0.511259
1678843049759 0.087908 0.225972 0.817528 0.522357
1678843049834 0.098404 0.221337 0.806149 0.539862
1678843049869 0.106971 0.216627 0.794627 0.556955
1678843049947 0.111902 0.217739 0.776863 0.580131
1678843049978 0.120588 0.224208 0.754266 0.605204
1678843050034 0.117453 0.212569 0.736262 0.631616
1678843050092 0.128250 0.208046 0.709678 0.660776
1678843050144 0.105204 0.207283 0.684820 0.690643
1678843050198 0.105388 0.207786 0.660527 0.713738
1678843050257 0.103018 0.217337 0.635125 0.734008
1678843050307 0.105809 0.219247 0.617288 0.748124
1678843050382 0.118009 0.214653 0.601079 0.760725
1678843050446 0.122814 0.213642 0.593313 0.766325
1678843050484 0.129333 0.214193 0.588406 0.768878
1678843050543 0.135391 0.212373 0.585704 0.770401
1678843050587 0.135394 0.207317 0.586305 0.771321
1678843050661 0.140463 0.205365 0.581701 0.774416
1678843050698 0.140640 0.206124 0.576539 0.778033
1678843050794 0.133470 0.202475 0.574216 0.781963
1678843050843 0.140857 0.199472 0.570105 0.784443
1678843050895 0.144363 0.195001 0.565850 0.788002
1678843050965 0.144661 0.192312 0.561427 0.791763
1678843051014 0.155277 0.191325 0.548698 0.798883
1678843051076 0.159263 0.187241 0.535717 0.807827
1678843051133 0.163595 0.186885 0.522058 0.815945
1678843051211 0.161893 0.175778 0.505026 0.829362
1678843051229 0.162124 0.173822 0.492463 0.837247
1678843051284 0.144298 0.177721 0.465632 0.854857
1678843051344 0.147716 0.180003 0.438306 0.868140
1678843051406 0.150618 0.181295 0.414130 0.879172
1678843051464 0.147223 0.178649 0.401599 0.886075
1678843051519 0.144688 0.169371 0.398702 0.889615
1678843051596 0.148858 0.165873 0.395398 0.891060
1678843051665 0.148045 0.162466 0.399081 0.890181
1678843051721 0.154597 0.145151 0.407627 0.888184
1678843051776 0.169347 0.144591 0.402499 0.887924
1678843051826 0.166612 0.144580 0.401816 0.888752
1678843051878 0.164805 0.144014 0.401606 0.889276
1678843051958 0.172003 0.139995 0.403515 0.887689
1678843051994 0.178469 0.133799 0.403268 0.887481
1678843052071 0.182985 0.128682 0.395248 0.890919
1678843052144 0.182558 0.118332 0.381490 0.898407
1678843052198 0.178924 0.116819 0.354140 0.910453
1678843052251 0.165496 0.104745 0.328713 0.923898
1678843052304 0.176317 0.102420 0.289284 0.935274
1678843052365 0.163582 0.117661 0.243939 0.948626
1678843052430 0.180150 0.118665 0.203840 0.954942
1678843052484 0.187675 0.119068 0.184104 0.957448
1678843052547 0.193756 0.112541 0.175166 0.958702
1678843052608 0.200822 0.109287 0.173607 0.957908
1678843052687 0.201664 0.105926 0.176516 0.957577
1678843052748 0.188498 0.106391 0.183727 0.958850
1678843052800 0.183032 0.097100 0.188614 0.959946
1678843052862 0.198065 0.093609 0.180781 0.958815
1678843052927 0.188796 0.096337 0.186030 0.959410
1678843052973 0.181114 0.091430 0.194999 0.959590
1678843053044 0.181876 0.090294 0.201060 0.958302
1678843053077 0.183962 0.083774 0.206452 0.957349
1678843053131 0.191961 0.088650 0.209496 0.954675
1678843053200 0.202301 0.080850 0.211046 0.952889
1678843053255 0.205504 0.083512 0.201670 0.954004
1678843053306 0.214145 0.087243 0.185936 0.954965
1678843053373 0.213891 0.085236 0.173680 0.957508
1678843053424 0.224220 0.083272 0.157509 0.958114
1678843053471 0.219729 0.096418 0.143111 0.960178
1678843053518 0.205554 0.107132 0.130172 0.964015
1678843053558 0.214458 0.106016 0.117041 0.963883
1678843053613 0.218386 0.106293 0.109249 0.963885
1678843053668 0.216094 0.105036 0.110903 0.964350
1678843053742 0.216596 0.108966 0.121570 0.962514
1678843053809 0.213287 0.111385 0.136107 0.961029
1678843053844 0.208841 0.109394 0.151666 0.959904
1678843053904 0.207337 0.107281 0.169351 0.957508
1678843053954 0.206503 0.100984 0.185520 0.955375
1678843054011 0.214547 0.099258 0.191421 0.952615
1678843054087 0.198305 0.107215 0.204359 0.952585
1678843054139 0.196203 0.108402 0.217163 0.950049
1678843054188 0.196778 0.112151 0.228797 0.946759
1678843054237 0.199839 0.110210 0.243739 0.942608
1678843054292 0.201504 0.116135 0.255969 0.938290
1678843054351 0.204170 0.119625 0.262987 0.935330
1678843054436 0.208862 0.124522 0.267434 0.932389
1678843054474 0.210667 0.129803 0.272753 0.929719
1678843054570 0.206253 0.119321 0.269994 0.932912
1678843054603 0.202841 0.131043 0.258727 0.935277
1678843054658 0.193149 0.141634 0.252542 0.937473
1678843054716 0.189127 0.147648 0.255889 0.936457
1678843054767 0.185093 0.150194 0.266417 0.933919
1678843054843 0.182553 0.151144 0.282966 0.929387
1678843054901 0.187958 0.159959 0.302121 0.920765
1678843054962 0.190714 0.166312 0.322100 0.912261
1678843055000 0.196381 0.166839 0.337029 0.905545
1678843055052 0.179780 0.169883 0.365993 0.897144
1678843055107 0.183061 0.164607 0.388697 0.887867
1678843055183 0.175243 0.156986 0.401674 0.885044
1678843055233 0.170346 0.166429 0.398375 0.885766
1678843055297 0.173730 0.173430 0.401696 0.882259
1678843055381 0.175871 0.167428 0.406963 0.880579
1678843055415 0.205284 0.164814 0.404934 0.875627
1678843055483 0.225721 0.159037 0.391331 0.877848
1678843055527 0.217316 0.163100 0.385845 0.881644
1678843055583 0.218741 0.161860 0.382137 0.883134
1678843055644 0.212675 0.156062 0.371462 0.890185
1678843055709 0.203626 0.149587 0.359324 0.898358
1678843055756 0.206781 0.148775 0.351976 0.900678
1678843055812 0.201273 0.153935 0.350877 0.901487
1678843055866 0.198028 0.147386 0.357589 0.900662
1678843055921 0.195960 0.138854 0.365172 0.899427
1678843055977 0.197071 0.130961 0.367633 0.899365
1678843056046 0.183775 0.140558 0.367119 0.900941
1678843056108 0.162193 0.158639 0.380837 0.896376
1678843056135 0.172309 0.156226 0.381813 0.894495
1678843056196 0.173246 0.153051 0.387363 0.892475
1678843056274 0.171423 0.156137 0.395241 0.888831
1678843056308 0.176568 0.158174 0.410940 0.880303
1678843056361 0.184150 0.146647 0.420954 0.876003
1678843056404 0.192331 0.148456 0.419975 0.874409
1678843056475 0.199598 0.153786 0.410628 0.876296
1678843056510 0.206946 0.141470 0.393473 0.884499
1678843056562 0.221875 0.103892 0.364356 0.898456
1678843056612 0.223938 0.094011 0.325152 0.913942
1678843056663 0.229729 0.091041 0.284377 0.926319
1678843056704 0.233665 0.080876 0.247680 0.936757
1678843056761 0.222013 0.080407 0.203213 0.950237
1678843056806 0.234014 0.078076 0.154542 0.956691
1678843056860 0.244979 0.076023 0.110354 0.960223
1678843056921 0.243330 0.069954 0.074354 0.964556
1678843057003 0.240004 0.054087 0.032600 0.968716
1678843057054 0.246420 0.043276 -0.004288 0.968187
1678843057102 0.251431 0.011135 -0.026508 0.967448
1678843057149 0.249850 -0.022880 -0.035668 0.967357
1678843057193 0.261225 -0.055773 -0.057982 0.961919
1678843057243 0.270353 -0.068595 -0.083288 0.956696
1678843057295 0.269334 -0.059799 -0.120499 0.953605
1678843057358 0.244533 -0.030117 -0.156987 0.956374
1678843057414 0.238460 -0.036220 -0.188859 0.951923
1678843057470 0.237400 -0.044343 -0.215883 0.946081
1678843057511 0.233425 -0.052816 -0.237922 0.941337
1678843057569 0.234335 -0.056156 -0.262551 0.934345
1678843057624 0.241175 -0.070245 -0.292829 0.922579
1678843057693 0.259071 -0.071468 -0.324158 0.907026
1678843057739 0.266514 -0.089001 -0.362211 0.888736
1678843057804 0.259705 -0.084172 -0.393329 0.877930
1678843057871 0.259950 -0.114810 -0.440928 0.851368
1678843057904 0.250118 -0.114454 -0.483546 0.830978
1678843057958 0.239198 -0.095513 -0.526534 0.810200
1678843058015 0.244758 -0.105653 -0.570714 0.776671
1678843058110 0.219412 -0.091132 -0.608639 0.757042
1678843058159 0.213652 -0.098790 -0.618454 0.749739
1678843058224 0.218726 -0.099648 -0.626499 0.741437
1678843058269 0.230572 -0.096670 -0.626362 0.738351
1678843058326 0.236933 -0.104405 -0.623906 0.737362
1678843058413 0.228285 -0.093524 -0.620900 0.744058
1678843058458 0.227288 -0.091299 -0.626954 0.739549
1678843058507 0.227161 -0.099878 -0.634919 0.731642
1678843058591 0.235070 -0.089376 -0.639077 0.726866
1678843058632 0.242143 -0.073092 -0.632999 0.731667
1678843058692 0.242481 -0.075601 -0.624773 0.738340
1678843058742 0.244863 -0.080189 -0.617152 0.743462
1678843058831 0.248130 -0.078520 -0.612545 0.746361
1678843058838 0.249268 -0.077490 -0.610295 0.747931
1678843058902 0.250847 -0.078268 -0.603930 0.752475
1678843058949 0.251073 -0.092800 -0.597773 0.755657
1678843059036 0.249973 -0.119139 -0.592130 0.756771
1678843059043 0.249297 -0.124657 -0.594627 0.754142
1678843059083 0.251883 -0.118387 -0.599391 0.750513
1678843059144 0.247919 -0.097779 -0.614432 0.742596
1678843059200 0.255167 -0.133587 -0.640178 0.712192
1678843059283 0.253777 -0.117849 -0.670106 0.687508
1678843059324 0.232198 -0.105121 -0.692220 0.675178
1678843059359 0.219993 -0.107776 -0.702831 0.667845
1678843059435 0.196456 -0.114860 -0.719773 0.655850
1678843059487 0.188192 -0.121722 -0.726691 0.649375
1678843059532 0.185778 -0.126833 -0.729579 0.645844
1678843059629 0.177244 -0.136118 -0.732777 0.642724
1678843059708 0.188736 -0.152481 -0.737845 0.629851
1678843059727 0.193626 -0.158186 -0.738342 0.626368
1678843059784 0.205692 -0.168202 -0.741716 0.615838
1678843059830 0.211469 -0.174173 -0.741180 0.612860
1678843059835 0.211593 -0.175208 -0.741061 0.612666
1678843059931 0.209022 -0.190300 -0.739649 0.610750
1678843059939 0.209886 -0.196503 -0.738164 0.610286
1678843059963 0.208073 -0.193744 -0.737706 0.612339
1678843060013 0.196934 -0.177300 -0.733988 0.625334
1678843060061 0.181470 -0.179182 -0.735207 0.628039
1678843060134 0.182095 -0.171314 -0.738453 0.626243
1678843060165 0.193860 -0.163136 -0.739714 0.623400
1678843060242 0.206394 -0.127062 -0.744859 0.621645
1678843060307 0.206662 -0.122622 -0.740987 0.627051
1678843060374 0.203840 -0.114971 -0.739452 0.631222
1678843060430 0.207238 -0.119390 -0.738949 0.629883
1678843060464 0.215148 -0.120900 -0.738908 0.626985
1678843060536 0.226527 -0.125106 -0.740006 0.620826
1678843060583 0.226812 -0.130906 -0.744135 0.614560
1678843060631 0.216807 -0.137402 -0.753708 0.605012
1678843060709 0.206428 -0.141643 -0.762016 0.597207
1678843060747 0.219519 -0.106772 -0.769494 0.590161
1678843060783 0.211767 -0.113158 -0.776013 0.583228
1678843060843 0.226515 -0.115402 -0.785041 0.564876
1678843060897 0.196752 -0.125113 -0.793058 0.562756
1678843060960 0.170559 -0.138891 -0.798101 0.560940
1678843061041 0.142250 -0.144320 -0.802669 0.560945
1678843061073 0.129802 -0.152701 -0.805593 0.557543
1678843061118 0.124304 -0.153506 -0.815203 0.544452
1678843061165 0.119483 -0.167053 -0.829044 0.520099
1678843061238 0.143483 -0.175200 -0.843797 0.486543
1678843061328 0.148376 -0.185113 -0.848307 0.473385
1678843061375 0.156329 -0.190956 -0.849080 0.467075
1678843061425 0.167115 -0.205572 -0.850839 0.453746
1678843061480 0.163283 -0.189670 -0.859782 0.445128
1678843061535 0.149286 -0.192182 -0.874722 0.419096
1678843061613 0.145113 -0.182800 -0.890652 0.390211
1678843061642 0.137572 -0.199438 -0.898465 0.366141
1678843061706 0.131213 -0.198550 -0.910121 0.339176
1678843061725 0.123638 -0.205168 -0.915587 0.322987
1678843061807 0.113382 -0.213693 -0.925759 0.290605
1678843061857 0.107086 -0.219425 -0.935058 0.257006
1678843061905 0.100782 -0.220790 -0.944532 0.221258
1678843061969 0.086023 -0.227338 -0.953691 0.177173
1678843062039 0.072152 -0.237250 -0.958484 0.140766
1678843062069 0.051851 -0.238184 -0.964470 0.101874
1678843062111 0.038330 -0.243131 -0.967821 0.052359
1678843062168 -0.023414 0.250506 0.967831 0.000935
1678843062205 -0.024298 0.243916 0.968881 0.034406
1678843062264 -0.006164 0.250306 0.965295 0.074261
1678843062337 -0.004953 0.251824 0.961586 0.109143
1678843062371 0.012147 0.251396 0.959062 0.129819
1678843062434 0.026444 0.244210 0.957677 0.150056
1678843062501 0.034788 0.230742 0.956892 0.172931
1678843062554 0.044662 0.221139 0.953820 0.198318
1678843062612 0.049808 0.224455 0.946334 0.227137
1678843062675 0.047939 0.244302 0.934667 0.253803
1678843062727 0.043938 0.244397 0.928645 0.275606
1678843062790 0.048619 0.249051 0.921958 0.292580
1678843062852 0.050264 0.269470 0.912339 0.304133
1678843062938 0.037051 0.260783 0.915887 0.302936
1678843062962 0.050841 0.256628 0.914011 0.310065
1678843063028 0.037889 0.244154 0.911580 0.328596
1678843063085 0.001080 0.236158 0.909400 0.342375
1678843063134 -0.017537 0.231977 0.908957 0.345942
1678843063209 -0.017845 0.232983 0.907510 0.349037
1678843063234 -0.018150 0.237589 0.904015 0.354936
1678843063278 -0.021071 0.251146 0.897560 0.361757
1678843063343 -0.009780 0.264983 0.893054 0.363515
1678843063390 0.006173 0.271897 0.888619 0.369309
1678843063456 -0.001017 0.265862 0.889724 0.371091
1678843063515 0.009248 0.261057 0.888140 0.378115
1678843063553 0.014340 0.264400 0.882580 0.388509
1678843063603 -0.002610 0.263712 0.877864 0.399755
1678843063642 -0.011705 0.257811 0.879603 0.399618
1678843063696 -0.006580 0.250232 0.881167 0.401105
1678843063758 -0.006059 0.243995 0.884470 0.397671
1678843063827 -0.011349 0.239519 0.891145 0.385178
1678843063880 -0.015130 0.241427 0.896852 0.370324
1678843063927 -0.022003 0.248960 0.901219 0.354033
1678843063963 -0.028734 0.255346 0.906237 0.335719
1678843064058 -0.032025 0.261313 0.916830 0.300188
1678843064101 -0.056276 0.233777 0.938662 0.247175
1678843064168 -0.049063 0.243487 0.943532 0.219213
1678843064228 -0.052507 0.248691 0.944976 0.205954
1678843064290 -0.058036 0.255025 0.947663 0.183107
1678843064319 -0.066368 0.254158 0.949733 0.170313
1678843064371 -0.069262 0.259730 0.952148 0.145455
1678843064467 -0.067771 0.268688 0.953889 0.115368
1678843064489 -0.071170 0.272787 0.955611 0.085618
1678843064549 -0.071449 0.276230 0.956774 0.056355
1678843064620 -0.076463 0.274775 0.957934 0.031843
1678843064683 -0.077763 0.266623 0.960508 0.017041
1678843064730 -0.083067 0.251659 0.964211 0.008075
1678843064813 0.083368 -0.225450 -0.970681 0.000762
1678843064864 -0.073703 0.215269 0.973747 0.006564
1678843064910 -0.063749 0.196745 0.978286 0.013571
1678843064953 -0.076315 0.195957 0.977516 0.015483
1678843065006 -0.074758 0.200410 0.976824 0.007862
1678843065065 0.075108 -0.201939 -0.976514 0.000770
1678843065143 0.078997 -0.196147 -0.977334 0.010231
1678843065169 0.086378 -0.203228 -0.975068 0.021881
1678843065225 0.094189 -0.208587 -0.972867 0.033915
1678843065270 0.101410 -0.207194 -0.972140 0.041603
1678843065290 0.109592 -0.204813 -0.971428 0.048668
1678843065343 0.129107 -0.205215 -0.968063 0.063814
1678843065377 0.144214 -0.197464 -0.966300 0.080467
1678843065423 0.139833 -0.186486 -0.966225 0.109907
1678843065485 0.139281 -0.201291 -0.960722 0.130751
1678843065546 0.146778 -0.204354 -0.957385 0.141808
1678843065571 0.148992 -0.198255 -0.954693 0.164493
1678843065630 0.150553 -0.199456 -0.950823 0.182991
1678843065681 0.151965 -0.212049 -0.945078 0.196900
1678843065737 0.160122 -0.223116 -0.941027 0.197608
1678843065810 0.158337 -0.234415 -0.940128 0.190101
1678843065856 0.166453 -0.242108 -0.940758 0.169266
1678843065902 0.170253 -0.218129 -0.947136 0.162377
1678843065969 0.148840 -0.213481 -0.954366 0.146485
1678843066028 0.154246 -0.215399 -0.958095 0.108932
1678843066109 0.140541 -0.232104 -0.958028 0.092506
1678843066167 0.129430 -0.245740 -0.956741 0.086641
1678843066232 0.125141 -0.248828 -0.956967 0.081483
1678843066257 0.123699 -0.252290 -0.956805 0.074654
1678843066343 0.127513 -0.258704 -0.955099 0.067818
1678843066367 0.137503 -0.264503 -0.952422 0.063432
1678843066438 0.141091 -0.271076 -0.949815 0.066807
1678843066517 0.143385 -0.260553 -0.951570 0.077895
1678843066526 0.133588 -0.255507 -0.953984 0.082375
1678843066582 0.120918 -0.256694 -0.955366 0.082241
1678843066642 0.113136 -0.252768 -0.957070 0.085593
1678843066697 0.106204 -0.249102 -0.958077 0.093583
1678843066763 0.102924 -0.247126 -0.958427 0.098756
1678843066812 0.096502 -0.245429 -0.959187 0.102038
1678843066849 0.094294 -0.246761 -0.958938 0.103224
1678843066910 0.091940 -0.250492 -0.958255 0.102706
1678843066973 0.087155 -0.250497 -0.959342 0.096528
1678843067044 0.076552 -0.257403 -0.959257 0.087799
1678843067098 0.074602 -0.252763 -0.961129 0.082319
1678843067139 0.064759 -0.260703 -0.960967 0.066205
1678843067194 0.077759 -0.257970 -0.961809 0.048261
1678843067249 0.085098 -0.257107 -0.962194 0.028924
1678843067305 0.086493 -0.264439 -0.960462 0.010150
1678843067360 -0.090524 0.272236 0.957963 0.001050
1678843067422 -0.090619 0.275962 0.956883 0.002903
1678843067458 0.086681 -0.274906 -0.957556 0.000392
1678843067510 0.076930 -0.274160 -0.958576 0.007067
1678843067564 0.074268 -0.266291 -0.960859 0.017956
1678843067649 0.083351 -0.236424 -0.967490 0.033468
1678843067656 0.076999 -0.231402 -0.969281 0.031911
1678843067774 0.072786 -0.250891 -0.965255 0.006281
1678843067793 -0.086824 0.230276 0.969225 0.006120
1678843067840 -0.078496 0.219490 0.972378 0.011981
1678843067890 -0.074838 0.214679 0.973626 0.019083
1678843067943 -0.065188 0.217850 0.973499 0.024337
1678843068023 -0.060146 0.213131 0.974821 0.026101
1678843068061 -0.048158 0.216256 0.974612 0.032347
1678843068132 -0.046545 0.216648 0.973324 0.059474
1678843068188 -0.049722 0.211783 0.972991 0.077223
1678843068274 -0.026912 0.222501 0.968960 0.104335
1678843068324 -0.024375 0.235853 0.962692 0.130395
1678843068375 -0.043582 0.230304 0.958786 0.160594
1678843068426 -0.050191 0.230304 0.954380 0.183300
1678843068482 -0.059786 0.245013 0.946579 0.200955
1678843068539 -0.065044 0.256486 0.941423 0.209062
1678843068591 -0.063329 0.255100 0.943010 0.204074
1678843068638 -0.069907 0.251216 0.945979 0.192686
1678843068723 -0.070256 0.231576 0.954024 0.176847
1678843068747 -0.075779 0.207934 0.961688 0.161791
1678843068810 -0.062997 0.203372 0.964635 0.155402
1678843068865 -0.057624 0.208993 0.961960 0.166234
1678843068916 -0.065893 0.203415 0.964042 0.157808
1678843068960 -0.070496 0.202691 0.965535 0.147270
1678843069029 -0.073186 0.208809 0.966655 0.128924
1678843069091 -0.066584 0.212495 0.968590 0.110659
1678843069132 -0.064635 0.211994 0.970492 0.095000
1678843069188 -0.055312 0.210381 0.972304 0.085473
1678843069236 -0.053945 0.210862 0.971927 0.089363
1678843069291 -0.073212 0.207924 0.971785 0.083910
1678843069382 -0.056526 0.215971 0.971463 0.080132
1678843069432 -0.061569 0.200903 0.974469 0.079104
1678843069458 -0.075120 0.197871 0.973869 0.082363
1678843069513 -0.084003 0.209040 0.970186 0.089361
1678843069578 -0.094330 0.215130 0.968542 0.082139
1678843069640 -0.107665 0.211030 0.969806 0.057890
1678843069704 -0.106405 0.189146 0.975892 0.023164
1678843069758 0.106420 -0.181998 -0.977514 0.004198
1678843069812 0.130583 -0.159156 -0.977671 0.042161
1678843069894 0.104486 -0.148729 -0.981215 0.064654
1678843069915 0.102002 -0.144117 -0.982475 0.059736
1678843069962 0.120917 -0.134476 -0.982059 0.053438
1678843070008 0.107184 -0.136387 -0.983365 0.053882
1678843070095 0.115026 -0.147833 -0.980740 0.055342
1678843070144 0.110694 -0.146985 -0.981124 0.059489
1678843070214 0.104203 -0.148608 -0.981481 0.061259
1678843070284 0.105794 -0.156779 -0.980120 0.059935
1678843070330 0.111470 -0.166579 -0.977847 0.060346
1678843070406 0.119026 -0.165974 -0.977065 0.060240
1678843070433 0.117543 -0.167688 -0.977600 0.048608
1678843070474 0.122319 -0.170841 -0.976543 0.047070
1678843070520 0.102639 -0.174672 -0.977796 0.053578
1678843070584 0.080963 -0.172866 -0.979581 0.063113
1678843070638 0.084850 -0.166914 -0.979670 0.072019
1678843070720 0.080865 -0.177237 -0.977353 0.082639
1678843070768 0.092032 -0.163631 -0.977328 0.097903
1678843070813 0.103209 -0.163507 -0.974010 0.117972
1678843070886 0.118178 -0.157239 -0.966464 0.165096
1678843070938 0.118413 -0.142160 -0.960239 0.209068
1678843071007 0.104945 -0.128698 -0.953482 0.251588
1678843071069 0.101115 -0.128477 -0.946685 0.277592
1678843071103 0.108888 -0.131660 -0.938488 0.300081
1678843071171 0.108133 -0.153021 -0.924677 0.331458
1678843071221 0.122755 -0.140448 -0.907046 0.377456
1678843071291 0.121386 -0.147409 -0.893203 0.407093
1678843071348 0.148210 -0.169049 -0.887345 0.402585
1678843071403 0.193236 -0.157095 -0.872328 0.420743
1678843071458 0.219792 -0.131217 -0.855696 0.449732
1678843071514 0.218043 -0.135838 -0.840570 0.476914
1678843071568 0.228289 -0.135589 -0.826986 0.495573
1678843071640 0.224941 -0.145320 -0.815783 0.512623
1678843071679 0.217572 -0.156740 -0.805643 0.528237
1678843071733 0.213131 -0.172189 -0.800442 0.533121
1678843071789 0.204306 -0.175462 -0.799608 0.536748
1678843071851 0.179130 -0.187136 -0.808171 0.528916
1678843071926 0.161593 -0.219936 -0.822410 0.499157
1678843071981 0.163108 -0.238158 -0.833849 0.470502
1678843072068 0.180403 -0.212289 -0.836641 0.471614
1678843072098 0.158129 -0.199354 -0.836513 0.485283
1678843072159 0.175121 -0.196215 -0.831128 0.489958
1678843072246 0.180006 -0.175166 -0.824339 0.507326
1678843072265 0.181139 -0.160935 -0.815803 0.525123
1678843072309 0.180863 -0.139405 -0.798959 0.556344
1678843072383 0.184788 -0.128088 -0.776505 0.588631
1678843072422 0.203607 -0.116659 -0.747868 0.620990
1678843072466 0.219273 -0.100567 -0.719766 0.650955
1678843072538 0.239740 -0.087405 -0.683333 0.684062
1678843072603 0.244766 -0.078401 -0.641522 0.722767
1678843072664 0.229501 -0.074786 -0.605309 0.758510
1678843072689 0.235088 -0.073220 -0.583237 0.774085
1678843072742 0.234620 -0.084669 -0.562195 0.788493
1678843072798 0.225782 -0.062248 -0.532932 0.813100
1678843072867 0.207068 -0.067569 -0.501456 0.837317
1678843072906 0.212328 -0.077365 -0.488272 0.842925
1678843072974 0.219047 -0.066381 -0.470313 0.852301
1678843073026 0.225909 -0.058325 -0.441202 0.866547
1678843073058 0.231780 -0.051973 -0.406396 0.882281
1678843073133 0.238317 -0.062590 -0.379236 0.891890
1678843073182 0.245217 -0.072299 -0.360906 0.896877
1678843073229 0.249562 -0.074772 -0.352458 0.898834
1678843073262 0.253687 -0.074408 -0.353638 0.897244
1678843073318 0.263221 -0.080703 -0.356815 0.892684
1678843073373 0.246317 -0.063482 -0.360523 0.897397
1678843073429 0.243065 -0.071762 -0.364130 0.896202
1678843073504 0.243070 -0.052313 -0.363788 0.897685
1678843073550 0.242272 -0.054206 -0.358475 0.899923
1678843073603 0.251150 -0.047488 -0.347708 0.902091
1678843073668 0.252519 -0.040465 -0.334837 0.906907
1678843073727 0.251023 -0.026442 -0.317944 0.913893
1678843073787 0.259042 -0.010754 -0.302282 0.917282
1678843073842 0.262631 -0.000481 -0.282917 0.922487
1678843073902 0.269820 0.003562 -0.256500 0.928112
1678843073988 0.256931 0.019823 -0.223419 0.940041
1678843074011 0.244163 0.020592 -0.185615 0.951582
1678843074088 0.241236 0.035473 -0.145902 0.958780
1678843074136 0.218251 0.057966 -0.113078 0.967585
1678843074187 0.216224 0.064114 -0.081093 0.970856
1678843074248 0.217374 0.062439 -0.044780 0.973059
1678843074306 0.219919 0.062065 -0.012670 0.973459
1678843074394 0.216144 0.054968 0.013251 0.974723
1678843074425 0.217170 0.046923 0.022660 0.974742
1678843074534 0.215830 0.057046 0.025542 0.974429
1678843074565 0.213062 0.055110 0.024061 0.975187
1678843074618 0.197615 0.050034 0.024792 0.978688
1678843074674 0.180080 0.063845 0.021565 0.981341
1678843074744 0.179354 0.065282 0.016271 0.981481
1678843074802 0.189216 0.066140 0.017028 0.979557
1678843074855 0.195523 0.066385 0.024571 0.978141
1678843074926 0.202217 0.070407 0.038454 0.976049
1678843074982 0.210382 0.080371 0.049088 0.973073
1678843075040 0.219149 0.089258 0.061944 0.969623
1678843075095 0.220659 0.100824 0.090072 0.965935
1678843075142 0.201419 0.107117 0.113889 0.966947
1678843075203 0.206005 0.101844 0.141050 0.962961
1678843075264 0.199309 0.114114 0.163373 0.959460
1678843075330 0.186744 0.125094 0.196767 0.954338
1678843075394 0.177704 0.120612 0.223111 0.950840
1678843075438 0.176784 0.118600 0.243936 0.946138
1678843075502 0.187868 0.108995 0.256225 0.941899
1678843075557 0.196887 0.102644 0.258834 0.940056
1678843075616 0.200570 0.089952 0.255553 0.941474
1678843075682 0.194616 0.086676 0.244516 0.945951
1678843075722 0.196980 0.087138 0.229868 0.949087
1678843075759 0.203081 0.073867 0.213942 0.952644
1678843075816 0.201134 0.082455 0.188824 0.957649
1678843075871 0.186515 0.086446 0.170140 0.963738
1678843075922 0.182785 0.082640 0.159195 0.966653
1678843076021 0.190218 0.093773 0.146818 0.966162
1678843076044 0.189496 0.100852 0.143031 0.966159
1678843076094 0.195527 0.107097 0.142078 0.964424
1678843076154 0.198539 0.122225 0.145678 0.961468
1678843076220 0.197449 0.128508 0.149115 0.960346
1678843076276 0.186395 0.135626 0.157067 0.960309
1678843076336 0.187297 0.130617 0.164452 0.959591
1678843076391 0.181441 0.127833 0.167215 0.960613
1678843076448 0.174147 0.121298 0.174134 0.961581
1678843076518 0.174710 0.108280 0.177831 0.962355
1678843076571 0.180589 0.096736 0.176522 0.962741
1678843076622 0.184931 0.088985 0.166104 0.964516
1678843076711 0.188721 0.074032 0.148722 0.967877
1678843076723 0.194376 0.059144 0.126995 0.970872
1678843076794 0.186852 0.058187 0.090910 0.976440
1678843076848 0.184434 0.050870 0.058811 0.979764
1678843076905 0.181044 0.046926 0.024141 0.982058
1678843076966 0.177949 0.058378 -0.009761 0.982258
1678843077050 0.175592 0.059710 -0.037401 0.981938
1678843077099 0.180035 0.052657 -0.061657 0.980313
1678843077171 0.182480 0.049981 -0.076349 0.978966
1678843077212 0.187290 0.054542 -0.086095 0.977003
1678843077226 0.191872 0.058745 -0.088778 0.975629
1678843077275 0.200050 0.063201 -0.093986 0.973217
1678843077328 0.193553 0.071292 -0.090710 0.974283
1678843077401 0.194634 0.055711 -0.093044 0.974862
1678843077487 0.200200 0.052247 -0.104692 0.972744
1678843077513 0.194915 0.056002 -0.114894 0.972456
1678843077573 0.183819 0.045187 -0.129410 0.973356
1678843077622 0.176876 0.027773 -0.145529 0.973018
1678843077676 0.180719 0.012697 -0.169365 0.968760
1678843077731 0.182037 0.003542 -0.197812 0.963183
1678843077817 0.177196 -0.007480 -0.246548 0.952764
1678843077867 0.176243 -0.009451 -0.286413 0.941709
1678843077946 0.188635 -0.019611 -0.323344 0.927082
1678843077978 0.191391 -0.014593 -0.346141 0.918337
1678843078030 0.176243 -0.016636 -0.363928 0.914450
1678843078087 0.170408 -0.024251 -0.379380 0.909089
1678843078133 0.174611 -0.033933 -0.391993 0.902608
1678843078201 0.180535 -0.031983 -0.403647 0.896355
1678843078258 0.177904 -0.025760 -0.410822 0.893819
1678843078303 0.180500 -0.022584 -0.418636 0.889749
1678843078363 0.191080 -0.026497 -0.428150 0.882878
1678843078413 0.206070 -0.026898 -0.434092 0.876570
1678843078467 0.213387 -0.025837 -0.436778 0.873512
1678843078537 0.212627 -0.025905 -0.439303 0.872428
1678843078584 0.213219 -0.028946 -0.442004 0.870823
1678843078667 0.211187 -0.030308 -0.441579 0.871487
1678843078710 0.209941 -0.031292 -0.440564 0.872266
1678843078755 0.210208 -0.032265 -0.439468 0.872720
1678843078804 0.208809 -0.032432 -0.437975 0.873799
1678843078892 0.206300 -0.031804 -0.435891 0.875459
1678843078924 0.205406 -0.032183 -0.433823 0.876681
1678843078985 0.203904 -0.032613 -0.432309 0.877763
1678843079031 0.201829 -0.029885 -0.430608 0.879175
1678843079086 0.203321 -0.033044 -0.429838 0.879095
1678843079168 0.202783 -0.038128 -0.430788 0.878548
